# 0.25650181654819476
0.000000000000000000e+00 1.000000000000000000e+00 -0.000000000000000000e+00
9.775171065493646130e-04 1.000000000000000000e+00 -0.000000000000000000e+00
1.955034213098729226e-03 1.000000000000000000e+00 0.000000000000000000e+00
2.932551319648093839e-03 1.000000000000000000e+00 0.000000000000000000e+00
3.910068426197458452e-03 1.000000000000000000e+00 0.000000000000000000e+00
4.887585532746823065e-03 1.000000000000000000e+00 0.000000000000000000e+00
5.865102639296187678e-03 1.000000000000000000e+00 0.000000000000000000e+00
6.842619745845552291e-03 1.000000000000000000e+00 0.000000000000000000e+00
7.820136852394916904e-03 1.000000000000000000e+00 0.000000000000000000e+00
8.797653958944282385e-03 1.000000000000000000e+00 0.000000000000000000e+00
9.775171065493646130e-03 1.000000000000000000e+00 0.000000000000000000e+00
1.075268817204301161e-02 1.000000000000000000e+00 0.000000000000000000e+00
1.173020527859237536e-02 1.000000000000000000e+00 0.000000000000000000e+00
1.270772238514174084e-02 1.000000000000000000e+00 0.000000000000000000e+00
1.368523949169110458e-02 1.000000000000000000e+00 0.000000000000000000e+00
1.466275659824047006e-02 1.000000000000000000e+00 0.000000000000000000e+00
1.564027370478983381e-02 1.000000000000000000e+00 0.000000000000000000e+00
1.661779081133919755e-02 1.000000000000000000e+00 0.000000000000000000e+00
1.759530791788856477e-02 1.000000000000000000e+00 0.000000000000000000e+00
1.857282502443792851e-02 1.000000000000000000e+00 0.000000000000000000e+00
1.955034213098729226e-02 1.000000000000000000e+00 0.000000000000000000e+00
2.052785923753665601e-02 1.000000000000000000e+00 0.000000000000000000e+00
2.150537634408602322e-02 1.000000000000000000e+00 0.000000000000000000e+00
2.248289345063538697e-02 1.000000000000000000e+00 0.000000000000000000e+00
2.346041055718475071e-02 1.000000000000000000e+00 0.000000000000000000e+00
2.443792766373411446e-02 1.000000000000000000e+00 0.000000000000000000e+00
2.541544477028348167e-02 1.000000000000000000e+00 0.000000000000000000e+00
2.639296187683284542e-02 1.000000000000000000e+00 0.000000000000000000e+00
2.737047898338220916e-02 1.000000000000000000e+00 0.000000000000000000e+00
2.834799608993157291e-02 1.000000000000000000e+00 0.000000000000000000e+00
2.932551319648094013e-02 1.000000000000000000e+00 0.000000000000000000e+00
3.030303030303030387e-02 1.000000000000000000e+00 0.000000000000000000e+00
3.128054740957966762e-02 1.000000000000000000e+00 0.000000000000000000e+00
3.225806451612903136e-02 1.000000000000000000e+00 0.000000000000000000e+00
3.323558162267839511e-02 1.000000000000000000e+00 0.000000000000000000e+00
3.421309872922775885e-02 1.000000000000000000e+00 0.000000000000000000e+00
3.519061583577712954e-02 1.000000000000000000e+00 0.000000000000000000e+00
3.616813294232649328e-02 1.000000000000000000e+00 0.000000000000000000e+00
3.714565004887585703e-02 1.000000000000000000e+00 0.000000000000000000e+00
3.812316715542522078e-02 1.000000000000000000e+00 0.000000000000000000e+00
3.910068426197458452e-02 1.000000000000000000e+00 0.000000000000000000e+00
4.007820136852394827e-02 1.000000000000000000e+00 0.000000000000000000e+00
4.105571847507331201e-02 1.000000000000000000e+00 0.000000000000000000e+00
4.203323558162267576e-02 1.000000000000000000e+00 0.000000000000000000e+00
4.301075268817204644e-02 1.000000000000000000e+00 0.000000000000000000e+00
4.398826979472141019e-02 1.000000000000000000e+00 0.000000000000000000e+00
4.496578690127077393e-02 1.000000000000000000e+00 0.000000000000000000e+00
4.594330400782013768e-02 1.000000000000000000e+00 0.000000000000000000e+00
4.692082111436950143e-02 1.000000000000000000e+00 0.000000000000000000e+00
4.789833822091886517e-02 1.000000000000000000e+00 0.000000000000000000e+00
4.887585532746822892e-02 1.000000000000000000e+00 0.000000000000000000e+00
4.985337243401759266e-02 1.000000000000000000e+00 0.000000000000000000e+00
5.083088954056696335e-02 1.000000000000000000e+00 0.000000000000000000e+00
5.180840664711632709e-02 1.000000000000000000e+00 0.000000000000000000e+00
5.278592375366569084e-02 1.000000000000000000e+00 0.000000000000000000e+00
5.376344086021505458e-02 1.000000000000000000e+00 0.000000000000000000e+00
5.474095796676441833e-02 1.000000000000000000e+00 0.000000000000000000e+00
5.571847507331378208e-02 1.000000000000000000e+00 0.000000000000000000e+00
5.669599217986314582e-02 1.000000000000000000e+00 0.000000000000000000e+00
5.767350928641250957e-02 1.000000000000000000e+00 0.000000000000000000e+00
5.865102639296188025e-02 1.000000000000000000e+00 0.000000000000000000e+00
5.962854349951124400e-02 1.000000000000000000e+00 0.000000000000000000e+00
6.060606060606060774e-02 1.000000000000000000e+00 0.000000000000000000e+00
6.158357771260997149e-02 1.000000000000000000e+00 0.000000000000000000e+00
6.256109481915933523e-02 1.000000000000000000e+00 0.000000000000000000e+00
6.353861192570869898e-02 1.000000000000000000e+00 0.000000000000000000e+00
6.451612903225806273e-02 1.000000000000000000e+00 0.000000000000000000e+00
6.549364613880742647e-02 1.000000000000000000e+00 0.000000000000000000e+00
6.647116324535679022e-02 1.000000000000000000e+00 0.000000000000000000e+00
6.744868035190615396e-02 1.000000000000000000e+00 0.000000000000000000e+00
6.842619745845551771e-02 1.000000000000000000e+00 0.000000000000000000e+00
6.940371456500488145e-02 1.000000000000000000e+00 0.000000000000000000e+00
7.038123167155425908e-02 1.000000000000000000e+00 0.000000000000000000e+00
7.135874877810362282e-02 1.000000000000000000e+00 0.000000000000000000e+00
7.233626588465298657e-02 1.000000000000000000e+00 0.000000000000000000e+00
7.331378299120235031e-02 1.000000000000000000e+00 0.000000000000000000e+00
7.429130009775171406e-02 1.000000000000000000e+00 0.000000000000000000e+00
7.526881720430107781e-02 1.000000000000000000e+00 0.000000000000000000e+00
7.624633431085044155e-02 1.000000000000000000e+00 0.000000000000000000e+00
7.722385141739980530e-02 1.000000000000000000e+00 0.000000000000000000e+00
7.820136852394916904e-02 1.000000000000000000e+00 0.000000000000000000e+00
7.917888563049853279e-02 1.000000000000000000e+00 0.000000000000000000e+00
8.015640273704789653e-02 1.000000000000000000e+00 0.000000000000000000e+00
8.113391984359726028e-02 1.000000000000000000e+00 0.000000000000000000e+00
8.211143695014662403e-02 1.000000000000000000e+00 0.000000000000000000e+00
8.308895405669598777e-02 1.000000000000000000e+00 0.000000000000000000e+00
8.406647116324535152e-02 1.000000000000000000e+00 0.000000000000000000e+00
8.504398826979471526e-02 1.000000000000000000e+00 0.000000000000000000e+00
8.602150537634409289e-02 1.000000000000000000e+00 0.000000000000000000e+00
8.699902248289345663e-02 1.000000000000000000e+00 0.000000000000000000e+00
8.797653958944282038e-02 1.000000000000000000e+00 0.000000000000000000e+00
8.895405669599218412e-02 1.000000000000000000e+00 0.000000000000000000e+00
8.993157380254154787e-02 1.000000000000000000e+00 0.000000000000000000e+00
9.090909090909091161e-02 1.000000000000000000e+00 0.000000000000000000e+00
9.188660801564027536e-02 1.000000000000000000e+00 0.000000000000000000e+00
9.286412512218963911e-02 1.000000000000000000e+00 0.000000000000000000e+00
9.384164222873900285e-02 1.000000000000000000e+00 0.000000000000000000e+00
9.481915933528836660e-02 1.000000000000000000e+00 0.000000000000000000e+00
9.579667644183773034e-02 1.000000000000000000e+00 0.000000000000000000e+00
9.677419354838709409e-02 1.000000000000000000e+00 0.000000000000000000e+00
9.775171065493645783e-02 1.000000000000000000e+00 0.000000000000000000e+00
9.872922776148582158e-02 1.000000000000000000e+00 0.000000000000000000e+00
9.970674486803518533e-02 1.000000000000000000e+00 0.000000000000000000e+00
1.006842619745845491e-01 1.000000000000000000e+00 0.000000000000000000e+00
1.016617790811339267e-01 1.000000000000000000e+00 0.000000000000000000e+00
1.026392961876832904e-01 1.000000000000000000e+00 0.000000000000000000e+00
1.036168132942326542e-01 1.000000000000000000e+00 0.000000000000000000e+00
1.045943304007820179e-01 1.000000000000000000e+00 0.000000000000000000e+00
1.055718475073313817e-01 1.000000000000000000e+00 0.000000000000000000e+00
1.065493646138807454e-01 1.000000000000000000e+00 0.000000000000000000e+00
1.075268817204301092e-01 1.000000000000000000e+00 0.000000000000000000e+00
1.085043988269794729e-01 1.000000000000000000e+00 0.000000000000000000e+00
1.094819159335288367e-01 1.000000000000000000e+00 0.000000000000000000e+00
1.104594330400782004e-01 1.000000000000000000e+00 0.000000000000000000e+00
1.114369501466275642e-01 1.000000000000000000e+00 0.000000000000000000e+00
1.124144672531769279e-01 1.000000000000000000e+00 0.000000000000000000e+00
1.133919843597262916e-01 1.000000000000000000e+00 0.000000000000000000e+00
1.143695014662756554e-01 1.000000000000000000e+00 0.000000000000000000e+00
1.153470185728250191e-01 1.000000000000000000e+00 0.000000000000000000e+00
1.163245356793743829e-01 1.000000000000000000e+00 0.000000000000000000e+00
1.173020527859237605e-01 1.000000000000000000e+00 0.000000000000000000e+00
1.182795698924731242e-01 1.000000000000000000e+00 0.000000000000000000e+00
1.192570869990224880e-01 1.000000000000000000e+00 0.000000000000000000e+00
1.202346041055718517e-01 1.000000000000000000e+00 0.000000000000000000e+00
1.212121212121212155e-01 1.000000000000000000e+00 0.000000000000000000e+00
1.221896383186705792e-01 1.000000000000000000e+00 0.000000000000000000e+00
1.231671554252199430e-01 1.000000000000000000e+00 0.000000000000000000e+00
1.241446725317693067e-01 1.000000000000000000e+00 0.000000000000000000e+00
1.251221896383186705e-01 1.000000000000000000e+00 0.000000000000000000e+00
1.260997067448680342e-01 1.000000000000000000e+00 0.000000000000000000e+00
1.270772238514173980e-01 1.000000000000000000e+00 0.000000000000000000e+00
1.280547409579667617e-01 1.000000000000000000e+00 0.000000000000000000e+00
1.290322580645161255e-01 1.000000000000000000e+00 0.000000000000000000e+00
1.300097751710654892e-01 1.000000000000000000e+00 0.000000000000000000e+00
1.309872922776148529e-01 1.000000000000000000e+00 0.000000000000000000e+00
1.319648093841642167e-01 1.000000000000000000e+00 0.000000000000000000e+00
1.329423264907135804e-01 1.000000000000000000e+00 0.000000000000000000e+00
1.339198435972629442e-01 1.000000000000000000e+00 0.000000000000000000e+00
1.348973607038123079e-01 1.000000000000000000e+00 0.000000000000000000e+00
1.358748778103616717e-01 1.000000000000000000e+00 0.000000000000000000e+00
1.368523949169110354e-01 1.000000000000000000e+00 0.000000000000000000e+00
1.378299120234603992e-01 1.000000000000000000e+00 0.000000000000000000e+00
1.388074291300097629e-01 1.000000000000000000e+00 0.000000000000000000e+00
1.397849462365591267e-01 1.000000000000000000e+00 0.000000000000000000e+00
1.407624633431085182e-01 1.000000000000000000e+00 0.000000000000000000e+00
1.417399804496578819e-01 1.000000000000000000e+00 0.000000000000000000e+00
1.427174975562072456e-01 1.000000000000000000e+00 0.000000000000000000e+00
1.436950146627566094e-01 1.000000000000000000e+00 0.000000000000000000e+00
1.446725317693059731e-01 1.000000000000000000e+00 0.000000000000000000e+00
1.456500488758553369e-01 1.000000000000000000e+00 0.000000000000000000e+00
1.466275659824047006e-01 1.000000000000000000e+00 0.000000000000000000e+00
1.476050830889540644e-01 1.000000000000000000e+00 0.000000000000000000e+00
1.485826001955034281e-01 1.000000000000000000e+00 0.000000000000000000e+00
1.495601173020527919e-01 1.000000000000000000e+00 0.000000000000000000e+00
1.505376344086021556e-01 1.000000000000000000e+00 0.000000000000000000e+00
1.515151515151515194e-01 1.000000000000000000e+00 0.000000000000000000e+00
1.524926686217008831e-01 1.000000000000000000e+00 0.000000000000000000e+00
1.534701857282502468e-01 1.000000000000000000e+00 0.000000000000000000e+00
1.544477028347996106e-01 1.000000000000000000e+00 0.000000000000000000e+00
1.554252199413489743e-01 1.000000000000000000e+00 0.000000000000000000e+00
1.564027370478983381e-01 1.000000000000000000e+00 0.000000000000000000e+00
1.573802541544477018e-01 1.000000000000000000e+00 0.000000000000000000e+00
1.583577712609970656e-01 1.000000000000000000e+00 0.000000000000000000e+00
1.593352883675464293e-01 1.000000000000000000e+00 0.000000000000000000e+00
1.603128054740957931e-01 1.000000000000000000e+00 0.000000000000000000e+00
1.612903225806451568e-01 1.000000000000000000e+00 0.000000000000000000e+00
1.622678396871945206e-01 1.000000000000000000e+00 0.000000000000000000e+00
1.632453567937438843e-01 1.000000000000000000e+00 0.000000000000000000e+00
1.642228739002932481e-01 1.000000000000000000e+00 0.000000000000000000e+00
1.652003910068426118e-01 1.000000000000000000e+00 0.000000000000000000e+00
1.661779081133919755e-01 1.000000000000000000e+00 0.000000000000000000e+00
1.671554252199413393e-01 1.000000000000000000e+00 0.000000000000000000e+00
1.681329423264907030e-01 1.000000000000000000e+00 0.000000000000000000e+00
1.691104594330400668e-01 1.000000000000000000e+00 0.000000000000000000e+00
1.700879765395894305e-01 1.000000000000000000e+00 0.000000000000000000e+00
1.710654936461387943e-01 1.000000000000000000e+00 0.000000000000000000e+00
1.720430107526881858e-01 1.000000000000000000e+00 0.000000000000000000e+00
1.730205278592375495e-01 1.000000000000000000e+00 0.000000000000000000e+00
1.739980449657869133e-01 1.000000000000000000e+00 0.000000000000000000e+00
1.749755620723362770e-01 1.000000000000000000e+00 0.000000000000000000e+00
1.759530791788856408e-01 1.000000000000000000e+00 0.000000000000000000e+00
1.769305962854350045e-01 1.000000000000000000e+00 0.000000000000000000e+00
1.779081133919843682e-01 1.000000000000000000e+00 0.000000000000000000e+00
1.788856304985337320e-01 1.000000000000000000e+00 0.000000000000000000e+00
1.798631476050830957e-01 1.000000000000000000e+00 0.000000000000000000e+00
1.808406647116324595e-01 1.000000000000000000e+00 0.000000000000000000e+00
1.818181818181818232e-01 1.000000000000000000e+00 0.000000000000000000e+00
1.827956989247311870e-01 1.000000000000000000e+00 0.000000000000000000e+00
1.837732160312805507e-01 1.000000000000000000e+00 0.000000000000000000e+00
1.847507331378299145e-01 1.000000000000000000e+00 0.000000000000000000e+00
1.857282502443792782e-01 1.000000000000000000e+00 0.000000000000000000e+00
1.867057673509286420e-01 1.000000000000000000e+00 0.000000000000000000e+00
1.876832844574780057e-01 1.000000000000000000e+00 0.000000000000000000e+00
1.886608015640273694e-01 1.000000000000000000e+00 0.000000000000000000e+00
1.896383186705767332e-01 1.000000000000000000e+00 0.000000000000000000e+00
1.906158357771260969e-01 1.000000000000000000e+00 0.000000000000000000e+00
1.915933528836754607e-01 1.000000000000000000e+00 0.000000000000000000e+00
1.925708699902248244e-01 1.000000000000000000e+00 0.000000000000000000e+00
1.935483870967741882e-01 1.000000000000000000e+00 0.000000000000000000e+00
1.945259042033235519e-01 1.000000000000000000e+00 0.000000000000000000e+00
1.955034213098729157e-01 1.000000000000000000e+00 0.000000000000000000e+00
1.964809384164222794e-01 1.000000000000000000e+00 0.000000000000000000e+00
1.974584555229716432e-01 1.000000000000000000e+00 0.000000000000000000e+00
1.984359726295210069e-01 1.000000000000000000e+00 0.000000000000000000e+00
1.994134897360703707e-01 1.000000000000000000e+00 0.000000000000000000e+00
2.003910068426197344e-01 1.000000000000000000e+00 0.000000000000000000e+00
2.013685239491690981e-01 1.000000000000000000e+00 0.000000000000000000e+00
2.023460410557184619e-01 1.000000000000000000e+00 0.000000000000000000e+00
2.033235581622678534e-01 1.000000000000000000e+00 0.000000000000000000e+00
2.043010752688172171e-01 1.000000000000000000e+00 0.000000000000000000e+00
2.052785923753665809e-01 1.000000000000000000e+00 0.000000000000000000e+00
2.062561094819159446e-01 1.000000000000000000e+00 0.000000000000000000e+00
2.072336265884653084e-01 1.000000000000000000e+00 0.000000000000000000e+00
2.082111436950146721e-01 1.000000000000000000e+00 0.000000000000000000e+00
2.091886608015640359e-01 1.000000000000000000e+00 0.000000000000000000e+00
2.101661779081133996e-01 1.000000000000000000e+00 0.000000000000000000e+00
2.111436950146627634e-01 1.000000000000000000e+00 0.000000000000000000e+00
2.121212121212121271e-01 1.000000000000000000e+00 0.000000000000000000e+00
2.130987292277614908e-01 1.000000000000000000e+00 0.000000000000000000e+00
2.140762463343108546e-01 1.000000000000000000e+00 0.000000000000000000e+00
2.150537634408602183e-01 1.000000000000000000e+00 0.000000000000000000e+00
2.160312805474095821e-01 1.000000000000000000e+00 0.000000000000000000e+00
2.170087976539589458e-01 1.000000000000000000e+00 0.000000000000000000e+00
2.179863147605083096e-01 1.000000000000000000e+00 0.000000000000000000e+00
2.189638318670576733e-01 1.000000000000000000e+00 0.000000000000000000e+00
2.199413489736070371e-01 1.000000000000000000e+00 0.000000000000000000e+00
2.209188660801564008e-01 1.000000000000000000e+00 0.000000000000000000e+00
2.218963831867057646e-01 1.000000000000000000e+00 0.000000000000000000e+00
2.228739002932551283e-01 1.000000000000000000e+00 0.000000000000000000e+00
2.238514173998044920e-01 1.000000000000000000e+00 0.000000000000000000e+00
2.248289345063538558e-01 1.000000000000000000e+00 0.000000000000000000e+00
2.258064516129032195e-01 1.000000000000000000e+00 0.000000000000000000e+00
2.267839687194525833e-01 1.000000000000000000e+00 0.000000000000000000e+00
2.277614858260019470e-01 1.000000000000000000e+00 0.000000000000000000e+00
2.287390029325513108e-01 1.000000000000000000e+00 0.000000000000000000e+00
2.297165200391006745e-01 1.000000000000000000e+00 0.000000000000000000e+00
2.306940371456500383e-01 1.000000000000000000e+00 0.000000000000000000e+00
2.316715542521994020e-01 1.000000000000000000e+00 0.000000000000000000e+00
2.326490713587487658e-01 1.000000000000000000e+00 0.000000000000000000e+00
2.336265884652981295e-01 1.000000000000000000e+00 0.000000000000000000e+00
2.346041055718475210e-01 1.000000000000000000e+00 0.000000000000000000e+00
2.355816226783968848e-01 1.000000000000000000e+00 0.000000000000000000e+00
2.365591397849462485e-01 1.000000000000000000e+00 0.000000000000000000e+00
2.375366568914956122e-01 1.000000000000000000e+00 0.000000000000000000e+00
2.385141739980449760e-01 1.000000000000000000e+00 0.000000000000000000e+00
2.394916911045943397e-01 1.000000000000000000e+00 0.000000000000000000e+00
2.404692082111437035e-01 1.000000000000000000e+00 0.000000000000000000e+00
2.414467253176930672e-01 1.000000000000000000e+00 0.000000000000000000e+00
2.424242424242424310e-01 1.000000000000000000e+00 0.000000000000000000e+00
2.434017595307917947e-01 1.000000000000000000e+00 0.000000000000000000e+00
2.443792766373411585e-01 1.000000000000000000e+00 0.000000000000000000e+00
2.453567937438905222e-01 1.000000000000000000e+00 1.032050674017032526e-16
2.463343108504398860e-01 9.999999999999988898e-01 6.775711643113235135e-16
2.473118279569892497e-01 9.999999999999966693e-01 3.069288311807547494e-15
2.482893450635386134e-01 9.999999999999895639e-01 7.610454942083617066e-15
2.492668621700879772e-01 9.999999999999775735e-01 1.956924247052632918e-14
2.502443792766373409e-01 9.999999999999461542e-01 4.003612357029111608e-14
2.512218963831867047e-01 9.999999999998946398e-01 9.184742293293277314e-14
2.521994134897360684e-01 9.999999999997634115e-01 1.774128900663475395e-13
2.531769305962854322e-01 9.999999999995462518e-01 3.942615397781178668e-13
2.541544477028347959e-01 9.999999999990014654e-01 7.475675680070115956e-13
2.551319648093841597e-01 9.999999999981212806e-01 1.627173895569225075e-12
2.561094819159335234e-01 9.999999999959442443e-01 3.043608596681586241e-12
2.570869990224828872e-01 9.999999999924558125e-01 6.509069949318758425e-12
2.580645161290322509e-01 9.999999999839950249e-01 1.203506986438337055e-11
2.590420332355816146e-01 9.999999999705673215e-01 2.529104187603210362e-11
2.600195503421309784e-01 9.999999999386613991e-01 4.623332360557475547e-11
2.609970674486803421e-01 9.999999998884724350e-01 9.542669709803858355e-11
2.619745845552297059e-01 9.999999997717651246e-01 1.724321915187711008e-10
2.629521016617790696e-01 9.999999995898779526e-01 3.494317505215285786e-10
2.639296187683284334e-01 9.999999991761236995e-01 6.238720037650286260e-10
2.649071358748777971e-01 9.999999985375208622e-01 1.240753987916668360e-09
2.658846529814271609e-01 9.999999971173798574e-01 2.187878718093940311e-09
2.668621700879765246e-01 9.999999949472306859e-01 4.268263906086480463e-09
2.678396871945258884e-01 9.999999902330481971e-01 7.430160173682695402e-09
2.688172043010752521e-01 9.999999831029392494e-01 1.421144511878296580e-08
2.697947214076246158e-01 9.999999679861594215e-01 2.441071666361435975e-08
2.707722385141739796e-01 9.999999453643928504e-01 4.574956421277496358e-08
2.717497556207233433e-01 9.999998985987293976e-01 7.749769336172148432e-08
2.727272727272727071e-01 9.999998293838314734e-01 1.422305514632984454e-07
2.737047898338220708e-01 9.999996900100512898e-01 2.374616658119075115e-07
2.746823069403714346e-01 9.999994860875647262e-01 4.264806496380818998e-07
2.756598240469207983e-01 9.999990865898820136e-01 7.013075747493358615e-07
2.766373411534701621e-01 9.999985090400415055e-01 1.231651616814381342e-06
2.776148582600195258e-01 9.999974097215336144e-01 1.993334511609206823e-06
2.785923753665688896e-01 9.999958403116224748e-01 3.420317930561938306e-06
2.795698924731182533e-01 9.999929423863814781e-01 5.443445756463337835e-06
2.805474095796676171e-01 9.999888597330222062e-01 9.117054599804889328e-06
2.815249266862170363e-01 9.999815595121914757e-01 1.425468059721485658e-05
2.825024437927664001e-01 9.999714183952701507e-01 2.327904525378292436e-05
2.834799608993157638e-01 9.999538950249056146e-01 3.571751867418926146e-05
2.844574780058651275e-01 9.999299151583083134e-01 5.680476034286017280e-05
2.854349951124144913e-01 9.998899707865984698e-01 8.541935845533361546e-05
2.864125122189638550e-01 9.998361853857544723e-01 1.321154102543288045e-04
2.873900293255132188e-01 9.997500642914828317e-01 1.944173584595169034e-04
2.883675464320625825e-01 9.996361195065937011e-01 2.919804493643323178e-04
2.893450635386119463e-01 9.994613148176219042e-01 4.197635651956267092e-04
2.903225806451613100e-01 9.992344391160447037e-01 6.111119511471200605e-04
2.913000977517106738e-01 9.989021625880144528e-01 8.566673886816545454e-04
2.922776148582600375e-01 9.984799570478494202e-01 1.206975044187139729e-03
2.932551319648094013e-01 9.978917581191799613e-01 1.646449214393580713e-03
2.942326490713587650e-01 9.971617191584882800e-01 2.241651368716866388e-03
2.952101661779081287e-01 9.961971458798558610e-01 2.969771592790137679e-03
2.961876832844574925e-01 9.950307027281313221e-01 3.903668354524515542e-03
2.971652003910068562e-01 9.935711256825477955e-01 5.014709355283054719e-03
2.981427174975562200e-01 9.918557664749875213e-01 6.363869566401900504e-03
2.991202346041055837e-01 9.898203103629825694e-01 7.920937749961576638e-03
3.000977517106549475e-01 9.875005425688757610e-01 9.716390173874999564e-03
3.010752688172043112e-01 9.848775233939180973e-01 1.172312538212878265e-02
3.020527859237536750e-01 9.819815995505208894e-01 1.393512576879161503e-02
3.030303030303030387e-01 9.788358330806142815e-01 1.632943952886530686e-02
3.040078201368524025e-01 9.754673418828114784e-01 1.887609704003598635e-02
3.049853372434017662e-01 9.719177726978138754e-01 2.155323004071601697e-02
3.059628543499511300e-01 9.682154124476728407e-01 2.432784729659880768e-02
3.069403714565004937e-01 9.643967149963429408e-01 2.717745305374785064e-02
3.079178885630498574e-01 9.604899282208371192e-01 3.007870700713814044e-02
3.088954056695992212e-01 9.565183177951203097e-01 3.301197068886628505e-02
3.098729227761485849e-01 9.525036883566546653e-01 3.596338973714295617e-02
3.108504398826979487e-01 9.484600949265290515e-01 3.892042443986237082e-02
3.118279569892473124e-01 9.443998303744340905e-01 4.187447606351829554e-02
3.128054740957966762e-01 9.403316843986974094e-01 4.481954757852633225e-02
3.137829912023460399e-01 9.362615632630120199e-01 4.775055194154993049e-02
3.147605083088954037e-01 9.321941181810139421e-01 5.066463086654146575e-02
3.157380254154447674e-01 9.281326318236281514e-01 5.355942040499440948e-02
3.167155425219941312e-01 9.240791021566395758e-01 5.643332702046909011e-02
3.176930596285434949e-01 9.200354142597089169e-01 5.928527850421776157e-02
3.186705767350928586e-01 9.160026075800982159e-01 6.211455693646975723e-02
3.196480938416422224e-01 9.119816261271229685e-01 6.492050938157716000e-02
3.206256109481915861e-01 9.079731022573807042e-01 6.770286329554926763e-02
3.216031280547409499e-01 9.039776158564808428e-01 7.046127000540718111e-02
3.225806451612903136e-01 8.999954845310953466e-01 7.319558589839042506e-02
3.235581622678396774e-01 8.960271190794583118e-01 7.590565127014434199e-02
3.245356793743890411e-01 8.920727086293815944e-01 7.859142731570249729e-02
3.255131964809384049e-01 8.881325112117216536e-01 8.125282860137278407e-02
3.264907135874877686e-01 8.842066529264619446e-01 8.388988578622680325e-02
3.274682306940371324e-01 8.802953107788192844e-01 8.650257988026786860e-02
3.284457478005864961e-01 8.763985521666070033e-01 8.909096874533761756e-02
3.294232649071358598e-01 8.725164997857369764e-01 9.165508054352553002e-02
3.304007820136852236e-01 8.686491917813534691e-01 9.419499864077815476e-02
3.313782991202345873e-01 8.647967043549303900e-01 9.671077881804718279e-02
3.323558162267839511e-01 8.609590550661964103e-01 9.920252053295462724e-02
3.333333333333333148e-01 8.571362904039033781e-01 1.016703032838173482e-01
3.343108504398826786e-01 8.533284115086349209e-01 1.041142359546756851e-01
3.352883675464320423e-01 8.495354414780444952e-01 1.065344140363822106e-01
3.362658846529814061e-01 8.457573713539694449e-01 1.089309544468643198e-01
3.372434017595307698e-01 8.419942065312873147e-01 1.113039641451211148e-01
3.382209188660801336e-01 8.382459296835000906e-01 1.136535649991465002e-01
3.391984359726294973e-01 8.345125334525115290e-01 1.159798726458049489e-01
3.401759530791788610e-01 8.307939943448008346e-01 1.182830126991813169e-01
3.411534701857282248e-01 8.270902950519948282e-01 1.205631066595290873e-01
3.421309872922775885e-01 8.234014073060161865e-01 1.228202828329241214e-01
3.431085043988269523e-01 8.197273065195472830e-01 1.250546669855764903e-01
3.440860215053763715e-01 8.160679605421014005e-01 1.272663892345078651e-01
3.450635386119257353e-01 8.124233392634434558e-01 1.294555781919136950e-01
3.460410557184750990e-01 8.087934075087339636e-01 1.316223652541803346e-01
3.470185728250244628e-01 8.051781310406386227e-01 1.337668808953462740e-01
3.479960899315738265e-01 8.015774722183334200e-01 1.358892572650856612e-01
3.489736070381231903e-01 7.979913937289189185e-01 1.379896259600219000e-01
3.499511241446725540e-01 7.944198559890875977e-01 1.400681195223433539e-01
3.509286412512219178e-01 7.908628193845214094e-01 1.421248701032770678e-01
3.519061583577712815e-01 7.873202427917794788e-01 1.441600103151932932e-01
3.528836754643206453e-01 7.837920849020986180e-01 1.461736724541560783e-01
3.538611925708700090e-01 7.802783034006607332e-01 1.481659889514072292e-01
3.548387096774193727e-01 7.767788557347816703e-01 1.501370919270349769e-01
3.558162267839687365e-01 7.732936986882079644e-01 1.520871134224426047e-01
3.567937438905181002e-01 7.698227888203639235e-01 1.540161851457420850e-01
3.577712609970674640e-01 7.663660822574737130e-01 1.559244385788624010e-01
3.587487781036168277e-01 7.629235349447236469e-01 1.578120048335699688e-01
3.597262952101661915e-01 7.594951025569834924e-01 1.596790146954431000e-01
3.607038123167155552e-01 7.560807406442879852e-01 1.615255985404700501e-01
3.616813294232649190e-01 7.526804046027415485e-01 1.633518863468263749e-01
3.626588465298142827e-01 7.492940497619996476e-01 1.651580076458870339e-01
3.636363636363636465e-01 7.459216313855191460e-01 1.669440915200644804e-01
3.646138807429130102e-01 7.425631047256023853e-01 1.687102665723712036e-01
3.655913978494623739e-01 7.392184250361060194e-01 1.704566609188269688e-01
3.665689149560117377e-01 7.358875476099416835e-01 1.721834021688644079e-01
3.675464320625611014e-01 7.325704277961830879e-01 1.738906174166809093e-01
3.685239491691104652e-01 7.292670210274417864e-01 1.755784332278508275e-01
3.695014662756598289e-01 7.259772828375454790e-01 1.772469756313629075e-01
3.704789833822091927e-01 7.227011688830590197e-01 1.788963701102523340e-01
3.714565004887585564e-01 7.194386349600389030e-01 1.805267415949985133e-01
3.724340175953079202e-01 7.161896370218197028e-01 1.821382144568009787e-01
3.734115347018572839e-01 7.129541311943781157e-01 1.837309125024277345e-01
3.743890518084066477e-01 7.097320737916862354e-01 1.853049589694409360e-01
3.753665689149560114e-01 7.065234213297081345e-01 1.868604765224002040e-01
3.763440860215053752e-01 7.033281305400382877e-01 1.883975872495477766e-01
3.773216031280547389e-01 7.001461583827290891e-01 1.899164126601829705e-01
3.782991202346041026e-01 6.969774620587274594e-01 1.914170736825146490e-01
3.792766373411534664e-01 6.938219990217894262e-01 1.928996906620308038e-01
3.802541544477028301e-01 6.906797269900628589e-01 1.943643833602850257e-01
3.812316715542521939e-01 6.875506039573399120e-01 1.958112709540946739e-01
3.822091886608015576e-01 6.844345882040739903e-01 1.972404720350973972e-01
3.831867057673509214e-01 6.813316383082024252e-01 1.986521046096430265e-01
3.841642228739002851e-01 6.782417131558320378e-01 2.000462860989843383e-01
3.851417399804496489e-01 6.751647719518402146e-01 2.014231333397465129e-01
3.861192570869990126e-01 6.721007742304364596e-01 2.027827625846474746e-01
3.870967741935483764e-01 6.690496798657286082e-01 2.041252895034526005e-01
3.880742913000977401e-01 6.660114490823458855e-01 2.054508291841408985e-01
3.890518084066471038e-01 6.629860424661474516e-01 2.067594961342660576e-01
3.900293255131964676e-01 6.599734209750711678e-01 2.080514042825002685e-01
3.910068426197458313e-01 6.569735459501533370e-01 2.093266669803446334e-01
3.919843597262951951e-01 6.539863791267640503e-01 2.105853970039932577e-01
3.929618768328445588e-01 6.510118826460917774e-01 2.118277065563430317e-01
3.939393939393939226e-01 6.480500190669223892e-01 2.130537072691369438e-01
3.949169110459432863e-01 6.451007513777471392e-01 2.142635102052335427e-01
3.958944281524926501e-01 6.421640430092382390e-01 2.154572258609952773e-01
3.968719452590420138e-01 6.392398578471352177e-01 2.166349641687895511e-01
3.978494623655913776e-01 6.363281602455769237e-01 2.177968344995948047e-01
3.988269794721407413e-01 6.334289150409239122e-01 2.189429456657093764e-01
3.998044965786901050e-01 6.305420875661119640e-01 2.200734059235588402e-01
4.007820136852394688e-01 6.276676436655791447e-01 2.211883229765971293e-01
4.017595307917888325e-01 6.248055497108120360e-01 2.222878039782999193e-01
4.027370478983381963e-01 6.219557726165536593e-01 2.233719555352485231e-01
4.037145650048875600e-01 6.191182798577277158e-01 2.244408837103036014e-01
4.046920821114369238e-01 6.162930394871236617e-01 2.254946940258668042e-01
4.056695992179862875e-01 6.134800201538933573e-01 2.265334914672303412e-01
4.066471163245357068e-01 6.106791911229207948e-01 2.275573804860185623e-01
4.076246334310850705e-01 6.078905222951150877e-01 2.285664650037167178e-01
4.086021505376344343e-01 6.051139842286916704e-01 2.295608484152946438e-01
4.095796676441837980e-01 6.023495481615005476e-01 2.305406335929244543e-01
4.105571847507331618e-01 5.995971860344749826e-01 2.315059228897956844e-01
4.115347018572825255e-01 5.968568705162631272e-01 2.324568181440327674e-01
4.125122189638318893e-01 5.941285750291244172e-01 2.333934206827180946e-01
4.134897360703812530e-01 5.914122737761647874e-01 2.343158313260252368e-01
4.144672531769306167e-01 5.887079417699963013e-01 2.352241503914684895e-01
4.154447702834799805e-01 5.860155548629090161e-01 2.361184776982753197e-01
4.164222873900293442e-01 5.833350897786518940e-01 2.369989125718882372e-01
4.173998044965787080e-01 5.806665241459166849e-01 2.378655538486033616e-01
4.183773216031280717e-01 5.780098365336370225e-01 2.387184998803543179e-01
4.193548387096774355e-01 5.753650064882122050e-01 2.395578485396523960e-01
4.203323558162267992e-01 5.727320145727765599e-01 2.403836972246908565e-01
4.213098729227761630e-01 5.701108424086410720e-01 2.411961428646265393e-01
4.222873900293255267e-01 5.675014727190447195e-01 2.419952819250491549e-01
4.232649071358748905e-01 5.649038893753576263e-01 2.427812104136533311e-01
4.242424242424242542e-01 5.623180774458961251e-01 2.435540238861279294e-01
4.252199413489736179e-01 5.597440232475056066e-01 2.443138174522758166e-01
4.261974584555229817e-01 5.571817144000931199e-01 2.450606857823841300e-01
4.271749755620723454e-01 5.546311398842942442e-01 2.457947231138624955e-01
4.281524926686217092e-01 5.520922901024730711e-01 2.465160232581682931e-01
4.291300097751710729e-01 5.495651569432707939e-01 2.472246796080428688e-01
4.301075268817204367e-01 5.470497338499256124e-01 2.479207851450795641e-01
4.310850439882698004e-01 5.445460158926087590e-01 2.486044324476512635e-01
4.320625610948191642e-01 5.420539998450358832e-01 2.492757136992238831e-01
4.330400782013685279e-01 5.395736842656297938e-01 2.499347206970872481e-01
4.340175953079178917e-01 5.371050695835267730e-01 2.505815448615329455e-01
4.349951124144672554e-01 5.346481581897440938e-01 2.512162772455171500e-01
4.359726295210166191e-01 5.322029545338421430e-01 2.518390085448436455e-01
4.369501466275659829e-01 5.297694652264426374e-01 2.524498291089110613e-01
4.379276637341153466e-01 5.273476991479829623e-01 2.530488289520647083e-01
4.389051808406647104e-01 5.249376675641168610e-01 2.536360977656062499e-01
4.398826979472140741e-01 5.225393842481972362e-01 2.542117249305078652e-01
4.408602150537634379e-01 5.201528656113034721e-01 2.547757995308904122e-01
4.418377321603128016e-01 5.177781308403133220e-01 2.553284103683248207e-01
4.428152492668621654e-01 5.154152020445464943e-01 2.558696459770247178e-01
4.437927663734115291e-01 5.130641044115417104e-01 2.563995946399981740e-01
4.447702834799608929e-01 5.107248663725696414e-01 2.569183444062368427e-01
4.457478005865102566e-01 5.083975197785188804e-01 2.574259831090272010e-01
4.467253176930596203e-01 5.060821000868371833e-01 2.579225983854723792e-01
4.477028347996089841e-01 5.037786465602475117e-01 2.584082776973199436e-01
4.486803519061583478e-01 5.014872024780087090e-01 2.588831083532038835e-01
4.496578690127077116e-01 4.992078153605334911e-01 2.593471775324118767e-01
4.506353861192570753e-01 4.969405372082283945e-01 2.598005723103005704e-01
4.516129032258064391e-01 4.946854247554663409e-01 2.602433796854899395e-01
4.525904203323558028e-01 4.924425397406601013e-01 2.606756866089795510e-01
4.535679374389051666e-01 4.902119491934542883e-01 2.610975800153396142e-01
4.545454545454545303e-01 4.879937257401070205e-01 2.615091468561416277e-01
4.555229716520038941e-01 4.857879479281892454e-01 2.619104741358023736e-01
4.565004887585532578e-01 4.835947005717817770e-01 2.623016489500359372e-01
4.574780058651026216e-01 4.814140751184062261e-01 2.626827585271139243e-01
4.584555229716519853e-01 4.792461700389724633e-01 2.630538902721535899e-01
4.594330400782013490e-01 4.770910912420773253e-01 2.634151318146646381e-01
4.604105571847507128e-01 4.749489525140292434e-01 2.637665710596051594e-01
4.613880742913000765e-01 4.728198759860148259e-01 2.641082962422097724e-01
4.623655913978494403e-01 4.707039926298493548e-01 2.644403959868721898e-01
4.633431085043988040e-01 4.686014427837715268e-01 2.647629593703779705e-01
4.643206256109481678e-01 4.665123767097476559e-01 2.650760759898006524e-01
4.652981427174975315e-01 4.644369551837402854e-01 2.653798360353942232e-01
4.662756598240468953e-01 4.623753501203575755e-01 2.656743303688207658e-01
4.672531769305962590e-01 4.603277452332451558e-01 2.659596506070788791e-01
4.682306940371456228e-01 4.582943367324879835e-01 2.662358892124992438e-01
4.692082111436950420e-01 4.562753340601624075e-01 2.665031395891921950e-01
4.701857282502444058e-01 4.542709606650033316e-01 2.667614961863325473e-01
4.711632453567937695e-01 4.522814548169221127e-01 2.670110546086767456e-01
4.721407624633431332e-01 4.503070704618218345e-01 2.672519117346981443e-01
4.731182795698924970e-01 4.483480781167835660e-01 2.674841658427206670e-01
4.740957966764418607e-01 4.464047658052473500e-01 2.677079167454166631e-01
4.750733137829912245e-01 4.444774400312484497e-01 2.679232659330007538e-01
4.760508308895405882e-01 4.425664267910966454e-01 2.681303167254205366e-01
4.770283479960899520e-01 4.406720726200690774e-01 2.683291744337862883e-01
4.780058651026393157e-01 4.387947456707197436e-01 2.685199465312135270e-01
4.789833822091886795e-01 4.369348368182615072e-01 2.687027428331631440e-01
4.799608993157380432e-01 4.350927607871232228e-01 2.688776756872476859e-01
4.809384164222874070e-01 4.332689572912138409e-01 2.690448601723335886e-01
4.819159335288367707e-01 4.314638921785969305e-01 2.692044143065964179e-01
4.828934506353861345e-01 4.296780585691765686e-01 2.693564592639789979e-01
4.838709677419354982e-01 4.279119779715861993e-01 2.695011195982557339e-01
4.848484848484848619e-01 4.261662013627430245e-01 2.696385234736158876e-01
4.858260019550342257e-01 4.244413102104477309e-01 2.697688029003377785e-01
4.868035190615835894e-01 4.227379174159653363e-01 2.698920939737353142e-01
4.877810361681329532e-01 4.210566681497124875e-01 2.700085371141108248e-01
4.887585532746823169e-01 4.193982405489934395e-01 2.701182773049444208e-01
4.897360703812316807e-01 4.177633462421986854e-01 2.702214643259834848e-01
4.907135874877810444e-01 4.161527306590352970e-01 2.703182529772821807e-01
4.916911045943304082e-01 4.145671730812682254e-01 2.704088032895641813e-01
4.926686217008797719e-01 4.130074863831946774e-01 2.704932807155684404e-01
4.936461388074291357e-01 4.114745164057913573e-01 2.705718562962925455e-01
4.946236559139784994e-01 4.099691409033326406e-01 2.706447067952862939e-01
4.956011730205278631e-01 4.084922679964984038e-01 2.707120147934021226e-01
4.965786901270772269e-01 4.070448340618615934e-01 2.707739687357071379e-01
4.975562072336265906e-01 4.056278009845019628e-01 2.708307629216348822e-01
4.985337243401759544e-01 4.042421526987525771e-01 2.708825974289756910e-01
4.995112414467253181e-01 4.028888909422249642e-01 2.709296779619999596e-01
5.004887585532746819e-01 4.015690301508144655e-01 2.709722156139664495e-01
5.014662756598240456e-01 4.002835914279565532e-01 2.710104265345476549e-01
5.024437927663734094e-01 3.990335955306030247e-01 2.710445314933778715e-01
5.034213098729227731e-01 3.978200548278623683e-01 2.710747553320848047e-01
5.043988269794721369e-01 3.966439642065743287e-01 2.711013262988478112e-01
5.053763440860215006e-01 3.955062909217833544e-01 2.711244752618056642e-01
5.063538611925708643e-01 3.944079634194954664e-01 2.711444348005470073e-01
5.073313782991202281e-01 3.933498591943556666e-01 2.711614381784394623e-01
5.083088954056695918e-01 3.923327917857906688e-01 2.711757182026798274e-01
5.092864125122189556e-01 3.913574970621200300e-01 2.711875059835660573e-01
5.102639296187683193e-01 3.904246189920556609e-01 2.711970296094728949e-01
5.112414467253176831e-01 3.895346951552510761e-01 2.712045127591376503e-01
5.122189638318670468e-01 3.886881422958856080e-01 2.712101732778892105e-01
5.131964809384164106e-01 3.878852422728391036e-01 2.712142217490394747e-01
5.141739980449657743e-01 3.871261288034847925e-01 2.712168600954722453e-01
5.151515151515151381e-01 3.864107754317455123e-01 2.712182802491318045e-01
5.161290322580645018e-01 3.857389851708896145e-01 2.712186629272823057e-01
5.171065493646138655e-01 3.851103822737911297e-01 2.712181765537989842e-01
5.180840664711632293e-01 3.845244065646982734e-01 2.712169763611380069e-01
5.190615835777125930e-01 3.839803107244811331e-01 2.712152037039617380e-01
5.200391006842619568e-01 3.834771608547019039e-01 2.712129856087384105e-01
5.210166177908113205e-01 3.830138405551239966e-01 2.712104345752531787e-01
5.219941348973606843e-01 3.825890586368299595e-01 2.712076486362899330e-01
5.229716520039100480e-01 3.822013604633290318e-01 2.712047116713395267e-01
5.239491691104594118e-01 3.818491427711884212e-01 2.712016939597398091e-01
5.249266862170087755e-01 3.815306716776961649e-01 2.711986529488857323e-01
5.259042033235581393e-01 3.812441034447755506e-01 2.711956342047415758e-01
5.268817204301075030e-01 3.809875074450462806e-01 2.711926725054483733e-01
5.278592375366568668e-01 3.807588906762912062e-01 2.711897930347628161e-01
5.288367546432062305e-01 3.805562231019676278e-01 2.711870126306125117e-01
5.298142717497555942e-01 3.803774630630072928e-01 2.711843410451856284e-01
5.307917888563049580e-01 3.802205820124817670e-01 2.711817821764625491e-01
5.317693059628543217e-01 3.800835878692805925e-01 2.711793352365052256e-01
5.327468230694036855e-01 3.799645463663173794e-01 2.711769958286036619e-01
5.337243401759530492e-01 3.798615998768968272e-01 2.711747569129156488e-01
5.347018572825024130e-01 3.797729833317088910e-01 2.711726096479011305e-01
5.356793743890517767e-01 3.796970369792707078e-01 2.711705441021204921e-01
5.366568914956011405e-01 3.796322158850384820e-01 2.711685498373793690e-01
5.376344086021505042e-01 3.795770961999435089e-01 2.711666163694773646e-01
5.386119257086998680e-01 3.795303783501992601e-01 2.711647335168022588e-01
5.395894428152492317e-01 3.794908874010906041e-01 2.711628916496748309e-01
5.405669599217985954e-01 3.794575709244512041e-01 2.711610818547925406e-01
5.415444770283479592e-01 3.794294947511320792e-01 2.711592960295006738e-01
5.425219941348973229e-01 3.794058370164464788e-01 2.711575269201517147e-01
5.434995112414466867e-01 3.793858809104292407e-01 2.711557681177253487e-01
5.444770283479960504e-01 3.793690065290966085e-01 2.711540140223855366e-01
5.454545454545454142e-01 3.793546821917936351e-01 2.711522597869436835e-01
5.464320625610947779e-01 3.793424555475212179e-01 2.711505012474343390e-01
5.474095796676441417e-01 3.793319447441211301e-01 2.711487348473117787e-01
5.483870967741935054e-01 3.793228298822402533e-01 2.711469575602180049e-01
5.493646138807428692e-01 3.793148449243926024e-01 2.711451668149118532e-01
5.503421309872922329e-01 3.793077701807835433e-01 2.711433604248016938e-01
5.513196480938415966e-01 3.793014254497116822e-01 2.711415365235890218e-01
5.522971652003909604e-01 3.792956638525010193e-01 2.711396935078065340e-01
5.532746823069403241e-01 3.792903663715866958e-01 2.711378299864805053e-01
5.542521994134896879e-01 3.792854370756423288e-01 2.711359447377591492e-01
5.552297165200390516e-01 3.792807989971641591e-01 2.711340366720862427e-01
5.562072336265884154e-01 3.792763906151065956e-01 2.711321048013349833e-01
5.571847507331377791e-01 3.792721628872393613e-01 2.711301482132367213e-01
5.581622678396871429e-01 3.792680767730262636e-01 2.711281660504159530e-01
5.591397849462365066e-01 3.792641011871639711e-01 2.711261574933563345e-01
5.601173020527858704e-01 3.792602113256802743e-01 2.711241217466676678e-01
5.610948191593352341e-01 3.792563873099597527e-01 2.711220580280814807e-01
5.620723362658845979e-01 3.792526130986392796e-01 2.711199655596693292e-01
5.630498533724340726e-01 3.792488756224955404e-01 2.711178435608462278e-01
5.640273704789834364e-01 3.792451641028434794e-01 2.711156912427861720e-01
5.650048875855328001e-01 3.792414695192896645e-01 2.711135078039379476e-01
5.659824046920821639e-01 3.792377841977333519e-01 2.711112924263848201e-01
5.669599217986315276e-01 3.792341014941513211e-01 2.711090442728383287e-01
5.679374389051808913e-01 3.792304155538643307e-01 2.711067624840963752e-01
5.689149560117302551e-01 3.792267211296402873e-01 2.711044461768312153e-01
5.698924731182796188e-01 3.792230134451444190e-01 2.711020944416015488e-01
5.708699902248289826e-01 3.792192880929256549e-01 2.710997063410041097e-01
5.718475073313783463e-01 3.792155409583692904e-01 2.710972809078994739e-01
5.728250244379277101e-01 3.792117681629037507e-01 2.710948171436629583e-01
5.738025415444770738e-01 3.792079660212610559e-01 2.710923140164194223e-01
5.747800586510264376e-01 3.792041310088176687e-01 2.710897704592328261e-01
5.757575757575758013e-01 3.792002597360186189e-01 2.710871853682271793e-01
5.767350928641251651e-01 3.791963489276614085e-01 2.710845576006171154e-01
5.777126099706745288e-01 3.791923954054218227e-01 2.710818859726369934e-01
5.786901270772238925e-01 3.791883960724670155e-01 2.710791692573502054e-01
5.796676441837732563e-01 3.791843478993581762e-01 2.710764061823302540e-01
5.806451612903226200e-01 3.791802479107089230e-01 2.710735954272018855e-01
5.816226783968719838e-01 3.791760931722572558e-01 2.710707356210292351e-01
5.826001955034213475e-01 3.791718807781493950e-01 2.710678253395417681e-01
5.835777126099707113e-01 3.791676078383270365e-01 2.710648631021840838e-01
5.845552297165200750e-01 3.791632714659683989e-01 2.710618473689767050e-01
5.855327468230694388e-01 3.791588687649741773e-01 2.710587765371745839e-01
5.865102639296188025e-01 3.791543968175027368e-01 2.710556489377041189e-01
5.874877810361681663e-01 3.791498526715655903e-01 2.710524628313632500e-01
5.884652981427175300e-01 3.791452333286920995e-01 2.710492164047645924e-01
5.894428152492668938e-01 3.791405357316597335e-01 2.710459077659975735e-01
5.904203323558162575e-01 3.791357567522756211e-01 2.710425349399882000e-01
5.913978494623656212e-01 3.791308931791805281e-01 2.710390958635260361e-01
5.923753665689149850e-01 3.791259417056317416e-01 2.710355883799319687e-01
5.933528836754643487e-01 3.791208989172077937e-01 2.710320102333306780e-01
5.943304007820137125e-01 3.791157612793663589e-01 2.710283590624942840e-01
5.953079178885630762e-01 3.791105251247720020e-01 2.710246323942133717e-01
5.962854349951124400e-01 3.791051866403021831e-01 2.710208276361517066e-01
5.972629521016618037e-01 3.790997418536283248e-01 2.710169420691354580e-01
5.982404692082111675e-01 3.790941866192609200e-01 2.710129728388182557e-01
5.992179863147605312e-01 3.790885166039358878e-01 2.710089169466599057e-01
6.001955034213098950e-01 3.790827272712096185e-01 2.710047712401483233e-01
6.011730205278592587e-01 3.790768138651200436e-01 2.710005324021842465e-01
6.021505376344086224e-01 3.790707713927576328e-01 2.709961969395367487e-01
6.031280547409579862e-01 3.790645946055740678e-01 2.709917611702673534e-01
6.041055718475073499e-01 3.790582779792394663e-01 2.709872212100046807e-01
6.050830889540567137e-01 3.790518156918351589e-01 2.709825729569316222e-01
6.060606060606060774e-01 3.790452016001445434e-01 2.709778120753306152e-01
6.070381231671554412e-01 3.790384292137674027e-01 2.709729339775007739e-01
6.080156402737048049e-01 3.790314916667411604e-01 2.709679338038326057e-01
6.089931573802541687e-01 3.790243816863010373e-01 2.709628064007863490e-01
6.099706744868035324e-01 3.790170915583400690e-01 2.709575462964657899e-01
6.109481915933528962e-01 3.790096130890441839e-01 2.709521476734218504e-01
6.119257086999022599e-01 3.790019375620626851e-01 2.709466043382314782e-01
6.129032258064516236e-01 3.789940556904267122e-01 2.709409096872953948e-01
6.138807429130009874e-01 3.789859575622352428e-01 2.709350566681583694e-01
6.148582600195503511e-01 3.789776325788695721e-01 2.709290377354668933e-01
6.158357771260997149e-01 3.789690693841586966e-01 2.709228448004433187e-01
6.168132942326490786e-01 3.789602557824695017e-01 2.709164691724267882e-01
6.177908113391984424e-01 3.789511786430965756e-01 2.709099014906085068e-01
6.187683284457478061e-01 3.789418237875391560e-01 2.709031316435231984e-01
6.197458455522971699e-01 3.789321758552135488e-01 2.708961486731155666e-01
6.207233626588465336e-01 3.789222181417850055e-01 2.708889406592249194e-01
6.217008797653958974e-01 3.789119324025291835e-01 2.708814945790639084e-01
6.226783968719452611e-01 3.789012986108387104e-01 2.708737961346261436e-01
6.236559139784946248e-01 3.788902946590503862e-01 2.708658295388537973e-01
6.246334310850439886e-01 3.788788959850431515e-01 2.708575772487367139e-01
6.256109481915933523e-01 3.788670751033854089e-01 2.708490196301722719e-01
6.265884652981427161e-01 3.788548010140262434e-01 2.708401345352792755e-01
6.275659824046920798e-01 3.788420384544587960e-01 2.708308967678113577e-01
6.285434995112414436e-01 3.788287469527887863e-01 2.708212774062377926e-01
6.295210166177908073e-01 3.788148796290854992e-01 2.708112429468745308e-01
6.304985337243401711e-01 3.788003816807243296e-01 2.708007542211053331e-01
6.314760508308895348e-01 3.787851884741688102e-01 2.707897650312523496e-01
6.324535679374388986e-01 3.787692231509457996e-01 2.707782204391519509e-01
6.334310850439882623e-01 3.787523936397567126e-01 2.707660546301892124e-01
6.344086021505376261e-01 3.787345889502904406e-01 2.707531882638353760e-01
6.353861192570869898e-01 3.787156746081450365e-01 2.707395252101839067e-01
6.363636363636363535e-01 3.786954870754470903e-01 2.707249485613852369e-01
6.373411534701857173e-01 3.786738269896892661e-01 2.707093157982565224e-01
6.383186705767350810e-01 3.786504510457975869e-01 2.706924529869723095e-01
6.392961876832844448e-01 3.786250623455852393e-01 2.706741478801347189e-01
6.402737047898338085e-01 3.785972990469764765e-01 2.706541418024015488e-01
6.412512218963831723e-01 3.785667211653132025e-01 2.706321202151011907e-01
6.422287390029325360e-01 3.785327954133982931e-01 2.706077018788105026e-01
6.432062561094818998e-01 3.784948780182909034e-01 2.705804265695958000e-01
6.441837732160312635e-01 3.784521955235676249e-01 2.705497413551528063e-01
6.451612903225806273e-01 3.784038236774727726e-01 2.705149855026496297e-01
6.461388074291299910e-01 3.783486646209444082e-01 2.704753741712559445e-01
6.471163245356793547e-01 3.782854227244893397e-01 2.704299811388464758e-01
6.480938416422287185e-01 3.782125795773830235e-01 2.703777209228125922e-01
6.490713587487780822e-01 3.781283688029364320e-01 2.703173307766384426e-01
6.500488758553274460e-01 3.780307515538900431e-01 2.702473531727980771e-01
6.510263929618768097e-01 3.779173937244994508e-01 2.701661195129986814e-01
6.520039100684261735e-01 3.777856460907075276e-01 2.700717359317717503e-01
6.529814271749755372e-01 3.776325287451999246e-01 2.699620721705027759e-01
6.539589442815249010e-01 3.774547213169766602e-01 2.698347545867957886e-01
6.549364613880742647e-01 3.772485605413709031e-01 2.696871644186057959e-01
6.559139784946236285e-01 3.770100467622433116e-01 2.695164424338568621e-01
6.568914956011729922e-01 3.767348608903704488e-01 2.693195010549980783e-01
6.578690127077223559e-01 3.764183931998837940e-01 2.690930449463127538e-01
6.588465298142717197e-01 3.760557851102574456e-01 2.688336008842475700e-01
6.598240469208210834e-01 3.756419847713246551e-01 2.685375574950986666e-01
6.608015640273704472e-01 3.751718168449411084e-01 2.682012151413761814e-01
6.617790811339198109e-01 3.746400663670178544e-01 2.678208458736464626e-01
6.627565982404691747e-01 3.740415759919353267e-01 2.673927629488054847e-01
6.637341153470185384e-01 3.733713552884520004e-01 2.669133989632836990e-01
6.647116324535679022e-01 3.726247000986714353e-01 2.663793911796302760e-01
6.656891495601172659e-01 3.717973193209538896e-01 2.657876721597733360e-01
6.666666666666666297e-01 3.708854658688380268e-01 2.651355633830379532e-01
6.676441837732159934e-01 3.698860680277306079e-01 2.644208691479171813e-01
6.686217008797653572e-01 3.687968570153524750e-01 2.636419677593875854e-01
6.695992179863147209e-01 3.676164862837978387e-01 2.627978968119083492e-01
6.705767350928640846e-01 3.663446380082404086e-01 2.618884293119073114e-01
6.715542521994134484e-01 3.649821123098395681e-01 2.609141374568816896e-01
6.725317693059628121e-01 3.635308950687693441e-01 2.598764411087052806e-01
6.735092864125121759e-01 3.619942006970196524e-01 2.587776383660189694e-01
6.744868035190615396e-01 3.603764869476133725e-01 2.576209161460069619e-01
6.754643206256109034e-01 3.586834397133631946e-01 2.564103393124624319e-01
6.764418377321602671e-01 3.569219267797223427e-01 2.551508176100903413e-01
6.774193548387096309e-01 3.550999205989155971e-01 2.538480504532556470e-01
6.783968719452589946e-01 3.532263912957724350e-01 2.525084504346409853e-01
6.793743890518083584e-01 3.513111722448786778e-01 2.511390472265049301e-01
6.803519061583577221e-01 3.493648016184079386e-01 2.497473743047930739e-01
6.813294232649070858e-01 3.473983442413898781e-01 2.483413415964460524e-01
6.823069403714564496e-01 3.454231988591371927e-01 2.469290976992210562e-01
6.832844574780058133e-01 3.434508964816700982e-01 2.455188857237110556e-01
6.842619745845551771e-01 3.414928957948621946e-01 2.441188970394636837e-01
6.852394916911045408e-01 3.395603817029325122e-01 2.427371272606045627e-01
6.862170087976539046e-01 3.376640728905143662e-01 2.413812386802328680e-01
6.871945259042032683e-01 3.358140438768486002e-01 2.400584330656591603e-01
6.881720430107527431e-01 3.340195664040679357e-01 2.387753382757407949e-01
6.891495601173021068e-01 3.322889741910901029e-01 2.375379115821789622e-01
6.901270772238514706e-01 3.306295541376791380e-01 2.363513618996689047e-01
6.911045943304008343e-01 3.290474660285487851e-01 2.352200923901183183e-01
6.920821114369501981e-01 3.275476917162993273e-01 2.341476641404623971e-01
6.930596285434995618e-01 3.261340137051670363e-01 2.331367808581236989e-01
6.940371456500489256e-01 3.248090220622819047e-01 2.321892938166821574e-01
6.950146627565982893e-01 3.235741476907114667e-01 2.313062256463735977e-01
6.959921798631476531e-01 3.224297192424687708e-01 2.304878110235493993e-01
6.969696969696970168e-01 3.213750403541336675e-01 2.297335518875295579e-01
6.979472140762463805e-01 3.204084834671534487e-01 2.290422845126513229e-01
6.989247311827957443e-01 3.195275962537265646e-01 2.284122555909435803e-01
6.999022482893451080e-01 3.187292166026035600e-01 2.278412044333006092e-01
7.008797653958944718e-01 3.180095922141449871e-01 2.273264484649704376e-01
7.018572825024438355e-01 3.173645010907960029e-01 2.268649693604923578e-01
7.028347996089931993e-01 3.167893695630851214e-01 2.264534974162642489e-01
7.038123167155425630e-01 3.162793849344994745e-01 2.260885920757979561e-01
7.047898338220919268e-01 3.158296003320712475e-01 2.257667168826524573e-01
7.057673509286412905e-01 3.154350298845951528e-01 2.254843075185593293e-01
7.067448680351906543e-01 3.150907328903840288e-01 2.252378319702721676e-01
7.077223851417400180e-01 3.147918861577698735e-01 2.250238422413325667e-01
7.086999022482893817e-01 3.145338441845262345e-01 2.248390173701970973e-01
7.096774193548387455e-01 3.143121872718630527e-01 2.246801978231775521e-01
7.106549364613881092e-01 3.141227580340854586e-01 2.245444115918809880e-01
7.116324535679374730e-01 3.139616870604277632e-01 2.244288925360073128e-01
7.126099706744868367e-01 3.138254087091287836e-01 2.243310916721644177e-01
7.135874877810362005e-01 3.137106681673217379e-01 2.242486822190845885e-01
7.145650048875855642e-01 3.136145209985270466e-01 2.241795592726774367e-01
7.155425219941349280e-01 3.135343264294822019e-01 2.241218350057526676e-01
7.165200391006842917e-01 3.134677356082459232e-01 2.240738302730821696e-01
7.174975562072336555e-01 3.134126760053146943e-01 2.240340634594324143e-01
7.184750733137830192e-01 3.133673330384458833e-01 2.240012373431055082e-01
7.194525904203323829e-01 3.133301298892273157e-01 2.239742246669909065e-01
7.204301075268817467e-01 3.132997063536808180e-01 2.239520530192312675e-01
7.214076246334311104e-01 3.132748974378397611e-01 2.239338895317075362e-01
7.223851417399804742e-01 3.132547122786070726e-01 2.239190258111620480e-01
7.233626588465298379e-01 3.132383138453164739e-01 2.239068634285048265e-01
7.243401759530792017e-01 3.132249997620579762e-01 2.238969002093803562e-01
7.253176930596285654e-01 3.132141844875646619e-01 2.238887174952528258e-01
7.262952101661779292e-01 3.132053829997976657e-01 2.238819684801772181e-01
7.272727272727272929e-01 3.131981960568981926e-01 2.238763676744733311e-01
7.282502443792766567e-01 3.131922970447398313e-01 2.238716815026058349e-01
7.292277614858260204e-01 3.131874203731779271e-01 2.238677200081645446e-01
7.302052785923753842e-01 3.131833513471092290e-01 2.238643296131162252e-01
7.311827956989247479e-01 3.131799174132150476e-01 2.238613868604591162e-01
7.321603128054741116e-01 3.131769806672235479e-01 2.238587930579487850e-01
7.331378299120234754e-01 3.131744314981230182e-01 2.238564697345577781e-01
7.341153470185728391e-01 3.131721832434656849e-01 2.238543548196935129e-01
7.350928641251222029e-01 3.131701677323128208e-01 2.238523994569246167e-01
7.360703812316715666e-01 3.131683315982299876e-01 2.238505653681561181e-01
7.370478983382209304e-01 3.131666332529625119e-01 2.238488226900694766e-01
7.380254154447702941e-01 3.131650404210890026e-01 2.238471482115579336e-01
7.390029325513196579e-01 3.131635281463387432e-01 2.238455239483130854e-01
7.399804496578690216e-01 3.131620771907905887e-01 2.238439359982499488e-01
7.409579667644183854e-01 3.131606727584265726e-01 2.238423736287868948e-01
7.419354838709677491e-01 3.131593034841824719e-01 2.238408285539126574e-01
7.429130009775171128e-01 3.131579606385397341e-01 2.238392943653348954e-01
7.438905180840664766e-01 3.131566375057212026e-01 2.238377660877363950e-01
7.448680351906158403e-01 3.131553289006415164e-01 2.238362398332348069e-01
7.458455522971652041e-01 3.131540307959421177e-01 2.238347125345553634e-01
7.468230694037145678e-01 3.131527400357349555e-01 2.238331817402121893e-01
7.478005865102639316e-01 3.131514541171687704e-01 2.238316454582031934e-01
7.487781036168132953e-01 3.131501710246865633e-01 2.238301020374048045e-01
7.497556207233626591e-01 3.131488891049488688e-01 2.238285500780740900e-01
7.507331378299120228e-01 3.131476069729424161e-01 2.238269883646822334e-01
7.517106549364613866e-01 3.131463234418541686e-01 2.238254158157767792e-01
7.526881720430107503e-01 3.131450374709488504e-01 2.238238314467513868e-01
7.536656891495601140e-01 3.131437481270022971e-01 2.238222343423429683e-01
7.546432062561094778e-01 3.131424545558854078e-01 2.238206236364168045e-01
7.556207233626588415e-01 3.131411559617043316e-01 2.238189984971822866e-01
7.565982404692082053e-01 3.131398515915352343e-01 2.238173581164278059e-01
7.575757575757575690e-01 3.131385407242768815e-01 2.238157017017152195e-01
7.585532746823069328e-01 3.131372226625165345e-01 2.238140284707342553e-01
7.595307917888562965e-01 3.131358967265872040e-01 2.238123376472221371e-01
7.605083088954056603e-01 3.131345622502059722e-01 2.238106284580027583e-01
7.614858260019550240e-01 3.131332185772459642e-01 2.238089001308177228e-01
7.624633431085043878e-01 3.131318650593100661e-01 2.238071518927035597e-01
7.634408602150537515e-01 3.131305010538639744e-01 2.238053829687337015e-01
7.644183773216031152e-01 3.131291259227465540e-01 2.238035925809836457e-01
7.653958944281524790e-01 3.131277390309186170e-01 2.238017799476054170e-01
7.663734115347018427e-01 3.131263397453567521e-01 2.237999442819404161e-01
7.673509286412512065e-01 3.131249274340625610e-01 2.237980847916659632e-01
7.683284457478005702e-01 3.131235014652119508e-01 2.237962006780490343e-01
7.693059628543499340e-01 3.131220612064143372e-01 2.237942911352958086e-01
7.702834799608992977e-01 3.131206060237500255e-01 2.237923553495518025e-01
7.712609970674486615e-01 3.131191352798652350e-01 2.237903924965125302e-01
7.722385141739980252e-01 3.131176483308505953e-01 2.237884017371628564e-01
7.732160312805473890e-01 3.131161445242456320e-01 2.237863822148679072e-01
7.741935483870967527e-01 3.131146232043969246e-01 2.237843330628493943e-01
7.751710654936461165e-01 3.131130837290151403e-01 2.237822534283686049e-01
7.761485826001954802e-01 3.131115254793084834e-01 2.237801424897067348e-01
7.771260997067448439e-01 3.131099478089925392e-01 2.237779993871095718e-01
7.781036168132942077e-01 3.131083498858189262e-01 2.237758229947006683e-01
7.790811339198435714e-01 3.131067305524745104e-01 2.237736117025988236e-01
7.800586510263929352e-01 3.131050886786271858e-01 2.237713638852387721e-01
7.810361681329422989e-01 3.131034245087265799e-01 2.237690798312591822e-01
7.820136852394916627e-01 3.131017411412387319e-01 2.237667640112401546e-01
7.829912023460410264e-01 3.131000421358762775e-01 2.237644219799403977e-01
7.839687194525903902e-01 3.130983200802108235e-01 2.237620441002291516e-01
7.849462365591397539e-01 3.130965415062979540e-01 2.237595827823500028e-01
7.859237536656891177e-01 3.130946615739093608e-01 2.237569705598551340e-01
7.869012707722384814e-01 3.130927192873338982e-01 2.237542548207193671e-01
7.878787878787878451e-01 3.130909849714073601e-01 2.237518177685035026e-01
7.888563049853372089e-01 3.130898858760348680e-01 2.237502959043836115e-01
7.898338220918865726e-01 3.130892267655872585e-01 2.237494843114657683e-01
7.908113391984359364e-01 3.130867911445953111e-01 2.237462696494439129e-01
7.917888563049853001e-01 3.130785299751628892e-01 2.237346749203668050e-01
7.927663734115346639e-01 3.130648208940071120e-01 2.237145951809947353e-01
7.937438905180840276e-01 3.130634080173982925e-01 2.237107698975904779e-01
7.947214076246333914e-01 3.131116357384908788e-01 2.237779090205371524e-01
7.956989247311827551e-01 3.132172904339886599e-01 2.239326756170667287e-01
7.966764418377321189e-01 3.132412571136354851e-01 2.239827542768282331e-01
7.976539589442814826e-01 3.128456734192397448e-01 2.234367036721040256e-01
7.986314760508308463e-01 3.118723498952971074e-01 2.220233211892250480e-01
7.996089931573802101e-01 3.113786736565604674e-01 2.211870024159676429e-01
8.005865102639295738e-01 3.143287198712033659e-01 2.252216859028732809e-01
8.015640273704789376e-01 3.229364986341746735e-01 2.377812735976326530e-01
8.025415444770283013e-01 3.292473006638837463e-01 2.480715659313721677e-01
8.035190615835776651e-01 3.046679900506183980e-01 2.153663244457350856e-01
8.044965786901270288e-01 2.303313302778019767e-01 1.182497201823487221e-01
8.054740957966763926e-01 1.596747968269872642e-01 3.419635243091509458e-02
8.064516129032257563e-01 1.319821825564519990e-01 6.044109811280760219e-03
8.074291300097751201e-01 1.260825933042273306e-01 8.925399307567903531e-04
8.084066471163244838e-01 1.251553648780543426e-01 1.267468991745917270e-04
8.093841642228738475e-01 1.250219651866931181e-01 1.788961231750389174e-05
8.103616813294232113e-01 1.250030981694476018e-01 2.522824403297379204e-06
8.113391984359725750e-01 1.250004368618248818e-01 3.557188100863667974e-07
8.123167155425219388e-01 1.250000615973036466e-01 5.015586494574766140e-08
8.132942326490714136e-01 1.250000086851117409e-01 7.071900872160499703e-09
8.142717497556207773e-01 1.250000012245862102e-01 9.971254166746496859e-10
8.152492668621701410e-01 1.250000001726645216e-01 1.405929694332526002e-10
8.162267839687195048e-01 1.250000000243453868e-01 1.982333177592432660e-11
8.172043010752688685e-01 1.250000000034326153e-01 2.795020718565272303e-12
8.181818181818182323e-01 1.250000000004839462e-01 3.940635683627853445e-13
8.191593352883675960e-01 1.250000000000681677e-01 5.553581563880833886e-14
8.201368523949169598e-01 1.250000000000095757e-01 7.826234934825619208e-15
8.211143695014663235e-01 1.250000000000013045e-01 1.082535928481388896e-15
8.220918866080156873e-01 1.250000000000001388e-01 1.318110535890119522e-16
8.230694037145650510e-01 1.250000000000000000e-01 1.009612759222948882e-17
8.240469208211144148e-01 1.250000000000000000e-01 2.624455866251101051e-35
8.250244379276637785e-01 1.250000000000000000e-01 2.293876892384427199e-71
8.260019550342131422e-01 1.250000000000000000e-01 1.186099525314716494e-145
8.269794721407625060e-01 1.250000000000000000e-01 0.000000000000000000e+00
8.279569892473118697e-01 1.250000000000000000e-01 0.000000000000000000e+00
8.289345063538612335e-01 1.250000000000000000e-01 0.000000000000000000e+00
8.299120234604105972e-01 1.250000000000000000e-01 0.000000000000000000e+00
8.308895405669599610e-01 1.250000000000000000e-01 0.000000000000000000e+00
8.318670576735093247e-01 1.250000000000000000e-01 0.000000000000000000e+00
8.328445747800586885e-01 1.250000000000000000e-01 0.000000000000000000e+00
8.338220918866080522e-01 1.250000000000000000e-01 0.000000000000000000e+00
8.347996089931574160e-01 1.250000000000000000e-01 0.000000000000000000e+00
8.357771260997067797e-01 1.250000000000000000e-01 0.000000000000000000e+00
8.367546432062561435e-01 1.250000000000000000e-01 0.000000000000000000e+00
8.377321603128055072e-01 1.250000000000000000e-01 0.000000000000000000e+00
8.387096774193548709e-01 1.250000000000000000e-01 0.000000000000000000e+00
8.396871945259042347e-01 1.250000000000000000e-01 0.000000000000000000e+00
8.406647116324535984e-01 1.250000000000000000e-01 0.000000000000000000e+00
8.416422287390029622e-01 1.250000000000000000e-01 0.000000000000000000e+00
8.426197458455523259e-01 1.250000000000000000e-01 0.000000000000000000e+00
8.435972629521016897e-01 1.250000000000000000e-01 0.000000000000000000e+00
8.445747800586510534e-01 1.250000000000000000e-01 0.000000000000000000e+00
8.455522971652004172e-01 1.250000000000000000e-01 0.000000000000000000e+00
8.465298142717497809e-01 1.250000000000000000e-01 0.000000000000000000e+00
8.475073313782991447e-01 1.250000000000000000e-01 0.000000000000000000e+00
8.484848484848485084e-01 1.250000000000000000e-01 0.000000000000000000e+00
8.494623655913978721e-01 1.250000000000000000e-01 0.000000000000000000e+00
8.504398826979472359e-01 1.250000000000000000e-01 0.000000000000000000e+00
8.514173998044965996e-01 1.250000000000000000e-01 0.000000000000000000e+00
8.523949169110459634e-01 1.250000000000000000e-01 0.000000000000000000e+00
8.533724340175953271e-01 1.250000000000000000e-01 0.000000000000000000e+00
8.543499511241446909e-01 1.250000000000000000e-01 0.000000000000000000e+00
8.553274682306940546e-01 1.250000000000000000e-01 0.000000000000000000e+00
8.563049853372434184e-01 1.250000000000000000e-01 0.000000000000000000e+00
8.572825024437927821e-01 1.250000000000000000e-01 0.000000000000000000e+00
8.582600195503421459e-01 1.250000000000000000e-01 0.000000000000000000e+00
8.592375366568915096e-01 1.250000000000000000e-01 0.000000000000000000e+00
8.602150537634408733e-01 1.250000000000000000e-01 0.000000000000000000e+00
8.611925708699902371e-01 1.250000000000000000e-01 0.000000000000000000e+00
8.621700879765396008e-01 1.250000000000000000e-01 0.000000000000000000e+00
8.631476050830889646e-01 1.250000000000000000e-01 0.000000000000000000e+00
8.641251221896383283e-01 1.250000000000000000e-01 0.000000000000000000e+00
8.651026392961876921e-01 1.250000000000000000e-01 0.000000000000000000e+00
8.660801564027370558e-01 1.250000000000000000e-01 0.000000000000000000e+00
8.670576735092864196e-01 1.250000000000000000e-01 0.000000000000000000e+00
8.680351906158357833e-01 1.250000000000000000e-01 0.000000000000000000e+00
8.690127077223851471e-01 1.250000000000000000e-01 0.000000000000000000e+00
8.699902248289345108e-01 1.250000000000000000e-01 0.000000000000000000e+00
8.709677419354838745e-01 1.250000000000000000e-01 0.000000000000000000e+00
8.719452590420332383e-01 1.250000000000000000e-01 0.000000000000000000e+00
8.729227761485826020e-01 1.250000000000000000e-01 0.000000000000000000e+00
8.739002932551319658e-01 1.250000000000000000e-01 0.000000000000000000e+00
8.748778103616813295e-01 1.250000000000000000e-01 0.000000000000000000e+00
8.758553274682306933e-01 1.250000000000000000e-01 0.000000000000000000e+00
8.768328445747800570e-01 1.250000000000000000e-01 0.000000000000000000e+00
8.778103616813294208e-01 1.250000000000000000e-01 0.000000000000000000e+00
8.787878787878787845e-01 1.250000000000000000e-01 0.000000000000000000e+00
8.797653958944281483e-01 1.250000000000000000e-01 0.000000000000000000e+00
8.807429130009775120e-01 1.250000000000000000e-01 0.000000000000000000e+00
8.817204301075268758e-01 1.250000000000000000e-01 0.000000000000000000e+00
8.826979472140762395e-01 1.250000000000000000e-01 0.000000000000000000e+00
8.836754643206256032e-01 1.250000000000000000e-01 0.000000000000000000e+00
8.846529814271749670e-01 1.250000000000000000e-01 0.000000000000000000e+00
8.856304985337243307e-01 1.250000000000000000e-01 0.000000000000000000e+00
8.866080156402736945e-01 1.250000000000000000e-01 0.000000000000000000e+00
8.875855327468230582e-01 1.250000000000000000e-01 0.000000000000000000e+00
8.885630498533724220e-01 1.250000000000000000e-01 0.000000000000000000e+00
8.895405669599217857e-01 1.250000000000000000e-01 0.000000000000000000e+00
8.905180840664711495e-01 1.250000000000000000e-01 0.000000000000000000e+00
8.914956011730205132e-01 1.250000000000000000e-01 0.000000000000000000e+00
8.924731182795698770e-01 1.250000000000000000e-01 0.000000000000000000e+00
8.934506353861192407e-01 1.250000000000000000e-01 0.000000000000000000e+00
8.944281524926686044e-01 1.250000000000000000e-01 0.000000000000000000e+00
8.954056695992179682e-01 1.250000000000000000e-01 0.000000000000000000e+00
8.963831867057673319e-01 1.250000000000000000e-01 0.000000000000000000e+00
8.973607038123166957e-01 1.250000000000000000e-01 0.000000000000000000e+00
8.983382209188660594e-01 1.250000000000000000e-01 0.000000000000000000e+00
8.993157380254154232e-01 1.250000000000000000e-01 0.000000000000000000e+00
9.002932551319647869e-01 1.250000000000000000e-01 0.000000000000000000e+00
9.012707722385141507e-01 1.250000000000000000e-01 0.000000000000000000e+00
9.022482893450635144e-01 1.250000000000000000e-01 0.000000000000000000e+00
9.032258064516128782e-01 1.250000000000000000e-01 0.000000000000000000e+00
9.042033235581622419e-01 1.250000000000000000e-01 0.000000000000000000e+00
9.051808406647116056e-01 1.250000000000000000e-01 0.000000000000000000e+00
9.061583577712609694e-01 1.250000000000000000e-01 0.000000000000000000e+00
9.071358748778103331e-01 1.250000000000000000e-01 0.000000000000000000e+00
9.081133919843596969e-01 1.250000000000000000e-01 0.000000000000000000e+00
9.090909090909090606e-01 1.250000000000000000e-01 0.000000000000000000e+00
9.100684261974584244e-01 1.250000000000000000e-01 0.000000000000000000e+00
9.110459433040077881e-01 1.250000000000000000e-01 0.000000000000000000e+00
9.120234604105571519e-01 1.250000000000000000e-01 0.000000000000000000e+00
9.130009775171065156e-01 1.250000000000000000e-01 0.000000000000000000e+00
9.139784946236558794e-01 1.250000000000000000e-01 0.000000000000000000e+00
9.149560117302052431e-01 1.250000000000000000e-01 0.000000000000000000e+00
9.159335288367546068e-01 1.250000000000000000e-01 0.000000000000000000e+00
9.169110459433039706e-01 1.250000000000000000e-01 0.000000000000000000e+00
9.178885630498533343e-01 1.250000000000000000e-01 0.000000000000000000e+00
9.188660801564026981e-01 1.250000000000000000e-01 0.000000000000000000e+00
9.198435972629520618e-01 1.250000000000000000e-01 0.000000000000000000e+00
9.208211143695014256e-01 1.250000000000000000e-01 0.000000000000000000e+00
9.217986314760507893e-01 1.250000000000000000e-01 0.000000000000000000e+00
9.227761485826001531e-01 1.250000000000000000e-01 0.000000000000000000e+00
9.237536656891495168e-01 1.250000000000000000e-01 0.000000000000000000e+00
9.247311827956988806e-01 1.250000000000000000e-01 0.000000000000000000e+00
9.257086999022482443e-01 1.250000000000000000e-01 0.000000000000000000e+00
9.266862170087976081e-01 1.250000000000000000e-01 0.000000000000000000e+00
9.276637341153469718e-01 1.250000000000000000e-01 0.000000000000000000e+00
9.286412512218963355e-01 1.250000000000000000e-01 0.000000000000000000e+00
9.296187683284456993e-01 1.250000000000000000e-01 0.000000000000000000e+00
9.305962854349950630e-01 1.250000000000000000e-01 0.000000000000000000e+00
9.315738025415444268e-01 1.250000000000000000e-01 0.000000000000000000e+00
9.325513196480937905e-01 1.250000000000000000e-01 0.000000000000000000e+00
9.335288367546431543e-01 1.250000000000000000e-01 0.000000000000000000e+00
9.345063538611925180e-01 1.250000000000000000e-01 0.000000000000000000e+00
9.354838709677418818e-01 1.250000000000000000e-01 0.000000000000000000e+00
9.364613880742912455e-01 1.250000000000000000e-01 0.000000000000000000e+00
9.374389051808406093e-01 1.250000000000000000e-01 0.000000000000000000e+00
9.384164222873900840e-01 1.250000000000000000e-01 0.000000000000000000e+00
9.393939393939394478e-01 1.250000000000000000e-01 0.000000000000000000e+00
9.403714565004888115e-01 1.250000000000000000e-01 0.000000000000000000e+00
9.413489736070381753e-01 1.250000000000000000e-01 0.000000000000000000e+00
9.423264907135875390e-01 1.250000000000000000e-01 0.000000000000000000e+00
9.433040078201369028e-01 1.250000000000000000e-01 0.000000000000000000e+00
9.442815249266862665e-01 1.250000000000000000e-01 0.000000000000000000e+00
9.452590420332356302e-01 1.250000000000000000e-01 0.000000000000000000e+00
9.462365591397849940e-01 1.250000000000000000e-01 0.000000000000000000e+00
9.472140762463343577e-01 1.250000000000000000e-01 0.000000000000000000e+00
9.481915933528837215e-01 1.250000000000000000e-01 0.000000000000000000e+00
9.491691104594330852e-01 1.250000000000000000e-01 0.000000000000000000e+00
9.501466275659824490e-01 1.250000000000000000e-01 0.000000000000000000e+00
9.511241446725318127e-01 1.250000000000000000e-01 0.000000000000000000e+00
9.521016617790811765e-01 1.250000000000000000e-01 0.000000000000000000e+00
9.530791788856305402e-01 1.250000000000000000e-01 0.000000000000000000e+00
9.540566959921799040e-01 1.250000000000000000e-01 0.000000000000000000e+00
9.550342130987292677e-01 1.250000000000000000e-01 0.000000000000000000e+00
9.560117302052786314e-01 1.250000000000000000e-01 0.000000000000000000e+00
9.569892473118279952e-01 1.250000000000000000e-01 0.000000000000000000e+00
9.579667644183773589e-01 1.250000000000000000e-01 0.000000000000000000e+00
9.589442815249267227e-01 1.250000000000000000e-01 0.000000000000000000e+00
9.599217986314760864e-01 1.250000000000000000e-01 0.000000000000000000e+00
9.608993157380254502e-01 1.250000000000000000e-01 0.000000000000000000e+00
9.618768328445748139e-01 1.250000000000000000e-01 0.000000000000000000e+00
9.628543499511241777e-01 1.250000000000000000e-01 0.000000000000000000e+00
9.638318670576735414e-01 1.250000000000000000e-01 0.000000000000000000e+00
9.648093841642229052e-01 1.250000000000000000e-01 0.000000000000000000e+00
9.657869012707722689e-01 1.250000000000000000e-01 0.000000000000000000e+00
9.667644183773216326e-01 1.250000000000000000e-01 0.000000000000000000e+00
9.677419354838709964e-01 1.250000000000000000e-01 0.000000000000000000e+00
9.687194525904203601e-01 1.250000000000000000e-01 0.000000000000000000e+00
9.696969696969697239e-01 1.250000000000000000e-01 0.000000000000000000e+00
9.706744868035190876e-01 1.250000000000000000e-01 0.000000000000000000e+00
9.716520039100684514e-01 1.250000000000000000e-01 0.000000000000000000e+00
9.726295210166178151e-01 1.250000000000000000e-01 0.000000000000000000e+00
9.736070381231671789e-01 1.250000000000000000e-01 0.000000000000000000e+00
9.745845552297165426e-01 1.250000000000000000e-01 0.000000000000000000e+00
9.755620723362659064e-01 1.250000000000000000e-01 0.000000000000000000e+00
9.765395894428152701e-01 1.250000000000000000e-01 0.000000000000000000e+00
9.775171065493646338e-01 1.250000000000000000e-01 0.000000000000000000e+00
9.784946236559139976e-01 1.250000000000000000e-01 0.000000000000000000e+00
9.794721407624633613e-01 1.250000000000000000e-01 0.000000000000000000e+00
9.804496578690127251e-01 1.250000000000000000e-01 0.000000000000000000e+00
9.814271749755620888e-01 1.250000000000000000e-01 0.000000000000000000e+00
9.824046920821114526e-01 1.250000000000000000e-01 0.000000000000000000e+00
9.833822091886608163e-01 1.250000000000000000e-01 0.000000000000000000e+00
9.843597262952101801e-01 1.250000000000000000e-01 0.000000000000000000e+00
9.853372434017595438e-01 1.250000000000000000e-01 0.000000000000000000e+00
9.863147605083089076e-01 1.250000000000000000e-01 0.000000000000000000e+00
9.872922776148582713e-01 1.250000000000000000e-01 0.000000000000000000e+00
9.882697947214076351e-01 1.250000000000000000e-01 0.000000000000000000e+00
9.892473118279569988e-01 1.250000000000000000e-01 0.000000000000000000e+00
9.902248289345063625e-01 1.250000000000000000e-01 0.000000000000000000e+00
9.912023460410557263e-01 1.250000000000000000e-01 0.000000000000000000e+00
9.921798631476050900e-01 1.250000000000000000e-01 0.000000000000000000e+00
9.931573802541544538e-01 1.250000000000000000e-01 0.000000000000000000e+00
9.941348973607038175e-01 1.250000000000000000e-01 0.000000000000000000e+00
9.951124144672531813e-01 1.250000000000000000e-01 0.000000000000000000e+00
9.960899315738025450e-01 1.250000000000000000e-01 0.000000000000000000e+00
9.970674486803519088e-01 1.250000000000000000e-01 0.000000000000000000e+00
9.980449657869012725e-01 1.250000000000000000e-01 0.000000000000000000e+00
9.990224828934506363e-01 1.250000000000000000e-01 -0.000000000000000000e+00
1.000000000000000000e+00 1.250000000000000000e-01 -0.000000000000000000e+00
