# 0.16894657540936509
0.000000000000000000e+00 1.000000000000000000e+00 -0.000000000000000000e+00
9.775171065493646130e-04 1.000000000000000000e+00 -0.000000000000000000e+00
1.955034213098729226e-03 1.000000000000000000e+00 0.000000000000000000e+00
2.932551319648093839e-03 1.000000000000000000e+00 0.000000000000000000e+00
3.910068426197458452e-03 1.000000000000000000e+00 0.000000000000000000e+00
4.887585532746823065e-03 1.000000000000000000e+00 0.000000000000000000e+00
5.865102639296187678e-03 1.000000000000000000e+00 0.000000000000000000e+00
6.842619745845552291e-03 1.000000000000000000e+00 0.000000000000000000e+00
7.820136852394916904e-03 1.000000000000000000e+00 0.000000000000000000e+00
8.797653958944282385e-03 1.000000000000000000e+00 0.000000000000000000e+00
9.775171065493646130e-03 1.000000000000000000e+00 0.000000000000000000e+00
1.075268817204301161e-02 1.000000000000000000e+00 0.000000000000000000e+00
1.173020527859237536e-02 1.000000000000000000e+00 0.000000000000000000e+00
1.270772238514174084e-02 1.000000000000000000e+00 0.000000000000000000e+00
1.368523949169110458e-02 1.000000000000000000e+00 0.000000000000000000e+00
1.466275659824047006e-02 1.000000000000000000e+00 0.000000000000000000e+00
1.564027370478983381e-02 1.000000000000000000e+00 0.000000000000000000e+00
1.661779081133919755e-02 1.000000000000000000e+00 0.000000000000000000e+00
1.759530791788856477e-02 1.000000000000000000e+00 0.000000000000000000e+00
1.857282502443792851e-02 1.000000000000000000e+00 0.000000000000000000e+00
1.955034213098729226e-02 1.000000000000000000e+00 0.000000000000000000e+00
2.052785923753665601e-02 1.000000000000000000e+00 0.000000000000000000e+00
2.150537634408602322e-02 1.000000000000000000e+00 0.000000000000000000e+00
2.248289345063538697e-02 1.000000000000000000e+00 0.000000000000000000e+00
2.346041055718475071e-02 1.000000000000000000e+00 0.000000000000000000e+00
2.443792766373411446e-02 1.000000000000000000e+00 0.000000000000000000e+00
2.541544477028348167e-02 1.000000000000000000e+00 0.000000000000000000e+00
2.639296187683284542e-02 1.000000000000000000e+00 0.000000000000000000e+00
2.737047898338220916e-02 1.000000000000000000e+00 0.000000000000000000e+00
2.834799608993157291e-02 1.000000000000000000e+00 0.000000000000000000e+00
2.932551319648094013e-02 1.000000000000000000e+00 0.000000000000000000e+00
3.030303030303030387e-02 1.000000000000000000e+00 0.000000000000000000e+00
3.128054740957966762e-02 1.000000000000000000e+00 0.000000000000000000e+00
3.225806451612903136e-02 1.000000000000000000e+00 0.000000000000000000e+00
3.323558162267839511e-02 1.000000000000000000e+00 0.000000000000000000e+00
3.421309872922775885e-02 1.000000000000000000e+00 0.000000000000000000e+00
3.519061583577712954e-02 1.000000000000000000e+00 0.000000000000000000e+00
3.616813294232649328e-02 1.000000000000000000e+00 0.000000000000000000e+00
3.714565004887585703e-02 1.000000000000000000e+00 0.000000000000000000e+00
3.812316715542522078e-02 1.000000000000000000e+00 0.000000000000000000e+00
3.910068426197458452e-02 1.000000000000000000e+00 0.000000000000000000e+00
4.007820136852394827e-02 1.000000000000000000e+00 0.000000000000000000e+00
4.105571847507331201e-02 1.000000000000000000e+00 0.000000000000000000e+00
4.203323558162267576e-02 1.000000000000000000e+00 0.000000000000000000e+00
4.301075268817204644e-02 1.000000000000000000e+00 0.000000000000000000e+00
4.398826979472141019e-02 1.000000000000000000e+00 0.000000000000000000e+00
4.496578690127077393e-02 1.000000000000000000e+00 0.000000000000000000e+00
4.594330400782013768e-02 1.000000000000000000e+00 0.000000000000000000e+00
4.692082111436950143e-02 1.000000000000000000e+00 0.000000000000000000e+00
4.789833822091886517e-02 1.000000000000000000e+00 0.000000000000000000e+00
4.887585532746822892e-02 1.000000000000000000e+00 0.000000000000000000e+00
4.985337243401759266e-02 1.000000000000000000e+00 0.000000000000000000e+00
5.083088954056696335e-02 1.000000000000000000e+00 0.000000000000000000e+00
5.180840664711632709e-02 1.000000000000000000e+00 0.000000000000000000e+00
5.278592375366569084e-02 1.000000000000000000e+00 0.000000000000000000e+00
5.376344086021505458e-02 1.000000000000000000e+00 0.000000000000000000e+00
5.474095796676441833e-02 1.000000000000000000e+00 0.000000000000000000e+00
5.571847507331378208e-02 1.000000000000000000e+00 0.000000000000000000e+00
5.669599217986314582e-02 1.000000000000000000e+00 0.000000000000000000e+00
5.767350928641250957e-02 1.000000000000000000e+00 0.000000000000000000e+00
5.865102639296188025e-02 1.000000000000000000e+00 0.000000000000000000e+00
5.962854349951124400e-02 1.000000000000000000e+00 0.000000000000000000e+00
6.060606060606060774e-02 1.000000000000000000e+00 0.000000000000000000e+00
6.158357771260997149e-02 1.000000000000000000e+00 0.000000000000000000e+00
6.256109481915933523e-02 1.000000000000000000e+00 0.000000000000000000e+00
6.353861192570869898e-02 1.000000000000000000e+00 0.000000000000000000e+00
6.451612903225806273e-02 1.000000000000000000e+00 0.000000000000000000e+00
6.549364613880742647e-02 1.000000000000000000e+00 0.000000000000000000e+00
6.647116324535679022e-02 1.000000000000000000e+00 0.000000000000000000e+00
6.744868035190615396e-02 1.000000000000000000e+00 0.000000000000000000e+00
6.842619745845551771e-02 1.000000000000000000e+00 0.000000000000000000e+00
6.940371456500488145e-02 1.000000000000000000e+00 0.000000000000000000e+00
7.038123167155425908e-02 1.000000000000000000e+00 0.000000000000000000e+00
7.135874877810362282e-02 1.000000000000000000e+00 0.000000000000000000e+00
7.233626588465298657e-02 1.000000000000000000e+00 0.000000000000000000e+00
7.331378299120235031e-02 1.000000000000000000e+00 0.000000000000000000e+00
7.429130009775171406e-02 1.000000000000000000e+00 0.000000000000000000e+00
7.526881720430107781e-02 1.000000000000000000e+00 0.000000000000000000e+00
7.624633431085044155e-02 1.000000000000000000e+00 0.000000000000000000e+00
7.722385141739980530e-02 1.000000000000000000e+00 0.000000000000000000e+00
7.820136852394916904e-02 1.000000000000000000e+00 0.000000000000000000e+00
7.917888563049853279e-02 1.000000000000000000e+00 0.000000000000000000e+00
8.015640273704789653e-02 1.000000000000000000e+00 0.000000000000000000e+00
8.113391984359726028e-02 1.000000000000000000e+00 0.000000000000000000e+00
8.211143695014662403e-02 1.000000000000000000e+00 0.000000000000000000e+00
8.308895405669598777e-02 1.000000000000000000e+00 0.000000000000000000e+00
8.406647116324535152e-02 1.000000000000000000e+00 0.000000000000000000e+00
8.504398826979471526e-02 1.000000000000000000e+00 0.000000000000000000e+00
8.602150537634409289e-02 1.000000000000000000e+00 0.000000000000000000e+00
8.699902248289345663e-02 1.000000000000000000e+00 0.000000000000000000e+00
8.797653958944282038e-02 1.000000000000000000e+00 0.000000000000000000e+00
8.895405669599218412e-02 1.000000000000000000e+00 0.000000000000000000e+00
8.993157380254154787e-02 1.000000000000000000e+00 0.000000000000000000e+00
9.090909090909091161e-02 1.000000000000000000e+00 0.000000000000000000e+00
9.188660801564027536e-02 1.000000000000000000e+00 0.000000000000000000e+00
9.286412512218963911e-02 1.000000000000000000e+00 0.000000000000000000e+00
9.384164222873900285e-02 1.000000000000000000e+00 0.000000000000000000e+00
9.481915933528836660e-02 1.000000000000000000e+00 0.000000000000000000e+00
9.579667644183773034e-02 1.000000000000000000e+00 0.000000000000000000e+00
9.677419354838709409e-02 1.000000000000000000e+00 0.000000000000000000e+00
9.775171065493645783e-02 1.000000000000000000e+00 0.000000000000000000e+00
9.872922776148582158e-02 1.000000000000000000e+00 0.000000000000000000e+00
9.970674486803518533e-02 1.000000000000000000e+00 0.000000000000000000e+00
1.006842619745845491e-01 1.000000000000000000e+00 0.000000000000000000e+00
1.016617790811339267e-01 1.000000000000000000e+00 0.000000000000000000e+00
1.026392961876832904e-01 1.000000000000000000e+00 0.000000000000000000e+00
1.036168132942326542e-01 1.000000000000000000e+00 0.000000000000000000e+00
1.045943304007820179e-01 1.000000000000000000e+00 0.000000000000000000e+00
1.055718475073313817e-01 1.000000000000000000e+00 0.000000000000000000e+00
1.065493646138807454e-01 1.000000000000000000e+00 0.000000000000000000e+00
1.075268817204301092e-01 1.000000000000000000e+00 0.000000000000000000e+00
1.085043988269794729e-01 1.000000000000000000e+00 0.000000000000000000e+00
1.094819159335288367e-01 1.000000000000000000e+00 0.000000000000000000e+00
1.104594330400782004e-01 1.000000000000000000e+00 0.000000000000000000e+00
1.114369501466275642e-01 1.000000000000000000e+00 0.000000000000000000e+00
1.124144672531769279e-01 1.000000000000000000e+00 0.000000000000000000e+00
1.133919843597262916e-01 1.000000000000000000e+00 0.000000000000000000e+00
1.143695014662756554e-01 1.000000000000000000e+00 0.000000000000000000e+00
1.153470185728250191e-01 1.000000000000000000e+00 0.000000000000000000e+00
1.163245356793743829e-01 1.000000000000000000e+00 0.000000000000000000e+00
1.173020527859237605e-01 1.000000000000000000e+00 0.000000000000000000e+00
1.182795698924731242e-01 1.000000000000000000e+00 0.000000000000000000e+00
1.192570869990224880e-01 1.000000000000000000e+00 0.000000000000000000e+00
1.202346041055718517e-01 1.000000000000000000e+00 0.000000000000000000e+00
1.212121212121212155e-01 1.000000000000000000e+00 0.000000000000000000e+00
1.221896383186705792e-01 1.000000000000000000e+00 0.000000000000000000e+00
1.231671554252199430e-01 1.000000000000000000e+00 0.000000000000000000e+00
1.241446725317693067e-01 1.000000000000000000e+00 0.000000000000000000e+00
1.251221896383186705e-01 1.000000000000000000e+00 0.000000000000000000e+00
1.260997067448680342e-01 1.000000000000000000e+00 0.000000000000000000e+00
1.270772238514173980e-01 1.000000000000000000e+00 0.000000000000000000e+00
1.280547409579667617e-01 1.000000000000000000e+00 0.000000000000000000e+00
1.290322580645161255e-01 1.000000000000000000e+00 0.000000000000000000e+00
1.300097751710654892e-01 1.000000000000000000e+00 0.000000000000000000e+00
1.309872922776148529e-01 1.000000000000000000e+00 0.000000000000000000e+00
1.319648093841642167e-01 1.000000000000000000e+00 0.000000000000000000e+00
1.329423264907135804e-01 1.000000000000000000e+00 0.000000000000000000e+00
1.339198435972629442e-01 1.000000000000000000e+00 0.000000000000000000e+00
1.348973607038123079e-01 1.000000000000000000e+00 0.000000000000000000e+00
1.358748778103616717e-01 1.000000000000000000e+00 0.000000000000000000e+00
1.368523949169110354e-01 1.000000000000000000e+00 0.000000000000000000e+00
1.378299120234603992e-01 1.000000000000000000e+00 0.000000000000000000e+00
1.388074291300097629e-01 1.000000000000000000e+00 0.000000000000000000e+00
1.397849462365591267e-01 1.000000000000000000e+00 0.000000000000000000e+00
1.407624633431085182e-01 1.000000000000000000e+00 0.000000000000000000e+00
1.417399804496578819e-01 1.000000000000000000e+00 0.000000000000000000e+00
1.427174975562072456e-01 1.000000000000000000e+00 0.000000000000000000e+00
1.436950146627566094e-01 1.000000000000000000e+00 0.000000000000000000e+00
1.446725317693059731e-01 1.000000000000000000e+00 0.000000000000000000e+00
1.456500488758553369e-01 1.000000000000000000e+00 0.000000000000000000e+00
1.466275659824047006e-01 1.000000000000000000e+00 0.000000000000000000e+00
1.476050830889540644e-01 1.000000000000000000e+00 0.000000000000000000e+00
1.485826001955034281e-01 1.000000000000000000e+00 0.000000000000000000e+00
1.495601173020527919e-01 1.000000000000000000e+00 0.000000000000000000e+00
1.505376344086021556e-01 1.000000000000000000e+00 0.000000000000000000e+00
1.515151515151515194e-01 1.000000000000000000e+00 0.000000000000000000e+00
1.524926686217008831e-01 1.000000000000000000e+00 0.000000000000000000e+00
1.534701857282502468e-01 1.000000000000000000e+00 0.000000000000000000e+00
1.544477028347996106e-01 1.000000000000000000e+00 0.000000000000000000e+00
1.554252199413489743e-01 1.000000000000000000e+00 0.000000000000000000e+00
1.564027370478983381e-01 1.000000000000000000e+00 0.000000000000000000e+00
1.573802541544477018e-01 1.000000000000000000e+00 0.000000000000000000e+00
1.583577712609970656e-01 1.000000000000000000e+00 0.000000000000000000e+00
1.593352883675464293e-01 1.000000000000000000e+00 0.000000000000000000e+00
1.603128054740957931e-01 1.000000000000000000e+00 0.000000000000000000e+00
1.612903225806451568e-01 1.000000000000000000e+00 0.000000000000000000e+00
1.622678396871945206e-01 1.000000000000000000e+00 0.000000000000000000e+00
1.632453567937438843e-01 1.000000000000000000e+00 0.000000000000000000e+00
1.642228739002932481e-01 1.000000000000000000e+00 0.000000000000000000e+00
1.652003910068426118e-01 1.000000000000000000e+00 0.000000000000000000e+00
1.661779081133919755e-01 1.000000000000000000e+00 0.000000000000000000e+00
1.671554252199413393e-01 1.000000000000000000e+00 0.000000000000000000e+00
1.681329423264907030e-01 1.000000000000000000e+00 0.000000000000000000e+00
1.691104594330400668e-01 1.000000000000000000e+00 0.000000000000000000e+00
1.700879765395894305e-01 1.000000000000000000e+00 0.000000000000000000e+00
1.710654936461387943e-01 1.000000000000000000e+00 0.000000000000000000e+00
1.720430107526881858e-01 1.000000000000000000e+00 0.000000000000000000e+00
1.730205278592375495e-01 1.000000000000000000e+00 0.000000000000000000e+00
1.739980449657869133e-01 1.000000000000000000e+00 0.000000000000000000e+00
1.749755620723362770e-01 1.000000000000000000e+00 0.000000000000000000e+00
1.759530791788856408e-01 1.000000000000000000e+00 0.000000000000000000e+00
1.769305962854350045e-01 1.000000000000000000e+00 0.000000000000000000e+00
1.779081133919843682e-01 1.000000000000000000e+00 0.000000000000000000e+00
1.788856304985337320e-01 1.000000000000000000e+00 0.000000000000000000e+00
1.798631476050830957e-01 1.000000000000000000e+00 0.000000000000000000e+00
1.808406647116324595e-01 1.000000000000000000e+00 0.000000000000000000e+00
1.818181818181818232e-01 1.000000000000000000e+00 0.000000000000000000e+00
1.827956989247311870e-01 1.000000000000000000e+00 0.000000000000000000e+00
1.837732160312805507e-01 1.000000000000000000e+00 0.000000000000000000e+00
1.847507331378299145e-01 1.000000000000000000e+00 0.000000000000000000e+00
1.857282502443792782e-01 1.000000000000000000e+00 0.000000000000000000e+00
1.867057673509286420e-01 1.000000000000000000e+00 0.000000000000000000e+00
1.876832844574780057e-01 1.000000000000000000e+00 0.000000000000000000e+00
1.886608015640273694e-01 1.000000000000000000e+00 0.000000000000000000e+00
1.896383186705767332e-01 1.000000000000000000e+00 0.000000000000000000e+00
1.906158357771260969e-01 1.000000000000000000e+00 0.000000000000000000e+00
1.915933528836754607e-01 1.000000000000000000e+00 0.000000000000000000e+00
1.925708699902248244e-01 1.000000000000000000e+00 0.000000000000000000e+00
1.935483870967741882e-01 1.000000000000000000e+00 0.000000000000000000e+00
1.945259042033235519e-01 1.000000000000000000e+00 0.000000000000000000e+00
1.955034213098729157e-01 1.000000000000000000e+00 0.000000000000000000e+00
1.964809384164222794e-01 1.000000000000000000e+00 0.000000000000000000e+00
1.974584555229716432e-01 1.000000000000000000e+00 0.000000000000000000e+00
1.984359726295210069e-01 1.000000000000000000e+00 0.000000000000000000e+00
1.994134897360703707e-01 1.000000000000000000e+00 0.000000000000000000e+00
2.003910068426197344e-01 1.000000000000000000e+00 0.000000000000000000e+00
2.013685239491690981e-01 1.000000000000000000e+00 0.000000000000000000e+00
2.023460410557184619e-01 1.000000000000000000e+00 0.000000000000000000e+00
2.033235581622678534e-01 1.000000000000000000e+00 0.000000000000000000e+00
2.043010752688172171e-01 1.000000000000000000e+00 0.000000000000000000e+00
2.052785923753665809e-01 1.000000000000000000e+00 0.000000000000000000e+00
2.062561094819159446e-01 1.000000000000000000e+00 0.000000000000000000e+00
2.072336265884653084e-01 1.000000000000000000e+00 0.000000000000000000e+00
2.082111436950146721e-01 1.000000000000000000e+00 0.000000000000000000e+00
2.091886608015640359e-01 1.000000000000000000e+00 0.000000000000000000e+00
2.101661779081133996e-01 1.000000000000000000e+00 0.000000000000000000e+00
2.111436950146627634e-01 1.000000000000000000e+00 0.000000000000000000e+00
2.121212121212121271e-01 1.000000000000000000e+00 0.000000000000000000e+00
2.130987292277614908e-01 1.000000000000000000e+00 0.000000000000000000e+00
2.140762463343108546e-01 1.000000000000000000e+00 0.000000000000000000e+00
2.150537634408602183e-01 1.000000000000000000e+00 0.000000000000000000e+00
2.160312805474095821e-01 1.000000000000000000e+00 0.000000000000000000e+00
2.170087976539589458e-01 1.000000000000000000e+00 0.000000000000000000e+00
2.179863147605083096e-01 1.000000000000000000e+00 0.000000000000000000e+00
2.189638318670576733e-01 1.000000000000000000e+00 0.000000000000000000e+00
2.199413489736070371e-01 1.000000000000000000e+00 0.000000000000000000e+00
2.209188660801564008e-01 1.000000000000000000e+00 0.000000000000000000e+00
2.218963831867057646e-01 1.000000000000000000e+00 0.000000000000000000e+00
2.228739002932551283e-01 1.000000000000000000e+00 0.000000000000000000e+00
2.238514173998044920e-01 1.000000000000000000e+00 0.000000000000000000e+00
2.248289345063538558e-01 1.000000000000000000e+00 0.000000000000000000e+00
2.258064516129032195e-01 1.000000000000000000e+00 0.000000000000000000e+00
2.267839687194525833e-01 1.000000000000000000e+00 0.000000000000000000e+00
2.277614858260019470e-01 1.000000000000000000e+00 0.000000000000000000e+00
2.287390029325513108e-01 1.000000000000000000e+00 0.000000000000000000e+00
2.297165200391006745e-01 1.000000000000000000e+00 0.000000000000000000e+00
2.306940371456500383e-01 1.000000000000000000e+00 0.000000000000000000e+00
2.316715542521994020e-01 1.000000000000000000e+00 0.000000000000000000e+00
2.326490713587487658e-01 1.000000000000000000e+00 0.000000000000000000e+00
2.336265884652981295e-01 1.000000000000000000e+00 0.000000000000000000e+00
2.346041055718475210e-01 1.000000000000000000e+00 0.000000000000000000e+00
2.355816226783968848e-01 1.000000000000000000e+00 0.000000000000000000e+00
2.365591397849462485e-01 1.000000000000000000e+00 0.000000000000000000e+00
2.375366568914956122e-01 1.000000000000000000e+00 0.000000000000000000e+00
2.385141739980449760e-01 1.000000000000000000e+00 0.000000000000000000e+00
2.394916911045943397e-01 1.000000000000000000e+00 0.000000000000000000e+00
2.404692082111437035e-01 1.000000000000000000e+00 0.000000000000000000e+00
2.414467253176930672e-01 1.000000000000000000e+00 0.000000000000000000e+00
2.424242424242424310e-01 1.000000000000000000e+00 0.000000000000000000e+00
2.434017595307917947e-01 1.000000000000000000e+00 0.000000000000000000e+00
2.443792766373411585e-01 1.000000000000000000e+00 0.000000000000000000e+00
2.453567937438905222e-01 1.000000000000000000e+00 0.000000000000000000e+00
2.463343108504398860e-01 1.000000000000000000e+00 0.000000000000000000e+00
2.473118279569892497e-01 1.000000000000000000e+00 0.000000000000000000e+00
2.482893450635386134e-01 1.000000000000000000e+00 0.000000000000000000e+00
2.492668621700879772e-01 1.000000000000000000e+00 0.000000000000000000e+00
2.502443792766373409e-01 1.000000000000000000e+00 0.000000000000000000e+00
2.512218963831867047e-01 1.000000000000000000e+00 0.000000000000000000e+00
2.521994134897360684e-01 1.000000000000000000e+00 0.000000000000000000e+00
2.531769305962854322e-01 1.000000000000000000e+00 0.000000000000000000e+00
2.541544477028347959e-01 1.000000000000000000e+00 0.000000000000000000e+00
2.551319648093841597e-01 1.000000000000000000e+00 0.000000000000000000e+00
2.561094819159335234e-01 1.000000000000000000e+00 0.000000000000000000e+00
2.570869990224828872e-01 1.000000000000000000e+00 0.000000000000000000e+00
2.580645161290322509e-01 1.000000000000000000e+00 0.000000000000000000e+00
2.590420332355816146e-01 1.000000000000000000e+00 0.000000000000000000e+00
2.600195503421309784e-01 1.000000000000000000e+00 0.000000000000000000e+00
2.609970674486803421e-01 1.000000000000000000e+00 0.000000000000000000e+00
2.619745845552297059e-01 1.000000000000000000e+00 0.000000000000000000e+00
2.629521016617790696e-01 1.000000000000000000e+00 0.000000000000000000e+00
2.639296187683284334e-01 1.000000000000000000e+00 0.000000000000000000e+00
2.649071358748777971e-01 1.000000000000000000e+00 0.000000000000000000e+00
2.658846529814271609e-01 1.000000000000000000e+00 0.000000000000000000e+00
2.668621700879765246e-01 1.000000000000000000e+00 0.000000000000000000e+00
2.678396871945258884e-01 1.000000000000000000e+00 0.000000000000000000e+00
2.688172043010752521e-01 1.000000000000000000e+00 0.000000000000000000e+00
2.697947214076246158e-01 1.000000000000000000e+00 0.000000000000000000e+00
2.707722385141739796e-01 1.000000000000000000e+00 0.000000000000000000e+00
2.717497556207233433e-01 1.000000000000000000e+00 0.000000000000000000e+00
2.727272727272727071e-01 1.000000000000000000e+00 0.000000000000000000e+00
2.737047898338220708e-01 1.000000000000000000e+00 0.000000000000000000e+00
2.746823069403714346e-01 1.000000000000000000e+00 0.000000000000000000e+00
2.756598240469207983e-01 1.000000000000000000e+00 0.000000000000000000e+00
2.766373411534701621e-01 1.000000000000000000e+00 0.000000000000000000e+00
2.776148582600195258e-01 1.000000000000000000e+00 0.000000000000000000e+00
2.785923753665688896e-01 1.000000000000000000e+00 0.000000000000000000e+00
2.795698924731182533e-01 1.000000000000000000e+00 0.000000000000000000e+00
2.805474095796676171e-01 1.000000000000000000e+00 0.000000000000000000e+00
2.815249266862170363e-01 1.000000000000000000e+00 0.000000000000000000e+00
2.825024437927664001e-01 1.000000000000000000e+00 0.000000000000000000e+00
2.834799608993157638e-01 1.000000000000000000e+00 0.000000000000000000e+00
2.844574780058651275e-01 1.000000000000000000e+00 0.000000000000000000e+00
2.854349951124144913e-01 1.000000000000000000e+00 0.000000000000000000e+00
2.864125122189638550e-01 1.000000000000000000e+00 0.000000000000000000e+00
2.873900293255132188e-01 1.000000000000000000e+00 0.000000000000000000e+00
2.883675464320625825e-01 1.000000000000000000e+00 0.000000000000000000e+00
2.893450635386119463e-01 1.000000000000000000e+00 0.000000000000000000e+00
2.903225806451613100e-01 1.000000000000000000e+00 0.000000000000000000e+00
2.913000977517106738e-01 1.000000000000000000e+00 0.000000000000000000e+00
2.922776148582600375e-01 1.000000000000000000e+00 0.000000000000000000e+00
2.932551319648094013e-01 1.000000000000000000e+00 0.000000000000000000e+00
2.942326490713587650e-01 1.000000000000000000e+00 0.000000000000000000e+00
2.952101661779081287e-01 1.000000000000000000e+00 0.000000000000000000e+00
2.961876832844574925e-01 1.000000000000000000e+00 0.000000000000000000e+00
2.971652003910068562e-01 1.000000000000000000e+00 0.000000000000000000e+00
2.981427174975562200e-01 1.000000000000000000e+00 0.000000000000000000e+00
2.991202346041055837e-01 1.000000000000000000e+00 0.000000000000000000e+00
3.000977517106549475e-01 1.000000000000000000e+00 0.000000000000000000e+00
3.010752688172043112e-01 1.000000000000000000e+00 0.000000000000000000e+00
3.020527859237536750e-01 1.000000000000000000e+00 0.000000000000000000e+00
3.030303030303030387e-01 1.000000000000000000e+00 0.000000000000000000e+00
3.040078201368524025e-01 1.000000000000000000e+00 0.000000000000000000e+00
3.049853372434017662e-01 1.000000000000000000e+00 0.000000000000000000e+00
3.059628543499511300e-01 1.000000000000000000e+00 0.000000000000000000e+00
3.069403714565004937e-01 1.000000000000000000e+00 0.000000000000000000e+00
3.079178885630498574e-01 1.000000000000000000e+00 0.000000000000000000e+00
3.088954056695992212e-01 1.000000000000000000e+00 0.000000000000000000e+00
3.098729227761485849e-01 1.000000000000000000e+00 0.000000000000000000e+00
3.108504398826979487e-01 1.000000000000000000e+00 0.000000000000000000e+00
3.118279569892473124e-01 1.000000000000000000e+00 0.000000000000000000e+00
3.128054740957966762e-01 1.000000000000000000e+00 0.000000000000000000e+00
3.137829912023460399e-01 1.000000000000000000e+00 0.000000000000000000e+00
3.147605083088954037e-01 1.000000000000000000e+00 0.000000000000000000e+00
3.157380254154447674e-01 1.000000000000000000e+00 0.000000000000000000e+00
3.167155425219941312e-01 1.000000000000000000e+00 0.000000000000000000e+00
3.176930596285434949e-01 1.000000000000000000e+00 0.000000000000000000e+00
3.186705767350928586e-01 1.000000000000000000e+00 0.000000000000000000e+00
3.196480938416422224e-01 1.000000000000000000e+00 1.036378957782645343e-16
3.206256109481915861e-01 9.999999999999988898e-01 7.074546227551336345e-16
3.216031280547409499e-01 9.999999999999965583e-01 3.221897949604727958e-15
3.225806451612903136e-01 9.999999999999888978e-01 7.989489878218830573e-15
3.235581622678396774e-01 9.999999999999750200e-01 2.318013718700736872e-14
3.245356793743890411e-01 9.999999999999320544e-01 4.970870483469101348e-14
3.255131964809384049e-01 9.999999999998566702e-01 1.293712787391865160e-13
3.264907135874877686e-01 9.999999999996341815e-01 2.681117952736134053e-13
3.274682306940371324e-01 9.999999999992484900e-01 6.737173461286051703e-13
3.284457478005864961e-01 9.999999999981343812e-01 1.374001224279747529e-12
3.294232649071358598e-01 9.999999999962235764e-01 3.368146564881501024e-12
3.304007820136852236e-01 9.999999999908386616e-01 6.767222915301597305e-12
3.313782991202345873e-01 9.999999999817156260e-01 1.621465435391558693e-11
3.323558162267839511e-01 9.999999999566652198e-01 3.212096406515507367e-11
3.333333333333333148e-01 9.999999999147241025e-01 7.517357183365457768e-11
3.343108504398826786e-01 9.999999998026395387e-01 1.467858269076567289e-10
3.352883675464320423e-01 9.999999996172761474e-01 3.353281442830964465e-10
3.362658846529814061e-01 9.999999991356683937e-01 6.450637659847946716e-10
3.372434017595307698e-01 9.999999983491887345e-01 1.437495501472971954e-09
3.382209188660801336e-01 9.999999963645350709e-01 2.722647586819612677e-09
3.391984359726294973e-01 9.999999931656484708e-01 5.914172300015921953e-09
3.401759530791788610e-01 9.999999853345860057e-01 1.102159895713586024e-08
3.411534701857282248e-01 9.999999728824731093e-01 2.331825507240318451e-08
3.421309872922775885e-01 9.999999433479280775e-01 4.272624802607058344e-08
3.431085043988269523e-01 9.999998970430531431e-01 8.796493725644878399e-08
3.440860215053763715e-01 9.999997907885662674e-01 1.583440967877631758e-07
3.450635386119257353e-01 9.999996266337858319e-01 3.169221066505381627e-07
3.460410557184750990e-01 9.999992628118516969e-01 5.599377066628856683e-07
3.470185728250244628e-01 9.999987093310501729e-01 1.088298402013750678e-06
3.479960899315738265e-01 9.999975267616825203e-01 1.885287014361975385e-06
3.489736070381231903e-01 9.999957566656990648e-01 3.553887337032632887e-06
3.499511241446725540e-01 9.999921187918260346e-01 6.029152935138065383e-06
3.509286412512219178e-01 9.999867662392850631e-01 1.100741064482622127e-05
3.519061583577712815e-01 9.999762125824933623e-01 1.826243560600071197e-05
3.528836754643206453e-01 9.999609662847386282e-01 3.223906791729721431e-05
3.538611925708700090e-01 9.999322161209814874e-01 5.222400405892173043e-05
3.548387096774193727e-01 9.998914923442474567e-01 8.897538488275056972e-05
3.558162267839687365e-01 9.998183240328770705e-01 1.404542495731097987e-04
3.567937438905181002e-01 9.997168775311616740e-01 2.304442316428713660e-04
3.577712609970674640e-01 9.995439956199834164e-01 3.536838467240572778e-04
3.587487781036168277e-01 9.993098651013762046e-01 5.574564199975017400e-04
3.597262952101661915e-01 9.989334085239709449e-01 8.296244418579044834e-04
3.607038123167155552e-01 9.984366933105984776e-01 1.252861699094388794e-03
3.616813294232649190e-01 9.976874896906537948e-01 1.802542480342284904e-03
3.626588465298142827e-01 9.967272799591860855e-01 2.601692384502957318e-03
3.636363636363636465e-01 9.953760689988230270e-01 3.607425921585653318e-03
3.646138807429130102e-01 9.936995857889822092e-01 4.967650632139028292e-03
3.655913978494623739e-01 9.915063198668353506e-01 6.620336244665500636e-03
3.665689149560117377e-01 9.888809968314833387e-01 8.695673125901739672e-03
3.675464320625611014e-01 9.856855198904791449e-01 1.112181915554758850e-02
3.685239491691104652e-01 9.820061903804168102e-01 1.396076378682871606e-02
3.695014662756598289e-01 9.778098679025214457e-01 1.714689262990627683e-02
3.704789833822091927e-01 9.731680543478583578e-01 2.065786174043498721e-02
3.714565004887585564e-01 9.681408145643122243e-01 2.444216037871870320e-02
3.724340175953079202e-01 9.627863185399033741e-01 2.843107736338633049e-02
3.734115347018572839e-01 9.571912110233206095e-01 3.258070938733201999e-02
3.743890518084066477e-01 9.514107160956531972e-01 3.683016646075843586e-02
3.753665689149560114e-01 9.455046064363247238e-01 4.113901818810880573e-02
3.763440860215053752e-01 9.395208065981740519e-01 4.547416513548379474e-02
3.773216031280547389e-01 9.334893931409029566e-01 4.980698060344532913e-02
3.782991202346041026e-01 9.274386857289689257e-01 5.412081817159927755e-02
3.792766373411534664e-01 9.213853068779256361e-01 5.840311162891745345e-02
3.802541544477028301e-01 9.153405767279934047e-01 6.264425674023117729e-02
3.812316715542521939e-01 9.093131590385764573e-01 6.683999319146000095e-02
3.822091886608015576e-01 9.033083346542802872e-01 7.098632839774163261e-02
3.831867057673509214e-01 8.973289977297136399e-01 7.508108114399329736e-02
3.841642228739002851e-01 8.913782055728465270e-01 7.912301905513483002e-02
3.851417399804496489e-01 8.854571895128271475e-01 8.311145630031142872e-02
3.861192570869990126e-01 8.795672111565264739e-01 8.704567145159389230e-02
3.870967741935483764e-01 8.737090097302687708e-01 9.092573357644348486e-02
3.880742913000977401e-01 8.678833326798008896e-01 9.475145628910787432e-02
3.890518084066471038e-01 8.620903816695096866e-01 9.852298569499808034e-02
3.900293255131964676e-01 8.563306453973181798e-01 1.022404276185180372e-01
3.910068426197458313e-01 8.506042192034873883e-01 1.059041063220144824e-01
3.919843597262951951e-01 8.449113207700361672e-01 1.095142117428070244e-01
3.929618768328445588e-01 8.392519566715826995e-01 1.130711311151800652e-01
3.939393939393939226e-01 8.336262496374409192e-01 1.165751766926658162e-01
3.949169110459432863e-01 8.280341349591154865e-01 1.200267556324178808e-01
3.958944281524926501e-01 8.224756367344570052e-01 1.234262282227366753e-01
3.968719452590420138e-01 8.169506721888760703e-01 1.267740328103874048e-01
3.978494623655913776e-01 8.114592057022745886e-01 1.300705678409192767e-01
3.988269794721407413e-01 8.060011265404682934e-01 1.333162752593848588e-01
3.998044965786901050e-01 8.005763608362144179e-01 1.365115786791108732e-01
4.007820136852394688e-01 7.951847874211918077e-01 1.396569282676898838e-01
4.017595307917888325e-01 7.898263026372837059e-01 1.427527593315939813e-01
4.027370478983381963e-01 7.845007748523900037e-01 1.457995229035911056e-01
4.037145650048875600e-01 7.792080837042099084e-01 1.487976627534220442e-01
4.046920821114369238e-01 7.739480912107348232e-01 1.517476299409755425e-01
4.056695992179862875e-01 7.687206643711975707e-01 1.546498701268578801e-01
4.066471163245357068e-01 7.635256607946130369e-01 1.575048325802627658e-01
4.076246334310850705e-01 7.583629406588248134e-01 1.603129630940048900e-01
4.086021505376344343e-01 7.532323586335988308e-01 1.630747078828549412e-01
4.095796676441837980e-01 7.481337704998010096e-01 1.657905102021925425e-01
4.105571847507331618e-01 7.430670295323282826e-01 1.684608124735247070e-01
4.115347018572825255e-01 7.380319896673015467e-01 1.710860544265178917e-01
4.125122189638318893e-01 7.330285037559090000e-01 1.736666738853626935e-01
4.134897360703812530e-01 7.280564252695498340e-01 1.762031059794430254e-01
4.144672531769306167e-01 7.231156076788565201e-01 1.786957835122917615e-01
4.154447702834799805e-01 7.182059052357258055e-01 1.811451365227482735e-01
4.164222873900293442e-01 7.133271727669908691e-01 1.835515923702899233e-01
4.173998044965787080e-01 7.084792661249889045e-01 1.859155755630673423e-01
4.183773216031280717e-01 7.036620422057058288e-01 1.882375077877049829e-01
4.193548387096774355e-01 6.988753591861817105e-01 1.905178078073261339e-01
4.203323558162267992e-01 6.941190765991898104e-01 1.927568914474920569e-01
4.213098729227761630e-01 6.893930555071927646e-01 1.949551715591586187e-01
4.222873900293255267e-01 6.846971586101051610e-01 1.971130580139464628e-01
4.232649071358748905e-01 6.800312503741630099e-01 1.992309576835758766e-01
4.242424242424242542e-01 6.753951971380376396e-01 2.013092744336948958e-01
4.252199413489736179e-01 6.707888672315226453e-01 2.033484091220389145e-01
4.261974584555229817e-01 6.662121310868915902e-01 2.053487596040697305e-01
4.271749755620723454e-01 6.616648613509534815e-01 2.073107207387082374e-01
4.281524926686217092e-01 6.571469329955185179e-01 2.092346843975939896e-01
4.291300097751710729e-01 6.526582234316967712e-01 2.111210394782495614e-01
4.301075268817204367e-01 6.481986126267406112e-01 2.129701719207551802e-01
4.310850439882698004e-01 6.437679832238830668e-01 2.147824647261691033e-01
4.320625610948191642e-01 6.393662206658771163e-01 2.165582979767602945e-01
4.330400782013685279e-01 6.349932133239556409e-01 2.182980488585527235e-01
4.340175953079178917e-01 6.306488526330091826e-01 2.200020916861553100e-01
4.349951124144672554e-01 6.263330332334666739e-01 2.216707979293407460e-01
4.359726295210166191e-01 6.220456531206085549e-01 2.233045362411464341e-01
4.369501466275659829e-01 6.177866138024284970e-01 2.249036724876481708e-01
4.379276637341153466e-01 6.135558204671013316e-01 2.264685697795346397e-01
4.389051808406647104e-01 6.093531821609541321e-01 2.279995885053978655e-01
4.398826979472140741e-01 6.051786119778586048e-01 2.294970863666431216e-01
4.408602150537634379e-01 6.010320272611612280e-01 2.309614184140769688e-01
4.418377321603128016e-01 5.969133498193729404e-01 2.323929370863077881e-01
4.428152492668621654e-01 5.928225061568604959e-01 2.337919922500623637e-01
4.437927663734115291e-01 5.887594277208281213e-01 2.351589312424869349e-01
4.447702834799608929e-01 5.847240511659803630e-01 2.364940989155372986e-01
4.457478005865102566e-01 5.807163186384042275e-01 2.377978376826266338e-01
4.467253176930596203e-01 5.767361780803264004e-01 2.390704875677273633e-01
4.477028347996089841e-01 5.727835835575066925e-01 2.403123862571339420e-01
4.486803519061583478e-01 5.688584956111616409e-01 2.415238691540992078e-01
4.496578690127077116e-01 5.649608816364677377e-01 2.427052694366031715e-01
4.506353861192570753e-01 5.610907162898711720e-01 2.438569181185512025e-01
4.516129032258064391e-01 5.572479819276073831e-01 2.449791441147354809e-01
4.525904203323558028e-01 5.534326690780219105e-01 2.460722743099217069e-01
4.535679374389051666e-01 5.496447769504883007e-01 2.471366336324627433e-01
4.545454545454545303e-01 5.458843139839469893e-01 2.481725451328856968e-01
4.555229716520038941e-01 5.421512984383303202e-01 2.491803300679525379e-01
4.565004887585532578e-01 5.384457590324008835e-01 2.501603079907472882e-01
4.574780058651026216e-01 5.347677356317946940e-01 2.511127968473949035e-01
4.584555229716519853e-01 5.311172799913542741e-01 2.520381130810823711e-01
4.594330400782013490e-01 5.274944565561433540e-01 2.529365717441188210e-01
4.604105571847507128e-01 5.238993433258533061e-01 2.538084866188462518e-01
4.613880742913000765e-01 5.203320327876473916e-01 2.546541703482981256e-01
4.623655913978494403e-01 5.167926329228295090e-01 2.554739345775794424e-01
4.633431085043988040e-01 5.132812682930718573e-01 2.562680901070467088e-01
4.643206256109481678e-01 5.097980812122936412e-01 2.570369470584563665e-01
4.652981427174975315e-01 5.063432330106162338e-01 2.577808150553634325e-01
4.662756598240468953e-01 5.029169053971638270e-01 2.585000034191670126e-01
4.672531769305962590e-01 4.995193019287718084e-01 2.591948213823133673e-01
4.682306940371456228e-01 4.961506495919388304e-01 2.598655783202977188e-01
4.692082111436950420e-01 4.928112005055560463e-01 2.605125840042289975e-01
4.701857282502444058e-01 4.895012337520816548e-01 2.611361488758600080e-01
4.711632453567937695e-01 4.862210573448336737e-01 2.617365843471051168e-01
4.721407624633431332e-01 4.829710103389514564e-01 2.623142031262025164e-01
4.731182795698924970e-01 4.797514650932614977e-01 2.628693195727894172e-01
4.740957966764418607e-01 4.765628296897237437e-01 2.634022500842607695e-01
4.750733137829912245e-01 4.734055505162877986e-01 2.639133135158636123e-01
4.760508308895405882e-01 4.702801150177536860e-01 2.644028316370228837e-01
4.770283479960899520e-01 4.671870546175440619e-01 2.648711296264020798e-01
4.780058651026393157e-01 4.641269478110288671e-01 2.653185366081389773e-01
4.789833822091886795e-01 4.611004234280972613e-01 2.657453862315725668e-01
4.799608993157380432e-01 4.581081640588827719e-01 2.661520172965392561e-01
4.809384164222874070e-01 4.551509096317644665e-01 2.665387744259623548e-01
4.819159335288367707e-01 4.522294611268029008e-01 2.669060087869497000e-01
4.828934506353861345e-01 4.493446844004136409e-01 2.672540788609135132e-01
4.838709677419354982e-01 4.464975140881031757e-01 2.675833512622936561e-01
4.848484848484848619e-01 4.436889575412543696e-01 2.678942016042618057e-01
4.858260019550342257e-01 4.409200987409930272e-01 2.681870154082559576e-01
4.868035190615835894e-01 4.381921021168300734e-01 2.684621890522843057e-01
4.877810361681329532e-01 4.355062161798341491e-01 2.687201307506033587e-01
4.887585532746823169e-01 4.328637768593227020e-01 2.689612615545607377e-01
4.897360703812316807e-01 4.302662104083622707e-01 2.691860163610496626e-01
4.907135874877810444e-01 4.277150357166805694e-01 2.693948449111240873e-01
4.916911045943304082e-01 4.252118658400941831e-01 2.695882127568640652e-01
4.926686217008797719e-01 4.227584085235742695e-01 2.697666021695669936e-01
4.936461388074291357e-01 4.203564654613034524e-01 2.699305129568578820e-01
4.946236559139784994e-01 4.180079300025819067e-01 2.700804631504686304e-01
4.956011730205278631e-01 4.157147829787828375e-01 2.702169895204446504e-01
4.965786901270772269e-01 4.134790862959245583e-01 2.703406478656955048e-01
4.975562072336265906e-01 4.113029739126844442e-01 2.704520130255007038e-01
4.985337243401759544e-01 4.091886398085091692e-01 2.705516785523689460e-01
4.995112414467253181e-01 4.071383225453542032e-01 2.706402559841492028e-01
5.004887585532746819e-01 4.051542860447970851e-01 2.707183736532975948e-01
5.014662756598240456e-01 4.032387962457132380e-01 2.707866749745498902e-01
5.024437927663734094e-01 4.013940933826477542e-01 2.708458161598331637e-01
5.034213098729227731e-01 3.996223597375795911e-01 2.708964633219073659e-01
5.043988269794721369e-01 3.979256828732303242e-01 2.709392889466277210e-01
5.053763440860215006e-01 3.963060145579057059e-01 2.709749677382169430e-01
5.063538611925708643e-01 3.947651258406145169e-01 2.710041718724138238e-01
5.073313782991202281e-01 3.933045590271731506e-01 2.710275657280389328e-01
5.083088954056695918e-01 3.919255776338820829e-01 2.710458002067973604e-01
5.092864125122189556e-01 3.906291157391720836e-01 2.710595067915722023e-01
5.102639296187683193e-01 3.894157284921082041e-01 2.710692915317024498e-01
5.112414467253176831e-01 3.882855458394092185e-01 2.710757291757732723e-01
5.122189638318670468e-01 3.872382317636338667e-01 2.710793576939130589e-01
5.131964809384164106e-01 3.862729514453461799e-01 2.710806734383031102e-01
5.141739980449657743e-01 3.853883487337303460e-01 2.710801271792219747e-01
5.151515151515151381e-01 3.845825361023753608e-01 2.710781212226628933e-01
5.161290322580645018e-01 3.838530988618819029e-01 2.710750077646860712e-01
5.171065493646138655e-01 3.831971147994603366e-01 2.710710885700841621e-01
5.180840664711632293e-01 3.826111896418086800e-01 2.710666159839710265e-01
5.190615835777125930e-01 3.820915078399332310e-01 2.710617952019649390e-01
5.200391006842619568e-01 3.816338972242178662e-01 2.710567876462458559e-01
5.210166177908113205e-01 3.812339051618124919e-01 2.710517152293517307e-01
5.219941348973606843e-01 3.808868830587676668e-01 2.710466652421252842e-01
5.229716520039100480e-01 3.805880754717869130e-01 2.710416955811558726e-01
5.239491691104594118e-01 3.803327097947140079e-01 2.710368400355176455e-01
5.249266862170087755e-01 3.801160824983521591e-01 2.710321133803512139e-01
5.259042033235581393e-01 3.799336382279887014e-01 2.710275160707673048e-01
5.268817204301075030e-01 3.797810386635749325e-01 2.710230383867138215e-01
5.278592375366568668e-01 3.796542188545243279e-01 2.710186639403152076e-01
5.288367546432062305e-01 3.795494296659022160e-01 2.710143725148321803e-01
5.298142717497555942e-01 3.794632659196355284e-01 2.710101422534596516e-01
5.307917888563049580e-01 3.793926806937824026e-01 2.710059512534142012e-01
5.317693059628543217e-01 3.793349869826332377e-01 2.710017786450000798e-01
5.327468230694036855e-01 3.792878484726366350e-01 2.709976052472891639e-01
5.337243401759530492e-01 3.792492615329006167e-01 2.709934138936461734e-01
5.347018572825024130e-01 3.792175306584756322e-01 2.709891895142219620e-01
5.356793743890517767e-01 3.791912395640765765e-01 2.709849190514895811e-01
5.366568914956011405e-01 3.791692199429708698e-01 2.709805912713936782e-01
5.376344086021505042e-01 3.791505196243167841e-01 2.709761965187148514e-01
5.386119257086998680e-01 3.791343715260371283e-01 2.709717264521995239e-01
5.395894428152492317e-01 3.791201644482395383e-01 2.709671737837049954e-01
5.405669599217985954e-01 3.791074164152599124e-01 2.709625320364307810e-01
5.415444770283479592e-01 3.790957509745476739e-01 2.709577953302700903e-01
5.425219941348973229e-01 3.790848766108043666e-01 2.709529581972461298e-01
5.434995112414466867e-01 3.790745692392601951e-01 2.709480154265824225e-01
5.444770283479960504e-01 3.790646576018197877e-01 2.709429619368609599e-01
5.454545454545454142e-01 3.790550112988796405e-01 2.709377926716176610e-01
5.464320625610947779e-01 3.790455311402494143e-01 2.709325025143149435e-01
5.474095796676441417e-01 3.790361414820507813e-01 2.709270862186783368e-01
5.483870967741935054e-01 3.790267842240486185e-01 2.709215383507087571e-01
5.493646138807428692e-01 3.790174141656788565e-01 2.709158532391339191e-01
5.503421309872922329e-01 3.790079954524279704e-01 2.709100249315619102e-01
5.513196480938415966e-01 3.789984988818933531e-01 2.709040471540711814e-01
5.522971652003909604e-01 3.789888998769392336e-01 2.708979132723910999e-01
5.532746823069403241e-01 3.789791769692008594e-01 2.708916162531662120e-01
5.542521994134896879e-01 3.789693106681829571e-01 2.708851486240569928e-01
5.552297165200390516e-01 3.789592826185704810e-01 2.708785024316112122e-01
5.562072336265884154e-01 3.789490749709416573e-01 2.708716691959440204e-01
5.571847507331377791e-01 3.789386699090848132e-01 2.708646398613061002e-01
5.581622678396871429e-01 3.789280492910550580e-01 2.708574047415920338e-01
5.591397849462365066e-01 3.789171943715795576e-01 2.708499534597693104e-01
5.601173020527858704e-01 3.789060855810580941e-01 2.708422748800576318e-01
5.610948191593352341e-01 3.788947023418208770e-01 2.708343570314948878e-01
5.620723362658845979e-01 3.788830229060161092e-01 2.708261870212346212e-01
5.630498533724340726e-01 3.788710242019289187e-01 2.708177509355401691e-01
5.640273704789834364e-01 3.788586816769799470e-01 2.708090337259058122e-01
5.650048875855328001e-01 3.788459691263154072e-01 2.708000190770160076e-01
5.659824046920821639e-01 3.788328584958369771e-01 2.707906892522357056e-01
5.669599217986315276e-01 3.788193196476838387e-01 2.707810249109195988e-01
5.679374389051808913e-01 3.788053200744067595e-01 2.707710048898353539e-01
5.689149560117302551e-01 3.787908245450551936e-01 2.707606059382102748e-01
5.698924731182796188e-01 3.787757946617100191e-01 2.707498023919955865e-01
5.708699902248289826e-01 3.787601882980412005e-01 2.707385657674902801e-01
5.718475073313783463e-01 3.787439588814946467e-01 2.707268642469493058e-01
5.728250244379277101e-01 3.787270544667761252e-01 2.707146620185275632e-01
5.738025415444770738e-01 3.787094165292701486e-01 2.707019184190966876e-01
5.747800586510264376e-01 3.786909783816361230e-01 2.706885868101907566e-01
5.757575757575758013e-01 3.786716630836713948e-01 2.706746130935791528e-01
5.767350928641251651e-01 3.786513806732879073e-01 2.706599337427794127e-01
5.777126099706745288e-01 3.786300244939710402e-01 2.706444731893606903e-01
5.786901270772238925e-01 3.786074663307836818e-01 2.706281403577200928e-01
5.796676441837732563e-01 3.785835499931247683e-01 2.706108240893240202e-01
5.806451612903226200e-01 3.785580828997383573e-01 2.705923871383899004e-01
5.816226783968719838e-01 3.785308251335281482e-01 2.705726583582206968e-01
5.826001955034213475e-01 3.785014753467441095e-01 2.705514226353215590e-01
5.835777126099707113e-01 3.784696528203377319e-01 2.705284080736276020e-01
5.845552297165200750e-01 3.784348749274770163e-01 2.705032698927740120e-01
5.855327468230694388e-01 3.783965292366716637e-01 2.704755704939983962e-01
5.865102639296188025e-01 3.783538395342436744e-01 2.704447551789512794e-01
5.874877810361681663e-01 3.783058251707847597e-01 2.704101230959955471e-01
5.884652981427175300e-01 3.782512533641995689e-01 2.703707931515375029e-01
5.894428152492668938e-01 3.781885844435409760e-01 2.703256648752596636e-01
5.904203323558162575e-01 3.781159105086238648e-01 2.702733745789338560e-01
5.913978494623656212e-01 3.780308886170735128e-01 2.702122476035712095e-01
5.923753665689149850e-01 3.779306703868306472e-01 2.701402480045888010e-01
5.933528836754643487e-01 3.778118307952438304e-01 2.700549276630391238e-01
5.943304007820137125e-01 3.776702999229690216e-01 2.699533775021773496e-01
5.953079178885630762e-01 3.775013023678208679e-01 2.698321841868990267e-01
5.962854349951124400e-01 3.772993099555785323e-01 2.696873963281593567e-01
5.972629521016618037e-01 3.770580140992421114e-01 2.695145047322838328e-01
5.982404692082111675e-01 3.767703245921232291e-01 2.693084415451382774e-01
5.992179863147605312e-01 3.764284016487948192e-01 2.690636031615142865e-01
6.001955034213098950e-01 3.760237275274129209e-01 2.687739014265384530e-01
6.011730205278592587e-01 3.755472229979465171e-01 2.684328468917343002e-01
6.021505376344086224e-01 3.749894122227850901e-01 2.680336666745420371e-01
6.031280547409579862e-01 3.743406372998066001e-01 2.675694578143217317e-01
6.041055718475073499e-01 3.735913208546917663e-01 2.670333749711986671e-01
6.050830889540567137e-01 3.727322717952911146e-01 2.664188489739293120e-01
6.060606060606060774e-01 3.717550258546274411e-01 2.657198302311158389e-01
6.070381231671554412e-01 3.706522091013432219e-01 2.649310485557910821e-01
6.080156402737048049e-01 3.694179094725655310e-01 2.640482787206709925e-01
6.089931573802541687e-01 3.680480388807109704e-01 2.630685992721437660e-01
6.099706744868035324e-01 3.665406668418786928e-01 2.619906309848666348e-01
6.109481915933528962e-01 3.648963061013147935e-01 2.608147410015989043e-01
6.119257086999022599e-01 3.631181315480243588e-01 2.595431992868331705e-01
6.129032258064516236e-01 3.612121158751830929e-01 2.581802755702294339e-01
6.138807429130009874e-01 3.591870689025936092e-01 2.567322674289008178e-01
6.148582600195503511e-01 3.570545720632371522e-01 2.552074534355962543e-01
6.158357771260997149e-01 3.548288049916386577e-01 2.536159691852017950e-01
6.168132942326490786e-01 3.525262670733432246e-01 2.519696082445952445e-01
6.177908113391984424e-01 3.501654028007319952e-01 2.502815543494095740e-01
6.187683284457478061e-01 3.477661453885844689e-01 2.485660551796817497e-01
6.197458455522971699e-01 3.453493979108088752e-01 2.468380514827680783e-01
6.207233626588465336e-01 3.429364748639677773e-01 2.451127779163861653e-01
6.217008797653958974e-01 3.405485292723189339e-01 2.434053535632981768e-01
6.226783968719452611e-01 3.382059910685853987e-01 2.417303805115866011e-01
6.236559139784946248e-01 3.359280414896503308e-01 2.401015681829100912e-01
6.246334310850439886e-01 3.337321457213676124e-01 2.385313993003022048e-01
6.256109481915933523e-01 3.316336622329560946e-01 2.370308506751747091e-01
6.265884652981427161e-01 3.296455424735156847e-01 2.356091785850227549e-01
6.275659824046920798e-01 3.277781292373569411e-01 2.342737746778850438e-01
6.285434995112414436e-01 3.260390564434954563e-01 2.330300943645186584e-01
6.295210166177908073e-01 3.244332477102965795e-01 2.318816558250409443e-01
6.304985337243401711e-01 3.229630062887400288e-01 2.308301043135233266e-01
6.314760508308895348e-01 3.216281849281291683e-01 2.298753335925602659e-01
6.324535679374388986e-01 3.204264212807465539e-01 2.290156542091331127e-01
6.334310850439882623e-01 3.193534226066876980e-01 2.282479970044145878e-01
6.344086021505376261e-01 3.184032828231447287e-01 2.275681397379723525e-01
6.353861192570869898e-01 3.175688152761229066e-01 2.269709449455963590e-01
6.363636363636363535e-01 3.168418858513868397e-01 2.264505980356615045e-01
6.373411534701857173e-01 3.162137329920037820e-01 2.260008360233029256e-01
6.383186705767350810e-01 3.156752636327352923e-01 2.256151590479003599e-01
6.392961876832844448e-01 3.152173167723394953e-01 2.252870187570277238e-01
6.402737047898338085e-01 3.148308891726782632e-01 2.250099796183994416e-01
6.412512218963831723e-01 3.145073203155918096e-01 2.247778511097767995e-01
6.422287390029325360e-01 3.142384361199373477e-01 2.245847904317615773e-01
6.432062561094818998e-01 3.140166529200865142e-01 2.244253768170581531e-01
6.441837732160312635e-01 3.138350447750793415e-01 2.242946596303681539e-01
6.451612903225806273e-01 3.136873782962906199e-01 2.241881832525497720e-01
6.461388074291299910e-01 3.135681198667983338e-01 2.241019922324202218e-01
6.471163245356793547e-01 3.134724204200283748e-01 2.240326203998986299e-01
6.480938416422287185e-01 3.133960829090900457e-01 2.239770676082534773e-01
6.490713587487780822e-01 3.133355173017757234e-01 2.239327675612673985e-01
6.500488758553274460e-01 3.132876874523093380e-01 2.238975498352138993e-01
6.510263929618768097e-01 3.132500535990456192e-01 2.238695987753011318e-01
6.520039100684261735e-01 3.132205135792012207e-01 2.238474114758231270e-01
6.529814271749755372e-01 3.131973451886254645e-01 2.238297565793086752e-01
6.539589442815249010e-01 3.131791514861379522e-01 2.238156351807541466e-01
6.549364613880742647e-01 3.131648102758695096e-01 2.238042447184173112e-01
6.559139784946236285e-01 3.131534285142436036e-01 2.237949463847241915e-01
6.568914956011729922e-01 3.131443019882964029e-01 2.237872363049991931e-01
6.578690127077223559e-01 3.131368802990397437e-01 2.237807205080399320e-01
6.588465298142717197e-01 3.131307369520886508e-01 2.237750935471169433e-01
6.598240469208210834e-01 3.131255441986871002e-01 2.237701205162926921e-01
6.608015640273704472e-01 3.131210521724633322e-01 2.237656221370522003e-01
6.617790811339198109e-01 3.131170718188901470e-01 2.237614625556920145e-01
6.627565982404691747e-01 3.131134611040577442e-01 2.237575394845226495e-01
6.637341153470185384e-01 3.131101140064568300e-01 2.237537763321978956e-01
6.647116324535679022e-01 3.131069518309191335e-01 2.237501159938287965e-01
6.656891495601172659e-01 3.131039164300342681e-01 2.237465160044082579e-01
6.666666666666666297e-01 3.131009649694004859e-01 2.237429447952263284e-01
6.676441837732159934e-01 3.130980659251706988e-01 2.237393788300270081e-01
6.686217008797653572e-01 3.130951960538660428e-01 2.237358004354690066e-01
6.695992179863147209e-01 3.130923381241600967e-01 2.237321961788278635e-01
6.705767350928640846e-01 3.130894792431881402e-01 2.237285556785806595e-01
6.715542521994134484e-01 3.130866096337119320e-01 2.237248707431751804e-01
6.725317693059628121e-01 3.130837217141768658e-01 2.237211347055610977e-01
6.735092864125121759e-01 3.130808093312859031e-01 2.237173417959006649e-01
6.744868035190615396e-01 3.130778670969837640e-01 2.237134865195206657e-01
6.754643206256109034e-01 3.130748900899114617e-01 2.237095634379008824e-01
6.764418377321602671e-01 3.130718744896170969e-01 2.237055682163839043e-01
6.774193548387096309e-01 3.130688191494468975e-01 2.237015000600148518e-01
6.783968719452589946e-01 3.130657256358939655e-01 2.236973621187076933e-01
6.793743890518083584e-01 3.130625912137826594e-01 2.236931518121816620e-01
6.803519061583577221e-01 3.130593929440178003e-01 2.236888376727473038e-01
6.813294232649070858e-01 3.130560818646047072e-01 2.236843488053377182e-01
6.823069403714564496e-01 3.130526363942230383e-01 2.236796482606154268e-01
6.832844574780058133e-01 3.130492033555247189e-01 2.236749374850794392e-01
6.842619745845551771e-01 3.130461837479796561e-01 2.236707976276177956e-01
6.852394916911045408e-01 3.130438319922751456e-01 2.236676457105008231e-01
6.862170087976539046e-01 3.130410205198834728e-01 2.236639542401668845e-01
6.871945259042032683e-01 3.130342071481140853e-01 2.236546224223735502e-01
6.881720430107527431e-01 3.130203299003711526e-01 2.236348400725743923e-01
6.891495601173021068e-01 3.130074547610519620e-01 2.236153444371607180e-01
6.901270772238514706e-01 3.130260092222240109e-01 2.236397030282648857e-01
6.911045943304008343e-01 3.131089596557409815e-01 2.237585186205179044e-01
6.920821114369501981e-01 3.132014624133893088e-01 2.239006935872378812e-01
6.930596285434995618e-01 3.130455003242977874e-01 2.236988846971328937e-01
6.940371456500489256e-01 3.123056138018455719e-01 2.226471704559016551e-01
6.950146627565982893e-01 3.113240362870403621e-01 2.211699057921643896e-01
6.959921798631476531e-01 3.122299973929494321e-01 2.222769894413164915e-01
6.969696969696970168e-01 3.183021206016801163e-01 2.309122890344904033e-01
6.979472140762463805e-01 3.279106855553446942e-01 2.454341035360623757e-01
6.989247311827957443e-01 3.221896284890475304e-01 2.390046865514096619e-01
6.999022482893451080e-01 2.689003786313778899e-01 1.677954942292553542e-01
7.008797653958944718e-01 1.870659251879278895e-01 6.544786798416470097e-02
7.018572825024438355e-01 1.402874454087441325e-01 1.393387675771872759e-02
7.028347996089931993e-01 1.275921876657367116e-01 2.169862078926414715e-03
7.038123167155425630e-01 1.253803175748339771e-01 3.112557585273976048e-04
7.047898338220919268e-01 1.250539668780589753e-01 4.400304253481075522e-05
7.057673509286412905e-01 1.250076165745619416e-01 6.206582581076598274e-06
7.067448680351906543e-01 1.250010740948673815e-01 8.751766074587177396e-07
7.077223851417400180e-01 1.250001514507502742e-01 1.234024023712629693e-07
7.086999022482893817e-01 1.250000213548154437e-01 1.739988380342268443e-08
7.096774193548387455e-01 1.250000030110591520e-01 2.453406120506419609e-09
7.106549364613881092e-01 1.250000004245633844e-01 3.459336697680231168e-10
7.116324535679374730e-01 1.250000000598639749e-01 4.877710411165786085e-11
7.126099706744868367e-01 1.250000000084409146e-01 6.877628068408514099e-12
7.135874877810362005e-01 1.250000000011901591e-01 9.697682998582272255e-13
7.145650048875855642e-01 1.250000000001677547e-01 1.367007459002334733e-13
7.155425219941349280e-01 1.250000000000235922e-01 1.923570186283369824e-14
7.165200391006842917e-01 1.250000000000033307e-01 2.699676933640292798e-15
7.174975562072336555e-01 1.250000000000004441e-01 3.751265581905143283e-16
7.184750733137830192e-01 1.250000000000000278e-01 4.224378475843989442e-17
7.194525904203323829e-01 1.250000000000000000e-01 1.126483624885170122e-18
7.204301075268817467e-01 1.250000000000000000e-01 5.229305858747604245e-68
7.214076246334311104e-01 1.250000000000000000e-01 2.462499400130337354e-137
7.223851417399804742e-01 1.250000000000000000e-01 1.489686509146931572e-278
7.233626588465298379e-01 1.250000000000000000e-01 0.000000000000000000e+00
7.243401759530792017e-01 1.250000000000000000e-01 0.000000000000000000e+00
7.253176930596285654e-01 1.250000000000000000e-01 0.000000000000000000e+00
7.262952101661779292e-01 1.250000000000000000e-01 0.000000000000000000e+00
7.272727272727272929e-01 1.250000000000000000e-01 0.000000000000000000e+00
7.282502443792766567e-01 1.250000000000000000e-01 0.000000000000000000e+00
7.292277614858260204e-01 1.250000000000000000e-01 0.000000000000000000e+00
7.302052785923753842e-01 1.250000000000000000e-01 0.000000000000000000e+00
7.311827956989247479e-01 1.250000000000000000e-01 0.000000000000000000e+00
7.321603128054741116e-01 1.250000000000000000e-01 0.000000000000000000e+00
7.331378299120234754e-01 1.250000000000000000e-01 0.000000000000000000e+00
7.341153470185728391e-01 1.250000000000000000e-01 0.000000000000000000e+00
7.350928641251222029e-01 1.250000000000000000e-01 0.000000000000000000e+00
7.360703812316715666e-01 1.250000000000000000e-01 0.000000000000000000e+00
7.370478983382209304e-01 1.250000000000000000e-01 0.000000000000000000e+00
7.380254154447702941e-01 1.250000000000000000e-01 0.000000000000000000e+00
7.390029325513196579e-01 1.250000000000000000e-01 0.000000000000000000e+00
7.399804496578690216e-01 1.250000000000000000e-01 0.000000000000000000e+00
7.409579667644183854e-01 1.250000000000000000e-01 0.000000000000000000e+00
7.419354838709677491e-01 1.250000000000000000e-01 0.000000000000000000e+00
7.429130009775171128e-01 1.250000000000000000e-01 0.000000000000000000e+00
7.438905180840664766e-01 1.250000000000000000e-01 0.000000000000000000e+00
7.448680351906158403e-01 1.250000000000000000e-01 0.000000000000000000e+00
7.458455522971652041e-01 1.250000000000000000e-01 0.000000000000000000e+00
7.468230694037145678e-01 1.250000000000000000e-01 0.000000000000000000e+00
7.478005865102639316e-01 1.250000000000000000e-01 0.000000000000000000e+00
7.487781036168132953e-01 1.250000000000000000e-01 0.000000000000000000e+00
7.497556207233626591e-01 1.250000000000000000e-01 0.000000000000000000e+00
7.507331378299120228e-01 1.250000000000000000e-01 0.000000000000000000e+00
7.517106549364613866e-01 1.250000000000000000e-01 0.000000000000000000e+00
7.526881720430107503e-01 1.250000000000000000e-01 0.000000000000000000e+00
7.536656891495601140e-01 1.250000000000000000e-01 0.000000000000000000e+00
7.546432062561094778e-01 1.250000000000000000e-01 0.000000000000000000e+00
7.556207233626588415e-01 1.250000000000000000e-01 0.000000000000000000e+00
7.565982404692082053e-01 1.250000000000000000e-01 0.000000000000000000e+00
7.575757575757575690e-01 1.250000000000000000e-01 0.000000000000000000e+00
7.585532746823069328e-01 1.250000000000000000e-01 0.000000000000000000e+00
7.595307917888562965e-01 1.250000000000000000e-01 0.000000000000000000e+00
7.605083088954056603e-01 1.250000000000000000e-01 0.000000000000000000e+00
7.614858260019550240e-01 1.250000000000000000e-01 0.000000000000000000e+00
7.624633431085043878e-01 1.250000000000000000e-01 0.000000000000000000e+00
7.634408602150537515e-01 1.250000000000000000e-01 0.000000000000000000e+00
7.644183773216031152e-01 1.250000000000000000e-01 0.000000000000000000e+00
7.653958944281524790e-01 1.250000000000000000e-01 0.000000000000000000e+00
7.663734115347018427e-01 1.250000000000000000e-01 0.000000000000000000e+00
7.673509286412512065e-01 1.250000000000000000e-01 0.000000000000000000e+00
7.683284457478005702e-01 1.250000000000000000e-01 0.000000000000000000e+00
7.693059628543499340e-01 1.250000000000000000e-01 0.000000000000000000e+00
7.702834799608992977e-01 1.250000000000000000e-01 0.000000000000000000e+00
7.712609970674486615e-01 1.250000000000000000e-01 0.000000000000000000e+00
7.722385141739980252e-01 1.250000000000000000e-01 0.000000000000000000e+00
7.732160312805473890e-01 1.250000000000000000e-01 0.000000000000000000e+00
7.741935483870967527e-01 1.250000000000000000e-01 0.000000000000000000e+00
7.751710654936461165e-01 1.250000000000000000e-01 0.000000000000000000e+00
7.761485826001954802e-01 1.250000000000000000e-01 0.000000000000000000e+00
7.771260997067448439e-01 1.250000000000000000e-01 0.000000000000000000e+00
7.781036168132942077e-01 1.250000000000000000e-01 0.000000000000000000e+00
7.790811339198435714e-01 1.250000000000000000e-01 0.000000000000000000e+00
7.800586510263929352e-01 1.250000000000000000e-01 0.000000000000000000e+00
7.810361681329422989e-01 1.250000000000000000e-01 0.000000000000000000e+00
7.820136852394916627e-01 1.250000000000000000e-01 0.000000000000000000e+00
7.829912023460410264e-01 1.250000000000000000e-01 0.000000000000000000e+00
7.839687194525903902e-01 1.250000000000000000e-01 0.000000000000000000e+00
7.849462365591397539e-01 1.250000000000000000e-01 0.000000000000000000e+00
7.859237536656891177e-01 1.250000000000000000e-01 0.000000000000000000e+00
7.869012707722384814e-01 1.250000000000000000e-01 0.000000000000000000e+00
7.878787878787878451e-01 1.250000000000000000e-01 0.000000000000000000e+00
7.888563049853372089e-01 1.250000000000000000e-01 0.000000000000000000e+00
7.898338220918865726e-01 1.250000000000000000e-01 0.000000000000000000e+00
7.908113391984359364e-01 1.250000000000000000e-01 0.000000000000000000e+00
7.917888563049853001e-01 1.250000000000000000e-01 0.000000000000000000e+00
7.927663734115346639e-01 1.250000000000000000e-01 0.000000000000000000e+00
7.937438905180840276e-01 1.250000000000000000e-01 0.000000000000000000e+00
7.947214076246333914e-01 1.250000000000000000e-01 0.000000000000000000e+00
7.956989247311827551e-01 1.250000000000000000e-01 0.000000000000000000e+00
7.966764418377321189e-01 1.250000000000000000e-01 0.000000000000000000e+00
7.976539589442814826e-01 1.250000000000000000e-01 0.000000000000000000e+00
7.986314760508308463e-01 1.250000000000000000e-01 0.000000000000000000e+00
7.996089931573802101e-01 1.250000000000000000e-01 0.000000000000000000e+00
8.005865102639295738e-01 1.250000000000000000e-01 0.000000000000000000e+00
8.015640273704789376e-01 1.250000000000000000e-01 0.000000000000000000e+00
8.025415444770283013e-01 1.250000000000000000e-01 0.000000000000000000e+00
8.035190615835776651e-01 1.250000000000000000e-01 0.000000000000000000e+00
8.044965786901270288e-01 1.250000000000000000e-01 0.000000000000000000e+00
8.054740957966763926e-01 1.250000000000000000e-01 0.000000000000000000e+00
8.064516129032257563e-01 1.250000000000000000e-01 0.000000000000000000e+00
8.074291300097751201e-01 1.250000000000000000e-01 0.000000000000000000e+00
8.084066471163244838e-01 1.250000000000000000e-01 0.000000000000000000e+00
8.093841642228738475e-01 1.250000000000000000e-01 0.000000000000000000e+00
8.103616813294232113e-01 1.250000000000000000e-01 0.000000000000000000e+00
8.113391984359725750e-01 1.250000000000000000e-01 0.000000000000000000e+00
8.123167155425219388e-01 1.250000000000000000e-01 0.000000000000000000e+00
8.132942326490714136e-01 1.250000000000000000e-01 0.000000000000000000e+00
8.142717497556207773e-01 1.250000000000000000e-01 0.000000000000000000e+00
8.152492668621701410e-01 1.250000000000000000e-01 0.000000000000000000e+00
8.162267839687195048e-01 1.250000000000000000e-01 0.000000000000000000e+00
8.172043010752688685e-01 1.250000000000000000e-01 0.000000000000000000e+00
8.181818181818182323e-01 1.250000000000000000e-01 0.000000000000000000e+00
8.191593352883675960e-01 1.250000000000000000e-01 0.000000000000000000e+00
8.201368523949169598e-01 1.250000000000000000e-01 0.000000000000000000e+00
8.211143695014663235e-01 1.250000000000000000e-01 0.000000000000000000e+00
8.220918866080156873e-01 1.250000000000000000e-01 0.000000000000000000e+00
8.230694037145650510e-01 1.250000000000000000e-01 0.000000000000000000e+00
8.240469208211144148e-01 1.250000000000000000e-01 0.000000000000000000e+00
8.250244379276637785e-01 1.250000000000000000e-01 0.000000000000000000e+00
8.260019550342131422e-01 1.250000000000000000e-01 0.000000000000000000e+00
8.269794721407625060e-01 1.250000000000000000e-01 0.000000000000000000e+00
8.279569892473118697e-01 1.250000000000000000e-01 0.000000000000000000e+00
8.289345063538612335e-01 1.250000000000000000e-01 0.000000000000000000e+00
8.299120234604105972e-01 1.250000000000000000e-01 0.000000000000000000e+00
8.308895405669599610e-01 1.250000000000000000e-01 0.000000000000000000e+00
8.318670576735093247e-01 1.250000000000000000e-01 0.000000000000000000e+00
8.328445747800586885e-01 1.250000000000000000e-01 0.000000000000000000e+00
8.338220918866080522e-01 1.250000000000000000e-01 0.000000000000000000e+00
8.347996089931574160e-01 1.250000000000000000e-01 0.000000000000000000e+00
8.357771260997067797e-01 1.250000000000000000e-01 0.000000000000000000e+00
8.367546432062561435e-01 1.250000000000000000e-01 0.000000000000000000e+00
8.377321603128055072e-01 1.250000000000000000e-01 0.000000000000000000e+00
8.387096774193548709e-01 1.250000000000000000e-01 0.000000000000000000e+00
8.396871945259042347e-01 1.250000000000000000e-01 0.000000000000000000e+00
8.406647116324535984e-01 1.250000000000000000e-01 0.000000000000000000e+00
8.416422287390029622e-01 1.250000000000000000e-01 0.000000000000000000e+00
8.426197458455523259e-01 1.250000000000000000e-01 0.000000000000000000e+00
8.435972629521016897e-01 1.250000000000000000e-01 0.000000000000000000e+00
8.445747800586510534e-01 1.250000000000000000e-01 0.000000000000000000e+00
8.455522971652004172e-01 1.250000000000000000e-01 0.000000000000000000e+00
8.465298142717497809e-01 1.250000000000000000e-01 0.000000000000000000e+00
8.475073313782991447e-01 1.250000000000000000e-01 0.000000000000000000e+00
8.484848484848485084e-01 1.250000000000000000e-01 0.000000000000000000e+00
8.494623655913978721e-01 1.250000000000000000e-01 0.000000000000000000e+00
8.504398826979472359e-01 1.250000000000000000e-01 0.000000000000000000e+00
8.514173998044965996e-01 1.250000000000000000e-01 0.000000000000000000e+00
8.523949169110459634e-01 1.250000000000000000e-01 0.000000000000000000e+00
8.533724340175953271e-01 1.250000000000000000e-01 0.000000000000000000e+00
8.543499511241446909e-01 1.250000000000000000e-01 0.000000000000000000e+00
8.553274682306940546e-01 1.250000000000000000e-01 0.000000000000000000e+00
8.563049853372434184e-01 1.250000000000000000e-01 0.000000000000000000e+00
8.572825024437927821e-01 1.250000000000000000e-01 0.000000000000000000e+00
8.582600195503421459e-01 1.250000000000000000e-01 0.000000000000000000e+00
8.592375366568915096e-01 1.250000000000000000e-01 0.000000000000000000e+00
8.602150537634408733e-01 1.250000000000000000e-01 0.000000000000000000e+00
8.611925708699902371e-01 1.250000000000000000e-01 0.000000000000000000e+00
8.621700879765396008e-01 1.250000000000000000e-01 0.000000000000000000e+00
8.631476050830889646e-01 1.250000000000000000e-01 0.000000000000000000e+00
8.641251221896383283e-01 1.250000000000000000e-01 0.000000000000000000e+00
8.651026392961876921e-01 1.250000000000000000e-01 0.000000000000000000e+00
8.660801564027370558e-01 1.250000000000000000e-01 0.000000000000000000e+00
8.670576735092864196e-01 1.250000000000000000e-01 0.000000000000000000e+00
8.680351906158357833e-01 1.250000000000000000e-01 0.000000000000000000e+00
8.690127077223851471e-01 1.250000000000000000e-01 0.000000000000000000e+00
8.699902248289345108e-01 1.250000000000000000e-01 0.000000000000000000e+00
8.709677419354838745e-01 1.250000000000000000e-01 0.000000000000000000e+00
8.719452590420332383e-01 1.250000000000000000e-01 0.000000000000000000e+00
8.729227761485826020e-01 1.250000000000000000e-01 0.000000000000000000e+00
8.739002932551319658e-01 1.250000000000000000e-01 0.000000000000000000e+00
8.748778103616813295e-01 1.250000000000000000e-01 0.000000000000000000e+00
8.758553274682306933e-01 1.250000000000000000e-01 0.000000000000000000e+00
8.768328445747800570e-01 1.250000000000000000e-01 0.000000000000000000e+00
8.778103616813294208e-01 1.250000000000000000e-01 0.000000000000000000e+00
8.787878787878787845e-01 1.250000000000000000e-01 0.000000000000000000e+00
8.797653958944281483e-01 1.250000000000000000e-01 0.000000000000000000e+00
8.807429130009775120e-01 1.250000000000000000e-01 0.000000000000000000e+00
8.817204301075268758e-01 1.250000000000000000e-01 0.000000000000000000e+00
8.826979472140762395e-01 1.250000000000000000e-01 0.000000000000000000e+00
8.836754643206256032e-01 1.250000000000000000e-01 0.000000000000000000e+00
8.846529814271749670e-01 1.250000000000000000e-01 0.000000000000000000e+00
8.856304985337243307e-01 1.250000000000000000e-01 0.000000000000000000e+00
8.866080156402736945e-01 1.250000000000000000e-01 0.000000000000000000e+00
8.875855327468230582e-01 1.250000000000000000e-01 0.000000000000000000e+00
8.885630498533724220e-01 1.250000000000000000e-01 0.000000000000000000e+00
8.895405669599217857e-01 1.250000000000000000e-01 0.000000000000000000e+00
8.905180840664711495e-01 1.250000000000000000e-01 0.000000000000000000e+00
8.914956011730205132e-01 1.250000000000000000e-01 0.000000000000000000e+00
8.924731182795698770e-01 1.250000000000000000e-01 0.000000000000000000e+00
8.934506353861192407e-01 1.250000000000000000e-01 0.000000000000000000e+00
8.944281524926686044e-01 1.250000000000000000e-01 0.000000000000000000e+00
8.954056695992179682e-01 1.250000000000000000e-01 0.000000000000000000e+00
8.963831867057673319e-01 1.250000000000000000e-01 0.000000000000000000e+00
8.973607038123166957e-01 1.250000000000000000e-01 0.000000000000000000e+00
8.983382209188660594e-01 1.250000000000000000e-01 0.000000000000000000e+00
8.993157380254154232e-01 1.250000000000000000e-01 0.000000000000000000e+00
9.002932551319647869e-01 1.250000000000000000e-01 0.000000000000000000e+00
9.012707722385141507e-01 1.250000000000000000e-01 0.000000000000000000e+00
9.022482893450635144e-01 1.250000000000000000e-01 0.000000000000000000e+00
9.032258064516128782e-01 1.250000000000000000e-01 0.000000000000000000e+00
9.042033235581622419e-01 1.250000000000000000e-01 0.000000000000000000e+00
9.051808406647116056e-01 1.250000000000000000e-01 0.000000000000000000e+00
9.061583577712609694e-01 1.250000000000000000e-01 0.000000000000000000e+00
9.071358748778103331e-01 1.250000000000000000e-01 0.000000000000000000e+00
9.081133919843596969e-01 1.250000000000000000e-01 0.000000000000000000e+00
9.090909090909090606e-01 1.250000000000000000e-01 0.000000000000000000e+00
9.100684261974584244e-01 1.250000000000000000e-01 0.000000000000000000e+00
9.110459433040077881e-01 1.250000000000000000e-01 0.000000000000000000e+00
9.120234604105571519e-01 1.250000000000000000e-01 0.000000000000000000e+00
9.130009775171065156e-01 1.250000000000000000e-01 0.000000000000000000e+00
9.139784946236558794e-01 1.250000000000000000e-01 0.000000000000000000e+00
9.149560117302052431e-01 1.250000000000000000e-01 0.000000000000000000e+00
9.159335288367546068e-01 1.250000000000000000e-01 0.000000000000000000e+00
9.169110459433039706e-01 1.250000000000000000e-01 0.000000000000000000e+00
9.178885630498533343e-01 1.250000000000000000e-01 0.000000000000000000e+00
9.188660801564026981e-01 1.250000000000000000e-01 0.000000000000000000e+00
9.198435972629520618e-01 1.250000000000000000e-01 0.000000000000000000e+00
9.208211143695014256e-01 1.250000000000000000e-01 0.000000000000000000e+00
9.217986314760507893e-01 1.250000000000000000e-01 0.000000000000000000e+00
9.227761485826001531e-01 1.250000000000000000e-01 0.000000000000000000e+00
9.237536656891495168e-01 1.250000000000000000e-01 0.000000000000000000e+00
9.247311827956988806e-01 1.250000000000000000e-01 0.000000000000000000e+00
9.257086999022482443e-01 1.250000000000000000e-01 0.000000000000000000e+00
9.266862170087976081e-01 1.250000000000000000e-01 0.000000000000000000e+00
9.276637341153469718e-01 1.250000000000000000e-01 0.000000000000000000e+00
9.286412512218963355e-01 1.250000000000000000e-01 0.000000000000000000e+00
9.296187683284456993e-01 1.250000000000000000e-01 0.000000000000000000e+00
9.305962854349950630e-01 1.250000000000000000e-01 0.000000000000000000e+00
9.315738025415444268e-01 1.250000000000000000e-01 0.000000000000000000e+00
9.325513196480937905e-01 1.250000000000000000e-01 0.000000000000000000e+00
9.335288367546431543e-01 1.250000000000000000e-01 0.000000000000000000e+00
9.345063538611925180e-01 1.250000000000000000e-01 0.000000000000000000e+00
9.354838709677418818e-01 1.250000000000000000e-01 0.000000000000000000e+00
9.364613880742912455e-01 1.250000000000000000e-01 0.000000000000000000e+00
9.374389051808406093e-01 1.250000000000000000e-01 0.000000000000000000e+00
9.384164222873900840e-01 1.250000000000000000e-01 0.000000000000000000e+00
9.393939393939394478e-01 1.250000000000000000e-01 0.000000000000000000e+00
9.403714565004888115e-01 1.250000000000000000e-01 0.000000000000000000e+00
9.413489736070381753e-01 1.250000000000000000e-01 0.000000000000000000e+00
9.423264907135875390e-01 1.250000000000000000e-01 0.000000000000000000e+00
9.433040078201369028e-01 1.250000000000000000e-01 0.000000000000000000e+00
9.442815249266862665e-01 1.250000000000000000e-01 0.000000000000000000e+00
9.452590420332356302e-01 1.250000000000000000e-01 0.000000000000000000e+00
9.462365591397849940e-01 1.250000000000000000e-01 0.000000000000000000e+00
9.472140762463343577e-01 1.250000000000000000e-01 0.000000000000000000e+00
9.481915933528837215e-01 1.250000000000000000e-01 0.000000000000000000e+00
9.491691104594330852e-01 1.250000000000000000e-01 0.000000000000000000e+00
9.501466275659824490e-01 1.250000000000000000e-01 0.000000000000000000e+00
9.511241446725318127e-01 1.250000000000000000e-01 0.000000000000000000e+00
9.521016617790811765e-01 1.250000000000000000e-01 0.000000000000000000e+00
9.530791788856305402e-01 1.250000000000000000e-01 0.000000000000000000e+00
9.540566959921799040e-01 1.250000000000000000e-01 0.000000000000000000e+00
9.550342130987292677e-01 1.250000000000000000e-01 0.000000000000000000e+00
9.560117302052786314e-01 1.250000000000000000e-01 0.000000000000000000e+00
9.569892473118279952e-01 1.250000000000000000e-01 0.000000000000000000e+00
9.579667644183773589e-01 1.250000000000000000e-01 0.000000000000000000e+00
9.589442815249267227e-01 1.250000000000000000e-01 0.000000000000000000e+00
9.599217986314760864e-01 1.250000000000000000e-01 0.000000000000000000e+00
9.608993157380254502e-01 1.250000000000000000e-01 0.000000000000000000e+00
9.618768328445748139e-01 1.250000000000000000e-01 0.000000000000000000e+00
9.628543499511241777e-01 1.250000000000000000e-01 0.000000000000000000e+00
9.638318670576735414e-01 1.250000000000000000e-01 0.000000000000000000e+00
9.648093841642229052e-01 1.250000000000000000e-01 0.000000000000000000e+00
9.657869012707722689e-01 1.250000000000000000e-01 0.000000000000000000e+00
9.667644183773216326e-01 1.250000000000000000e-01 0.000000000000000000e+00
9.677419354838709964e-01 1.250000000000000000e-01 0.000000000000000000e+00
9.687194525904203601e-01 1.250000000000000000e-01 0.000000000000000000e+00
9.696969696969697239e-01 1.250000000000000000e-01 0.000000000000000000e+00
9.706744868035190876e-01 1.250000000000000000e-01 0.000000000000000000e+00
9.716520039100684514e-01 1.250000000000000000e-01 0.000000000000000000e+00
9.726295210166178151e-01 1.250000000000000000e-01 0.000000000000000000e+00
9.736070381231671789e-01 1.250000000000000000e-01 0.000000000000000000e+00
9.745845552297165426e-01 1.250000000000000000e-01 0.000000000000000000e+00
9.755620723362659064e-01 1.250000000000000000e-01 0.000000000000000000e+00
9.765395894428152701e-01 1.250000000000000000e-01 0.000000000000000000e+00
9.775171065493646338e-01 1.250000000000000000e-01 0.000000000000000000e+00
9.784946236559139976e-01 1.250000000000000000e-01 0.000000000000000000e+00
9.794721407624633613e-01 1.250000000000000000e-01 0.000000000000000000e+00
9.804496578690127251e-01 1.250000000000000000e-01 0.000000000000000000e+00
9.814271749755620888e-01 1.250000000000000000e-01 0.000000000000000000e+00
9.824046920821114526e-01 1.250000000000000000e-01 0.000000000000000000e+00
9.833822091886608163e-01 1.250000000000000000e-01 0.000000000000000000e+00
9.843597262952101801e-01 1.250000000000000000e-01 0.000000000000000000e+00
9.853372434017595438e-01 1.250000000000000000e-01 0.000000000000000000e+00
9.863147605083089076e-01 1.250000000000000000e-01 0.000000000000000000e+00
9.872922776148582713e-01 1.250000000000000000e-01 0.000000000000000000e+00
9.882697947214076351e-01 1.250000000000000000e-01 0.000000000000000000e+00
9.892473118279569988e-01 1.250000000000000000e-01 0.000000000000000000e+00
9.902248289345063625e-01 1.250000000000000000e-01 0.000000000000000000e+00
9.912023460410557263e-01 1.250000000000000000e-01 0.000000000000000000e+00
9.921798631476050900e-01 1.250000000000000000e-01 0.000000000000000000e+00
9.931573802541544538e-01 1.250000000000000000e-01 0.000000000000000000e+00
9.941348973607038175e-01 1.250000000000000000e-01 0.000000000000000000e+00
9.951124144672531813e-01 1.250000000000000000e-01 0.000000000000000000e+00
9.960899315738025450e-01 1.250000000000000000e-01 0.000000000000000000e+00
9.970674486803519088e-01 1.250000000000000000e-01 0.000000000000000000e+00
9.980449657869012725e-01 1.250000000000000000e-01 0.000000000000000000e+00
9.990224828934506363e-01 1.250000000000000000e-01 -0.000000000000000000e+00
1.000000000000000000e+00 1.250000000000000000e-01 -0.000000000000000000e+00
