# 0.16228000766358863
0.000000000000000000e+00 1.000000000000000000e+00 -0.000000000000000000e+00
9.775171065493646130e-04 1.000000000000000000e+00 -0.000000000000000000e+00
1.955034213098729226e-03 1.000000000000000000e+00 0.000000000000000000e+00
2.932551319648093839e-03 1.000000000000000000e+00 0.000000000000000000e+00
3.910068426197458452e-03 1.000000000000000000e+00 0.000000000000000000e+00
4.887585532746823065e-03 1.000000000000000000e+00 0.000000000000000000e+00
5.865102639296187678e-03 1.000000000000000000e+00 0.000000000000000000e+00
6.842619745845552291e-03 1.000000000000000000e+00 0.000000000000000000e+00
7.820136852394916904e-03 1.000000000000000000e+00 0.000000000000000000e+00
8.797653958944282385e-03 1.000000000000000000e+00 0.000000000000000000e+00
9.775171065493646130e-03 1.000000000000000000e+00 0.000000000000000000e+00
1.075268817204301161e-02 1.000000000000000000e+00 0.000000000000000000e+00
1.173020527859237536e-02 1.000000000000000000e+00 0.000000000000000000e+00
1.270772238514174084e-02 1.000000000000000000e+00 0.000000000000000000e+00
1.368523949169110458e-02 1.000000000000000000e+00 0.000000000000000000e+00
1.466275659824047006e-02 1.000000000000000000e+00 0.000000000000000000e+00
1.564027370478983381e-02 1.000000000000000000e+00 0.000000000000000000e+00
1.661779081133919755e-02 1.000000000000000000e+00 0.000000000000000000e+00
1.759530791788856477e-02 1.000000000000000000e+00 0.000000000000000000e+00
1.857282502443792851e-02 1.000000000000000000e+00 0.000000000000000000e+00
1.955034213098729226e-02 1.000000000000000000e+00 0.000000000000000000e+00
2.052785923753665601e-02 1.000000000000000000e+00 0.000000000000000000e+00
2.150537634408602322e-02 1.000000000000000000e+00 0.000000000000000000e+00
2.248289345063538697e-02 1.000000000000000000e+00 0.000000000000000000e+00
2.346041055718475071e-02 1.000000000000000000e+00 0.000000000000000000e+00
2.443792766373411446e-02 1.000000000000000000e+00 0.000000000000000000e+00
2.541544477028348167e-02 1.000000000000000000e+00 0.000000000000000000e+00
2.639296187683284542e-02 1.000000000000000000e+00 0.000000000000000000e+00
2.737047898338220916e-02 1.000000000000000000e+00 0.000000000000000000e+00
2.834799608993157291e-02 1.000000000000000000e+00 0.000000000000000000e+00
2.932551319648094013e-02 1.000000000000000000e+00 0.000000000000000000e+00
3.030303030303030387e-02 1.000000000000000000e+00 0.000000000000000000e+00
3.128054740957966762e-02 1.000000000000000000e+00 0.000000000000000000e+00
3.225806451612903136e-02 1.000000000000000000e+00 0.000000000000000000e+00
3.323558162267839511e-02 1.000000000000000000e+00 0.000000000000000000e+00
3.421309872922775885e-02 1.000000000000000000e+00 0.000000000000000000e+00
3.519061583577712954e-02 1.000000000000000000e+00 0.000000000000000000e+00
3.616813294232649328e-02 1.000000000000000000e+00 0.000000000000000000e+00
3.714565004887585703e-02 1.000000000000000000e+00 0.000000000000000000e+00
3.812316715542522078e-02 1.000000000000000000e+00 0.000000000000000000e+00
3.910068426197458452e-02 1.000000000000000000e+00 0.000000000000000000e+00
4.007820136852394827e-02 1.000000000000000000e+00 0.000000000000000000e+00
4.105571847507331201e-02 1.000000000000000000e+00 0.000000000000000000e+00
4.203323558162267576e-02 1.000000000000000000e+00 0.000000000000000000e+00
4.301075268817204644e-02 1.000000000000000000e+00 0.000000000000000000e+00
4.398826979472141019e-02 1.000000000000000000e+00 0.000000000000000000e+00
4.496578690127077393e-02 1.000000000000000000e+00 0.000000000000000000e+00
4.594330400782013768e-02 1.000000000000000000e+00 0.000000000000000000e+00
4.692082111436950143e-02 1.000000000000000000e+00 0.000000000000000000e+00
4.789833822091886517e-02 1.000000000000000000e+00 0.000000000000000000e+00
4.887585532746822892e-02 1.000000000000000000e+00 0.000000000000000000e+00
4.985337243401759266e-02 1.000000000000000000e+00 0.000000000000000000e+00
5.083088954056696335e-02 1.000000000000000000e+00 0.000000000000000000e+00
5.180840664711632709e-02 1.000000000000000000e+00 0.000000000000000000e+00
5.278592375366569084e-02 1.000000000000000000e+00 0.000000000000000000e+00
5.376344086021505458e-02 1.000000000000000000e+00 0.000000000000000000e+00
5.474095796676441833e-02 1.000000000000000000e+00 0.000000000000000000e+00
5.571847507331378208e-02 1.000000000000000000e+00 0.000000000000000000e+00
5.669599217986314582e-02 1.000000000000000000e+00 0.000000000000000000e+00
5.767350928641250957e-02 1.000000000000000000e+00 0.000000000000000000e+00
5.865102639296188025e-02 1.000000000000000000e+00 0.000000000000000000e+00
5.962854349951124400e-02 1.000000000000000000e+00 0.000000000000000000e+00
6.060606060606060774e-02 1.000000000000000000e+00 0.000000000000000000e+00
6.158357771260997149e-02 1.000000000000000000e+00 0.000000000000000000e+00
6.256109481915933523e-02 1.000000000000000000e+00 0.000000000000000000e+00
6.353861192570869898e-02 1.000000000000000000e+00 0.000000000000000000e+00
6.451612903225806273e-02 1.000000000000000000e+00 0.000000000000000000e+00
6.549364613880742647e-02 1.000000000000000000e+00 0.000000000000000000e+00
6.647116324535679022e-02 1.000000000000000000e+00 0.000000000000000000e+00
6.744868035190615396e-02 1.000000000000000000e+00 0.000000000000000000e+00
6.842619745845551771e-02 1.000000000000000000e+00 0.000000000000000000e+00
6.940371456500488145e-02 1.000000000000000000e+00 0.000000000000000000e+00
7.038123167155425908e-02 1.000000000000000000e+00 0.000000000000000000e+00
7.135874877810362282e-02 1.000000000000000000e+00 0.000000000000000000e+00
7.233626588465298657e-02 1.000000000000000000e+00 0.000000000000000000e+00
7.331378299120235031e-02 1.000000000000000000e+00 0.000000000000000000e+00
7.429130009775171406e-02 1.000000000000000000e+00 0.000000000000000000e+00
7.526881720430107781e-02 1.000000000000000000e+00 0.000000000000000000e+00
7.624633431085044155e-02 1.000000000000000000e+00 0.000000000000000000e+00
7.722385141739980530e-02 1.000000000000000000e+00 0.000000000000000000e+00
7.820136852394916904e-02 1.000000000000000000e+00 0.000000000000000000e+00
7.917888563049853279e-02 1.000000000000000000e+00 0.000000000000000000e+00
8.015640273704789653e-02 1.000000000000000000e+00 0.000000000000000000e+00
8.113391984359726028e-02 1.000000000000000000e+00 0.000000000000000000e+00
8.211143695014662403e-02 1.000000000000000000e+00 0.000000000000000000e+00
8.308895405669598777e-02 1.000000000000000000e+00 0.000000000000000000e+00
8.406647116324535152e-02 1.000000000000000000e+00 0.000000000000000000e+00
8.504398826979471526e-02 1.000000000000000000e+00 0.000000000000000000e+00
8.602150537634409289e-02 1.000000000000000000e+00 0.000000000000000000e+00
8.699902248289345663e-02 1.000000000000000000e+00 0.000000000000000000e+00
8.797653958944282038e-02 1.000000000000000000e+00 0.000000000000000000e+00
8.895405669599218412e-02 1.000000000000000000e+00 0.000000000000000000e+00
8.993157380254154787e-02 1.000000000000000000e+00 0.000000000000000000e+00
9.090909090909091161e-02 1.000000000000000000e+00 0.000000000000000000e+00
9.188660801564027536e-02 1.000000000000000000e+00 0.000000000000000000e+00
9.286412512218963911e-02 1.000000000000000000e+00 0.000000000000000000e+00
9.384164222873900285e-02 1.000000000000000000e+00 0.000000000000000000e+00
9.481915933528836660e-02 1.000000000000000000e+00 0.000000000000000000e+00
9.579667644183773034e-02 1.000000000000000000e+00 0.000000000000000000e+00
9.677419354838709409e-02 1.000000000000000000e+00 0.000000000000000000e+00
9.775171065493645783e-02 1.000000000000000000e+00 0.000000000000000000e+00
9.872922776148582158e-02 1.000000000000000000e+00 0.000000000000000000e+00
9.970674486803518533e-02 1.000000000000000000e+00 0.000000000000000000e+00
1.006842619745845491e-01 1.000000000000000000e+00 0.000000000000000000e+00
1.016617790811339267e-01 1.000000000000000000e+00 0.000000000000000000e+00
1.026392961876832904e-01 1.000000000000000000e+00 0.000000000000000000e+00
1.036168132942326542e-01 1.000000000000000000e+00 0.000000000000000000e+00
1.045943304007820179e-01 1.000000000000000000e+00 0.000000000000000000e+00
1.055718475073313817e-01 1.000000000000000000e+00 0.000000000000000000e+00
1.065493646138807454e-01 1.000000000000000000e+00 0.000000000000000000e+00
1.075268817204301092e-01 1.000000000000000000e+00 0.000000000000000000e+00
1.085043988269794729e-01 1.000000000000000000e+00 0.000000000000000000e+00
1.094819159335288367e-01 1.000000000000000000e+00 0.000000000000000000e+00
1.104594330400782004e-01 1.000000000000000000e+00 0.000000000000000000e+00
1.114369501466275642e-01 1.000000000000000000e+00 0.000000000000000000e+00
1.124144672531769279e-01 1.000000000000000000e+00 0.000000000000000000e+00
1.133919843597262916e-01 1.000000000000000000e+00 0.000000000000000000e+00
1.143695014662756554e-01 1.000000000000000000e+00 0.000000000000000000e+00
1.153470185728250191e-01 1.000000000000000000e+00 0.000000000000000000e+00
1.163245356793743829e-01 1.000000000000000000e+00 0.000000000000000000e+00
1.173020527859237605e-01 1.000000000000000000e+00 0.000000000000000000e+00
1.182795698924731242e-01 1.000000000000000000e+00 0.000000000000000000e+00
1.192570869990224880e-01 1.000000000000000000e+00 0.000000000000000000e+00
1.202346041055718517e-01 1.000000000000000000e+00 0.000000000000000000e+00
1.212121212121212155e-01 1.000000000000000000e+00 0.000000000000000000e+00
1.221896383186705792e-01 1.000000000000000000e+00 0.000000000000000000e+00
1.231671554252199430e-01 1.000000000000000000e+00 0.000000000000000000e+00
1.241446725317693067e-01 1.000000000000000000e+00 0.000000000000000000e+00
1.251221896383186705e-01 1.000000000000000000e+00 0.000000000000000000e+00
1.260997067448680342e-01 1.000000000000000000e+00 0.000000000000000000e+00
1.270772238514173980e-01 1.000000000000000000e+00 0.000000000000000000e+00
1.280547409579667617e-01 1.000000000000000000e+00 0.000000000000000000e+00
1.290322580645161255e-01 1.000000000000000000e+00 0.000000000000000000e+00
1.300097751710654892e-01 1.000000000000000000e+00 0.000000000000000000e+00
1.309872922776148529e-01 1.000000000000000000e+00 0.000000000000000000e+00
1.319648093841642167e-01 1.000000000000000000e+00 0.000000000000000000e+00
1.329423264907135804e-01 1.000000000000000000e+00 0.000000000000000000e+00
1.339198435972629442e-01 1.000000000000000000e+00 0.000000000000000000e+00
1.348973607038123079e-01 1.000000000000000000e+00 0.000000000000000000e+00
1.358748778103616717e-01 1.000000000000000000e+00 0.000000000000000000e+00
1.368523949169110354e-01 1.000000000000000000e+00 0.000000000000000000e+00
1.378299120234603992e-01 1.000000000000000000e+00 0.000000000000000000e+00
1.388074291300097629e-01 1.000000000000000000e+00 0.000000000000000000e+00
1.397849462365591267e-01 1.000000000000000000e+00 0.000000000000000000e+00
1.407624633431085182e-01 1.000000000000000000e+00 0.000000000000000000e+00
1.417399804496578819e-01 1.000000000000000000e+00 0.000000000000000000e+00
1.427174975562072456e-01 1.000000000000000000e+00 0.000000000000000000e+00
1.436950146627566094e-01 1.000000000000000000e+00 0.000000000000000000e+00
1.446725317693059731e-01 1.000000000000000000e+00 0.000000000000000000e+00
1.456500488758553369e-01 1.000000000000000000e+00 0.000000000000000000e+00
1.466275659824047006e-01 1.000000000000000000e+00 0.000000000000000000e+00
1.476050830889540644e-01 1.000000000000000000e+00 0.000000000000000000e+00
1.485826001955034281e-01 1.000000000000000000e+00 0.000000000000000000e+00
1.495601173020527919e-01 1.000000000000000000e+00 0.000000000000000000e+00
1.505376344086021556e-01 1.000000000000000000e+00 0.000000000000000000e+00
1.515151515151515194e-01 1.000000000000000000e+00 0.000000000000000000e+00
1.524926686217008831e-01 1.000000000000000000e+00 0.000000000000000000e+00
1.534701857282502468e-01 1.000000000000000000e+00 0.000000000000000000e+00
1.544477028347996106e-01 1.000000000000000000e+00 0.000000000000000000e+00
1.554252199413489743e-01 1.000000000000000000e+00 0.000000000000000000e+00
1.564027370478983381e-01 1.000000000000000000e+00 0.000000000000000000e+00
1.573802541544477018e-01 1.000000000000000000e+00 0.000000000000000000e+00
1.583577712609970656e-01 1.000000000000000000e+00 0.000000000000000000e+00
1.593352883675464293e-01 1.000000000000000000e+00 0.000000000000000000e+00
1.603128054740957931e-01 1.000000000000000000e+00 0.000000000000000000e+00
1.612903225806451568e-01 1.000000000000000000e+00 0.000000000000000000e+00
1.622678396871945206e-01 1.000000000000000000e+00 0.000000000000000000e+00
1.632453567937438843e-01 1.000000000000000000e+00 0.000000000000000000e+00
1.642228739002932481e-01 1.000000000000000000e+00 0.000000000000000000e+00
1.652003910068426118e-01 1.000000000000000000e+00 0.000000000000000000e+00
1.661779081133919755e-01 1.000000000000000000e+00 0.000000000000000000e+00
1.671554252199413393e-01 1.000000000000000000e+00 0.000000000000000000e+00
1.681329423264907030e-01 1.000000000000000000e+00 0.000000000000000000e+00
1.691104594330400668e-01 1.000000000000000000e+00 0.000000000000000000e+00
1.700879765395894305e-01 1.000000000000000000e+00 0.000000000000000000e+00
1.710654936461387943e-01 1.000000000000000000e+00 0.000000000000000000e+00
1.720430107526881858e-01 1.000000000000000000e+00 0.000000000000000000e+00
1.730205278592375495e-01 1.000000000000000000e+00 0.000000000000000000e+00
1.739980449657869133e-01 1.000000000000000000e+00 0.000000000000000000e+00
1.749755620723362770e-01 1.000000000000000000e+00 0.000000000000000000e+00
1.759530791788856408e-01 1.000000000000000000e+00 0.000000000000000000e+00
1.769305962854350045e-01 1.000000000000000000e+00 0.000000000000000000e+00
1.779081133919843682e-01 1.000000000000000000e+00 0.000000000000000000e+00
1.788856304985337320e-01 1.000000000000000000e+00 0.000000000000000000e+00
1.798631476050830957e-01 1.000000000000000000e+00 0.000000000000000000e+00
1.808406647116324595e-01 1.000000000000000000e+00 0.000000000000000000e+00
1.818181818181818232e-01 1.000000000000000000e+00 0.000000000000000000e+00
1.827956989247311870e-01 1.000000000000000000e+00 0.000000000000000000e+00
1.837732160312805507e-01 1.000000000000000000e+00 0.000000000000000000e+00
1.847507331378299145e-01 1.000000000000000000e+00 0.000000000000000000e+00
1.857282502443792782e-01 1.000000000000000000e+00 0.000000000000000000e+00
1.867057673509286420e-01 1.000000000000000000e+00 0.000000000000000000e+00
1.876832844574780057e-01 1.000000000000000000e+00 0.000000000000000000e+00
1.886608015640273694e-01 1.000000000000000000e+00 0.000000000000000000e+00
1.896383186705767332e-01 1.000000000000000000e+00 0.000000000000000000e+00
1.906158357771260969e-01 1.000000000000000000e+00 0.000000000000000000e+00
1.915933528836754607e-01 1.000000000000000000e+00 0.000000000000000000e+00
1.925708699902248244e-01 1.000000000000000000e+00 0.000000000000000000e+00
1.935483870967741882e-01 1.000000000000000000e+00 0.000000000000000000e+00
1.945259042033235519e-01 1.000000000000000000e+00 0.000000000000000000e+00
1.955034213098729157e-01 1.000000000000000000e+00 0.000000000000000000e+00
1.964809384164222794e-01 1.000000000000000000e+00 0.000000000000000000e+00
1.974584555229716432e-01 1.000000000000000000e+00 0.000000000000000000e+00
1.984359726295210069e-01 1.000000000000000000e+00 0.000000000000000000e+00
1.994134897360703707e-01 1.000000000000000000e+00 0.000000000000000000e+00
2.003910068426197344e-01 1.000000000000000000e+00 0.000000000000000000e+00
2.013685239491690981e-01 1.000000000000000000e+00 0.000000000000000000e+00
2.023460410557184619e-01 1.000000000000000000e+00 0.000000000000000000e+00
2.033235581622678534e-01 1.000000000000000000e+00 0.000000000000000000e+00
2.043010752688172171e-01 1.000000000000000000e+00 0.000000000000000000e+00
2.052785923753665809e-01 1.000000000000000000e+00 0.000000000000000000e+00
2.062561094819159446e-01 1.000000000000000000e+00 0.000000000000000000e+00
2.072336265884653084e-01 1.000000000000000000e+00 0.000000000000000000e+00
2.082111436950146721e-01 1.000000000000000000e+00 0.000000000000000000e+00
2.091886608015640359e-01 1.000000000000000000e+00 0.000000000000000000e+00
2.101661779081133996e-01 1.000000000000000000e+00 0.000000000000000000e+00
2.111436950146627634e-01 1.000000000000000000e+00 0.000000000000000000e+00
2.121212121212121271e-01 1.000000000000000000e+00 0.000000000000000000e+00
2.130987292277614908e-01 1.000000000000000000e+00 0.000000000000000000e+00
2.140762463343108546e-01 1.000000000000000000e+00 0.000000000000000000e+00
2.150537634408602183e-01 1.000000000000000000e+00 0.000000000000000000e+00
2.160312805474095821e-01 1.000000000000000000e+00 0.000000000000000000e+00
2.170087976539589458e-01 1.000000000000000000e+00 0.000000000000000000e+00
2.179863147605083096e-01 1.000000000000000000e+00 0.000000000000000000e+00
2.189638318670576733e-01 1.000000000000000000e+00 0.000000000000000000e+00
2.199413489736070371e-01 1.000000000000000000e+00 0.000000000000000000e+00
2.209188660801564008e-01 1.000000000000000000e+00 0.000000000000000000e+00
2.218963831867057646e-01 1.000000000000000000e+00 0.000000000000000000e+00
2.228739002932551283e-01 1.000000000000000000e+00 0.000000000000000000e+00
2.238514173998044920e-01 1.000000000000000000e+00 0.000000000000000000e+00
2.248289345063538558e-01 1.000000000000000000e+00 0.000000000000000000e+00
2.258064516129032195e-01 1.000000000000000000e+00 0.000000000000000000e+00
2.267839687194525833e-01 1.000000000000000000e+00 0.000000000000000000e+00
2.277614858260019470e-01 1.000000000000000000e+00 0.000000000000000000e+00
2.287390029325513108e-01 1.000000000000000000e+00 0.000000000000000000e+00
2.297165200391006745e-01 1.000000000000000000e+00 0.000000000000000000e+00
2.306940371456500383e-01 1.000000000000000000e+00 0.000000000000000000e+00
2.316715542521994020e-01 1.000000000000000000e+00 0.000000000000000000e+00
2.326490713587487658e-01 1.000000000000000000e+00 0.000000000000000000e+00
2.336265884652981295e-01 1.000000000000000000e+00 0.000000000000000000e+00
2.346041055718475210e-01 1.000000000000000000e+00 0.000000000000000000e+00
2.355816226783968848e-01 1.000000000000000000e+00 0.000000000000000000e+00
2.365591397849462485e-01 1.000000000000000000e+00 0.000000000000000000e+00
2.375366568914956122e-01 1.000000000000000000e+00 0.000000000000000000e+00
2.385141739980449760e-01 1.000000000000000000e+00 0.000000000000000000e+00
2.394916911045943397e-01 1.000000000000000000e+00 0.000000000000000000e+00
2.404692082111437035e-01 1.000000000000000000e+00 0.000000000000000000e+00
2.414467253176930672e-01 1.000000000000000000e+00 0.000000000000000000e+00
2.424242424242424310e-01 1.000000000000000000e+00 0.000000000000000000e+00
2.434017595307917947e-01 1.000000000000000000e+00 0.000000000000000000e+00
2.443792766373411585e-01 1.000000000000000000e+00 0.000000000000000000e+00
2.453567937438905222e-01 1.000000000000000000e+00 0.000000000000000000e+00
2.463343108504398860e-01 1.000000000000000000e+00 0.000000000000000000e+00
2.473118279569892497e-01 1.000000000000000000e+00 0.000000000000000000e+00
2.482893450635386134e-01 1.000000000000000000e+00 0.000000000000000000e+00
2.492668621700879772e-01 1.000000000000000000e+00 0.000000000000000000e+00
2.502443792766373409e-01 1.000000000000000000e+00 0.000000000000000000e+00
2.512218963831867047e-01 1.000000000000000000e+00 0.000000000000000000e+00
2.521994134897360684e-01 1.000000000000000000e+00 0.000000000000000000e+00
2.531769305962854322e-01 1.000000000000000000e+00 0.000000000000000000e+00
2.541544477028347959e-01 1.000000000000000000e+00 0.000000000000000000e+00
2.551319648093841597e-01 1.000000000000000000e+00 0.000000000000000000e+00
2.561094819159335234e-01 1.000000000000000000e+00 0.000000000000000000e+00
2.570869990224828872e-01 1.000000000000000000e+00 0.000000000000000000e+00
2.580645161290322509e-01 1.000000000000000000e+00 0.000000000000000000e+00
2.590420332355816146e-01 1.000000000000000000e+00 0.000000000000000000e+00
2.600195503421309784e-01 1.000000000000000000e+00 0.000000000000000000e+00
2.609970674486803421e-01 1.000000000000000000e+00 0.000000000000000000e+00
2.619745845552297059e-01 1.000000000000000000e+00 0.000000000000000000e+00
2.629521016617790696e-01 1.000000000000000000e+00 0.000000000000000000e+00
2.639296187683284334e-01 1.000000000000000000e+00 0.000000000000000000e+00
2.649071358748777971e-01 1.000000000000000000e+00 0.000000000000000000e+00
2.658846529814271609e-01 1.000000000000000000e+00 0.000000000000000000e+00
2.668621700879765246e-01 1.000000000000000000e+00 0.000000000000000000e+00
2.678396871945258884e-01 1.000000000000000000e+00 0.000000000000000000e+00
2.688172043010752521e-01 1.000000000000000000e+00 0.000000000000000000e+00
2.697947214076246158e-01 1.000000000000000000e+00 0.000000000000000000e+00
2.707722385141739796e-01 1.000000000000000000e+00 0.000000000000000000e+00
2.717497556207233433e-01 1.000000000000000000e+00 0.000000000000000000e+00
2.727272727272727071e-01 1.000000000000000000e+00 0.000000000000000000e+00
2.737047898338220708e-01 1.000000000000000000e+00 0.000000000000000000e+00
2.746823069403714346e-01 1.000000000000000000e+00 0.000000000000000000e+00
2.756598240469207983e-01 1.000000000000000000e+00 0.000000000000000000e+00
2.766373411534701621e-01 1.000000000000000000e+00 0.000000000000000000e+00
2.776148582600195258e-01 1.000000000000000000e+00 0.000000000000000000e+00
2.785923753665688896e-01 1.000000000000000000e+00 0.000000000000000000e+00
2.795698924731182533e-01 1.000000000000000000e+00 0.000000000000000000e+00
2.805474095796676171e-01 1.000000000000000000e+00 0.000000000000000000e+00
2.815249266862170363e-01 1.000000000000000000e+00 0.000000000000000000e+00
2.825024437927664001e-01 1.000000000000000000e+00 0.000000000000000000e+00
2.834799608993157638e-01 1.000000000000000000e+00 0.000000000000000000e+00
2.844574780058651275e-01 1.000000000000000000e+00 0.000000000000000000e+00
2.854349951124144913e-01 1.000000000000000000e+00 0.000000000000000000e+00
2.864125122189638550e-01 1.000000000000000000e+00 0.000000000000000000e+00
2.873900293255132188e-01 1.000000000000000000e+00 0.000000000000000000e+00
2.883675464320625825e-01 1.000000000000000000e+00 0.000000000000000000e+00
2.893450635386119463e-01 1.000000000000000000e+00 0.000000000000000000e+00
2.903225806451613100e-01 1.000000000000000000e+00 0.000000000000000000e+00
2.913000977517106738e-01 1.000000000000000000e+00 0.000000000000000000e+00
2.922776148582600375e-01 1.000000000000000000e+00 0.000000000000000000e+00
2.932551319648094013e-01 1.000000000000000000e+00 0.000000000000000000e+00
2.942326490713587650e-01 1.000000000000000000e+00 0.000000000000000000e+00
2.952101661779081287e-01 1.000000000000000000e+00 0.000000000000000000e+00
2.961876832844574925e-01 1.000000000000000000e+00 0.000000000000000000e+00
2.971652003910068562e-01 1.000000000000000000e+00 0.000000000000000000e+00
2.981427174975562200e-01 1.000000000000000000e+00 0.000000000000000000e+00
2.991202346041055837e-01 1.000000000000000000e+00 0.000000000000000000e+00
3.000977517106549475e-01 1.000000000000000000e+00 0.000000000000000000e+00
3.010752688172043112e-01 1.000000000000000000e+00 0.000000000000000000e+00
3.020527859237536750e-01 1.000000000000000000e+00 0.000000000000000000e+00
3.030303030303030387e-01 1.000000000000000000e+00 0.000000000000000000e+00
3.040078201368524025e-01 1.000000000000000000e+00 0.000000000000000000e+00
3.049853372434017662e-01 1.000000000000000000e+00 0.000000000000000000e+00
3.059628543499511300e-01 1.000000000000000000e+00 0.000000000000000000e+00
3.069403714565004937e-01 1.000000000000000000e+00 0.000000000000000000e+00
3.079178885630498574e-01 1.000000000000000000e+00 0.000000000000000000e+00
3.088954056695992212e-01 1.000000000000000000e+00 0.000000000000000000e+00
3.098729227761485849e-01 1.000000000000000000e+00 0.000000000000000000e+00
3.108504398826979487e-01 1.000000000000000000e+00 0.000000000000000000e+00
3.118279569892473124e-01 1.000000000000000000e+00 0.000000000000000000e+00
3.128054740957966762e-01 1.000000000000000000e+00 0.000000000000000000e+00
3.137829912023460399e-01 1.000000000000000000e+00 0.000000000000000000e+00
3.147605083088954037e-01 1.000000000000000000e+00 0.000000000000000000e+00
3.157380254154447674e-01 1.000000000000000000e+00 0.000000000000000000e+00
3.167155425219941312e-01 1.000000000000000000e+00 0.000000000000000000e+00
3.176930596285434949e-01 1.000000000000000000e+00 0.000000000000000000e+00
3.186705767350928586e-01 1.000000000000000000e+00 0.000000000000000000e+00
3.196480938416422224e-01 1.000000000000000000e+00 0.000000000000000000e+00
3.206256109481915861e-01 1.000000000000000000e+00 0.000000000000000000e+00
3.216031280547409499e-01 1.000000000000000000e+00 0.000000000000000000e+00
3.225806451612903136e-01 1.000000000000000000e+00 0.000000000000000000e+00
3.235581622678396774e-01 1.000000000000000000e+00 0.000000000000000000e+00
3.245356793743890411e-01 1.000000000000000000e+00 0.000000000000000000e+00
3.255131964809384049e-01 1.000000000000000000e+00 1.532732529454054658e-16
3.264907135874877686e-01 9.999999999999987788e-01 7.844093957998404395e-16
3.274682306940371324e-01 9.999999999999960032e-01 3.606544857943945615e-15
3.284457478005864961e-01 9.999999999999871214e-01 9.106644931472356719e-15
3.294232649071358598e-01 9.999999999999714673e-01 2.626979833978000535e-14
3.304007820136852236e-01 9.999999999999223954e-01 5.662891848316192477e-14
3.313782991202345873e-01 9.999999999998366862e-01 1.486533562134763676e-13
3.323558162267839511e-01 9.999999999995772271e-01 3.100659533142262458e-13
3.333333333333333148e-01 9.999999999991250332e-01 7.876055270182502702e-13
3.343108504398826786e-01 9.999999999978024245e-01 1.615955230864522916e-12
3.352883675464320423e-01 9.999999999955218044e-01 4.005381895998385277e-12
3.362658846529814061e-01 9.999999999890196722e-01 8.098176882104764086e-12
3.372434017595307698e-01 9.999999999779488613e-01 1.960522714669229540e-11
3.382209188660801336e-01 9.999999999472145573e-01 3.907178840584801723e-11
3.391984359726294973e-01 9.999999998955183544e-01 9.231813978779170894e-11
3.401759530791788610e-01 9.999999997559577691e-01 1.812844539065297723e-10
3.411534701857282248e-01 9.999999995241548589e-01 4.178030493738164025e-10
3.421309872922775885e-01 9.999999989162472458e-01 8.079445190187331933e-10
3.431085043988269523e-01 9.999999979196266819e-01 1.814975954021204776e-09
3.440860215053763715e-01 9.999999953833585975e-01 3.454182552971836337e-09
3.450635386119257353e-01 9.999999912811193825e-01 7.557445281877499254e-09
3.460410557184750990e-01 9.999999811629795010e-01 1.414528071536711864e-08
3.470185728250244628e-01 9.999999650253256211e-01 3.011697340210750970e-08
3.479960899315738265e-01 9.999999265005637961e-01 5.539552837399481507e-08
3.489736070381231903e-01 9.999998659462520090e-01 1.146662273130715883e-07
3.499511241446725540e-01 9.999997262473423465e-01 2.070859338172808099e-07
3.509286412512219178e-01 9.999995099843091984e-01 4.163107027321411922e-07
3.519061583577712815e-01 9.999990286883176926e-01 7.374982884660992186e-07
3.528836754643206453e-01 9.999982954206230179e-01 1.438215469657857825e-06
3.538611925708700090e-01 9.999967243716441079e-01 2.496395704717971828e-06
3.548387096774193727e-01 9.999943708157136291e-01 4.716224831835750279e-06
3.558162267839687365e-01 9.999895278265719112e-01 8.010773178676723770e-06
3.567937438905181002e-01 9.999824011515583422e-01 1.463903813135125131e-05
3.577712609970674640e-01 9.999683565611312552e-01 2.429603547859717784e-05
3.587487781036168277e-01 9.999480804597939976e-01 4.287136423426321687e-05
3.597262952101661915e-01 9.999099419339858574e-01 6.940162823762398671e-05
3.607038123167155552e-01 9.998560051371203627e-01 1.180076572841989483e-04
3.616813294232649190e-01 9.997595692618407304e-01 1.859449686281109142e-04
3.626588465298142827e-01 9.996262183126861656e-01 3.039582119024869912e-04
3.636363636363636465e-01 9.994006977043103923e-01 4.650308283539412242e-04
3.646138807429130102e-01 9.990964818711527418e-01 7.288848480863088179e-04
3.655913978494623739e-01 9.986126055481295838e-01 1.079600867986143251e-03
3.665689149560117377e-01 9.979776272246176916e-01 1.618073638469196386e-03
3.675464320625611014e-01 9.970334796284966439e-01 2.312843239222963244e-03
3.685239491691104652e-01 9.958320877519447611e-01 3.306564933219594601e-03
3.695014662756598289e-01 9.941710757041469781e-01 4.546561839143643639e-03
3.704789833822091927e-01 9.921288603427703690e-01 6.191257990628326255e-03
3.714565004887585564e-01 9.895103458323341039e-01 8.168580736283940005e-03
3.724340175953079202e-01 9.864103002814026411e-01 1.059940318658860250e-02
3.734115347018572839e-01 9.827141443845948121e-01 1.340601428179456940e-02
3.743890518084066477e-01 9.785116006642061715e-01 1.662334954173150942e-02
3.753665689149560114e-01 9.738066495226866959e-01 2.018519991472683336e-02
3.763440860215053752e-01 9.686706074215797324e-01 2.404333263253205163e-02
3.773216031280547389e-01 9.631871198961653446e-01 2.814631231295722930e-02
3.782991202346041026e-01 9.574165359339135151e-01 3.241789135271653383e-02
3.792766373411534664e-01 9.514448945335299834e-01 3.681242254827976623e-02
3.802541544477028301e-01 9.453295789753668465e-01 4.127592428190741958e-02
3.812316715542521939e-01 9.391203445724498611e-01 4.576896162558604514e-02
3.822091886608015576e-01 9.328610760529775225e-01 5.026519668685288517e-02
3.831867057673509214e-01 9.265762605090935855e-01 5.474131095106560957e-02
3.841642228739002851e-01 9.202873945215277462e-01 5.918327214159225386e-02
3.851417399804496489e-01 9.140084147991927033e-01 6.358271718930717797e-02
3.861192570869990126e-01 9.077474463719619191e-01 6.793213018071030118e-02
3.870967741935483764e-01 9.015105574884857420e-01 7.222837739101646559e-02
3.880742913000977401e-01 8.953022318767227539e-01 7.646900940483532250e-02
3.890518084066471038e-01 8.891242831282992753e-01 8.065245045314137218e-02
3.900293255131964676e-01 8.829789667198211234e-01 8.477778851735391641e-02
3.910068426197458313e-01 8.768673418806128828e-01 8.884486734882277026e-02
3.919843597262951951e-01 8.707903385133692886e-01 9.285319319597118426e-02
3.929618768328445588e-01 8.647484087225877358e-01 9.680294002123299157e-02
3.939393939393939226e-01 8.587422253556864504e-01 1.006941564580329379e-01
3.949169110459432863e-01 8.527718838817760494e-01 1.045271187950644748e-01
3.958944281524926501e-01 8.468377218616010005e-01 1.083020167930471289e-01
3.968719452590420138e-01 8.409397885465029754e-01 1.120192891457864326e-01
3.978494623655913776e-01 8.350782377479893936e-01 1.156792411448927943e-01
3.988269794721407413e-01 8.292530072223202042e-01 1.192823237694340122e-01
3.998044965786901050e-01 8.234641600053257404e-01 1.228289380444688161e-01
4.007820136852394688e-01 8.177116027169559764e-01 1.263195711558635081e-01
4.017595307917888325e-01 8.119953050806859585e-01 1.297546583310659474e-01
4.027370478983381963e-01 8.063151485288335696e-01 1.331346998289187622e-01
4.037145650048875600e-01 8.006710597266299967e-01 1.364601687870761471e-01
4.046920821114369238e-01 7.950629005248898151e-01 1.397315695930915480e-01
4.056695992179862875e-01 7.894905593738849037e-01 1.429493895208288345e-01
4.066471163245357068e-01 7.839538897748888902e-01 1.461141376078945453e-01
4.076246334310850705e-01 7.784527587531481219e-01 1.492263116646323218e-01
4.086021505376344343e-01 7.729870105403643388e-01 1.522864188291064846e-01
4.095796676441837980e-01 7.675564973773641997e-01 1.552949601546004810e-01
4.105571847507331618e-01 7.621610594949391748e-01 1.582524414857351402e-01
4.115347018572825255e-01 7.568005402846756935e-01 1.611593637494935782e-01
4.125122189638318893e-01 7.514747763496957278e-01 1.640162286742185282e-01
4.134897360703812530e-01 7.461836062446928208e-01 1.668235345894986121e-01
4.144672531769306167e-01 7.409268653606442268e-01 1.695817788671005744e-01
4.154447702834799805e-01 7.357043899573070256e-01 1.722914554809547305e-01
4.164222873900293442e-01 7.305160150820545484e-01 1.749530562287861524e-01
4.173998044965787080e-01 7.253615767474059783e-01 1.775670697592709457e-01
4.183773216031280717e-01 7.202409110053137331e-01 1.801339819496649286e-01
4.193548387096774355e-01 7.151538549217575369e-01 1.826542753539914521e-01
4.203323558162267992e-01 7.101002463626419070e-01 1.851284293782968771e-01
4.213098729227761630e-01 7.050799245493535317e-01 1.875569200804986791e-01
4.222873900293255267e-01 7.000927300400966447e-01 1.899402201820984959e-01
4.232649071358748905e-01 6.951385050147180777e-01 1.922787989454742830e-01
4.242424242424242542e-01 6.902170933814489873e-01 1.945731221800425792e-01
4.252199413489736179e-01 6.853283409893481393e-01 1.968236522066654226e-01
4.261974584555229817e-01 6.804720957493844979e-01 1.990308478468624520e-01
4.271749755620723454e-01 6.756482077886851734e-01 2.011951643999460304e-01
4.281524926686217092e-01 6.708565295868276213e-01 2.033170536452027777e-01
4.291300097751710729e-01 6.660969161243369685e-01 2.053969638466346115e-01
4.301075268817204367e-01 6.613692250189561195e-01 2.074353397612250793e-01
4.310850439882698004e-01 6.566733166647155118e-01 2.094326226482007280e-01
4.320625610948191642e-01 6.520090543734047284e-01 2.113892502854022304e-01
4.330400782013685279e-01 6.473763045216183176e-01 2.133056569903742927e-01
4.340175953079178917e-01 6.427749367005376468e-01 2.151822736438183947e-01
4.349951124144672554e-01 6.382048238704269849e-01 2.170195277147461133e-01
4.359726295210166191e-01 6.336658425220620394e-01 2.188178432887450675e-01
4.369501466275659829e-01 6.291578728466714621e-01 2.205776410994980119e-01
4.379276637341153466e-01 6.246807989146648810e-01 2.222993385626568785e-01
4.389051808406647104e-01 6.202345088639877879e-01 2.239833498115306742e-01
4.398826979472140741e-01 6.158188950996624778e-01 2.256300857348886857e-01
4.408602150537634379e-01 6.114338545060807872e-01 2.272399540172074239e-01
4.418377321603128016e-01 6.070792886732478966e-01 2.288133591812642753e-01
4.428152492668621654e-01 6.027551041381336017e-01 2.303507026328694418e-01
4.437927663734115291e-01 5.984612126426024359e-01 2.318523827077916821e-01
4.447702834799608929e-01 5.941975314096342720e-01 2.333187947211252666e-01
4.457478005865102566e-01 5.899639834395484783e-01 2.347503310192876058e-01
4.467253176930596203e-01 5.857604978279646879e-01 2.361473810347421987e-01
4.477028347996089841e-01 5.815870101073800091e-01 2.375103313435788233e-01
4.486803519061583478e-01 5.774434626144562266e-01 2.388395657261980221e-01
4.496578690127077116e-01 5.733298048853063822e-01 2.401354652314094118e-01
4.506353861192570753e-01 5.692459940812003572e-01 2.413984082442494072e-01
4.516129032258064391e-01 5.651919954472802710e-01 2.426287705578333287e-01
4.525904203323558028e-01 5.611677828071032215e-01 2.438269254496110705e-01
4.535679374389051666e-01 5.571733390960764698e-01 2.449932437624663950e-01
4.545454545454545303e-01 5.532086569371046370e-01 2.461280939911541232e-01
4.555229716520038941e-01 5.492737392620218317e-01 2.472318423746112659e-01
4.565004887585532578e-01 5.453685999826630715e-01 2.483048529947290972e-01
4.574780058651026216e-01 5.414932647157455481e-01 2.493474878822436180e-01
4.584555229716519853e-01 5.376477715660619161e-01 2.503601071304805692e-01
4.594330400782013490e-01 5.338321719728407189e-01 2.513430690177691496e-01
4.604105571847507128e-01 5.300465316244903358e-01 2.522967301394189454e-01
4.613880742913000765e-01 5.262909314473274147e-01 2.532214455502443951e-01
4.623655913978494403e-01 5.225654686742965405e-01 2.541175689187233910e-01
4.633431085043988040e-01 5.188702580000957854e-01 2.549854526939819843e-01
4.643206256109481678e-01 5.152054328295457841e-01 2.558254482869223301e-01
4.652981427174975315e-01 5.115711466264599716e-01 2.566379062669263411e-01
4.662756598240468953e-01 5.079675743706746349e-01 2.574231765757050150e-01
4.672531769305962590e-01 5.043949141312924489e-01 2.581816087600034004e-01
4.682306940371456228e-01 5.008533887645405525e-01 2.589135522250196053e-01
4.692082111436950420e-01 4.973432477449390432e-01 2.596193565105500145e-01
4.701857282502444058e-01 4.938647691386959249e-01 2.602993715920363105e-01
4.711632453567937695e-01 4.904182617283390222e-01 2.609539482088399920e-01
4.721407624633431332e-01 4.870040672975525786e-01 2.615834382222345655e-01
4.731182795698924970e-01 4.836225630849463886e-01 2.621881950057511346e-01
4.740957966764418607e-01 4.802741644149820521e-01 2.627685738706508345e-01
4.750733137829912245e-01 4.769593275134664245e-01 2.633249325294088061e-01
4.760508308895405882e-01 4.736785525137875985e-01 2.638576316001735034e-01
4.770283479960899520e-01 4.704323866583320912e-01 2.643670351551981046e-01
4.780058651026393157e-01 4.672214276971516367e-01 2.648535113162072685e-01
4.789833822091886795e-01 4.640463274828081630e-01 2.653174328995490661e-01
4.799608993157380432e-01 4.609077957562406902e-01 2.657591781137486620e-01
4.809384164222874070e-01 4.578066041132894948e-01 2.661791313117192193e-01
4.819159335288367707e-01 4.547435901349491938e-01 2.665776837993358295e-01
4.828934506353861345e-01 4.517196616562558220e-01 2.669552347013143256e-01
4.838709677419354982e-01 4.487358011386758938e-01 2.673121918843072709e-01
4.848484848484848619e-01 4.457930700986523775e-01 2.676489729357716119e-01
4.858260019550342257e-01 4.428926135302577727e-01 2.679660061954217132e-01
4.868035190615835894e-01 4.400356642423913778e-01 2.682637318338969012e-01
4.877810361681329532e-01 4.372235470103317811e-01 2.685426029705627604e-01
4.887585532746823169e-01 4.344576824174388174e-01 2.688030868190788292e-01
4.897360703812316807e-01 4.317395902352170189e-01 2.690456658454335459e-01
4.907135874877810444e-01 4.290708921587227387e-01 2.692708389185313744e-01
4.916911045943304082e-01 4.264533136795614077e-01 2.694791224280951858e-01
4.926686217008797719e-01 4.238886848408580654e-01 2.696710513386385011e-01
4.936461388074291357e-01 4.213789395783745229e-01 2.698471801416391092e-01
4.946236559139784994e-01 4.189261133106308432e-01 2.700080836609604629e-01
4.956011730205278631e-01 4.165323384003479790e-01 2.701543576592586593e-01
4.965786901270772269e-01 4.141998370723814493e-01 2.702866191859468192e-01
4.975562072336265906e-01 4.119309113430852931e-01 2.704055066007670094e-01
4.985337243401759544e-01 4.097279294972277497e-01 2.705116792018035787e-01
4.995112414467253181e-01 4.075933086467430910e-01 2.706058163836818631e-01
5.004887585532746819e-01 4.055294929272936222e-01 2.706886162516997096e-01
5.014662756598240456e-01 4.035389269412045232e-01 2.707607936218356381e-01
5.024437927663734094e-01 4.016240241466494387e-01 2.708230773460725271e-01
5.034213098729227731e-01 3.997871300305944620e-01 2.708762069183465737e-01
5.043988269794721369e-01 3.980304800934741372e-01 2.709209283394978240e-01
5.053763440860215006e-01 3.963561529209773115e-01 2.709579892502818055e-01
5.063538611925708643e-01 3.947660189229109107e-01 2.709881333795530756e-01
5.073313782991202281e-01 3.932616856755078993e-01 2.710120943990558806e-01
5.083088954056695918e-01 3.918444411990957277e-01 2.710305893246678366e-01
5.092864125122189556e-01 3.905151969163940806e-01 2.710443116531294216e-01
5.102639296187683193e-01 3.892744324371943954e-01 2.710539244688271454e-01
5.112414467253176831e-01 3.881221446632910355e-01 2.710600537918443909e-01
5.122189638318670468e-01 3.870578039570592432e-01 2.710632824606926672e-01
5.131964809384164106e-01 3.860803202191878114e-01 2.710641448457639102e-01
5.141739980449657743e-01 3.851880216301742932e-01 2.710631226687779116e-01
5.151515151515151381e-01 3.843786484914817891e-01 2.710606421577581027e-01
5.161290322580645018e-01 3.836493640396921867e-01 2.710570726977297729e-01
5.171065493646138655e-01 3.829967833104603869e-01 2.710527270490925011e-01
5.180840664711632293e-01 3.824170201390196255e-01 2.710478631062741561e-01
5.190615835777125930e-01 3.819057512718004310e-01 2.710426870689265910e-01
5.200391006842619568e-01 3.814582954268132542e-01 2.710373578075446765e-01
5.210166177908113205e-01 3.810697040918263334e-01 2.710319921351465045e-01
5.219941348973606843e-01 3.807348600028308550e-01 2.710266706541696879e-01
5.229716520039100480e-01 3.804485786985929985e-01 2.710214438368270806e-01
5.239491691104594118e-01 3.802057083662110371e-01 2.710163380172083691e-01
5.249266862170087755e-01 3.800012234004365164e-01 2.710113610196695499e-01
5.259042033235581393e-01 3.798303076715476290e-01 2.710065072126121577e-01
5.268817204301075030e-01 3.796884243644811918e-01 2.710017618502086889e-01
5.278592375366568668e-01 3.795713703146658125e-01 2.709971046376284942e-01
5.288367546432062305e-01 3.794753139056845637e-01 2.709925125201043117e-01
5.298142717497555942e-01 3.793968166935356989e-01 2.709879617474796332e-01
5.307917888563049580e-01 3.793328398816753211e-01 2.709834293012151618e-01
5.317693059628543217e-01 3.792807375182771779e-01 2.709788937903071515e-01
5.327468230694036855e-01 3.792382387840999569e-01 2.709743359282091868e-01
5.337243401759530492e-01 3.792034219812385754e-01 2.709697386978079936e-01
5.347018572825024130e-01 3.791746828431393768e-01 2.709650872993297210e-01
5.356793743890517767e-01 3.791506996076859370e-01 2.709603689600456056e-01
5.366568914956011405e-01 3.791303969814652786e-01 2.709555726675230147e-01
5.376344086021505042e-01 3.791129107299167078e-01 2.709506888718734019e-01
5.386119257086998680e-01 3.790975542054016989e-01 2.709457091881872226e-01
5.395894428152492317e-01 3.790837877143881096e-01 2.709406261186824150e-01
5.405669599217985954e-01 3.790711912555397856e-01 2.709354328051335470e-01
5.415444770283479592e-01 3.790594408506355317e-01 2.709301228156714703e-01
5.425219941348973229e-01 3.790482884477537340e-01 2.709246899656935215e-01
5.434995112414466867e-01 3.790375452008113988e-01 2.709191281699459553e-01
5.444770283479960504e-01 3.790270678153703221e-01 2.709134313214337508e-01
5.454545454545454142e-01 3.790167475882262327e-01 2.709075931922774738e-01
5.464320625610947779e-01 3.790065017468228770e-01 2.709016073516893330e-01
5.474095796676441417e-01 3.789962667030820631e-01 2.708954670966211564e-01
5.483870967741935054e-01 3.789859928649247367e-01 2.708891653911859598e-01
5.493646138807428692e-01 3.789756406892175744e-01 2.708826948115515831e-01
5.503421309872922329e-01 3.789651777055345061e-01 2.708760474935559825e-01
5.513196480938415966e-01 3.789545762861483702e-01 2.708692150807820442e-01
5.522971652003909604e-01 3.789438119808000160e-01 2.708621886712061499e-01
5.532746823069403241e-01 3.789328622730924190e-01 2.708549587608046205e-01
5.542521994134896879e-01 3.789217056478892953e-01 2.708475151826703620e-01
5.552297165200390516e-01 3.789103208856832716e-01 2.708398470402439417e-01
5.562072336265884154e-01 3.788986865208551214e-01 2.708319426332262969e-01
5.571847507331377791e-01 3.788867804166721198e-01 2.708237893745903957e-01
5.581622678396871429e-01 3.788745794215431784e-01 2.708153736968589298e-01
5.591397849462365066e-01 3.788620590792155518e-01 2.708066809454298673e-01
5.601173020527858704e-01 3.788491933709829951e-01 2.707976952561844119e-01
5.610948191593352341e-01 3.788359544711900062e-01 2.707883994138505779e-01
5.620723362658845979e-01 3.788223124987851187e-01 2.707787746865211731e-01
5.630498533724340726e-01 3.788082352476844217e-01 2.707688006302254591e-01
5.640273704789834364e-01 3.787936878773245919e-01 2.707584548553312320e-01
5.650048875855328001e-01 3.787786325418706634e-01 2.707477127435616859e-01
5.659824046920821639e-01 3.787630279317600324e-01 2.707365471001825785e-01
5.669599217986315276e-01 3.787468286939943973e-01 2.707249277199856308e-01
5.679374389051808913e-01 3.787299846870131326e-01 2.707128208374353084e-01
5.689149560117302551e-01 3.787124400109753708e-01 2.707001884199732311e-01
5.698924731182796188e-01 3.786941317334960311e-01 2.706869872480381356e-01
5.708699902248289826e-01 3.786749882027382608e-01 2.706731677047503615e-01
5.718475073313783463e-01 3.786549268025539150e-01 2.706586721712068155e-01
5.728250244379277101e-01 3.786338509563735855e-01 2.706434328887394880e-01
5.738025415444770738e-01 3.786116461263313582e-01 2.706273691062564546e-01
5.747800586510264376e-01 3.785881744808298199e-01 2.706103832783132712e-01
5.757575757575758013e-01 3.785632678176630295e-01 2.705923560180155119e-01
5.767350928641251651e-01 3.785367182328956970e-01 2.705731394396297951e-01
5.777126099706745288e-01 3.785082659223414914e-01 2.705525484520006629e-01
5.786901270772238925e-01 3.784775834002656048e-01 2.705303494909280793e-01
5.796676441837732563e-01 3.784442553303122292e-01 2.705062461147355046e-01
5.806451612903226200e-01 3.784077531024294672e-01 2.704798608436200791e-01
5.816226783968719838e-01 3.783674032770129592e-01 2.704507126145286877e-01
5.826001955034213475e-01 3.783223490778679365e-01 2.704181892665596942e-01
5.835777126099707113e-01 3.782715042758351687e-01 2.703815145865180458e-01
5.845552297165200750e-01 3.782134990924634343e-01 2.703397096498374452e-01
5.855327468230694388e-01 3.781466181925302039e-01 2.702915485062142298e-01
5.865102639296188025e-01 3.780687314431176449e-01 2.702355086945602558e-01
5.874877810361681663e-01 3.779772189009556471e-01 2.701697176322760963e-01
5.884652981427175300e-01 3.778688924373352909e-01 2.700918966011565669e-01
5.894428152492668938e-01 3.777399174876044374e-01 2.699993048225405312e-01
5.904203323558162575e-01 3.775857395611615930e-01 2.698886869354855667e-01
5.913978494623656212e-01 3.774010212821832799e-01 2.697562280024762837e-01
5.923753665689149850e-01 3.771795967401515015e-01 2.695975208881908336e-01
5.933528836754643487e-01 3.769144506819822049e-01 2.694075513947964406e-01
5.943304007820137125e-01 3.765977304334113818e-01 2.691807067915014673e-01
5.953079178885630762e-01 3.762207982587222332e-01 2.689108132483413183e-01
5.962854349951124400e-01 3.757743310370170176e-01 2.685912070901706472e-01
5.972629521016618037e-01 3.752484725699004597e-01 2.682148436693010951e-01
5.982404692082111675e-01 3.746330415147322568e-01 2.677744459963529167e-01
5.992179863147605312e-01 3.739177949045207061e-01 2.672626931008642570e-01
6.001955034213098950e-01 3.730927435941104875e-01 2.666724455046973752e-01
6.011730205278592587e-01 3.721485119671238406e-01 2.659970023285097573e-01
6.021505376344086224e-01 3.710767301264261131e-01 2.652303816127360436e-01
6.031280547409579862e-01 3.698704429050223008e-01 2.643676126571723461e-01
6.041055718475073499e-01 3.685245167348358830e-01 2.634050268251117433e-01
6.050830889540567137e-01 3.670360230527930923e-01 2.623405315727893039e-01
6.060606060606060774e-01 3.654045758189137239e-01 2.611738516755675032e-01
6.070381231671554412e-01 3.636326011012632198e-01 2.599067218943204027e-01
6.080156402737048049e-01 3.617255186669017797e-01 2.585430167440781468e-01
6.089931573802541687e-01 3.596918190906582269e-01 2.570888055808973616e-01
6.099706744868035324e-01 3.575430248944175271e-01 2.555523247975872159e-01
6.109481915933528962e-01 3.552935303594150773e-01 2.539438633004169055e-01
6.119257086999022599e-01 3.529603214955684964e-01 2.522755623290612315e-01
6.129032258064516236e-01 3.505625847048078891e-01 2.505611357231523062e-01
6.138807429130009874e-01 3.481212194014073336e-01 2.488155215461565484e-01
6.148582600195503511e-01 3.456582757259193950e-01 2.470544801752576070e-01
6.158357771260997149e-01 3.431963430481271837e-01 2.452941572240371348e-01
6.168132942326490786e-01 3.407579178438031042e-01 2.435506317295515200e-01
6.177908113391984424e-01 3.383647805365146977e-01 2.418394707543393418e-01
6.187683284457478061e-01 3.360374099656895375e-01 2.401753108887176025e-01
6.197458455522971699e-01 3.337944613841614672e-01 2.385714851670333314e-01
6.207233626588465336e-01 3.316523295587890385e-01 2.370397108165678002e-01
6.217008797653958974e-01 3.296248130219698869e-01 2.355898493079629785e-01
6.226783968719452611e-01 3.277228892554020501e-01 2.342297456968964742e-01
6.236559139784946248e-01 3.259546040705331715e-01 2.329651495886931878e-01
6.246334310850439886e-01 3.243250721620743460e-01 2.317997155632054440e-01
6.256109481915933523e-01 3.228365801784719991e-01 2.307350768716146250e-01
6.265884652981427161e-01 3.214887790172401005e-01 2.297709829034512152e-01
6.275659824046920798e-01 3.202789486463791246e-01 2.289054884874921481e-01
6.285434995112414436e-01 3.192023166906763354e-01 2.281351816163849355e-01
6.295210166177908073e-01 3.182524113027609403e-01 2.274554356713224257e-01
6.304985337243401711e-01 3.174214293598520142e-01 2.268606725958288994e-01
6.314760508308895348e-01 3.167006026028213461e-01 2.263446245942050961e-01
6.324535679374388986e-01 3.160805467231210253e-01 2.259005836378778775e-01
6.334310850439882623e-01 3.155515813355416199e-01 2.255216301590005079e-01
6.344086021505376261e-01 3.151040119788410809e-01 2.252008346008449735e-01
6.353861192570869898e-01 3.147283685107465367e-01 2.249314277992412459e-01
6.363636363636363535e-01 3.144155972953086575e-01 2.247069383360341677e-01
6.373411534701857173e-01 3.141572072547043071e-01 2.245212969167839634e-01
6.383186705767350810e-01 3.139453720639136525e-01 2.243689094018063435e-01
6.392961876832844448e-01 3.137729924480681110e-01 2.242447013212849061e-01
6.402737047898338085e-01 3.136337236895451741e-01 2.241441375250790569e-01
6.412512218963831723e-01 3.135219740955763057e-01 2.240632210778010502e-01
6.422287390029325360e-01 3.134328803772096217e-01 2.239984756526307019e-01
6.432062561094818998e-01 3.133622657257074118e-01 2.239469155594733529e-01
6.441837732160312635e-01 3.133065859304111078e-01 2.239060072270396551e-01
6.451612903225806273e-01 3.132628682504911555e-01 2.238736255069259662e-01
6.461388074291299910e-01 3.132286470129405087e-01 2.238480076387807660e-01
6.471163245356793547e-01 3.132018991305701716e-01 2.238277071591247280e-01
6.480938416422287185e-01 3.131809819726533717e-01 2.238115494923845206e-01
6.490713587487780822e-01 3.131645753185315906e-01 2.237985904607182330e-01
6.500488758553274460e-01 3.131516285080750417e-01 2.237880785086420465e-01
6.510263929618768097e-01 3.131413133868856669e-01 2.237794210696739672e-01
6.520039100684261735e-01 3.131329832326564810e-01 2.237721552081273491e-01
6.529814271749755372e-01 3.131261375382873302e-01 2.237659224470541774e-01
6.539589442815249010e-01 3.131203923078375584e-01 2.237604475364513013e-01
6.549364613880742647e-01 3.131154553804463281e-01 2.237555208151357222e-01
6.559139784946236285e-01 3.131111062207838636e-01 2.237509837650152600e-01
6.568914956011729922e-01 3.131071795880834840e-01 2.237467173375367879e-01
6.578690127077223559e-01 3.131035525059329694e-01 2.237426326391796227e-01
6.588465298142717197e-01 3.131001339901380298e-01 2.237386635876440211e-01
6.598240469208210834e-01 3.130968570430587294e-01 2.237347611867996633e-01
6.608015640273704472e-01 3.130936724835968188e-01 2.237308891130926625e-01
6.617790811339198109e-01 3.130905442471766942e-01 2.237270203556843695e-01
6.627565982404691747e-01 3.130874458507199587e-01 2.237231346975187274e-01
6.637341153470185384e-01 3.130843577586324700e-01 2.237192168447885432e-01
6.647116324535679022e-01 3.130812653987492533e-01 2.237152549951469671e-01
6.656891495601172659e-01 3.130781575981110287e-01 2.237112396300205419e-01
6.666666666666666297e-01 3.130750253469430366e-01 2.237071624816266979e-01
6.676441837732159934e-01 3.130718611422559916e-01 2.237030160985622462e-01
6.686217008797653572e-01 3.130686594432875447e-01 2.236987948572442542e-01
6.695992179863147209e-01 3.130654180442822843e-01 2.236944972833818657e-01
6.705767350928640846e-01 3.130621374817217362e-01 2.236901256830415852e-01
6.715542521994134484e-01 3.130588127991834058e-01 2.236856747680060209e-01
6.725317693059628121e-01 3.130554171362953109e-01 2.236811076676175347e-01
6.735092864125121759e-01 3.130518995508040359e-01 2.236763504177170792e-01
6.744868035190615396e-01 3.130482482656144483e-01 2.236713796181831748e-01
6.754643206256109034e-01 3.130446378489041837e-01 2.236664369989251888e-01
6.764418377321602671e-01 3.130414872509088009e-01 2.236621331414228586e-01
6.774193548387096309e-01 3.130389726269692807e-01 2.236587791901198385e-01
6.783968719452589946e-01 3.130357186557191085e-01 2.236544911328826046e-01
6.793743890518083584e-01 3.130279663776531218e-01 2.236438282951824508e-01
6.803519061583577221e-01 3.130132122776667081e-01 2.236227231784880809e-01
6.813294232649070858e-01 3.130016467653324863e-01 2.236049534202833589e-01
6.823069403714564496e-01 3.130260111631218978e-01 2.236376348541292969e-01
6.832844574780058133e-01 3.131154646428356836e-01 2.237664404582087596e-01
6.842619745845551771e-01 3.131971515101092951e-01 2.238946330991195000e-01
6.852394916911045408e-01 3.129895354573039579e-01 2.236193891871308403e-01
6.862170087976539046e-01 3.121811623701752914e-01 2.224646679188835574e-01
6.871945259042032683e-01 3.112637962021345128e-01 2.210659832003049885e-01
6.881720430107527431e-01 3.125921031734535949e-01 2.227707339491147853e-01
6.891495601173021068e-01 3.193346241653158835e-01 2.324192689977625237e-01
6.901270772238514706e-01 3.286090440486789666e-01 2.465854204861527288e-01
6.911045943304008343e-01 3.190465806946351512e-01 2.347794847755828862e-01
6.920821114369501981e-01 2.599231057142700196e-01 1.560931827967838581e-01
6.930596285434995618e-01 1.794703151455586121e-01 5.656880451095189916e-02
6.940371456500489256e-01 1.377212122497921409e-01 1.143149162901823182e-02
6.950146627565982893e-01 1.271012965304132714e-01 1.751301653550552031e-03
6.959921798631476531e-01 1.253061812579445988e-01 2.503858187909157066e-04
6.969696969696970168e-01 1.250433946491791570e-01 3.537996117972548029e-05
6.979472140762463805e-01 1.250061232950863965e-01 4.990041193147583110e-06
6.989247311827957443e-01 1.250008634947308572e-01 7.036274929580913705e-07
6.999022482893451080e-01 1.250001217556528932e-01 9.921370308341658435e-08
7.008797653958944718e-01 1.250000171678034566e-01 1.398931495881937061e-08
7.018572825024438355e-01 1.250000024206950056e-01 1.972519126386582862e-09
7.028347996089931993e-01 1.250000003413228866e-01 2.781291918261678381e-10
7.038123167155425630e-01 1.250000000481272522e-01 3.921674080916031485e-11
7.047898338220919268e-01 1.250000000067859884e-01 5.529645420916696168e-12
7.057673509286412905e-01 1.250000000009567624e-01 7.796997037101639736e-13
7.067448680351906543e-01 1.250000000001348921e-01 1.099189393901916019e-13
7.077223851417400180e-01 1.250000000000189571e-01 1.549645992893081439e-14
7.086999022482893817e-01 1.250000000000026368e-01 2.150342624305065678e-15
7.096774193548387455e-01 1.250000000000003331e-01 2.851337052662750525e-16
7.106549364613881092e-01 1.250000000000000278e-01 2.930210802145349430e-17
7.116324535679374730e-01 1.250000000000000000e-01 1.126988402253408190e-18
7.126099706744868367e-01 1.250000000000000000e-01 6.157945013162669613e-69
7.135874877810362005e-01 1.250000000000000000e-01 1.524619159096189228e-139
7.145650048875855642e-01 1.250000000000000000e-01 8.655819780097677814e-284
7.155425219941349280e-01 1.250000000000000000e-01 0.000000000000000000e+00
7.165200391006842917e-01 1.250000000000000000e-01 0.000000000000000000e+00
7.174975562072336555e-01 1.250000000000000000e-01 0.000000000000000000e+00
7.184750733137830192e-01 1.250000000000000000e-01 0.000000000000000000e+00
7.194525904203323829e-01 1.250000000000000000e-01 0.000000000000000000e+00
7.204301075268817467e-01 1.250000000000000000e-01 0.000000000000000000e+00
7.214076246334311104e-01 1.250000000000000000e-01 0.000000000000000000e+00
7.223851417399804742e-01 1.250000000000000000e-01 0.000000000000000000e+00
7.233626588465298379e-01 1.250000000000000000e-01 0.000000000000000000e+00
7.243401759530792017e-01 1.250000000000000000e-01 0.000000000000000000e+00
7.253176930596285654e-01 1.250000000000000000e-01 0.000000000000000000e+00
7.262952101661779292e-01 1.250000000000000000e-01 0.000000000000000000e+00
7.272727272727272929e-01 1.250000000000000000e-01 0.000000000000000000e+00
7.282502443792766567e-01 1.250000000000000000e-01 0.000000000000000000e+00
7.292277614858260204e-01 1.250000000000000000e-01 0.000000000000000000e+00
7.302052785923753842e-01 1.250000000000000000e-01 0.000000000000000000e+00
7.311827956989247479e-01 1.250000000000000000e-01 0.000000000000000000e+00
7.321603128054741116e-01 1.250000000000000000e-01 0.000000000000000000e+00
7.331378299120234754e-01 1.250000000000000000e-01 0.000000000000000000e+00
7.341153470185728391e-01 1.250000000000000000e-01 0.000000000000000000e+00
7.350928641251222029e-01 1.250000000000000000e-01 0.000000000000000000e+00
7.360703812316715666e-01 1.250000000000000000e-01 0.000000000000000000e+00
7.370478983382209304e-01 1.250000000000000000e-01 0.000000000000000000e+00
7.380254154447702941e-01 1.250000000000000000e-01 0.000000000000000000e+00
7.390029325513196579e-01 1.250000000000000000e-01 0.000000000000000000e+00
7.399804496578690216e-01 1.250000000000000000e-01 0.000000000000000000e+00
7.409579667644183854e-01 1.250000000000000000e-01 0.000000000000000000e+00
7.419354838709677491e-01 1.250000000000000000e-01 0.000000000000000000e+00
7.429130009775171128e-01 1.250000000000000000e-01 0.000000000000000000e+00
7.438905180840664766e-01 1.250000000000000000e-01 0.000000000000000000e+00
7.448680351906158403e-01 1.250000000000000000e-01 0.000000000000000000e+00
7.458455522971652041e-01 1.250000000000000000e-01 0.000000000000000000e+00
7.468230694037145678e-01 1.250000000000000000e-01 0.000000000000000000e+00
7.478005865102639316e-01 1.250000000000000000e-01 0.000000000000000000e+00
7.487781036168132953e-01 1.250000000000000000e-01 0.000000000000000000e+00
7.497556207233626591e-01 1.250000000000000000e-01 0.000000000000000000e+00
7.507331378299120228e-01 1.250000000000000000e-01 0.000000000000000000e+00
7.517106549364613866e-01 1.250000000000000000e-01 0.000000000000000000e+00
7.526881720430107503e-01 1.250000000000000000e-01 0.000000000000000000e+00
7.536656891495601140e-01 1.250000000000000000e-01 0.000000000000000000e+00
7.546432062561094778e-01 1.250000000000000000e-01 0.000000000000000000e+00
7.556207233626588415e-01 1.250000000000000000e-01 0.000000000000000000e+00
7.565982404692082053e-01 1.250000000000000000e-01 0.000000000000000000e+00
7.575757575757575690e-01 1.250000000000000000e-01 0.000000000000000000e+00
7.585532746823069328e-01 1.250000000000000000e-01 0.000000000000000000e+00
7.595307917888562965e-01 1.250000000000000000e-01 0.000000000000000000e+00
7.605083088954056603e-01 1.250000000000000000e-01 0.000000000000000000e+00
7.614858260019550240e-01 1.250000000000000000e-01 0.000000000000000000e+00
7.624633431085043878e-01 1.250000000000000000e-01 0.000000000000000000e+00
7.634408602150537515e-01 1.250000000000000000e-01 0.000000000000000000e+00
7.644183773216031152e-01 1.250000000000000000e-01 0.000000000000000000e+00
7.653958944281524790e-01 1.250000000000000000e-01 0.000000000000000000e+00
7.663734115347018427e-01 1.250000000000000000e-01 0.000000000000000000e+00
7.673509286412512065e-01 1.250000000000000000e-01 0.000000000000000000e+00
7.683284457478005702e-01 1.250000000000000000e-01 0.000000000000000000e+00
7.693059628543499340e-01 1.250000000000000000e-01 0.000000000000000000e+00
7.702834799608992977e-01 1.250000000000000000e-01 0.000000000000000000e+00
7.712609970674486615e-01 1.250000000000000000e-01 0.000000000000000000e+00
7.722385141739980252e-01 1.250000000000000000e-01 0.000000000000000000e+00
7.732160312805473890e-01 1.250000000000000000e-01 0.000000000000000000e+00
7.741935483870967527e-01 1.250000000000000000e-01 0.000000000000000000e+00
7.751710654936461165e-01 1.250000000000000000e-01 0.000000000000000000e+00
7.761485826001954802e-01 1.250000000000000000e-01 0.000000000000000000e+00
7.771260997067448439e-01 1.250000000000000000e-01 0.000000000000000000e+00
7.781036168132942077e-01 1.250000000000000000e-01 0.000000000000000000e+00
7.790811339198435714e-01 1.250000000000000000e-01 0.000000000000000000e+00
7.800586510263929352e-01 1.250000000000000000e-01 0.000000000000000000e+00
7.810361681329422989e-01 1.250000000000000000e-01 0.000000000000000000e+00
7.820136852394916627e-01 1.250000000000000000e-01 0.000000000000000000e+00
7.829912023460410264e-01 1.250000000000000000e-01 0.000000000000000000e+00
7.839687194525903902e-01 1.250000000000000000e-01 0.000000000000000000e+00
7.849462365591397539e-01 1.250000000000000000e-01 0.000000000000000000e+00
7.859237536656891177e-01 1.250000000000000000e-01 0.000000000000000000e+00
7.869012707722384814e-01 1.250000000000000000e-01 0.000000000000000000e+00
7.878787878787878451e-01 1.250000000000000000e-01 0.000000000000000000e+00
7.888563049853372089e-01 1.250000000000000000e-01 0.000000000000000000e+00
7.898338220918865726e-01 1.250000000000000000e-01 0.000000000000000000e+00
7.908113391984359364e-01 1.250000000000000000e-01 0.000000000000000000e+00
7.917888563049853001e-01 1.250000000000000000e-01 0.000000000000000000e+00
7.927663734115346639e-01 1.250000000000000000e-01 0.000000000000000000e+00
7.937438905180840276e-01 1.250000000000000000e-01 0.000000000000000000e+00
7.947214076246333914e-01 1.250000000000000000e-01 0.000000000000000000e+00
7.956989247311827551e-01 1.250000000000000000e-01 0.000000000000000000e+00
7.966764418377321189e-01 1.250000000000000000e-01 0.000000000000000000e+00
7.976539589442814826e-01 1.250000000000000000e-01 0.000000000000000000e+00
7.986314760508308463e-01 1.250000000000000000e-01 0.000000000000000000e+00
7.996089931573802101e-01 1.250000000000000000e-01 0.000000000000000000e+00
8.005865102639295738e-01 1.250000000000000000e-01 0.000000000000000000e+00
8.015640273704789376e-01 1.250000000000000000e-01 0.000000000000000000e+00
8.025415444770283013e-01 1.250000000000000000e-01 0.000000000000000000e+00
8.035190615835776651e-01 1.250000000000000000e-01 0.000000000000000000e+00
8.044965786901270288e-01 1.250000000000000000e-01 0.000000000000000000e+00
8.054740957966763926e-01 1.250000000000000000e-01 0.000000000000000000e+00
8.064516129032257563e-01 1.250000000000000000e-01 0.000000000000000000e+00
8.074291300097751201e-01 1.250000000000000000e-01 0.000000000000000000e+00
8.084066471163244838e-01 1.250000000000000000e-01 0.000000000000000000e+00
8.093841642228738475e-01 1.250000000000000000e-01 0.000000000000000000e+00
8.103616813294232113e-01 1.250000000000000000e-01 0.000000000000000000e+00
8.113391984359725750e-01 1.250000000000000000e-01 0.000000000000000000e+00
8.123167155425219388e-01 1.250000000000000000e-01 0.000000000000000000e+00
8.132942326490714136e-01 1.250000000000000000e-01 0.000000000000000000e+00
8.142717497556207773e-01 1.250000000000000000e-01 0.000000000000000000e+00
8.152492668621701410e-01 1.250000000000000000e-01 0.000000000000000000e+00
8.162267839687195048e-01 1.250000000000000000e-01 0.000000000000000000e+00
8.172043010752688685e-01 1.250000000000000000e-01 0.000000000000000000e+00
8.181818181818182323e-01 1.250000000000000000e-01 0.000000000000000000e+00
8.191593352883675960e-01 1.250000000000000000e-01 0.000000000000000000e+00
8.201368523949169598e-01 1.250000000000000000e-01 0.000000000000000000e+00
8.211143695014663235e-01 1.250000000000000000e-01 0.000000000000000000e+00
8.220918866080156873e-01 1.250000000000000000e-01 0.000000000000000000e+00
8.230694037145650510e-01 1.250000000000000000e-01 0.000000000000000000e+00
8.240469208211144148e-01 1.250000000000000000e-01 0.000000000000000000e+00
8.250244379276637785e-01 1.250000000000000000e-01 0.000000000000000000e+00
8.260019550342131422e-01 1.250000000000000000e-01 0.000000000000000000e+00
8.269794721407625060e-01 1.250000000000000000e-01 0.000000000000000000e+00
8.279569892473118697e-01 1.250000000000000000e-01 0.000000000000000000e+00
8.289345063538612335e-01 1.250000000000000000e-01 0.000000000000000000e+00
8.299120234604105972e-01 1.250000000000000000e-01 0.000000000000000000e+00
8.308895405669599610e-01 1.250000000000000000e-01 0.000000000000000000e+00
8.318670576735093247e-01 1.250000000000000000e-01 0.000000000000000000e+00
8.328445747800586885e-01 1.250000000000000000e-01 0.000000000000000000e+00
8.338220918866080522e-01 1.250000000000000000e-01 0.000000000000000000e+00
8.347996089931574160e-01 1.250000000000000000e-01 0.000000000000000000e+00
8.357771260997067797e-01 1.250000000000000000e-01 0.000000000000000000e+00
8.367546432062561435e-01 1.250000000000000000e-01 0.000000000000000000e+00
8.377321603128055072e-01 1.250000000000000000e-01 0.000000000000000000e+00
8.387096774193548709e-01 1.250000000000000000e-01 0.000000000000000000e+00
8.396871945259042347e-01 1.250000000000000000e-01 0.000000000000000000e+00
8.406647116324535984e-01 1.250000000000000000e-01 0.000000000000000000e+00
8.416422287390029622e-01 1.250000000000000000e-01 0.000000000000000000e+00
8.426197458455523259e-01 1.250000000000000000e-01 0.000000000000000000e+00
8.435972629521016897e-01 1.250000000000000000e-01 0.000000000000000000e+00
8.445747800586510534e-01 1.250000000000000000e-01 0.000000000000000000e+00
8.455522971652004172e-01 1.250000000000000000e-01 0.000000000000000000e+00
8.465298142717497809e-01 1.250000000000000000e-01 0.000000000000000000e+00
8.475073313782991447e-01 1.250000000000000000e-01 0.000000000000000000e+00
8.484848484848485084e-01 1.250000000000000000e-01 0.000000000000000000e+00
8.494623655913978721e-01 1.250000000000000000e-01 0.000000000000000000e+00
8.504398826979472359e-01 1.250000000000000000e-01 0.000000000000000000e+00
8.514173998044965996e-01 1.250000000000000000e-01 0.000000000000000000e+00
8.523949169110459634e-01 1.250000000000000000e-01 0.000000000000000000e+00
8.533724340175953271e-01 1.250000000000000000e-01 0.000000000000000000e+00
8.543499511241446909e-01 1.250000000000000000e-01 0.000000000000000000e+00
8.553274682306940546e-01 1.250000000000000000e-01 0.000000000000000000e+00
8.563049853372434184e-01 1.250000000000000000e-01 0.000000000000000000e+00
8.572825024437927821e-01 1.250000000000000000e-01 0.000000000000000000e+00
8.582600195503421459e-01 1.250000000000000000e-01 0.000000000000000000e+00
8.592375366568915096e-01 1.250000000000000000e-01 0.000000000000000000e+00
8.602150537634408733e-01 1.250000000000000000e-01 0.000000000000000000e+00
8.611925708699902371e-01 1.250000000000000000e-01 0.000000000000000000e+00
8.621700879765396008e-01 1.250000000000000000e-01 0.000000000000000000e+00
8.631476050830889646e-01 1.250000000000000000e-01 0.000000000000000000e+00
8.641251221896383283e-01 1.250000000000000000e-01 0.000000000000000000e+00
8.651026392961876921e-01 1.250000000000000000e-01 0.000000000000000000e+00
8.660801564027370558e-01 1.250000000000000000e-01 0.000000000000000000e+00
8.670576735092864196e-01 1.250000000000000000e-01 0.000000000000000000e+00
8.680351906158357833e-01 1.250000000000000000e-01 0.000000000000000000e+00
8.690127077223851471e-01 1.250000000000000000e-01 0.000000000000000000e+00
8.699902248289345108e-01 1.250000000000000000e-01 0.000000000000000000e+00
8.709677419354838745e-01 1.250000000000000000e-01 0.000000000000000000e+00
8.719452590420332383e-01 1.250000000000000000e-01 0.000000000000000000e+00
8.729227761485826020e-01 1.250000000000000000e-01 0.000000000000000000e+00
8.739002932551319658e-01 1.250000000000000000e-01 0.000000000000000000e+00
8.748778103616813295e-01 1.250000000000000000e-01 0.000000000000000000e+00
8.758553274682306933e-01 1.250000000000000000e-01 0.000000000000000000e+00
8.768328445747800570e-01 1.250000000000000000e-01 0.000000000000000000e+00
8.778103616813294208e-01 1.250000000000000000e-01 0.000000000000000000e+00
8.787878787878787845e-01 1.250000000000000000e-01 0.000000000000000000e+00
8.797653958944281483e-01 1.250000000000000000e-01 0.000000000000000000e+00
8.807429130009775120e-01 1.250000000000000000e-01 0.000000000000000000e+00
8.817204301075268758e-01 1.250000000000000000e-01 0.000000000000000000e+00
8.826979472140762395e-01 1.250000000000000000e-01 0.000000000000000000e+00
8.836754643206256032e-01 1.250000000000000000e-01 0.000000000000000000e+00
8.846529814271749670e-01 1.250000000000000000e-01 0.000000000000000000e+00
8.856304985337243307e-01 1.250000000000000000e-01 0.000000000000000000e+00
8.866080156402736945e-01 1.250000000000000000e-01 0.000000000000000000e+00
8.875855327468230582e-01 1.250000000000000000e-01 0.000000000000000000e+00
8.885630498533724220e-01 1.250000000000000000e-01 0.000000000000000000e+00
8.895405669599217857e-01 1.250000000000000000e-01 0.000000000000000000e+00
8.905180840664711495e-01 1.250000000000000000e-01 0.000000000000000000e+00
8.914956011730205132e-01 1.250000000000000000e-01 0.000000000000000000e+00
8.924731182795698770e-01 1.250000000000000000e-01 0.000000000000000000e+00
8.934506353861192407e-01 1.250000000000000000e-01 0.000000000000000000e+00
8.944281524926686044e-01 1.250000000000000000e-01 0.000000000000000000e+00
8.954056695992179682e-01 1.250000000000000000e-01 0.000000000000000000e+00
8.963831867057673319e-01 1.250000000000000000e-01 0.000000000000000000e+00
8.973607038123166957e-01 1.250000000000000000e-01 0.000000000000000000e+00
8.983382209188660594e-01 1.250000000000000000e-01 0.000000000000000000e+00
8.993157380254154232e-01 1.250000000000000000e-01 0.000000000000000000e+00
9.002932551319647869e-01 1.250000000000000000e-01 0.000000000000000000e+00
9.012707722385141507e-01 1.250000000000000000e-01 0.000000000000000000e+00
9.022482893450635144e-01 1.250000000000000000e-01 0.000000000000000000e+00
9.032258064516128782e-01 1.250000000000000000e-01 0.000000000000000000e+00
9.042033235581622419e-01 1.250000000000000000e-01 0.000000000000000000e+00
9.051808406647116056e-01 1.250000000000000000e-01 0.000000000000000000e+00
9.061583577712609694e-01 1.250000000000000000e-01 0.000000000000000000e+00
9.071358748778103331e-01 1.250000000000000000e-01 0.000000000000000000e+00
9.081133919843596969e-01 1.250000000000000000e-01 0.000000000000000000e+00
9.090909090909090606e-01 1.250000000000000000e-01 0.000000000000000000e+00
9.100684261974584244e-01 1.250000000000000000e-01 0.000000000000000000e+00
9.110459433040077881e-01 1.250000000000000000e-01 0.000000000000000000e+00
9.120234604105571519e-01 1.250000000000000000e-01 0.000000000000000000e+00
9.130009775171065156e-01 1.250000000000000000e-01 0.000000000000000000e+00
9.139784946236558794e-01 1.250000000000000000e-01 0.000000000000000000e+00
9.149560117302052431e-01 1.250000000000000000e-01 0.000000000000000000e+00
9.159335288367546068e-01 1.250000000000000000e-01 0.000000000000000000e+00
9.169110459433039706e-01 1.250000000000000000e-01 0.000000000000000000e+00
9.178885630498533343e-01 1.250000000000000000e-01 0.000000000000000000e+00
9.188660801564026981e-01 1.250000000000000000e-01 0.000000000000000000e+00
9.198435972629520618e-01 1.250000000000000000e-01 0.000000000000000000e+00
9.208211143695014256e-01 1.250000000000000000e-01 0.000000000000000000e+00
9.217986314760507893e-01 1.250000000000000000e-01 0.000000000000000000e+00
9.227761485826001531e-01 1.250000000000000000e-01 0.000000000000000000e+00
9.237536656891495168e-01 1.250000000000000000e-01 0.000000000000000000e+00
9.247311827956988806e-01 1.250000000000000000e-01 0.000000000000000000e+00
9.257086999022482443e-01 1.250000000000000000e-01 0.000000000000000000e+00
9.266862170087976081e-01 1.250000000000000000e-01 0.000000000000000000e+00
9.276637341153469718e-01 1.250000000000000000e-01 0.000000000000000000e+00
9.286412512218963355e-01 1.250000000000000000e-01 0.000000000000000000e+00
9.296187683284456993e-01 1.250000000000000000e-01 0.000000000000000000e+00
9.305962854349950630e-01 1.250000000000000000e-01 0.000000000000000000e+00
9.315738025415444268e-01 1.250000000000000000e-01 0.000000000000000000e+00
9.325513196480937905e-01 1.250000000000000000e-01 0.000000000000000000e+00
9.335288367546431543e-01 1.250000000000000000e-01 0.000000000000000000e+00
9.345063538611925180e-01 1.250000000000000000e-01 0.000000000000000000e+00
9.354838709677418818e-01 1.250000000000000000e-01 0.000000000000000000e+00
9.364613880742912455e-01 1.250000000000000000e-01 0.000000000000000000e+00
9.374389051808406093e-01 1.250000000000000000e-01 0.000000000000000000e+00
9.384164222873900840e-01 1.250000000000000000e-01 0.000000000000000000e+00
9.393939393939394478e-01 1.250000000000000000e-01 0.000000000000000000e+00
9.403714565004888115e-01 1.250000000000000000e-01 0.000000000000000000e+00
9.413489736070381753e-01 1.250000000000000000e-01 0.000000000000000000e+00
9.423264907135875390e-01 1.250000000000000000e-01 0.000000000000000000e+00
9.433040078201369028e-01 1.250000000000000000e-01 0.000000000000000000e+00
9.442815249266862665e-01 1.250000000000000000e-01 0.000000000000000000e+00
9.452590420332356302e-01 1.250000000000000000e-01 0.000000000000000000e+00
9.462365591397849940e-01 1.250000000000000000e-01 0.000000000000000000e+00
9.472140762463343577e-01 1.250000000000000000e-01 0.000000000000000000e+00
9.481915933528837215e-01 1.250000000000000000e-01 0.000000000000000000e+00
9.491691104594330852e-01 1.250000000000000000e-01 0.000000000000000000e+00
9.501466275659824490e-01 1.250000000000000000e-01 0.000000000000000000e+00
9.511241446725318127e-01 1.250000000000000000e-01 0.000000000000000000e+00
9.521016617790811765e-01 1.250000000000000000e-01 0.000000000000000000e+00
9.530791788856305402e-01 1.250000000000000000e-01 0.000000000000000000e+00
9.540566959921799040e-01 1.250000000000000000e-01 0.000000000000000000e+00
9.550342130987292677e-01 1.250000000000000000e-01 0.000000000000000000e+00
9.560117302052786314e-01 1.250000000000000000e-01 0.000000000000000000e+00
9.569892473118279952e-01 1.250000000000000000e-01 0.000000000000000000e+00
9.579667644183773589e-01 1.250000000000000000e-01 0.000000000000000000e+00
9.589442815249267227e-01 1.250000000000000000e-01 0.000000000000000000e+00
9.599217986314760864e-01 1.250000000000000000e-01 0.000000000000000000e+00
9.608993157380254502e-01 1.250000000000000000e-01 0.000000000000000000e+00
9.618768328445748139e-01 1.250000000000000000e-01 0.000000000000000000e+00
9.628543499511241777e-01 1.250000000000000000e-01 0.000000000000000000e+00
9.638318670576735414e-01 1.250000000000000000e-01 0.000000000000000000e+00
9.648093841642229052e-01 1.250000000000000000e-01 0.000000000000000000e+00
9.657869012707722689e-01 1.250000000000000000e-01 0.000000000000000000e+00
9.667644183773216326e-01 1.250000000000000000e-01 0.000000000000000000e+00
9.677419354838709964e-01 1.250000000000000000e-01 0.000000000000000000e+00
9.687194525904203601e-01 1.250000000000000000e-01 0.000000000000000000e+00
9.696969696969697239e-01 1.250000000000000000e-01 0.000000000000000000e+00
9.706744868035190876e-01 1.250000000000000000e-01 0.000000000000000000e+00
9.716520039100684514e-01 1.250000000000000000e-01 0.000000000000000000e+00
9.726295210166178151e-01 1.250000000000000000e-01 0.000000000000000000e+00
9.736070381231671789e-01 1.250000000000000000e-01 0.000000000000000000e+00
9.745845552297165426e-01 1.250000000000000000e-01 0.000000000000000000e+00
9.755620723362659064e-01 1.250000000000000000e-01 0.000000000000000000e+00
9.765395894428152701e-01 1.250000000000000000e-01 0.000000000000000000e+00
9.775171065493646338e-01 1.250000000000000000e-01 0.000000000000000000e+00
9.784946236559139976e-01 1.250000000000000000e-01 0.000000000000000000e+00
9.794721407624633613e-01 1.250000000000000000e-01 0.000000000000000000e+00
9.804496578690127251e-01 1.250000000000000000e-01 0.000000000000000000e+00
9.814271749755620888e-01 1.250000000000000000e-01 0.000000000000000000e+00
9.824046920821114526e-01 1.250000000000000000e-01 0.000000000000000000e+00
9.833822091886608163e-01 1.250000000000000000e-01 0.000000000000000000e+00
9.843597262952101801e-01 1.250000000000000000e-01 0.000000000000000000e+00
9.853372434017595438e-01 1.250000000000000000e-01 0.000000000000000000e+00
9.863147605083089076e-01 1.250000000000000000e-01 0.000000000000000000e+00
9.872922776148582713e-01 1.250000000000000000e-01 0.000000000000000000e+00
9.882697947214076351e-01 1.250000000000000000e-01 0.000000000000000000e+00
9.892473118279569988e-01 1.250000000000000000e-01 0.000000000000000000e+00
9.902248289345063625e-01 1.250000000000000000e-01 0.000000000000000000e+00
9.912023460410557263e-01 1.250000000000000000e-01 0.000000000000000000e+00
9.921798631476050900e-01 1.250000000000000000e-01 0.000000000000000000e+00
9.931573802541544538e-01 1.250000000000000000e-01 0.000000000000000000e+00
9.941348973607038175e-01 1.250000000000000000e-01 0.000000000000000000e+00
9.951124144672531813e-01 1.250000000000000000e-01 0.000000000000000000e+00
9.960899315738025450e-01 1.250000000000000000e-01 0.000000000000000000e+00
9.970674486803519088e-01 1.250000000000000000e-01 0.000000000000000000e+00
9.980449657869012725e-01 1.250000000000000000e-01 0.000000000000000000e+00
9.990224828934506363e-01 1.250000000000000000e-01 -0.000000000000000000e+00
1.000000000000000000e+00 1.250000000000000000e-01 -0.000000000000000000e+00
