# 0.31144836934865366
0.000000000000000000e+00 1.000000000000000000e+00 -0.000000000000000000e+00
9.775171065493646130e-04 1.000000000000000000e+00 -0.000000000000000000e+00
1.955034213098729226e-03 1.000000000000000000e+00 0.000000000000000000e+00
2.932551319648093839e-03 1.000000000000000000e+00 0.000000000000000000e+00
3.910068426197458452e-03 1.000000000000000000e+00 0.000000000000000000e+00
4.887585532746823065e-03 1.000000000000000000e+00 0.000000000000000000e+00
5.865102639296187678e-03 1.000000000000000000e+00 0.000000000000000000e+00
6.842619745845552291e-03 1.000000000000000000e+00 0.000000000000000000e+00
7.820136852394916904e-03 1.000000000000000000e+00 0.000000000000000000e+00
8.797653958944282385e-03 1.000000000000000000e+00 0.000000000000000000e+00
9.775171065493646130e-03 1.000000000000000000e+00 0.000000000000000000e+00
1.075268817204301161e-02 1.000000000000000000e+00 0.000000000000000000e+00
1.173020527859237536e-02 1.000000000000000000e+00 0.000000000000000000e+00
1.270772238514174084e-02 1.000000000000000000e+00 0.000000000000000000e+00
1.368523949169110458e-02 1.000000000000000000e+00 0.000000000000000000e+00
1.466275659824047006e-02 1.000000000000000000e+00 0.000000000000000000e+00
1.564027370478983381e-02 1.000000000000000000e+00 0.000000000000000000e+00
1.661779081133919755e-02 1.000000000000000000e+00 0.000000000000000000e+00
1.759530791788856477e-02 1.000000000000000000e+00 0.000000000000000000e+00
1.857282502443792851e-02 1.000000000000000000e+00 0.000000000000000000e+00
1.955034213098729226e-02 1.000000000000000000e+00 0.000000000000000000e+00
2.052785923753665601e-02 1.000000000000000000e+00 0.000000000000000000e+00
2.150537634408602322e-02 1.000000000000000000e+00 0.000000000000000000e+00
2.248289345063538697e-02 1.000000000000000000e+00 0.000000000000000000e+00
2.346041055718475071e-02 1.000000000000000000e+00 0.000000000000000000e+00
2.443792766373411446e-02 1.000000000000000000e+00 0.000000000000000000e+00
2.541544477028348167e-02 1.000000000000000000e+00 0.000000000000000000e+00
2.639296187683284542e-02 1.000000000000000000e+00 0.000000000000000000e+00
2.737047898338220916e-02 1.000000000000000000e+00 0.000000000000000000e+00
2.834799608993157291e-02 1.000000000000000000e+00 0.000000000000000000e+00
2.932551319648094013e-02 1.000000000000000000e+00 0.000000000000000000e+00
3.030303030303030387e-02 1.000000000000000000e+00 0.000000000000000000e+00
3.128054740957966762e-02 1.000000000000000000e+00 0.000000000000000000e+00
3.225806451612903136e-02 1.000000000000000000e+00 0.000000000000000000e+00
3.323558162267839511e-02 1.000000000000000000e+00 0.000000000000000000e+00
3.421309872922775885e-02 1.000000000000000000e+00 0.000000000000000000e+00
3.519061583577712954e-02 1.000000000000000000e+00 0.000000000000000000e+00
3.616813294232649328e-02 1.000000000000000000e+00 0.000000000000000000e+00
3.714565004887585703e-02 1.000000000000000000e+00 0.000000000000000000e+00
3.812316715542522078e-02 1.000000000000000000e+00 0.000000000000000000e+00
3.910068426197458452e-02 1.000000000000000000e+00 0.000000000000000000e+00
4.007820136852394827e-02 1.000000000000000000e+00 0.000000000000000000e+00
4.105571847507331201e-02 1.000000000000000000e+00 0.000000000000000000e+00
4.203323558162267576e-02 1.000000000000000000e+00 0.000000000000000000e+00
4.301075268817204644e-02 1.000000000000000000e+00 0.000000000000000000e+00
4.398826979472141019e-02 1.000000000000000000e+00 0.000000000000000000e+00
4.496578690127077393e-02 1.000000000000000000e+00 0.000000000000000000e+00
4.594330400782013768e-02 1.000000000000000000e+00 0.000000000000000000e+00
4.692082111436950143e-02 1.000000000000000000e+00 0.000000000000000000e+00
4.789833822091886517e-02 1.000000000000000000e+00 0.000000000000000000e+00
4.887585532746822892e-02 1.000000000000000000e+00 0.000000000000000000e+00
4.985337243401759266e-02 1.000000000000000000e+00 0.000000000000000000e+00
5.083088954056696335e-02 1.000000000000000000e+00 0.000000000000000000e+00
5.180840664711632709e-02 1.000000000000000000e+00 0.000000000000000000e+00
5.278592375366569084e-02 1.000000000000000000e+00 0.000000000000000000e+00
5.376344086021505458e-02 1.000000000000000000e+00 0.000000000000000000e+00
5.474095796676441833e-02 1.000000000000000000e+00 0.000000000000000000e+00
5.571847507331378208e-02 1.000000000000000000e+00 0.000000000000000000e+00
5.669599217986314582e-02 1.000000000000000000e+00 0.000000000000000000e+00
5.767350928641250957e-02 1.000000000000000000e+00 0.000000000000000000e+00
5.865102639296188025e-02 1.000000000000000000e+00 0.000000000000000000e+00
5.962854349951124400e-02 1.000000000000000000e+00 0.000000000000000000e+00
6.060606060606060774e-02 1.000000000000000000e+00 0.000000000000000000e+00
6.158357771260997149e-02 1.000000000000000000e+00 0.000000000000000000e+00
6.256109481915933523e-02 1.000000000000000000e+00 0.000000000000000000e+00
6.353861192570869898e-02 1.000000000000000000e+00 0.000000000000000000e+00
6.451612903225806273e-02 1.000000000000000000e+00 0.000000000000000000e+00
6.549364613880742647e-02 1.000000000000000000e+00 0.000000000000000000e+00
6.647116324535679022e-02 1.000000000000000000e+00 0.000000000000000000e+00
6.744868035190615396e-02 1.000000000000000000e+00 0.000000000000000000e+00
6.842619745845551771e-02 1.000000000000000000e+00 0.000000000000000000e+00
6.940371456500488145e-02 1.000000000000000000e+00 0.000000000000000000e+00
7.038123167155425908e-02 1.000000000000000000e+00 0.000000000000000000e+00
7.135874877810362282e-02 1.000000000000000000e+00 0.000000000000000000e+00
7.233626588465298657e-02 1.000000000000000000e+00 0.000000000000000000e+00
7.331378299120235031e-02 1.000000000000000000e+00 0.000000000000000000e+00
7.429130009775171406e-02 1.000000000000000000e+00 0.000000000000000000e+00
7.526881720430107781e-02 1.000000000000000000e+00 0.000000000000000000e+00
7.624633431085044155e-02 1.000000000000000000e+00 0.000000000000000000e+00
7.722385141739980530e-02 1.000000000000000000e+00 0.000000000000000000e+00
7.820136852394916904e-02 1.000000000000000000e+00 0.000000000000000000e+00
7.917888563049853279e-02 1.000000000000000000e+00 0.000000000000000000e+00
8.015640273704789653e-02 1.000000000000000000e+00 0.000000000000000000e+00
8.113391984359726028e-02 1.000000000000000000e+00 0.000000000000000000e+00
8.211143695014662403e-02 1.000000000000000000e+00 0.000000000000000000e+00
8.308895405669598777e-02 1.000000000000000000e+00 0.000000000000000000e+00
8.406647116324535152e-02 1.000000000000000000e+00 0.000000000000000000e+00
8.504398826979471526e-02 1.000000000000000000e+00 0.000000000000000000e+00
8.602150537634409289e-02 1.000000000000000000e+00 0.000000000000000000e+00
8.699902248289345663e-02 1.000000000000000000e+00 0.000000000000000000e+00
8.797653958944282038e-02 1.000000000000000000e+00 0.000000000000000000e+00
8.895405669599218412e-02 1.000000000000000000e+00 0.000000000000000000e+00
8.993157380254154787e-02 1.000000000000000000e+00 0.000000000000000000e+00
9.090909090909091161e-02 1.000000000000000000e+00 0.000000000000000000e+00
9.188660801564027536e-02 1.000000000000000000e+00 0.000000000000000000e+00
9.286412512218963911e-02 1.000000000000000000e+00 0.000000000000000000e+00
9.384164222873900285e-02 1.000000000000000000e+00 0.000000000000000000e+00
9.481915933528836660e-02 1.000000000000000000e+00 0.000000000000000000e+00
9.579667644183773034e-02 1.000000000000000000e+00 0.000000000000000000e+00
9.677419354838709409e-02 1.000000000000000000e+00 0.000000000000000000e+00
9.775171065493645783e-02 1.000000000000000000e+00 0.000000000000000000e+00
9.872922776148582158e-02 1.000000000000000000e+00 0.000000000000000000e+00
9.970674486803518533e-02 1.000000000000000000e+00 0.000000000000000000e+00
1.006842619745845491e-01 1.000000000000000000e+00 0.000000000000000000e+00
1.016617790811339267e-01 1.000000000000000000e+00 0.000000000000000000e+00
1.026392961876832904e-01 1.000000000000000000e+00 0.000000000000000000e+00
1.036168132942326542e-01 1.000000000000000000e+00 0.000000000000000000e+00
1.045943304007820179e-01 1.000000000000000000e+00 0.000000000000000000e+00
1.055718475073313817e-01 1.000000000000000000e+00 0.000000000000000000e+00
1.065493646138807454e-01 1.000000000000000000e+00 0.000000000000000000e+00
1.075268817204301092e-01 1.000000000000000000e+00 0.000000000000000000e+00
1.085043988269794729e-01 1.000000000000000000e+00 0.000000000000000000e+00
1.094819159335288367e-01 1.000000000000000000e+00 0.000000000000000000e+00
1.104594330400782004e-01 1.000000000000000000e+00 0.000000000000000000e+00
1.114369501466275642e-01 1.000000000000000000e+00 0.000000000000000000e+00
1.124144672531769279e-01 1.000000000000000000e+00 0.000000000000000000e+00
1.133919843597262916e-01 1.000000000000000000e+00 0.000000000000000000e+00
1.143695014662756554e-01 1.000000000000000000e+00 0.000000000000000000e+00
1.153470185728250191e-01 1.000000000000000000e+00 0.000000000000000000e+00
1.163245356793743829e-01 1.000000000000000000e+00 0.000000000000000000e+00
1.173020527859237605e-01 1.000000000000000000e+00 0.000000000000000000e+00
1.182795698924731242e-01 1.000000000000000000e+00 0.000000000000000000e+00
1.192570869990224880e-01 1.000000000000000000e+00 0.000000000000000000e+00
1.202346041055718517e-01 1.000000000000000000e+00 0.000000000000000000e+00
1.212121212121212155e-01 1.000000000000000000e+00 0.000000000000000000e+00
1.221896383186705792e-01 1.000000000000000000e+00 0.000000000000000000e+00
1.231671554252199430e-01 1.000000000000000000e+00 0.000000000000000000e+00
1.241446725317693067e-01 1.000000000000000000e+00 0.000000000000000000e+00
1.251221896383186705e-01 1.000000000000000000e+00 0.000000000000000000e+00
1.260997067448680342e-01 1.000000000000000000e+00 0.000000000000000000e+00
1.270772238514173980e-01 1.000000000000000000e+00 0.000000000000000000e+00
1.280547409579667617e-01 1.000000000000000000e+00 0.000000000000000000e+00
1.290322580645161255e-01 1.000000000000000000e+00 0.000000000000000000e+00
1.300097751710654892e-01 1.000000000000000000e+00 0.000000000000000000e+00
1.309872922776148529e-01 1.000000000000000000e+00 0.000000000000000000e+00
1.319648093841642167e-01 1.000000000000000000e+00 0.000000000000000000e+00
1.329423264907135804e-01 1.000000000000000000e+00 0.000000000000000000e+00
1.339198435972629442e-01 1.000000000000000000e+00 0.000000000000000000e+00
1.348973607038123079e-01 1.000000000000000000e+00 0.000000000000000000e+00
1.358748778103616717e-01 1.000000000000000000e+00 0.000000000000000000e+00
1.368523949169110354e-01 1.000000000000000000e+00 0.000000000000000000e+00
1.378299120234603992e-01 1.000000000000000000e+00 0.000000000000000000e+00
1.388074291300097629e-01 1.000000000000000000e+00 0.000000000000000000e+00
1.397849462365591267e-01 1.000000000000000000e+00 0.000000000000000000e+00
1.407624633431085182e-01 1.000000000000000000e+00 0.000000000000000000e+00
1.417399804496578819e-01 1.000000000000000000e+00 0.000000000000000000e+00
1.427174975562072456e-01 1.000000000000000000e+00 0.000000000000000000e+00
1.436950146627566094e-01 1.000000000000000000e+00 0.000000000000000000e+00
1.446725317693059731e-01 1.000000000000000000e+00 0.000000000000000000e+00
1.456500488758553369e-01 1.000000000000000000e+00 0.000000000000000000e+00
1.466275659824047006e-01 1.000000000000000000e+00 0.000000000000000000e+00
1.476050830889540644e-01 1.000000000000000000e+00 0.000000000000000000e+00
1.485826001955034281e-01 1.000000000000000000e+00 0.000000000000000000e+00
1.495601173020527919e-01 1.000000000000000000e+00 0.000000000000000000e+00
1.505376344086021556e-01 1.000000000000000000e+00 0.000000000000000000e+00
1.515151515151515194e-01 1.000000000000000000e+00 0.000000000000000000e+00
1.524926686217008831e-01 1.000000000000000000e+00 0.000000000000000000e+00
1.534701857282502468e-01 1.000000000000000000e+00 0.000000000000000000e+00
1.544477028347996106e-01 1.000000000000000000e+00 0.000000000000000000e+00
1.554252199413489743e-01 1.000000000000000000e+00 0.000000000000000000e+00
1.564027370478983381e-01 1.000000000000000000e+00 0.000000000000000000e+00
1.573802541544477018e-01 1.000000000000000000e+00 0.000000000000000000e+00
1.583577712609970656e-01 1.000000000000000000e+00 0.000000000000000000e+00
1.593352883675464293e-01 1.000000000000000000e+00 0.000000000000000000e+00
1.603128054740957931e-01 1.000000000000000000e+00 0.000000000000000000e+00
1.612903225806451568e-01 1.000000000000000000e+00 0.000000000000000000e+00
1.622678396871945206e-01 1.000000000000000000e+00 0.000000000000000000e+00
1.632453567937438843e-01 1.000000000000000000e+00 0.000000000000000000e+00
1.642228739002932481e-01 1.000000000000000000e+00 0.000000000000000000e+00
1.652003910068426118e-01 1.000000000000000000e+00 0.000000000000000000e+00
1.661779081133919755e-01 1.000000000000000000e+00 0.000000000000000000e+00
1.671554252199413393e-01 1.000000000000000000e+00 0.000000000000000000e+00
1.681329423264907030e-01 1.000000000000000000e+00 0.000000000000000000e+00
1.691104594330400668e-01 1.000000000000000000e+00 0.000000000000000000e+00
1.700879765395894305e-01 1.000000000000000000e+00 0.000000000000000000e+00
1.710654936461387943e-01 1.000000000000000000e+00 0.000000000000000000e+00
1.720430107526881858e-01 1.000000000000000000e+00 0.000000000000000000e+00
1.730205278592375495e-01 1.000000000000000000e+00 0.000000000000000000e+00
1.739980449657869133e-01 1.000000000000000000e+00 0.000000000000000000e+00
1.749755620723362770e-01 1.000000000000000000e+00 0.000000000000000000e+00
1.759530791788856408e-01 1.000000000000000000e+00 0.000000000000000000e+00
1.769305962854350045e-01 1.000000000000000000e+00 0.000000000000000000e+00
1.779081133919843682e-01 1.000000000000000000e+00 0.000000000000000000e+00
1.788856304985337320e-01 1.000000000000000000e+00 0.000000000000000000e+00
1.798631476050830957e-01 1.000000000000000000e+00 0.000000000000000000e+00
1.808406647116324595e-01 1.000000000000000000e+00 0.000000000000000000e+00
1.818181818181818232e-01 1.000000000000000000e+00 0.000000000000000000e+00
1.827956989247311870e-01 1.000000000000000000e+00 0.000000000000000000e+00
1.837732160312805507e-01 1.000000000000000000e+00 0.000000000000000000e+00
1.847507331378299145e-01 1.000000000000000000e+00 0.000000000000000000e+00
1.857282502443792782e-01 1.000000000000000000e+00 0.000000000000000000e+00
1.867057673509286420e-01 1.000000000000000000e+00 0.000000000000000000e+00
1.876832844574780057e-01 1.000000000000000000e+00 0.000000000000000000e+00
1.886608015640273694e-01 1.000000000000000000e+00 0.000000000000000000e+00
1.896383186705767332e-01 1.000000000000000000e+00 0.000000000000000000e+00
1.906158357771260969e-01 1.000000000000000000e+00 0.000000000000000000e+00
1.915933528836754607e-01 1.000000000000000000e+00 0.000000000000000000e+00
1.925708699902248244e-01 1.000000000000000000e+00 0.000000000000000000e+00
1.935483870967741882e-01 1.000000000000000000e+00 0.000000000000000000e+00
1.945259042033235519e-01 1.000000000000000000e+00 0.000000000000000000e+00
1.955034213098729157e-01 1.000000000000000000e+00 0.000000000000000000e+00
1.964809384164222794e-01 1.000000000000000000e+00 0.000000000000000000e+00
1.974584555229716432e-01 1.000000000000000000e+00 0.000000000000000000e+00
1.984359726295210069e-01 1.000000000000000000e+00 0.000000000000000000e+00
1.994134897360703707e-01 1.000000000000000000e+00 6.719459233642294871e-17
2.003910068426197344e-01 9.999999999999993339e-01 6.764318151866462625e-16
2.013685239491690981e-01 9.999999999999966693e-01 2.329444227861848792e-15
2.023460410557184619e-01 9.999999999999915623e-01 7.427400840793632529e-15
2.033235581622678534e-01 9.999999999999786837e-01 1.566123057792416200e-14
2.043010752688172171e-01 9.999999999999580336e-01 3.661772634369653454e-14
2.052785923753665809e-01 9.999999999999074074e-01 6.918590897588038644e-14
2.062561094819159446e-01 9.999999999998274713e-01 1.495403386799478547e-13
2.072336265884653084e-01 9.999999999996320721e-01 2.768432178040076454e-13
2.082111436950146721e-01 9.999999999993226529e-01 5.800465034451814385e-13
2.091886608015640359e-01 9.999999999985971222e-01 1.058648361126173567e-12
2.101661779081133996e-01 9.999999999974541476e-01 2.176190303391949837e-12
2.111436950146627634e-01 9.999999999948043783e-01 3.926024534707440737e-12
2.121212121212121271e-01 9.999999999906723502e-01 7.947327119489353233e-12
2.130987292277614908e-01 9.999999999812546614e-01 1.419006833535435426e-11
2.140762463343108546e-01 9.999999999666906447e-01 2.828120557385005121e-11
2.150537634408602183e-01 9.999999999340986045e-01 4.997933264205873570e-11
2.160312805474095821e-01 9.999999998841082594e-01 9.805129255789927575e-11
2.170087976539589458e-01 9.999999997743386215e-01 1.714646396874946138e-10
2.179863147605083096e-01 9.999999996073604125e-01 3.310169089243822540e-10
2.189638318670576733e-01 9.999999992477919264e-01 5.726344411352870329e-10
2.199413489736070371e-01 9.999999987054757344e-01 1.087445384741859906e-09
2.209188660801564008e-01 9.999999975609051850e-01 1.860328998832770833e-09
2.218963831867057646e-01 9.999999958496808006e-01 3.473804150782495714e-09
2.228739002932551283e-01 9.999999923122425693e-01 5.874622701073917173e-09
2.238514173998044920e-01 9.999999870710863936e-01 1.078196206891311960e-08
2.248289345063538558e-01 9.999999764663440871e-01 1.801719220843747074e-08
2.258064516129032195e-01 9.999999609000678191e-01 3.248690635842104681e-08
2.267839687194525833e-01 9.999999300953847925e-01 5.361891936888943542e-08
2.277614858260019470e-01 9.999998853130409593e-01 9.493504100444672370e-08
2.287390029325513108e-01 9.999997987106525876e-01 1.546833458080968447e-07
2.297165200391006745e-01 9.999996740677417062e-01 2.687835560595017193e-07
2.306940371456500383e-01 9.999994387405953811e-01 4.321074077102098492e-07
2.316715542521994020e-01 9.999991035595863220e-01 7.364463765931268173e-07
2.326490713587487658e-01 9.999984863893180975e-01 1.167456411844707846e-06
2.336265884652981295e-01 9.999976168698629930e-01 1.950257551859148964e-06
2.346041055718475210e-01 9.999960573008377374e-01 3.046558221698361450e-06
2.355816226783968848e-01 9.999938850369636256e-01 4.984723318526207349e-06
2.365591397849462485e-01 9.999900950179273496e-01 7.667376466995706318e-06
2.375366568914956122e-01 9.999848793290423421e-01 1.227715701693260095e-05
2.385141739980449760e-01 9.999760412736495852e-01 1.857878770817656972e-05
2.394916911045943397e-01 9.999640332879733418e-01 2.908580866329736619e-05
2.404692082111437035e-01 9.999443074950646881e-01 4.326003270784835450e-05
2.414467253176930672e-01 9.999178704988235244e-01 6.614616089400016281e-05
2.424242424242424310e-01 9.998758587332724490e-01 9.658424056623430046e-05
2.434017595307917947e-01 9.998203757455851326e-01 1.440668496141154294e-04
2.443792766373411585e-01 9.997352914298677229e-01 2.062533770284476252e-04
2.453567937438905222e-01 9.996247035668474057e-01 2.997322982351484735e-04
2.463343108504398860e-01 9.994614983202673164e-01 4.201193708853608825e-04
2.473118279569892497e-01 9.992530417809452059e-01 5.939937156399262416e-04
2.482893450635386134e-01 9.989578495810671477e-01 8.138182096692797747e-04
2.492668621700879772e-01 9.985879770187396920e-01 1.117955933092116281e-03
2.502443792766373409e-01 9.980868256703786523e-01 1.494689767432609865e-03
2.512218963831867047e-01 9.974720510741386104e-01 1.992650399460854909e-03
2.521994134897360684e-01 9.966768454212655559e-01 2.595667996422682932e-03
2.531769305962854322e-01 9.957238769521506994e-01 3.355787294602369675e-03
2.541544477028347959e-01 9.945482329669460553e-01 4.253600731649063993e-03
2.551319648093841597e-01 9.931749280176359607e-01 5.332806196344504722e-03
2.561094819159335234e-01 9.915572108225946257e-01 6.573434441558047465e-03
2.570869990224828872e-01 9.897187311636647111e-01 7.998975686134838364e-03
2.580645161290322509e-01 9.876429020101362699e-01 9.591493614183595889e-03
2.590420332355816146e-01 9.853500366929913712e-01 1.134978085905388560e-02
2.600195503421309784e-01 9.828528912954501706e-01 1.325823694472155583e-02
2.609970674486803421e-01 9.801701291134743421e-01 1.529767579186509449e-02
2.619745845552297059e-01 9.773302219198591878e-01 1.745271704218685424e-02
2.629521016617790696e-01 9.743532843694819867e-01 1.969926814519949720e-02
2.639296187683284334e-01 9.712674882326509662e-01 2.202076397751717360e-02
2.649071358748777971e-01 9.680942020854116370e-01 2.439796463306695765e-02
2.658846529814271609e-01 9.648535264711535220e-01 2.681508892342258227e-02
2.668621700879765246e-01 9.615638741797194466e-01 2.925963609807193805e-02
2.678396871945258884e-01 9.582381347920337911e-01 3.172000697892616433e-02
2.688172043010752521e-01 9.548883433604099524e-01 3.418816476183757919e-02
2.697947214076246158e-01 9.515229431616863964e-01 3.665760072019009358e-02
2.707722385141739796e-01 9.481483359905662489e-01 3.912315097670330394e-02
2.717497556207233433e-01 9.447696238795878498e-01 4.158155973273362782e-02
2.727272727272727071e-01 9.413902715562454393e-01 4.402999712348858868e-02
2.737047898338220708e-01 9.380128165281189645e-01 4.646664833732896266e-02
2.746823069403714346e-01 9.346393321668579057e-01 4.889017210287290721e-02
2.756598240469207983e-01 9.312710491793393386e-01 5.129957179565277497e-02
2.766373411534701621e-01 9.279091111634312217e-01 5.369410797909985461e-02
2.776148582600195258e-01 9.245542552241401424e-01 5.607332496402845506e-02
2.785923753665688896e-01 9.212071089581037597e-01 5.843676166150352930e-02
2.795698924731182533e-01 9.178681064340118434e-01 6.078418696942647359e-02
2.805474095796676171e-01 9.145376759863887983e-01 6.311534825694506412e-02
2.815249266862170363e-01 9.112160596940287460e-01 6.543010844195354392e-02
2.825024437927664001e-01 9.079035560616680600e-01 6.772832107922781286e-02
2.834799608993157638e-01 9.046003286700139423e-01 7.000992778397760463e-02
2.844574780058651275e-01 9.013065777250944821e-01 7.227483629317646430e-02
2.854349951124144913e-01 8.980224142527167830e-01 7.452303201764154394e-02
2.864125122189638550e-01 8.947479850942536839e-01 7.675447050491222833e-02
2.873900293255132188e-01 8.914833601571275912e-01 7.896916014500086900e-02
2.883675464320625825e-01 8.882286459092351150e-01 8.116708824139282075e-02
2.893450635386119463e-01 8.849838896883558403e-01 8.334828316374973123e-02
2.903225806451613100e-01 8.817491655944204032e-01 8.551275341456909818e-02
2.913000977517106738e-01 8.785245039415198187e-01 8.766054012222802838e-02
2.922776148582600375e-01 8.753099567500376432e-01 8.979166944387766136e-02
2.932551319648094013e-01 8.721055413435399029e-01 9.190619103482977614e-02
2.942326490713587650e-01 8.689112921393971067e-01 9.400414362160164350e-02
2.952101661779081287e-01 8.657272177312946848e-01 9.608558375729955858e-02
2.961876832844574925e-01 8.625533389064369283e-01 9.815055960375154709e-02
2.971652003910068562e-01 8.593896572501734665e-01 1.001991324591051252e-01
2.981427174975562200e-01 8.562361832993141686e-01 1.022313578484519009e-01
2.991202346041055837e-01 8.530929132881974741e-01 1.042473007013394737e-01
3.000977517106549475e-01 8.499598496123761393e-01 1.062470219418204798e-01
3.010752688172043112e-01 8.468369843423457777e-01 1.082305893019619852e-01
3.020527859237536750e-01 8.437243136159909840e-01 1.101980678319750689e-01
3.030303030303030387e-01 8.406218260902328376e-01 1.121495273494661632e-01
3.040078201368524025e-01 8.375295130213273875e-01 1.140850359799847474e-01
3.049853372434017662e-01 8.344473603281499230e-01 1.160046651699545017e-01
3.059628543499511300e-01 8.313753554443076288e-01 1.179084853106565911e-01
3.069403714565004937e-01 8.283134820227801010e-01 1.197965690701754959e-01
3.079178885630498574e-01 8.252617245234089571e-01 1.216689885040395241e-01
3.088954056695992212e-01 8.222200647306219246e-01 1.235258171942007488e-01
3.098729227761485849e-01 8.191884847672139536e-01 1.253671283769197398e-01
3.108504398826979487e-01 8.161669648733015370e-01 1.271929962954384541e-01
3.118279569892473124e-01 8.131554853428049068e-01 1.290034950040062633e-01
3.128054740957966762e-01 8.101540251372663093e-01 1.307986991958231537e-01
3.137829912023460399e-01 8.071625631129774048e-01 1.325786834565143568e-01
3.147605083088954037e-01 8.041810771808525216e-01 1.343435227573079593e-01
3.157380254154447674e-01 8.012095450680309927e-01 1.360932919934522978e-01
3.167155425219941312e-01 7.982479438250104087e-01 1.378280662682494495e-01
3.176930596285434949e-01 7.952962502931838484e-01 1.395479206126678529e-01
3.186705767350928586e-01 7.923544408259388661e-01 1.412529301416059480e-01
3.196480938416422224e-01 7.894224915720513547e-01 1.429431698843491305e-01
3.206256109481915861e-01 7.865003783260396952e-01 1.446187148660681709e-01
3.216031280547409499e-01 7.835880766994144375e-01 1.462796400057057855e-01
3.225806451612903136e-01 7.806855620458456047e-01 1.479260201545162245e-01
3.235581622678396774e-01 7.777928095650750162e-01 1.495579300340633411e-01
3.245356793743890411e-01 7.749097942703203623e-01 1.511754442515265973e-01
3.255131964809384049e-01 7.720364910523735968e-01 1.527786372613446630e-01
3.264907135874877686e-01 7.691728746695357666e-01 1.543675833684062526e-01
3.274682306940371324e-01 7.663189197884393566e-01 1.559423567036034020e-01
3.284457478005864961e-01 7.634746009854112003e-01 1.575030312213394901e-01
3.294232649071358598e-01 7.606398927736647275e-01 1.590496806832746302e-01
3.304007820136852236e-01 7.578147696098470609e-01 1.605823786535175435e-01
3.313782991202345873e-01 7.549992059132110134e-01 1.621011984873285683e-01
3.323558162267839511e-01 7.521931760741036310e-01 1.636062133257592810e-01
3.333333333333333148e-01 7.493966544682705289e-01 1.650974960874378450e-01
3.343108504398826786e-01 7.466096154656473027e-01 1.665751194634689236e-01
3.352883675464320423e-01 7.438320334416146373e-01 1.680391559112511812e-01
3.362658846529814061e-01 7.410638827853551769e-01 1.694896776499773827e-01
3.372434017595307698e-01 7.383051379090819211e-01 1.709267566558611007e-01
3.382209188660801336e-01 7.355557732556874395e-01 1.723504646583292610e-01
3.391984359726294973e-01 7.328157633065499610e-01 1.737608731362880465e-01
3.401759530791788610e-01 7.300850825884245276e-01 1.751580533149910412e-01
3.411534701857282248e-01 7.273637056802005896e-01 1.765420761631067148e-01
3.421309872922775885e-01 7.246516072190827273e-01 1.779130123901962734e-01
3.431085043988269523e-01 7.219487619065452222e-01 1.792709324444230201e-01
3.440860215053763715e-01 7.192551445138901656e-01 1.806159065105654438e-01
3.450635386119257353e-01 7.165707298875700904e-01 1.819480045082510489e-01
3.460410557184750990e-01 7.138954929542203898e-01 1.832672960904291326e-01
3.470185728250244628e-01 7.112294087254809050e-01 1.845738506420408764e-01
3.479960899315738265e-01 7.085724523025953570e-01 1.858677372788852811e-01
3.489736070381231903e-01 7.059245988808336980e-01 1.871490248466556872e-01
3.499511241446725540e-01 7.032858237537437107e-01 1.884177819201398041e-01
3.509286412512219178e-01 7.006561023172589442e-01 1.896740768025658719e-01
3.519061583577712815e-01 6.980354100736753109e-01 1.909179775250866296e-01
3.528836754643206453e-01 6.954237226355194368e-01 1.921495518463893493e-01
3.538611925708700090e-01 6.928210157293182014e-01 1.933688672524221108e-01
3.548387096774193727e-01 6.902272651992854557e-01 1.945759909562267131e-01
3.558162267839687365e-01 6.876424470109429032e-01 1.957709898978724772e-01
3.567937438905181002e-01 6.850665372546848042e-01 1.969539307444812259e-01
3.577712609970674640e-01 6.824995121493006023e-01 1.981248798903372244e-01
3.587487781036168277e-01 6.799413480454659098e-01 1.992839034570766110e-01
3.597262952101661915e-01 6.773920214292152853e-01 2.004310672939495497e-01
3.607038123167155552e-01 6.748515089254054633e-01 2.015664369781506871e-01
3.616813294232649190e-01 6.723197873011790282e-01 2.026900778152123661e-01
3.626588465298142827e-01 6.697968334694438530e-01 2.038020548394570697e-01
3.636363636363636465e-01 6.672826244923680816e-01 2.049024328145039875e-01
3.646138807429130102e-01 6.647771375849119702e-01 2.059912762338265146e-01
3.655913978494623739e-01 6.622803501183963659e-01 2.070686493213581558e-01
3.665689149560117377e-01 6.597922396241229226e-01 2.081346160321425609e-01
3.675464320625611014e-01 6.573127837970520471e-01 2.091892400530249163e-01
3.685239491691104652e-01 6.548419604995491250e-01 2.102325848033826106e-01
3.695014662756598289e-01 6.523797477652059085e-01 2.112647134358931478e-01
3.704789833822091927e-01 6.499261238027501664e-01 2.122856888373363671e-01
3.714565004887585564e-01 6.474810670000487045e-01 2.132955736294301075e-01
3.724340175953079202e-01 6.450445559282143027e-01 2.142944301696957654e-01
3.734115347018572839e-01 6.426165693458247841e-01 2.152823205523546612e-01
3.743890518084066477e-01 6.401970862032650977e-01 2.162593066092516059e-01
3.753665689149560114e-01 6.377860856472035156e-01 2.172254499108064452e-01
3.763440860215053752e-01 6.353835470252041651e-01 2.181808117669902236e-01
3.773216031280547389e-01 6.329894498904951039e-01 2.191254532283270218e-01
3.782991202346041026e-01 6.306037740068973774e-01 2.200594350869206628e-01
3.792766373411534664e-01 6.282264993539257159e-01 2.209828178775040397e-01
3.802541544477028301e-01 6.258576061320700878e-01 2.218956618785108692e-01
3.812316715542521939e-01 6.234970747682745396e-01 2.227980271131709544e-01
3.822091886608015576e-01 6.211448859216209817e-01 2.236899733506281518e-01
3.831867057673509214e-01 6.188010204892286925e-01 2.245715601070794043e-01
3.841642228739002851e-01 6.164654596123865238e-01 2.254428466469359238e-01
3.851417399804496489e-01 6.141381846829265800e-01 2.263038919840067165e-01
3.861192570869990126e-01 6.118191773498544705e-01 2.271547548827039797e-01
3.870967741935483764e-01 6.095084195262534532e-01 2.279954938592715086e-01
3.880742913000977401e-01 6.072058933964701311e-01 2.288261671830352506e-01
3.890518084066471038e-01 6.049115814236041277e-01 2.296468328776764822e-01
3.900293255131964676e-01 6.026254663573150649e-01 2.304575487225311581e-01
3.910068426197458313e-01 6.003475312419627175e-01 2.312583722539109099e-01
3.919843597262951951e-01 5.980777594251006635e-01 2.320493607664503855e-01
3.929618768328445588e-01 5.958161345663409714e-01 2.328305713144814548e-01
3.939393939393939226e-01 5.935626406466093519e-01 2.336020607134338678e-01
3.949169110459432863e-01 5.913172619778116479e-01 2.343638855412637501e-01
3.958944281524926501e-01 5.890799832129348657e-01 2.351161021399129913e-01
3.968719452590420138e-01 5.868507893566032863e-01 2.358587666167982766e-01
3.978494623655913776e-01 5.846296657761155258e-01 2.365919348463329797e-01
3.988269794721407413e-01 5.824165982129879682e-01 2.373156624714837792e-01
3.998044965786901050e-01 5.802115727950318824e-01 2.380300049053624134e-01
4.007820136852394688e-01 5.780145760489894258e-01 2.387350173328562086e-01
4.017595307917888325e-01 5.758255949137646157e-01 2.394307547122979940e-01
4.027370478983381963e-01 5.736446167542739172e-01 2.401172717771782594e-01
4.037145650048875600e-01 5.714716293759553034e-01 2.407946230379029162e-01
4.046920821114369238e-01 5.693066210399686522e-01 2.414628627835984365e-01
4.056695992179862875e-01 5.671495804791247819e-01 2.421220450839667582e-01
4.066471163245357068e-01 5.650004969145843159e-01 2.427722237911947578e-01
4.076246334310850705e-01 5.628593600733652336e-01 2.434134525419197614e-01
4.086021505376344343e-01 5.607261602067059592e-01 2.440457847592563401e-01
4.095796676441837980e-01 5.586008881093302847e-01 2.446692736548864988e-01
4.105571847507331618e-01 5.564835351396616447e-01 2.452839722312195880e-01
4.115347018572825255e-01 5.543740932410430311e-01 2.458899332836238238e-01
4.125122189638318893e-01 5.522725549640133957e-01 2.464872094027372174e-01
4.134897360703812530e-01 5.501789134897031586e-01 2.470758529768595502e-01
4.144672531769306167e-01 5.480931626544094382e-01 2.476559161944334453e-01
4.154447702834799805e-01 5.460152969754165087e-01 2.482274510466197792e-01
4.164222873900293442e-01 5.439453116781346464e-01 2.487905093299738746e-01
4.173998044965787080e-01 5.418832027246264227e-01 2.493451426492273026e-01
4.183773216031280717e-01 5.398289668436055955e-01 2.498914024201868422e-01
4.193548387096774355e-01 5.377826015619863176e-01 2.504293398727535092e-01
4.203323558162267992e-01 5.357441052380738089e-01 2.509590060540725087e-01
4.213098729227761630e-01 5.337134770964911956e-01 2.514804518318235482e-01
4.222873900293255267e-01 5.316907172649413260e-01 2.519937278976596140e-01
4.232649071358748905e-01 5.296758268129073688e-01 2.524988847708051209e-01
4.242424242424242542e-01 5.276688077924108766e-01 2.529959728018247311e-01
4.252199413489736179e-01 5.256696632809374492e-01 2.534850421765743045e-01
4.261974584555229817e-01 5.236783974266633335e-01 2.539661429203463605e-01
4.271749755620723454e-01 5.216950154961150776e-01 2.544393249022246506e-01
4.281524926686217092e-01 5.197195239244030152e-01 2.549046378396609969e-01
4.291300097751710729e-01 5.177519303681830110e-01 2.553621313032919948e-01
4.301075268817204367e-01 5.157922437615032329e-01 2.558118547220101791e-01
4.310850439882698004e-01 5.138404743747087000e-01 2.562538573883095805e-01
4.320625610948191642e-01 5.118966338765833513e-01 2.566881884639241607e-01
4.330400782013685279e-01 5.099607353999213721e-01 2.571148969857795508e-01
4.340175953079178917e-01 5.080327936107301712e-01 2.575340318722817434e-01
4.349951124144672554e-01 5.061128247812812786e-01 2.579456419299646641e-01
4.359726295210166191e-01 5.042008468672372068e-01 2.583497758605248773e-01
4.369501466275659829e-01 5.022968795890975224e-01 2.587464822682687404e-01
4.379276637341153466e-01 5.004009445182178162e-01 2.591358096680030920e-01
4.389051808406647104e-01 4.985130651676773494e-01 2.595178064934003381e-01
4.398826979472140741e-01 4.966332670882784295e-01 2.598925211058729090e-01
4.408602150537634379e-01 4.947615779699863214e-01 2.602600018039922802e-01
4.418377321603128016e-01 4.928980277491269990e-01 2.606202968334938586e-01
4.428152492668621654e-01 4.910426487216867919e-01 2.609734543979080890e-01
4.437927663734115291e-01 4.891954756630716994e-01 2.613195226698644125e-01
4.447702834799608929e-01 4.873565459547035128e-01 2.616585498031136492e-01
4.457478005865102566e-01 4.855258997178539260e-01 2.619905839453240959e-01
4.467253176930596203e-01 4.837035799551366311e-01 2.623156732517045731e-01
4.477028347996089841e-01 4.818896327001001567e-01 2.626338658995142072e-01
4.486803519061583478e-01 4.800841071753849110e-01 2.629452101035230638e-01
4.496578690127077116e-01 4.782870559599326499e-01 2.632497541324901880e-01
4.506353861192570753e-01 4.764985351657552437e-01 2.635475463267322183e-01
4.516129032258064391e-01 4.747186046248005331e-01 2.638386351168606203e-01
4.525904203323558028e-01 4.729473280864652240e-01 2.641230690437686990e-01
4.535679374389051666e-01 4.711847734263348575e-01 2.644008967799548748e-01
4.545454545454545303e-01 4.694310128667482651e-01 2.646721671522795361e-01
4.555229716520038941e-01 4.676861232098067367e-01 2.649369291662501125e-01
4.565004887585532578e-01 4.659501860834615039e-01 2.651952320319417300e-01
4.574780058651026216e-01 4.642232882013347939e-01 2.654471251916631913e-01
4.584555229716519853e-01 4.625055216369382549e-01 2.656926583494866878e-01
4.594330400782013490e-01 4.607969841129632149e-01 2.659318815027637561e-01
4.604105571847507128e-01 4.590977793063210077e-01 2.661648449757582080e-01
4.613880742913000765e-01 4.574080171696102148e-01 2.663915994555308697e-01
4.623655913978494403e-01 4.557278142696760681e-01 2.666121960302186844e-01
4.633431085043988040e-01 4.540572941439137145e-01 2.668266862298562803e-01
4.643206256109481678e-01 4.523965876749345139e-01 2.670351220698921613e-01
4.652981427174975315e-01 4.507458334841754066e-01 2.672375560975568387e-01
4.662756598240468953e-01 4.491051783449746537e-01 2.674340414412444966e-01
4.672531769305962590e-01 4.474747776155657553e-01 2.676246318630721710e-01
4.682306940371456228e-01 4.458547956923461508e-01 2.678093818147807559e-01
4.692082111436950420e-01 4.442454064836595662e-01 2.679883464971417606e-01
4.701857282502444058e-01 4.426467939041869859e-01 2.681615819230332431e-01
4.711632453567937695e-01 4.410591523898632627e-01 2.683291449843383525e-01
4.721407624633431332e-01 4.394826874330239885e-01 2.684910935228174145e-01
4.731182795698924970e-01 4.379176161372305698e-01 2.686474864050856781e-01
4.740957966764418607e-01 4.363641677909176897e-01 2.687983836018177364e-01
4.750733137829912245e-01 4.348225844586510180e-01 2.689438462712736011e-01
4.760508308895405882e-01 4.332931215883635834e-01 2.690839368472149884e-01
4.770283479960899520e-01 4.317760486324505598e-01 2.692187191312456207e-01
4.780058651026393157e-01 4.302716496800397805e-01 2.693482583895642213e-01
4.789833822091886795e-01 4.287802240971031464e-01 2.694726214540653086e-01
4.799608993157380432e-01 4.273020871703311352e-01 2.695918768276646671e-01
4.809384164222874070e-01 4.258375707498469054e-01 2.697060947936431585e-01
4.819159335288367707e-01 4.243870238848743703e-01 2.698153475287220493e-01
4.828934506353861345e-01 4.229508134453997537e-01 2.699197092194732250e-01
4.838709677419354982e-01 4.215293247216532202e-01 2.700192561815505377e-01
4.848484848484848619e-01 4.201229619919006897e-01 2.701140669810962458e-01
4.858260019550342257e-01 4.187321490475522379e-01 2.702042225575132517e-01
4.868035190615835894e-01 4.173573296629710661e-01 2.702898063466251388e-01
4.877810361681329532e-01 4.159989679956076492e-01 2.703709044030502273e-01
4.887585532746823169e-01 4.146575489001907422e-01 2.704476055203997586e-01
4.897360703812316807e-01 4.133335781386938135e-01 2.705200013476760645e-01
4.907135874877810444e-01 4.120275824656788322e-01 2.705881864999933328e-01
4.916911045943304082e-01 4.107401095664429680e-01 2.706522586614769632e-01
4.926686217008797719e-01 4.094717278231732038e-01 2.707123186779102908e-01
4.936461388074291357e-01 4.082230258821263336e-01 2.707684706364128502e-01
4.946236559139784994e-01 4.069946119927511652e-01 2.708208219291425300e-01
4.956011730205278631e-01 4.057871130877469534e-01 2.708694832977303069e-01
4.965786901270772269e-01 4.046011735714080682e-01 2.709145688548921238e-01
4.975562072336265906e-01 4.034374537823654516e-01 2.709561960794327207e-01
4.985337243401759544e-01 4.022966280961455809e-01 2.709944857806689256e-01
4.995112414467253181e-01 4.011793826329906332e-01 2.710295620281814033e-01
5.004887585532746819e-01 4.000864125373097546e-01 2.710615520427699376e-01
5.014662756598240456e-01 3.990184187971556606e-01 2.710905860445633198e-01
5.024437927663734094e-01 3.979761045754621196e-01 2.711167970544374195e-01
5.034213098729227731e-01 3.969601710296515318e-01 2.711403206452555059e-01
5.043988269794721369e-01 3.959713126028416852e-01 2.711612946399808433e-01
5.053763440860215006e-01 3.950102117784337619e-01 2.711798587544440031e-01
5.063538611925708643e-01 3.940775333005117065e-01 2.711961541834895240e-01
5.073313782991202281e-01 3.931739178753181907e-01 2.712103231303858442e-01
5.083088954056695918e-01 3.922999753841245330e-01 2.712225082807682153e-01
5.092864125122189556e-01 3.914562776549873613e-01 2.712328522239592088e-01
5.102639296187683193e-01 3.906433508599774784e-01 2.712414968262748527e-01
5.112414467253176831e-01 3.898616676251102642e-01 2.712485825628137004e-01
5.122189638318670468e-01 3.891116389618662907e-01 2.712542478161887316e-01
5.131964809384164106e-01 3.883936061511401583e-01 2.712586281526148113e-01
5.141739980449657743e-01 3.877078327317945439e-01 2.712618555876202264e-01
5.151515151515151381e-01 3.870544967656319169e-01 2.712640578552907300e-01
5.161290322580645018e-01 3.864336835673135573e-01 2.712653576962807955e-01
5.171065493646138655e-01 3.858453791002220967e-01 2.712658721807071349e-01
5.180840664711632293e-01 3.852894642461297536e-01 2.712657120823780965e-01
5.190615835777125930e-01 3.847657101565231663e-01 2.712649813205206817e-01
5.200391006842619568e-01 3.842737748854170854e-01 2.712637764841724919e-01
5.210166177908113205e-01 3.838132014866383335e-01 2.712621864526990056e-01
5.219941348973606843e-01 3.833834177324337844e-01 2.712602921234852360e-01
5.229716520039100480e-01 3.829837375749227668e-01 2.712581662548144146e-01
5.239491691104594118e-01 3.826133644280201307e-01 2.712558734284015172e-01
5.249266862170087755e-01 3.822713962962646650e-01 2.712534701321538955e-01
5.259042033235581393e-01 3.819568327203862190e-01 2.712510049597000594e-01
5.268817204301075030e-01 3.816685834498694807e-01 2.712485189192709867e-01
5.278592375366568668e-01 3.814054786930856089e-01 2.712460458408689212e-01
5.288367546432062305e-01 3.811662807388777607e-01 2.712436128675290714e-01
5.298142717497555942e-01 3.809496966929697415e-01 2.712412410140517816e-01
5.307917888563049580e-01 3.807543920311651231e-01 2.712389457749849742e-01
5.317693059628543217e-01 3.805790046415207795e-01 2.712367377629384402e-01
5.327468230694036855e-01 3.804221590113740503e-01 2.712346233585289368e-01
5.337243401759530492e-01 3.802824802133006332e-01 2.712326053543100968e-01
5.347018572825024130e-01 3.801586073568891111e-01 2.712306835768361624e-01
5.356793743890517767e-01 3.800492061998144711e-01 2.712288554733688906e-01
5.366568914956011405e-01 3.799529806503876839e-01 2.712271166524851673e-01
5.376344086021505042e-01 3.798686829421411004e-01 2.712254613707717477e-01
5.386119257086998680e-01 3.797951223161487033e-01 2.712238829607253598e-01
5.395894428152492317e-01 3.797311721054850708e-01 2.712223741977365932e-01
5.405669599217985954e-01 3.796757751752529164e-01 2.712209276064951324e-01
5.415444770283479592e-01 3.796279477279572712e-01 2.712195357092203607e-01
5.425219941348973229e-01 3.795867815350709162e-01 2.712181912197431100e-01
5.434995112414466867e-01 3.795514446993739077e-01 2.712168871886301846e-01
5.444770283479960504e-01 3.795211810876723546e-01 2.712156171052598763e-01
5.454545454545454142e-01 3.794953085990803165e-01 2.712143749630953615e-01
5.464320625610947779e-01 3.794732164500947968e-01 2.712131552943919388e-01
5.474095796676441417e-01 3.794543616646715578e-01 2.712119531803097172e-01
5.483870967741935054e-01 3.794382649563357579e-01 2.712107642419379072e-01
5.493646138807428692e-01 3.794245061812661080e-01 2.712095846171486135e-01
5.503421309872922329e-01 3.794127195276933984e-01 2.712084109275386123e-01
5.513196480938415966e-01 3.794025885893453909e-01 2.712072402390409143e-01
5.522971652003909604e-01 3.793938414504883228e-01 2.712060700191237794e-01
5.532746823069403241e-01 3.793862458887032885e-01 2.712048980928820074e-01
5.542521994134896879e-01 3.793796047800327975e-01 2.712037225997700474e-01
5.552297165200390516e-01 3.793737517704818263e-01 2.712025419522466896e-01
5.562072336265884154e-01 3.793685472587725593e-01 2.712013547971923733e-01
5.571847507331377791e-01 3.793638747182308535e-01 2.712001599806302399e-01
5.581622678396871429e-01 3.793596373710103609e-01 2.711989565160163318e-01
5.591397849462365066e-01 3.793557552156682222e-01 2.711977435561616634e-01
5.601173020527858704e-01 3.793521623993617031e-01 2.711965203686990677e-01
5.610948191593352341e-01 3.793488049185078648e-01 2.711952863149070247e-01
5.620723362658845979e-01 3.793456386264315028e-01 2.711940408316270701e-01
5.630498533724340726e-01 3.793426275230576405e-01 2.711927834159828521e-01
5.640273704789834364e-01 3.793397422998019408e-01 2.711915136125849224e-01
5.650048875855328001e-01 3.793369591121918960e-01 2.711902310029103425e-01
5.659824046920821639e-01 3.793342585531379041e-01 2.711889351965576234e-01
5.669599217986315276e-01 3.793316248009120928e-01 2.711876258240976667e-01
5.679374389051808913e-01 3.793290449175670820e-01 2.711863025312671871e-01
5.689149560117302551e-01 3.793265082755409856e-01 2.711849649742786306e-01
5.698924731182796188e-01 3.793240060923934731e-01 2.711836128160476367e-01
5.708699902248289826e-01 3.793215310558789577e-01 2.711822457231661265e-01
5.718475073313783463e-01 3.793190770237888643e-01 2.711808633634766874e-01
5.728250244379277101e-01 3.793166387851168997e-01 2.711794654041245756e-01
5.738025415444770738e-01 3.793142118710726152e-01 2.711780515099843636e-01
5.747800586510264376e-01 3.793117924062650026e-01 2.711766213423802419e-01
5.757575757575758013e-01 3.793093769919770319e-01 2.711751745580293638e-01
5.767350928641251651e-01 3.793069626148615758e-01 2.711737108081545000e-01
5.777126099706745288e-01 3.793045465756073598e-01 2.711722297377231472e-01
5.786901270772238925e-01 3.793021264331620790e-01 2.711707309847766201e-01
5.796676441837732563e-01 3.792996999609842823e-01 2.711692141798253131e-01
5.806451612903226200e-01 3.792972651125207095e-01 2.711676789452878711e-01
5.816226783968719838e-01 3.792948199937119513e-01 2.711661248949572278e-01
5.826001955034213475e-01 3.792923628408248482e-01 2.711645516334846850e-01
5.835777126099707113e-01 3.792898920022988452e-01 2.711629587558703203e-01
5.845552297165200750e-01 3.792874059236138184e-01 2.711613458469538940e-01
5.855327468230694388e-01 3.792849031344349142e-01 2.711597124809012049e-01
5.865102639296188025e-01 3.792823822374818965e-01 2.711580582206822299e-01
5.874877810361681663e-01 3.792798418987182174e-01 2.711563826175374392e-01
5.884652981427175300e-01 3.792772808385690420e-01 2.711546852104305128e-01
5.894428152492668938e-01 3.792746978239580069e-01 2.711529655254854010e-01
5.904203323558162575e-01 3.792720916610162751e-01 2.711512230754059560e-01
5.913978494623656212e-01 3.792694611883572486e-01 2.711494573588756896e-01
5.923753665689149850e-01 3.792668052708446091e-01 2.711476678599383794e-01
5.933528836754643487e-01 3.792641227937985082e-01 2.711458540473550283e-01
5.943304007820137125e-01 3.792614126575993838e-01 2.711440153739378411e-01
5.953079178885630762e-01 3.792586737726570401e-01 2.711421512758575014e-01
5.962854349951124400e-01 3.792559050547159027e-01 2.711402611719236910e-01
5.972629521016618037e-01 3.792531054204726915e-01 2.711383444628358008e-01
5.982404692082111675e-01 3.792502737834796411e-01 2.711364005304010560e-01
5.992179863147605312e-01 3.792474090503090145e-01 2.711344287367192796e-01
6.001955034213098950e-01 3.792445101169549804e-01 2.711324284233307957e-01
6.011730205278592587e-01 3.792415758654452684e-01 2.711303989103243661e-01
6.021505376344086224e-01 3.792386051606390640e-01 2.711283394954030479e-01
6.031280547409579862e-01 3.792355968471842198e-01 2.711262494529054767e-01
6.041055718475073499e-01 3.792325497466086381e-01 2.711241280327772452e-01
6.050830889540567137e-01 3.792294626545209546e-01 2.711219744594907111e-01
6.060606060606060774e-01 3.792263343378955986e-01 2.711197879309089065e-01
6.070381231671554412e-01 3.792231635324200267e-01 2.711175676170889393e-01
6.080156402737048049e-01 3.792199489398790369e-01 2.711153126590222229e-01
6.089931573802541687e-01 3.792166892255557364e-01 2.711130221673035412e-01
6.099706744868035324e-01 3.792133830156280694e-01 2.711106952207281151e-01
6.109481915933528962e-01 3.792100288945396969e-01 2.711083308648073453e-01
6.119257086999022599e-01 3.792066254023266914e-01 2.711059281101998453e-01
6.129032258064516236e-01 3.792031710318802817e-01 2.711034859310512690e-01
6.138807429130009874e-01 3.791996642261266093e-01 2.711010032632327760e-01
6.148582600195503511e-01 3.791961033751061194e-01 2.710984790024745794e-01
6.158357771260997149e-01 3.791924868129341597e-01 2.710959120023858082e-01
6.168132942326490786e-01 3.791888128146236880e-01 2.710933010723481362e-01
6.177908113391984424e-01 3.791850795927518836e-01 2.710906449752779612e-01
6.187683284457478061e-01 3.791812852939515643e-01 2.710879424252445324e-01
6.197458455522971699e-01 3.791774279952075388e-01 2.710851920849315366e-01
6.207233626588465336e-01 3.791735056999362974e-01 2.710823925629310960e-01
6.217008797653958974e-01 3.791695163338272834e-01 2.710795424108566332e-01
6.226783968719452611e-01 3.791654577404245940e-01 2.710766401202580611e-01
6.236559139784946248e-01 3.791613276764198570e-01 2.710736841193241986e-01
6.246334310850439886e-01 3.791571238066333005e-01 2.710706727693529272e-01
6.256109481915933523e-01 3.791528436986509321e-01 2.710676043609720476e-01
6.265884652981427161e-01 3.791484848170880162e-01 2.710644771100843564e-01
6.275659824046920798e-01 3.791440445174430462e-01 2.710612891535177926e-01
6.285434995112414436e-01 3.791395200395043519e-01 2.710580385443515095e-01
6.295210166177908073e-01 3.791349085002672648e-01 2.710547232468871748e-01
6.304985337243401711e-01 3.791302068863156571e-01 2.710513411312361898e-01
6.314760508308895348e-01 3.791254120456151178e-01 2.710478899674826914e-01
6.324535679374388986e-01 3.791205206786615878e-01 2.710443674193839247e-01
6.334310850439882623e-01 3.791155293289197870e-01 2.710407710375606349e-01
6.344086021505376261e-01 3.791104343724785442e-01 2.710370982521262961e-01
6.353861192570869898e-01 3.791052320068416526e-01 2.710333463646967811e-01
6.363636363636363535e-01 3.790999182387601030e-01 2.710295125397126359e-01
6.373411534701857173e-01 3.790944888709979477e-01 2.710255937949996863e-01
6.383186705767350810e-01 3.790889394879100593e-01 2.710215869914765485e-01
6.392961876832844448e-01 3.790832654396859569e-01 2.710174888219097911e-01
6.402737047898338085e-01 3.790774618250942751e-01 2.710132957985953994e-01
6.412512218963831723e-01 3.790715234725288152e-01 2.710090042398253241e-01
6.422287390029325360e-01 3.790654449191203645e-01 2.710046102549703573e-01
6.432062561094818998e-01 3.790592203876305688e-01 2.710001097279768345e-01
6.441837732160312635e-01 3.790528437607838530e-01 2.709954982990314676e-01
6.451612903225806273e-01 3.790463085526147302e-01 2.709907713440917187e-01
6.461388074291299910e-01 3.790396078763085819e-01 2.709859239519080698e-01
6.471163245356793547e-01 3.790327344078818772e-01 2.709809508980721149e-01
6.480938416422287185e-01 3.790256803448868173e-01 2.709758466155073875e-01
6.490713587487780822e-01 3.790184373591019007e-01 2.709706051606587396e-01
6.500488758553274460e-01 3.790109965418947957e-01 2.709652201744440769e-01
6.510263929618768097e-01 3.790033483405817472e-01 2.709596848367678001e-01
6.520039100684261735e-01 3.789954824836433978e-01 2.709539918130683400e-01
6.529814271749755372e-01 3.789873878920654859e-01 2.709481331909439628e-01
6.539589442815249010e-01 3.789790525733123805e-01 2.709421004043637282e-01
6.549364613880742647e-01 3.789704634934904504e-01 2.709358841422850328e-01
6.559139784946236285e-01 3.789616064220542313e-01 2.709294742376407439e-01
6.568914956011729922e-01 3.789524657419128251e-01 2.709228595315903987e-01
6.578690127077223559e-01 3.789430242159450568e-01 2.709160277066066103e-01
6.588465298142717197e-01 3.789332626986757213e-01 2.709089650803562788e-01
6.598240469208210834e-01 3.789231597791276052e-01 2.709016563503772734e-01
6.608015640273704472e-01 3.789126913375931993e-01 2.708940842772146751e-01
6.617790811339198109e-01 3.789018299952069402e-01 2.708862292909183234e-01
6.627565982404691747e-01 3.788905444306924220e-01 2.708780690025801574e-01
6.637341153470185384e-01 3.788787985334893804e-01 2.708695775988980148e-01
6.647116324535679022e-01 3.788665503566314707e-01 2.708607250935764488e-01
6.656891495601172659e-01 3.788537508262883602e-01 2.708514764047637025e-01
6.666666666666666297e-01 3.788403421578940278e-01 2.708417902227220897e-01
6.676441837732159934e-01 3.788262559214244374e-01 2.708316176266696851e-01
6.686217008797653572e-01 3.788114106908884171e-01 2.708209004043721224e-01
6.695992179863147209e-01 3.787957092057954722e-01 2.708095690228372598e-01
6.705767350928640846e-01 3.787790349656864342e-01 2.707975401937023907e-01
6.715542521994134484e-01 3.787612481733277914e-01 2.707847139729723240e-01
6.725317693059628121e-01 3.787421809385150828e-01 2.707709703321600214e-01
6.735092864125121759e-01 3.787216316534152138e-01 2.707561651371533928e-01
6.744868035190615396e-01 3.786993584528605128e-01 2.707401254729064344e-01
6.754643206256109034e-01 3.786750716799682226e-01 2.707226442570336289e-01
6.764418377321602671e-01 3.786484252898997815e-01 2.707034740942746431e-01
6.774193548387096309e-01 3.786190071434982762e-01 2.706823203373329711e-01
6.783968719452589946e-01 3.785863281688932602e-01 2.706588333384246647e-01
6.793743890518083584e-01 3.785498104037361422e-01 2.706325999005960159e-01
6.803519061583577221e-01 3.785087739741022084e-01 2.706031339688759196e-01
6.813294232649070858e-01 3.784624231185129695e-01 2.705698666387998386e-01
6.823069403714564496e-01 3.784098314268270480e-01 2.705321356036683444e-01
6.832844574780058133e-01 3.783499265332347372e-01 2.704891742115762554e-01
6.842619745845551771e-01 3.782814745789768174e-01 2.704401003578580931e-01
6.852394916911045408e-01 3.782030648417371022e-01 2.703839054967389077e-01
6.862170087976539046e-01 3.781130950122684742e-01 2.703194441157526495e-01
6.871945259042032683e-01 3.780097576813181148e-01 2.702454240754721404e-01
6.881720430107527431e-01 3.778910286772712013e-01 2.701603982723974617e-01
6.891495601173021068e-01 3.777546579625170042e-01 2.700627581311609293e-01
6.901270772238514706e-01 3.775981638492953429e-01 2.699507294699214910e-01
6.911045943304008343e-01 3.774188313284249086e-01 2.698223713061550511e-01
6.920821114369501981e-01 3.772137153116185138e-01 2.696755781752669390e-01
6.930596285434995618e-01 3.769796495651381862e-01 2.695080865180368157e-01
6.940371456500489256e-01 3.767132620551024158e-01 2.693174856518434912e-01
6.950146627565982893e-01 3.764109973296387857e-01 2.691012337726062520e-01
6.959921798631476531e-01 3.760691464284151575e-01 2.688566793381098607e-01
6.969696969696970168e-01 3.756838846357682393e-01 2.685810880587563010e-01
6.979472140762463805e-01 3.752513171814463311e-01 2.682716755700777500e-01
6.989247311827957443e-01 3.747675327468620310e-01 2.679256456853902346e-01
6.999022482893451080e-01 3.742286643608280783e-01 2.675402339311344080e-01
7.008797653958944718e-01 3.736309569753566984e-01 2.671127558577026107e-01
7.018572825024438355e-01 3.729708407095302936e-01 2.666406594022375232e-01
7.028347996089931993e-01 3.722450084496614631e-01 2.661215803655703205e-01
7.038123167155425630e-01 3.714504962101529695e-01 2.655533998625719816e-01
7.047898338220919268e-01 3.705847644054461876e-01 2.649343024235956134e-01
7.057673509286412905e-01 3.696457779730117910e-01 2.642628332742493202e-01
7.067448680351906543e-01 3.686320831335048176e-01 2.635379532107762213e-01
7.077223851417400180e-01 3.675428784884800515e-01 2.627590894270377397e-01
7.086999022482893817e-01 3.663780781476737580e-01 2.619261806431079087e-01
7.096774193548387455e-01 3.651383646531323746e-01 2.610397149393137162e-01
7.106549364613881092e-01 3.638252296292507348e-01 2.601007588152226546e-01
7.116324535679374730e-01 3.624410003350878040e-01 2.591109761698916492e-01
7.126099706744868367e-01 3.609888506231221927e-01 2.580726361340414110e-01
7.135874877810362005e-01 3.594727952078660138e-01 2.569886089702600462e-01
7.145650048875855642e-01 3.578976666056847833e-01 2.558623495847223150e-01
7.155425219941349280e-01 3.562690746077343262e-01 2.546978685517706786e-01
7.165200391006842917e-01 3.545933486724758832e-01 2.534996909277111299e-01
7.174975562072336555e-01 3.528774641524121680e-01 2.522728035077748676e-01
7.184750733137830192e-01 3.511289537803531924e-01 2.510225915452736767e-01
7.194525904203323829e-01 3.493558063128313629e-01 2.497547662896274501e-01
7.204301075268817467e-01 3.475663546427070760e-01 2.484752849962050814e-01
7.214076246334311104e-01 3.457691560323269964e-01 2.471902653034964426e-01
7.223851417399804742e-01 3.439728673688042804e-01 2.459058960519905634e-01
7.233626588465298379e-01 3.421861184939455902e-01 2.446283467270418677e-01
7.243401759530792017e-01 3.404173867073301829e-01 2.433636777408675067e-01
7.253176930596285654e-01 3.386748754809675854e-01 2.421177537258485113e-01
7.262952101661779292e-01 3.369664002613839693e-01 2.408961618950706263e-01
7.272727272727272929e-01 3.352992839779033174e-01 2.397041373422368893e-01
7.282502443792766567e-01 3.336802645362192399e-01 2.385464969102394361e-01
7.292277614858260204e-01 3.321154161692806417e-01 2.374275829666523396e-01
7.302052785923753842e-01 3.306100860606841496e-01 2.363512180978092625e-01
7.311827956989247479e-01 3.291688471683342776e-01 2.353206713846585640e-01
7.321603128054741116e-01 3.277954676778097043e-01 2.343386365673322258e-01
7.331378299120234754e-01 3.264928970249757478e-01 2.334072220551385857e-01
7.341153470185728391e-01 3.252632679639264612e-01 2.325279524073602111e-01
7.350928641251222029e-01 3.241079137352636530e-01 2.317017806092194210e-01
7.360703812316715666e-01 3.230273990242881754e-01 2.309291102061286349e-01
7.370478983382209304e-01 3.220215630989740618e-01 2.302098261450936378e-01
7.380254154447702941e-01 3.210895732903211175e-01 2.295433330096670610e-01
7.390029325513196579e-01 3.202299868260329863e-01 2.289285992264452341e-01
7.399804496578690216e-01 3.194408189522934260e-01 2.283642057666557257e-01
7.409579667644183854e-01 3.187196152744498634e-01 2.278483978635577334e-01
7.419354838709677491e-01 3.180635263097153498e-01 2.273791383109297348e-01
7.429130009775171128e-01 3.174693823654341496e-01 2.269541609940227966e-01
7.438905180840664766e-01 3.169337670252658223e-01 2.265710234250509492e-01
7.448680351906158403e-01 3.164530877320667623e-01 2.262271572028668187e-01
7.458455522971652041e-01 3.160236421890604275e-01 2.259199154829143741e-01
7.468230694037145678e-01 3.156416795489968008e-01 2.256466167209291995e-01
7.478005865102639316e-01 3.153034556139027167e-01 2.254045841346541401e-01
7.487781036168132953e-01 3.150052815161945019e-01 2.251911805052602134e-01
7.497556207233626591e-01 3.147435655871578253e-01 2.250038381083280525e-01
7.507331378299120228e-01 3.145148483343789825e-01 2.248400837183603118e-01
7.517106549364613866e-01 3.143158306405421376e-01 2.246975587672221109e-01
7.526881720430107503e-01 3.141433954586234090e-01 2.245740348531524433e-01
7.536656891495601140e-01 3.139946234110024270e-01 2.244674248917074288e-01
7.546432062561094778e-01 3.138668028019204748e-01 2.243757902728438502e-01
7.556207233626588415e-01 3.137574346248162560e-01 2.242973444398952965e-01
7.565982404692082053e-01 3.136642331902068093e-01 2.242304533377410813e-01
7.575757575757575690e-01 3.135851230185778826e-01 2.241736331909030544e-01
7.585532746823069328e-01 3.135182326394327368e-01 2.241255460699314028e-01
7.595307917888562965e-01 3.134618859157662918e-01 2.240849936887953919e-01
7.605083088954056603e-01 3.134145914765013585e-01 2.240509098497322771e-01
7.614858260019550240e-01 3.133750307914999755e-01 2.240223519177463873e-01
7.624633431085043878e-01 3.133420453681357021e-01 2.239984916671800830e-01
7.634408602150537515e-01 3.133146234882533410e-01 2.239786057997699420e-01
7.644183773216031152e-01 3.132918868424566239e-01 2.239620663893576447e-01
7.653958944281524790e-01 3.132730773574177729e-01 2.239483314646398271e-01
7.663734115347018427e-01 3.132575444532062492e-01 2.239369358993801851e-01
7.673509286412512065e-01 3.132447329129698366e-01 2.239274827404245938e-01
7.683284457478005702e-01 3.132341714976904501e-01 2.239196350683976267e-01
7.693059628543499340e-01 3.132254623948667049e-01 2.239131084545935013e-01
7.702834799608992977e-01 3.132182715521295568e-01 2.239076640505210936e-01
7.712609970674486615e-01 3.132123199150424475e-01 2.239031023238597928e-01
7.722385141739980252e-01 3.132073755624537603e-01 2.238992574360824661e-01
7.732160312805473890e-01 3.132032467124019059e-01 2.238959922424375026e-01
7.741935483870967527e-01 3.131997755562214714e-01 2.238931938840125480e-01
7.751710654936461165e-01 3.131968328675988622e-01 2.238907699338064383e-01
7.761485826001954802e-01 3.131943133262639067e-01 2.238886450536897166e-01
7.771260997067448439e-01 3.131921314921698452e-01 2.238867581163943854e-01
7.781036168132942077e-01 3.131902183648141991e-01 2.238850597458138525e-01
7.790811339198435714e-01 3.131885184632335339e-01 2.238835102295262391e-01
7.800586510263929352e-01 3.131869873646609959e-01 2.238820777592082090e-01
7.810361681329422989e-01 3.131855896434292963e-01 2.238807369571782502e-01
7.820136852394916627e-01 3.131842971560530597e-01 2.238794676504153869e-01
7.829912023460410264e-01 3.131830876232131189e-01 2.238782538568277192e-01
7.839687194525903902e-01 3.131819434643465239e-01 2.238770829521022632e-01
7.849462365591397539e-01 3.131808508455069529e-01 2.238759449890158071e-01
7.859237536656891177e-01 3.131797989059624254e-01 2.238748321445206968e-01
7.869012707722384814e-01 3.131787791335254867e-01 2.238737382731537384e-01
7.878787878787878451e-01 3.131777848628014560e-01 2.238726585483150622e-01
7.888563049853372089e-01 3.131768108743430701e-01 2.238715891756814791e-01
7.898338220918865726e-01 3.131758530761105108e-01 2.238705271654552187e-01
7.908113391984359364e-01 3.131749082516414595e-01 2.238694701523014918e-01
7.917888563049853001e-01 3.131739738619618851e-01 2.238684162537006583e-01
7.927663734115346639e-01 3.131730478905290771e-01 2.238673639590627873e-01
7.937438905180840276e-01 3.131721287224366601e-01 2.238663120433318221e-01
7.947214076246333914e-01 3.131712150507378611e-01 2.238652594999741563e-01
7.956989247311827551e-01 3.131703058041184207e-01 2.238642054892275024e-01
7.966764418377321189e-01 3.131694000912835230e-01 2.238631492982953719e-01
7.976539589442814826e-01 3.131684971583617583e-01 2.238620903108442528e-01
7.986314760508308463e-01 3.131675963563937959e-01 2.238610279837070505e-01
7.996089931573802101e-01 3.131666971165939506e-01 2.238599618291394477e-01
8.005865102639295738e-01 3.131657989315742019e-01 2.238588914013351083e-01
8.015640273704789376e-01 3.131649013411192395e-01 2.238578162861898091e-01
8.025415444770283013e-01 3.131640039214194093e-01 2.238567360935318218e-01
8.035190615835776651e-01 3.131631062769179019e-01 2.238556504512163314e-01
8.044965786901270288e-01 3.131622080341271985e-01 2.238545590006203456e-01
8.054740957966763926e-01 3.131613088369202269e-01 2.238534613931853767e-01
8.064516129032257563e-01 3.131604083429240792e-01 2.238523572877395007e-01
8.074291300097751201e-01 3.131595062207310765e-01 2.238512463483958714e-01
8.084066471163244838e-01 3.131586021477169024e-01 2.238501282428741190e-01
8.093841642228738475e-01 3.131576958083034379e-01 2.238490026411306955e-01
8.103616813294232113e-01 3.131567868925505538e-01 2.238478692142125137e-01
8.113391984359725750e-01 3.131558750949861580e-01 2.238467276332692102e-01
8.123167155425219388e-01 3.131549601136103811e-01 2.238455775686783444e-01
8.132942326490714136e-01 3.131540416490259937e-01 2.238444186892483423e-01
8.142717497556207773e-01 3.131531194036598631e-01 2.238432506614745077e-01
8.152492668621701410e-01 3.131521930810496346e-01 2.238420731488305060e-01
8.162267839687195048e-01 3.131512623851789856e-01 2.238408858110832456e-01
8.172043010752688685e-01 3.131503270198481848e-01 2.238396883036234963e-01
8.181818181818182323e-01 3.131493866880726284e-01 2.238384802768084436e-01
8.191593352883675960e-01 3.131484410915024164e-01 2.238372613753130125e-01
8.201368523949169598e-01 3.131474899298629655e-01 2.238360312374922390e-01
8.211143695014663235e-01 3.131465329004146647e-01 2.238347894947556593e-01
8.220918866080156873e-01 3.131455696974311254e-01 2.238335357709567708e-01
8.230694037145650510e-01 3.131446000117000250e-01 2.238322696818029200e-01
8.240469208211144148e-01 3.131436235300465998e-01 2.238309908342897558e-01
8.250244379276637785e-01 3.131426399348839484e-01 2.238296988261649911e-01
8.260019550342131422e-01 3.131416489037925355e-01 2.238283932454281921e-01
8.269794721407625060e-01 3.131406501091332784e-01 2.238270736698712293e-01
8.279569892473118697e-01 3.131396432176959399e-01 2.238257396666659960e-01
8.289345063538612335e-01 3.131386278903862674e-01 2.238243907920023923e-01
8.299120234604105972e-01 3.131376037819466607e-01 2.238230265907713012e-01
8.308895405669599610e-01 3.131365705407043176e-01 2.238216465962824808e-01
8.318670576735093247e-01 3.131355278083514104e-01 2.238202503300249502e-01
8.328445747800586885e-01 3.131344752198016446e-01 2.238188373015305432e-01
8.338220918866080522e-01 3.131334124031968646e-01 2.238174070084520406e-01
8.347996089931574160e-01 3.131323389800410584e-01 2.238159589368353963e-01
8.357771260997067797e-01 3.131312545650962176e-01 2.238144925610728586e-01
8.367546432062561435e-01 3.131301587653256280e-01 2.238130073424911270e-01
8.377321603128055072e-01 3.131290511778377361e-01 2.238115027263933021e-01
8.387096774193548709e-01 3.131279313896886962e-01 2.238099781415279765e-01
8.396871945259042347e-01 3.131267989860028189e-01 2.238084330114148979e-01
8.406647116324535984e-01 3.131256535686186004e-01 2.238068667816042190e-01
8.416422287390029622e-01 3.131244947630831277e-01 2.238052789323591585e-01
8.426197458455523259e-01 3.131233221560868474e-01 2.238036688927523832e-01
8.435972629521016897e-01 3.131221351289364407e-01 2.238020357993134590e-01
8.445747800586510534e-01 3.131209327535783848e-01 2.238003783255315959e-01
8.455522971652004172e-01 3.131197142603369121e-01 2.237986953164547987e-01
8.465298142717497809e-01 3.131184804986860137e-01 2.237969878936933166e-01
8.475073313782991447e-01 3.131172351874232929e-01 2.237952614218412239e-01
8.484848484848485084e-01 3.131159815516909029e-01 2.237935210243660045e-01
8.494623655913978721e-01 3.131147097161384174e-01 2.237917535222470333e-01
8.504398826979472359e-01 3.131133830943083063e-01 2.237899065388674336e-01
8.514173998044965996e-01 3.131119612157398091e-01 2.237879181403854834e-01
8.523949169110459634e-01 3.131105067203374670e-01 2.237858692335064070e-01
8.533724340175953271e-01 3.131093247611358987e-01 2.237841941361675413e-01
8.543499511241446909e-01 3.131088216886425135e-01 2.237835056611691964e-01
8.553274682306940546e-01 3.131086121003992528e-01 2.237833308982658254e-01
8.563049853372434184e-01 3.131061496139410094e-01 2.237800675378051329e-01
8.572825024437927821e-01 3.130974546385028034e-01 2.237677834937288057e-01
8.582600195503421459e-01 3.130844361696566991e-01 2.237485158335612567e-01
8.592375366568915096e-01 3.130879187103909334e-01 2.237515309413570241e-01
8.602150537634408733e-01 3.131456342439106200e-01 2.238325626443016803e-01
8.611925708699902371e-01 3.132533596283925692e-01 2.239916204619343265e-01
8.621700879765396008e-01 3.132439010998334661e-01 2.239954190106713816e-01
8.631476050830889646e-01 3.127679095701196843e-01 2.233322431557724363e-01
8.641251221896383283e-01 3.117591878426825835e-01 2.218571796680771369e-01
8.651026392961876921e-01 3.115222433303990734e-01 2.213720099537974384e-01
8.660801564027370558e-01 3.151888092781646167e-01 2.264502567607833416e-01
8.670576735092864196e-01 3.243246653102874189e-01 2.398825003435312575e-01
8.680351906158357833e-01 3.285981776602566740e-01 2.473802394748464140e-01
8.690127077223851471e-01 2.973157045554177813e-01 2.054725759177580546e-01
8.699902248289345108e-01 2.190411324165549012e-01 1.041430332809066134e-01
8.709677419354838745e-01 1.537200764394413000e-01 2.775250472540406049e-02
8.719452590420332383e-01 1.305070615973429604e-01 4.715047978214851124e-03
8.729227761485826020e-01 1.258389319147156793e-01 6.896127698026354108e-04
8.739002932551319658e-01 1.251199331744360654e-01 9.777730891223861251e-05
8.748778103616813295e-01 1.250169459687725804e-01 1.379712514091023827e-05
8.758553274682306933e-01 1.250023900182988812e-01 1.945629245417074523e-06
8.768328445747800570e-01 1.250003370027051863e-01 2.743341320880429362e-07
8.778103616813294208e-01 1.250000475172101388e-01 3.868068124384586480e-08
8.787878787878787845e-01 1.250000066998469828e-01 5.453919807572065569e-09
8.797653958944281483e-01 1.250000009446673721e-01 7.689934658105908612e-10
8.807429130009775120e-01 1.250000001331964816e-01 1.084268117476053157e-10
8.817204301075268758e-01 1.250000000187805327e-01 1.528797959741043337e-11
8.826979472140762395e-01 1.250000000026479652e-01 2.155569557283784540e-12
8.836754643206256032e-01 1.250000000003733680e-01 3.039354507569187424e-13
8.846529814271749670e-01 1.250000000000525968e-01 4.281435385995777831e-14
8.856304985337243307e-01 1.250000000000073830e-01 6.004983786097241736e-15
8.866080156402736945e-01 1.250000000000010547e-01 8.354561200803643959e-16
8.875855327468230582e-01 1.250000000000001388e-01 1.119912679855165137e-16
8.885630498533724220e-01 1.250000000000000000e-01 1.007918369124624001e-17
8.895405669599217857e-01 1.250000000000000000e-01 2.611260200809169410e-35
8.905180840664711495e-01 1.250000000000000000e-01 2.267046140530146825e-71
8.914956011730205132e-01 1.250000000000000000e-01 1.156556943258007591e-145
8.924731182795698770e-01 1.250000000000000000e-01 0.000000000000000000e+00
8.934506353861192407e-01 1.250000000000000000e-01 0.000000000000000000e+00
8.944281524926686044e-01 1.250000000000000000e-01 0.000000000000000000e+00
8.954056695992179682e-01 1.250000000000000000e-01 0.000000000000000000e+00
8.963831867057673319e-01 1.250000000000000000e-01 0.000000000000000000e+00
8.973607038123166957e-01 1.250000000000000000e-01 0.000000000000000000e+00
8.983382209188660594e-01 1.250000000000000000e-01 0.000000000000000000e+00
8.993157380254154232e-01 1.250000000000000000e-01 0.000000000000000000e+00
9.002932551319647869e-01 1.250000000000000000e-01 0.000000000000000000e+00
9.012707722385141507e-01 1.250000000000000000e-01 0.000000000000000000e+00
9.022482893450635144e-01 1.250000000000000000e-01 0.000000000000000000e+00
9.032258064516128782e-01 1.250000000000000000e-01 0.000000000000000000e+00
9.042033235581622419e-01 1.250000000000000000e-01 0.000000000000000000e+00
9.051808406647116056e-01 1.250000000000000000e-01 0.000000000000000000e+00
9.061583577712609694e-01 1.250000000000000000e-01 0.000000000000000000e+00
9.071358748778103331e-01 1.250000000000000000e-01 0.000000000000000000e+00
9.081133919843596969e-01 1.250000000000000000e-01 0.000000000000000000e+00
9.090909090909090606e-01 1.250000000000000000e-01 0.000000000000000000e+00
9.100684261974584244e-01 1.250000000000000000e-01 0.000000000000000000e+00
9.110459433040077881e-01 1.250000000000000000e-01 0.000000000000000000e+00
9.120234604105571519e-01 1.250000000000000000e-01 0.000000000000000000e+00
9.130009775171065156e-01 1.250000000000000000e-01 0.000000000000000000e+00
9.139784946236558794e-01 1.250000000000000000e-01 0.000000000000000000e+00
9.149560117302052431e-01 1.250000000000000000e-01 0.000000000000000000e+00
9.159335288367546068e-01 1.250000000000000000e-01 0.000000000000000000e+00
9.169110459433039706e-01 1.250000000000000000e-01 0.000000000000000000e+00
9.178885630498533343e-01 1.250000000000000000e-01 0.000000000000000000e+00
9.188660801564026981e-01 1.250000000000000000e-01 0.000000000000000000e+00
9.198435972629520618e-01 1.250000000000000000e-01 0.000000000000000000e+00
9.208211143695014256e-01 1.250000000000000000e-01 0.000000000000000000e+00
9.217986314760507893e-01 1.250000000000000000e-01 0.000000000000000000e+00
9.227761485826001531e-01 1.250000000000000000e-01 0.000000000000000000e+00
9.237536656891495168e-01 1.250000000000000000e-01 0.000000000000000000e+00
9.247311827956988806e-01 1.250000000000000000e-01 0.000000000000000000e+00
9.257086999022482443e-01 1.250000000000000000e-01 0.000000000000000000e+00
9.266862170087976081e-01 1.250000000000000000e-01 0.000000000000000000e+00
9.276637341153469718e-01 1.250000000000000000e-01 0.000000000000000000e+00
9.286412512218963355e-01 1.250000000000000000e-01 0.000000000000000000e+00
9.296187683284456993e-01 1.250000000000000000e-01 0.000000000000000000e+00
9.305962854349950630e-01 1.250000000000000000e-01 0.000000000000000000e+00
9.315738025415444268e-01 1.250000000000000000e-01 0.000000000000000000e+00
9.325513196480937905e-01 1.250000000000000000e-01 0.000000000000000000e+00
9.335288367546431543e-01 1.250000000000000000e-01 0.000000000000000000e+00
9.345063538611925180e-01 1.250000000000000000e-01 0.000000000000000000e+00
9.354838709677418818e-01 1.250000000000000000e-01 0.000000000000000000e+00
9.364613880742912455e-01 1.250000000000000000e-01 0.000000000000000000e+00
9.374389051808406093e-01 1.250000000000000000e-01 0.000000000000000000e+00
9.384164222873900840e-01 1.250000000000000000e-01 0.000000000000000000e+00
9.393939393939394478e-01 1.250000000000000000e-01 0.000000000000000000e+00
9.403714565004888115e-01 1.250000000000000000e-01 0.000000000000000000e+00
9.413489736070381753e-01 1.250000000000000000e-01 0.000000000000000000e+00
9.423264907135875390e-01 1.250000000000000000e-01 0.000000000000000000e+00
9.433040078201369028e-01 1.250000000000000000e-01 0.000000000000000000e+00
9.442815249266862665e-01 1.250000000000000000e-01 0.000000000000000000e+00
9.452590420332356302e-01 1.250000000000000000e-01 0.000000000000000000e+00
9.462365591397849940e-01 1.250000000000000000e-01 0.000000000000000000e+00
9.472140762463343577e-01 1.250000000000000000e-01 0.000000000000000000e+00
9.481915933528837215e-01 1.250000000000000000e-01 0.000000000000000000e+00
9.491691104594330852e-01 1.250000000000000000e-01 0.000000000000000000e+00
9.501466275659824490e-01 1.250000000000000000e-01 0.000000000000000000e+00
9.511241446725318127e-01 1.250000000000000000e-01 0.000000000000000000e+00
9.521016617790811765e-01 1.250000000000000000e-01 0.000000000000000000e+00
9.530791788856305402e-01 1.250000000000000000e-01 0.000000000000000000e+00
9.540566959921799040e-01 1.250000000000000000e-01 0.000000000000000000e+00
9.550342130987292677e-01 1.250000000000000000e-01 0.000000000000000000e+00
9.560117302052786314e-01 1.250000000000000000e-01 0.000000000000000000e+00
9.569892473118279952e-01 1.250000000000000000e-01 0.000000000000000000e+00
9.579667644183773589e-01 1.250000000000000000e-01 0.000000000000000000e+00
9.589442815249267227e-01 1.250000000000000000e-01 0.000000000000000000e+00
9.599217986314760864e-01 1.250000000000000000e-01 0.000000000000000000e+00
9.608993157380254502e-01 1.250000000000000000e-01 0.000000000000000000e+00
9.618768328445748139e-01 1.250000000000000000e-01 0.000000000000000000e+00
9.628543499511241777e-01 1.250000000000000000e-01 0.000000000000000000e+00
9.638318670576735414e-01 1.250000000000000000e-01 0.000000000000000000e+00
9.648093841642229052e-01 1.250000000000000000e-01 0.000000000000000000e+00
9.657869012707722689e-01 1.250000000000000000e-01 0.000000000000000000e+00
9.667644183773216326e-01 1.250000000000000000e-01 0.000000000000000000e+00
9.677419354838709964e-01 1.250000000000000000e-01 0.000000000000000000e+00
9.687194525904203601e-01 1.250000000000000000e-01 0.000000000000000000e+00
9.696969696969697239e-01 1.250000000000000000e-01 0.000000000000000000e+00
9.706744868035190876e-01 1.250000000000000000e-01 0.000000000000000000e+00
9.716520039100684514e-01 1.250000000000000000e-01 0.000000000000000000e+00
9.726295210166178151e-01 1.250000000000000000e-01 0.000000000000000000e+00
9.736070381231671789e-01 1.250000000000000000e-01 0.000000000000000000e+00
9.745845552297165426e-01 1.250000000000000000e-01 0.000000000000000000e+00
9.755620723362659064e-01 1.250000000000000000e-01 0.000000000000000000e+00
9.765395894428152701e-01 1.250000000000000000e-01 0.000000000000000000e+00
9.775171065493646338e-01 1.250000000000000000e-01 0.000000000000000000e+00
9.784946236559139976e-01 1.250000000000000000e-01 0.000000000000000000e+00
9.794721407624633613e-01 1.250000000000000000e-01 0.000000000000000000e+00
9.804496578690127251e-01 1.250000000000000000e-01 0.000000000000000000e+00
9.814271749755620888e-01 1.250000000000000000e-01 0.000000000000000000e+00
9.824046920821114526e-01 1.250000000000000000e-01 0.000000000000000000e+00
9.833822091886608163e-01 1.250000000000000000e-01 0.000000000000000000e+00
9.843597262952101801e-01 1.250000000000000000e-01 0.000000000000000000e+00
9.853372434017595438e-01 1.250000000000000000e-01 0.000000000000000000e+00
9.863147605083089076e-01 1.250000000000000000e-01 0.000000000000000000e+00
9.872922776148582713e-01 1.250000000000000000e-01 0.000000000000000000e+00
9.882697947214076351e-01 1.250000000000000000e-01 0.000000000000000000e+00
9.892473118279569988e-01 1.250000000000000000e-01 0.000000000000000000e+00
9.902248289345063625e-01 1.250000000000000000e-01 0.000000000000000000e+00
9.912023460410557263e-01 1.250000000000000000e-01 0.000000000000000000e+00
9.921798631476050900e-01 1.250000000000000000e-01 0.000000000000000000e+00
9.931573802541544538e-01 1.250000000000000000e-01 0.000000000000000000e+00
9.941348973607038175e-01 1.250000000000000000e-01 0.000000000000000000e+00
9.951124144672531813e-01 1.250000000000000000e-01 0.000000000000000000e+00
9.960899315738025450e-01 1.250000000000000000e-01 0.000000000000000000e+00
9.970674486803519088e-01 1.250000000000000000e-01 0.000000000000000000e+00
9.980449657869012725e-01 1.250000000000000000e-01 0.000000000000000000e+00
9.990224828934506363e-01 1.250000000000000000e-01 -0.000000000000000000e+00
1.000000000000000000e+00 1.250000000000000000e-01 -0.000000000000000000e+00
