# 0.0749076193637408
0.000000000000000000e+00 1.000000000000000000e+00 -0.000000000000000000e+00
9.775171065493646130e-04 1.000000000000000000e+00 -0.000000000000000000e+00
1.955034213098729226e-03 1.000000000000000000e+00 0.000000000000000000e+00
2.932551319648093839e-03 1.000000000000000000e+00 0.000000000000000000e+00
3.910068426197458452e-03 1.000000000000000000e+00 0.000000000000000000e+00
4.887585532746823065e-03 1.000000000000000000e+00 0.000000000000000000e+00
5.865102639296187678e-03 1.000000000000000000e+00 0.000000000000000000e+00
6.842619745845552291e-03 1.000000000000000000e+00 0.000000000000000000e+00
7.820136852394916904e-03 1.000000000000000000e+00 0.000000000000000000e+00
8.797653958944282385e-03 1.000000000000000000e+00 0.000000000000000000e+00
9.775171065493646130e-03 1.000000000000000000e+00 0.000000000000000000e+00
1.075268817204301161e-02 1.000000000000000000e+00 0.000000000000000000e+00
1.173020527859237536e-02 1.000000000000000000e+00 0.000000000000000000e+00
1.270772238514174084e-02 1.000000000000000000e+00 0.000000000000000000e+00
1.368523949169110458e-02 1.000000000000000000e+00 0.000000000000000000e+00
1.466275659824047006e-02 1.000000000000000000e+00 0.000000000000000000e+00
1.564027370478983381e-02 1.000000000000000000e+00 0.000000000000000000e+00
1.661779081133919755e-02 1.000000000000000000e+00 0.000000000000000000e+00
1.759530791788856477e-02 1.000000000000000000e+00 0.000000000000000000e+00
1.857282502443792851e-02 1.000000000000000000e+00 0.000000000000000000e+00
1.955034213098729226e-02 1.000000000000000000e+00 0.000000000000000000e+00
2.052785923753665601e-02 1.000000000000000000e+00 0.000000000000000000e+00
2.150537634408602322e-02 1.000000000000000000e+00 0.000000000000000000e+00
2.248289345063538697e-02 1.000000000000000000e+00 0.000000000000000000e+00
2.346041055718475071e-02 1.000000000000000000e+00 0.000000000000000000e+00
2.443792766373411446e-02 1.000000000000000000e+00 0.000000000000000000e+00
2.541544477028348167e-02 1.000000000000000000e+00 0.000000000000000000e+00
2.639296187683284542e-02 1.000000000000000000e+00 0.000000000000000000e+00
2.737047898338220916e-02 1.000000000000000000e+00 0.000000000000000000e+00
2.834799608993157291e-02 1.000000000000000000e+00 0.000000000000000000e+00
2.932551319648094013e-02 1.000000000000000000e+00 0.000000000000000000e+00
3.030303030303030387e-02 1.000000000000000000e+00 0.000000000000000000e+00
3.128054740957966762e-02 1.000000000000000000e+00 0.000000000000000000e+00
3.225806451612903136e-02 1.000000000000000000e+00 0.000000000000000000e+00
3.323558162267839511e-02 1.000000000000000000e+00 0.000000000000000000e+00
3.421309872922775885e-02 1.000000000000000000e+00 0.000000000000000000e+00
3.519061583577712954e-02 1.000000000000000000e+00 0.000000000000000000e+00
3.616813294232649328e-02 1.000000000000000000e+00 0.000000000000000000e+00
3.714565004887585703e-02 1.000000000000000000e+00 0.000000000000000000e+00
3.812316715542522078e-02 1.000000000000000000e+00 0.000000000000000000e+00
3.910068426197458452e-02 1.000000000000000000e+00 0.000000000000000000e+00
4.007820136852394827e-02 1.000000000000000000e+00 0.000000000000000000e+00
4.105571847507331201e-02 1.000000000000000000e+00 0.000000000000000000e+00
4.203323558162267576e-02 1.000000000000000000e+00 0.000000000000000000e+00
4.301075268817204644e-02 1.000000000000000000e+00 0.000000000000000000e+00
4.398826979472141019e-02 1.000000000000000000e+00 0.000000000000000000e+00
4.496578690127077393e-02 1.000000000000000000e+00 0.000000000000000000e+00
4.594330400782013768e-02 1.000000000000000000e+00 0.000000000000000000e+00
4.692082111436950143e-02 1.000000000000000000e+00 0.000000000000000000e+00
4.789833822091886517e-02 1.000000000000000000e+00 0.000000000000000000e+00
4.887585532746822892e-02 1.000000000000000000e+00 0.000000000000000000e+00
4.985337243401759266e-02 1.000000000000000000e+00 0.000000000000000000e+00
5.083088954056696335e-02 1.000000000000000000e+00 0.000000000000000000e+00
5.180840664711632709e-02 1.000000000000000000e+00 0.000000000000000000e+00
5.278592375366569084e-02 1.000000000000000000e+00 0.000000000000000000e+00
5.376344086021505458e-02 1.000000000000000000e+00 0.000000000000000000e+00
5.474095796676441833e-02 1.000000000000000000e+00 0.000000000000000000e+00
5.571847507331378208e-02 1.000000000000000000e+00 0.000000000000000000e+00
5.669599217986314582e-02 1.000000000000000000e+00 0.000000000000000000e+00
5.767350928641250957e-02 1.000000000000000000e+00 0.000000000000000000e+00
5.865102639296188025e-02 1.000000000000000000e+00 0.000000000000000000e+00
5.962854349951124400e-02 1.000000000000000000e+00 0.000000000000000000e+00
6.060606060606060774e-02 1.000000000000000000e+00 0.000000000000000000e+00
6.158357771260997149e-02 1.000000000000000000e+00 0.000000000000000000e+00
6.256109481915933523e-02 1.000000000000000000e+00 0.000000000000000000e+00
6.353861192570869898e-02 1.000000000000000000e+00 0.000000000000000000e+00
6.451612903225806273e-02 1.000000000000000000e+00 0.000000000000000000e+00
6.549364613880742647e-02 1.000000000000000000e+00 0.000000000000000000e+00
6.647116324535679022e-02 1.000000000000000000e+00 0.000000000000000000e+00
6.744868035190615396e-02 1.000000000000000000e+00 0.000000000000000000e+00
6.842619745845551771e-02 1.000000000000000000e+00 0.000000000000000000e+00
6.940371456500488145e-02 1.000000000000000000e+00 0.000000000000000000e+00
7.038123167155425908e-02 1.000000000000000000e+00 0.000000000000000000e+00
7.135874877810362282e-02 1.000000000000000000e+00 0.000000000000000000e+00
7.233626588465298657e-02 1.000000000000000000e+00 0.000000000000000000e+00
7.331378299120235031e-02 1.000000000000000000e+00 0.000000000000000000e+00
7.429130009775171406e-02 1.000000000000000000e+00 0.000000000000000000e+00
7.526881720430107781e-02 1.000000000000000000e+00 0.000000000000000000e+00
7.624633431085044155e-02 1.000000000000000000e+00 0.000000000000000000e+00
7.722385141739980530e-02 1.000000000000000000e+00 0.000000000000000000e+00
7.820136852394916904e-02 1.000000000000000000e+00 0.000000000000000000e+00
7.917888563049853279e-02 1.000000000000000000e+00 0.000000000000000000e+00
8.015640273704789653e-02 1.000000000000000000e+00 0.000000000000000000e+00
8.113391984359726028e-02 1.000000000000000000e+00 0.000000000000000000e+00
8.211143695014662403e-02 1.000000000000000000e+00 0.000000000000000000e+00
8.308895405669598777e-02 1.000000000000000000e+00 0.000000000000000000e+00
8.406647116324535152e-02 1.000000000000000000e+00 0.000000000000000000e+00
8.504398826979471526e-02 1.000000000000000000e+00 0.000000000000000000e+00
8.602150537634409289e-02 1.000000000000000000e+00 0.000000000000000000e+00
8.699902248289345663e-02 1.000000000000000000e+00 0.000000000000000000e+00
8.797653958944282038e-02 1.000000000000000000e+00 0.000000000000000000e+00
8.895405669599218412e-02 1.000000000000000000e+00 0.000000000000000000e+00
8.993157380254154787e-02 1.000000000000000000e+00 0.000000000000000000e+00
9.090909090909091161e-02 1.000000000000000000e+00 0.000000000000000000e+00
9.188660801564027536e-02 1.000000000000000000e+00 0.000000000000000000e+00
9.286412512218963911e-02 1.000000000000000000e+00 0.000000000000000000e+00
9.384164222873900285e-02 1.000000000000000000e+00 0.000000000000000000e+00
9.481915933528836660e-02 1.000000000000000000e+00 0.000000000000000000e+00
9.579667644183773034e-02 1.000000000000000000e+00 0.000000000000000000e+00
9.677419354838709409e-02 1.000000000000000000e+00 0.000000000000000000e+00
9.775171065493645783e-02 1.000000000000000000e+00 0.000000000000000000e+00
9.872922776148582158e-02 1.000000000000000000e+00 0.000000000000000000e+00
9.970674486803518533e-02 1.000000000000000000e+00 0.000000000000000000e+00
1.006842619745845491e-01 1.000000000000000000e+00 0.000000000000000000e+00
1.016617790811339267e-01 1.000000000000000000e+00 0.000000000000000000e+00
1.026392961876832904e-01 1.000000000000000000e+00 0.000000000000000000e+00
1.036168132942326542e-01 1.000000000000000000e+00 0.000000000000000000e+00
1.045943304007820179e-01 1.000000000000000000e+00 0.000000000000000000e+00
1.055718475073313817e-01 1.000000000000000000e+00 0.000000000000000000e+00
1.065493646138807454e-01 1.000000000000000000e+00 0.000000000000000000e+00
1.075268817204301092e-01 1.000000000000000000e+00 0.000000000000000000e+00
1.085043988269794729e-01 1.000000000000000000e+00 0.000000000000000000e+00
1.094819159335288367e-01 1.000000000000000000e+00 0.000000000000000000e+00
1.104594330400782004e-01 1.000000000000000000e+00 0.000000000000000000e+00
1.114369501466275642e-01 1.000000000000000000e+00 0.000000000000000000e+00
1.124144672531769279e-01 1.000000000000000000e+00 0.000000000000000000e+00
1.133919843597262916e-01 1.000000000000000000e+00 0.000000000000000000e+00
1.143695014662756554e-01 1.000000000000000000e+00 0.000000000000000000e+00
1.153470185728250191e-01 1.000000000000000000e+00 0.000000000000000000e+00
1.163245356793743829e-01 1.000000000000000000e+00 0.000000000000000000e+00
1.173020527859237605e-01 1.000000000000000000e+00 0.000000000000000000e+00
1.182795698924731242e-01 1.000000000000000000e+00 0.000000000000000000e+00
1.192570869990224880e-01 1.000000000000000000e+00 0.000000000000000000e+00
1.202346041055718517e-01 1.000000000000000000e+00 0.000000000000000000e+00
1.212121212121212155e-01 1.000000000000000000e+00 0.000000000000000000e+00
1.221896383186705792e-01 1.000000000000000000e+00 0.000000000000000000e+00
1.231671554252199430e-01 1.000000000000000000e+00 0.000000000000000000e+00
1.241446725317693067e-01 1.000000000000000000e+00 0.000000000000000000e+00
1.251221896383186705e-01 1.000000000000000000e+00 0.000000000000000000e+00
1.260997067448680342e-01 1.000000000000000000e+00 0.000000000000000000e+00
1.270772238514173980e-01 1.000000000000000000e+00 0.000000000000000000e+00
1.280547409579667617e-01 1.000000000000000000e+00 0.000000000000000000e+00
1.290322580645161255e-01 1.000000000000000000e+00 0.000000000000000000e+00
1.300097751710654892e-01 1.000000000000000000e+00 0.000000000000000000e+00
1.309872922776148529e-01 1.000000000000000000e+00 0.000000000000000000e+00
1.319648093841642167e-01 1.000000000000000000e+00 0.000000000000000000e+00
1.329423264907135804e-01 1.000000000000000000e+00 0.000000000000000000e+00
1.339198435972629442e-01 1.000000000000000000e+00 0.000000000000000000e+00
1.348973607038123079e-01 1.000000000000000000e+00 0.000000000000000000e+00
1.358748778103616717e-01 1.000000000000000000e+00 0.000000000000000000e+00
1.368523949169110354e-01 1.000000000000000000e+00 0.000000000000000000e+00
1.378299120234603992e-01 1.000000000000000000e+00 0.000000000000000000e+00
1.388074291300097629e-01 1.000000000000000000e+00 0.000000000000000000e+00
1.397849462365591267e-01 1.000000000000000000e+00 0.000000000000000000e+00
1.407624633431085182e-01 1.000000000000000000e+00 0.000000000000000000e+00
1.417399804496578819e-01 1.000000000000000000e+00 0.000000000000000000e+00
1.427174975562072456e-01 1.000000000000000000e+00 0.000000000000000000e+00
1.436950146627566094e-01 1.000000000000000000e+00 0.000000000000000000e+00
1.446725317693059731e-01 1.000000000000000000e+00 0.000000000000000000e+00
1.456500488758553369e-01 1.000000000000000000e+00 0.000000000000000000e+00
1.466275659824047006e-01 1.000000000000000000e+00 0.000000000000000000e+00
1.476050830889540644e-01 1.000000000000000000e+00 0.000000000000000000e+00
1.485826001955034281e-01 1.000000000000000000e+00 0.000000000000000000e+00
1.495601173020527919e-01 1.000000000000000000e+00 0.000000000000000000e+00
1.505376344086021556e-01 1.000000000000000000e+00 0.000000000000000000e+00
1.515151515151515194e-01 1.000000000000000000e+00 0.000000000000000000e+00
1.524926686217008831e-01 1.000000000000000000e+00 0.000000000000000000e+00
1.534701857282502468e-01 1.000000000000000000e+00 0.000000000000000000e+00
1.544477028347996106e-01 1.000000000000000000e+00 0.000000000000000000e+00
1.554252199413489743e-01 1.000000000000000000e+00 0.000000000000000000e+00
1.564027370478983381e-01 1.000000000000000000e+00 0.000000000000000000e+00
1.573802541544477018e-01 1.000000000000000000e+00 0.000000000000000000e+00
1.583577712609970656e-01 1.000000000000000000e+00 0.000000000000000000e+00
1.593352883675464293e-01 1.000000000000000000e+00 0.000000000000000000e+00
1.603128054740957931e-01 1.000000000000000000e+00 0.000000000000000000e+00
1.612903225806451568e-01 1.000000000000000000e+00 0.000000000000000000e+00
1.622678396871945206e-01 1.000000000000000000e+00 0.000000000000000000e+00
1.632453567937438843e-01 1.000000000000000000e+00 0.000000000000000000e+00
1.642228739002932481e-01 1.000000000000000000e+00 0.000000000000000000e+00
1.652003910068426118e-01 1.000000000000000000e+00 0.000000000000000000e+00
1.661779081133919755e-01 1.000000000000000000e+00 0.000000000000000000e+00
1.671554252199413393e-01 1.000000000000000000e+00 0.000000000000000000e+00
1.681329423264907030e-01 1.000000000000000000e+00 0.000000000000000000e+00
1.691104594330400668e-01 1.000000000000000000e+00 0.000000000000000000e+00
1.700879765395894305e-01 1.000000000000000000e+00 0.000000000000000000e+00
1.710654936461387943e-01 1.000000000000000000e+00 0.000000000000000000e+00
1.720430107526881858e-01 1.000000000000000000e+00 0.000000000000000000e+00
1.730205278592375495e-01 1.000000000000000000e+00 0.000000000000000000e+00
1.739980449657869133e-01 1.000000000000000000e+00 0.000000000000000000e+00
1.749755620723362770e-01 1.000000000000000000e+00 0.000000000000000000e+00
1.759530791788856408e-01 1.000000000000000000e+00 0.000000000000000000e+00
1.769305962854350045e-01 1.000000000000000000e+00 0.000000000000000000e+00
1.779081133919843682e-01 1.000000000000000000e+00 0.000000000000000000e+00
1.788856304985337320e-01 1.000000000000000000e+00 0.000000000000000000e+00
1.798631476050830957e-01 1.000000000000000000e+00 0.000000000000000000e+00
1.808406647116324595e-01 1.000000000000000000e+00 0.000000000000000000e+00
1.818181818181818232e-01 1.000000000000000000e+00 0.000000000000000000e+00
1.827956989247311870e-01 1.000000000000000000e+00 0.000000000000000000e+00
1.837732160312805507e-01 1.000000000000000000e+00 0.000000000000000000e+00
1.847507331378299145e-01 1.000000000000000000e+00 0.000000000000000000e+00
1.857282502443792782e-01 1.000000000000000000e+00 0.000000000000000000e+00
1.867057673509286420e-01 1.000000000000000000e+00 0.000000000000000000e+00
1.876832844574780057e-01 1.000000000000000000e+00 0.000000000000000000e+00
1.886608015640273694e-01 1.000000000000000000e+00 0.000000000000000000e+00
1.896383186705767332e-01 1.000000000000000000e+00 0.000000000000000000e+00
1.906158357771260969e-01 1.000000000000000000e+00 0.000000000000000000e+00
1.915933528836754607e-01 1.000000000000000000e+00 0.000000000000000000e+00
1.925708699902248244e-01 1.000000000000000000e+00 0.000000000000000000e+00
1.935483870967741882e-01 1.000000000000000000e+00 0.000000000000000000e+00
1.945259042033235519e-01 1.000000000000000000e+00 0.000000000000000000e+00
1.955034213098729157e-01 1.000000000000000000e+00 0.000000000000000000e+00
1.964809384164222794e-01 1.000000000000000000e+00 0.000000000000000000e+00
1.974584555229716432e-01 1.000000000000000000e+00 0.000000000000000000e+00
1.984359726295210069e-01 1.000000000000000000e+00 0.000000000000000000e+00
1.994134897360703707e-01 1.000000000000000000e+00 0.000000000000000000e+00
2.003910068426197344e-01 1.000000000000000000e+00 0.000000000000000000e+00
2.013685239491690981e-01 1.000000000000000000e+00 0.000000000000000000e+00
2.023460410557184619e-01 1.000000000000000000e+00 0.000000000000000000e+00
2.033235581622678534e-01 1.000000000000000000e+00 0.000000000000000000e+00
2.043010752688172171e-01 1.000000000000000000e+00 0.000000000000000000e+00
2.052785923753665809e-01 1.000000000000000000e+00 0.000000000000000000e+00
2.062561094819159446e-01 1.000000000000000000e+00 0.000000000000000000e+00
2.072336265884653084e-01 1.000000000000000000e+00 0.000000000000000000e+00
2.082111436950146721e-01 1.000000000000000000e+00 0.000000000000000000e+00
2.091886608015640359e-01 1.000000000000000000e+00 0.000000000000000000e+00
2.101661779081133996e-01 1.000000000000000000e+00 0.000000000000000000e+00
2.111436950146627634e-01 1.000000000000000000e+00 0.000000000000000000e+00
2.121212121212121271e-01 1.000000000000000000e+00 0.000000000000000000e+00
2.130987292277614908e-01 1.000000000000000000e+00 0.000000000000000000e+00
2.140762463343108546e-01 1.000000000000000000e+00 0.000000000000000000e+00
2.150537634408602183e-01 1.000000000000000000e+00 0.000000000000000000e+00
2.160312805474095821e-01 1.000000000000000000e+00 0.000000000000000000e+00
2.170087976539589458e-01 1.000000000000000000e+00 0.000000000000000000e+00
2.179863147605083096e-01 1.000000000000000000e+00 0.000000000000000000e+00
2.189638318670576733e-01 1.000000000000000000e+00 0.000000000000000000e+00
2.199413489736070371e-01 1.000000000000000000e+00 0.000000000000000000e+00
2.209188660801564008e-01 1.000000000000000000e+00 0.000000000000000000e+00
2.218963831867057646e-01 1.000000000000000000e+00 0.000000000000000000e+00
2.228739002932551283e-01 1.000000000000000000e+00 0.000000000000000000e+00
2.238514173998044920e-01 1.000000000000000000e+00 0.000000000000000000e+00
2.248289345063538558e-01 1.000000000000000000e+00 0.000000000000000000e+00
2.258064516129032195e-01 1.000000000000000000e+00 0.000000000000000000e+00
2.267839687194525833e-01 1.000000000000000000e+00 0.000000000000000000e+00
2.277614858260019470e-01 1.000000000000000000e+00 0.000000000000000000e+00
2.287390029325513108e-01 1.000000000000000000e+00 0.000000000000000000e+00
2.297165200391006745e-01 1.000000000000000000e+00 0.000000000000000000e+00
2.306940371456500383e-01 1.000000000000000000e+00 0.000000000000000000e+00
2.316715542521994020e-01 1.000000000000000000e+00 0.000000000000000000e+00
2.326490713587487658e-01 1.000000000000000000e+00 0.000000000000000000e+00
2.336265884652981295e-01 1.000000000000000000e+00 0.000000000000000000e+00
2.346041055718475210e-01 1.000000000000000000e+00 0.000000000000000000e+00
2.355816226783968848e-01 1.000000000000000000e+00 0.000000000000000000e+00
2.365591397849462485e-01 1.000000000000000000e+00 0.000000000000000000e+00
2.375366568914956122e-01 1.000000000000000000e+00 0.000000000000000000e+00
2.385141739980449760e-01 1.000000000000000000e+00 0.000000000000000000e+00
2.394916911045943397e-01 1.000000000000000000e+00 0.000000000000000000e+00
2.404692082111437035e-01 1.000000000000000000e+00 0.000000000000000000e+00
2.414467253176930672e-01 1.000000000000000000e+00 0.000000000000000000e+00
2.424242424242424310e-01 1.000000000000000000e+00 0.000000000000000000e+00
2.434017595307917947e-01 1.000000000000000000e+00 0.000000000000000000e+00
2.443792766373411585e-01 1.000000000000000000e+00 0.000000000000000000e+00
2.453567937438905222e-01 1.000000000000000000e+00 0.000000000000000000e+00
2.463343108504398860e-01 1.000000000000000000e+00 0.000000000000000000e+00
2.473118279569892497e-01 1.000000000000000000e+00 0.000000000000000000e+00
2.482893450635386134e-01 1.000000000000000000e+00 0.000000000000000000e+00
2.492668621700879772e-01 1.000000000000000000e+00 0.000000000000000000e+00
2.502443792766373409e-01 1.000000000000000000e+00 0.000000000000000000e+00
2.512218963831867047e-01 1.000000000000000000e+00 0.000000000000000000e+00
2.521994134897360684e-01 1.000000000000000000e+00 0.000000000000000000e+00
2.531769305962854322e-01 1.000000000000000000e+00 0.000000000000000000e+00
2.541544477028347959e-01 1.000000000000000000e+00 0.000000000000000000e+00
2.551319648093841597e-01 1.000000000000000000e+00 0.000000000000000000e+00
2.561094819159335234e-01 1.000000000000000000e+00 0.000000000000000000e+00
2.570869990224828872e-01 1.000000000000000000e+00 0.000000000000000000e+00
2.580645161290322509e-01 1.000000000000000000e+00 0.000000000000000000e+00
2.590420332355816146e-01 1.000000000000000000e+00 0.000000000000000000e+00
2.600195503421309784e-01 1.000000000000000000e+00 0.000000000000000000e+00
2.609970674486803421e-01 1.000000000000000000e+00 0.000000000000000000e+00
2.619745845552297059e-01 1.000000000000000000e+00 0.000000000000000000e+00
2.629521016617790696e-01 1.000000000000000000e+00 0.000000000000000000e+00
2.639296187683284334e-01 1.000000000000000000e+00 0.000000000000000000e+00
2.649071358748777971e-01 1.000000000000000000e+00 0.000000000000000000e+00
2.658846529814271609e-01 1.000000000000000000e+00 0.000000000000000000e+00
2.668621700879765246e-01 1.000000000000000000e+00 0.000000000000000000e+00
2.678396871945258884e-01 1.000000000000000000e+00 0.000000000000000000e+00
2.688172043010752521e-01 1.000000000000000000e+00 0.000000000000000000e+00
2.697947214076246158e-01 1.000000000000000000e+00 0.000000000000000000e+00
2.707722385141739796e-01 1.000000000000000000e+00 0.000000000000000000e+00
2.717497556207233433e-01 1.000000000000000000e+00 0.000000000000000000e+00
2.727272727272727071e-01 1.000000000000000000e+00 0.000000000000000000e+00
2.737047898338220708e-01 1.000000000000000000e+00 0.000000000000000000e+00
2.746823069403714346e-01 1.000000000000000000e+00 0.000000000000000000e+00
2.756598240469207983e-01 1.000000000000000000e+00 0.000000000000000000e+00
2.766373411534701621e-01 1.000000000000000000e+00 0.000000000000000000e+00
2.776148582600195258e-01 1.000000000000000000e+00 0.000000000000000000e+00
2.785923753665688896e-01 1.000000000000000000e+00 0.000000000000000000e+00
2.795698924731182533e-01 1.000000000000000000e+00 0.000000000000000000e+00
2.805474095796676171e-01 1.000000000000000000e+00 0.000000000000000000e+00
2.815249266862170363e-01 1.000000000000000000e+00 0.000000000000000000e+00
2.825024437927664001e-01 1.000000000000000000e+00 0.000000000000000000e+00
2.834799608993157638e-01 1.000000000000000000e+00 0.000000000000000000e+00
2.844574780058651275e-01 1.000000000000000000e+00 0.000000000000000000e+00
2.854349951124144913e-01 1.000000000000000000e+00 0.000000000000000000e+00
2.864125122189638550e-01 1.000000000000000000e+00 0.000000000000000000e+00
2.873900293255132188e-01 1.000000000000000000e+00 0.000000000000000000e+00
2.883675464320625825e-01 1.000000000000000000e+00 0.000000000000000000e+00
2.893450635386119463e-01 1.000000000000000000e+00 0.000000000000000000e+00
2.903225806451613100e-01 1.000000000000000000e+00 0.000000000000000000e+00
2.913000977517106738e-01 1.000000000000000000e+00 0.000000000000000000e+00
2.922776148582600375e-01 1.000000000000000000e+00 0.000000000000000000e+00
2.932551319648094013e-01 1.000000000000000000e+00 0.000000000000000000e+00
2.942326490713587650e-01 1.000000000000000000e+00 0.000000000000000000e+00
2.952101661779081287e-01 1.000000000000000000e+00 0.000000000000000000e+00
2.961876832844574925e-01 1.000000000000000000e+00 0.000000000000000000e+00
2.971652003910068562e-01 1.000000000000000000e+00 0.000000000000000000e+00
2.981427174975562200e-01 1.000000000000000000e+00 0.000000000000000000e+00
2.991202346041055837e-01 1.000000000000000000e+00 0.000000000000000000e+00
3.000977517106549475e-01 1.000000000000000000e+00 0.000000000000000000e+00
3.010752688172043112e-01 1.000000000000000000e+00 0.000000000000000000e+00
3.020527859237536750e-01 1.000000000000000000e+00 0.000000000000000000e+00
3.030303030303030387e-01 1.000000000000000000e+00 0.000000000000000000e+00
3.040078201368524025e-01 1.000000000000000000e+00 0.000000000000000000e+00
3.049853372434017662e-01 1.000000000000000000e+00 0.000000000000000000e+00
3.059628543499511300e-01 1.000000000000000000e+00 0.000000000000000000e+00
3.069403714565004937e-01 1.000000000000000000e+00 0.000000000000000000e+00
3.079178885630498574e-01 1.000000000000000000e+00 0.000000000000000000e+00
3.088954056695992212e-01 1.000000000000000000e+00 0.000000000000000000e+00
3.098729227761485849e-01 1.000000000000000000e+00 0.000000000000000000e+00
3.108504398826979487e-01 1.000000000000000000e+00 0.000000000000000000e+00
3.118279569892473124e-01 1.000000000000000000e+00 0.000000000000000000e+00
3.128054740957966762e-01 1.000000000000000000e+00 0.000000000000000000e+00
3.137829912023460399e-01 1.000000000000000000e+00 0.000000000000000000e+00
3.147605083088954037e-01 1.000000000000000000e+00 0.000000000000000000e+00
3.157380254154447674e-01 1.000000000000000000e+00 0.000000000000000000e+00
3.167155425219941312e-01 1.000000000000000000e+00 0.000000000000000000e+00
3.176930596285434949e-01 1.000000000000000000e+00 0.000000000000000000e+00
3.186705767350928586e-01 1.000000000000000000e+00 0.000000000000000000e+00
3.196480938416422224e-01 1.000000000000000000e+00 0.000000000000000000e+00
3.206256109481915861e-01 1.000000000000000000e+00 0.000000000000000000e+00
3.216031280547409499e-01 1.000000000000000000e+00 0.000000000000000000e+00
3.225806451612903136e-01 1.000000000000000000e+00 0.000000000000000000e+00
3.235581622678396774e-01 1.000000000000000000e+00 0.000000000000000000e+00
3.245356793743890411e-01 1.000000000000000000e+00 0.000000000000000000e+00
3.255131964809384049e-01 1.000000000000000000e+00 0.000000000000000000e+00
3.264907135874877686e-01 1.000000000000000000e+00 0.000000000000000000e+00
3.274682306940371324e-01 1.000000000000000000e+00 0.000000000000000000e+00
3.284457478005864961e-01 1.000000000000000000e+00 0.000000000000000000e+00
3.294232649071358598e-01 1.000000000000000000e+00 0.000000000000000000e+00
3.304007820136852236e-01 1.000000000000000000e+00 0.000000000000000000e+00
3.313782991202345873e-01 1.000000000000000000e+00 0.000000000000000000e+00
3.323558162267839511e-01 1.000000000000000000e+00 0.000000000000000000e+00
3.333333333333333148e-01 1.000000000000000000e+00 0.000000000000000000e+00
3.343108504398826786e-01 1.000000000000000000e+00 0.000000000000000000e+00
3.352883675464320423e-01 1.000000000000000000e+00 0.000000000000000000e+00
3.362658846529814061e-01 1.000000000000000000e+00 0.000000000000000000e+00
3.372434017595307698e-01 1.000000000000000000e+00 0.000000000000000000e+00
3.382209188660801336e-01 1.000000000000000000e+00 0.000000000000000000e+00
3.391984359726294973e-01 1.000000000000000000e+00 0.000000000000000000e+00
3.401759530791788610e-01 1.000000000000000000e+00 0.000000000000000000e+00
3.411534701857282248e-01 1.000000000000000000e+00 0.000000000000000000e+00
3.421309872922775885e-01 1.000000000000000000e+00 0.000000000000000000e+00
3.431085043988269523e-01 1.000000000000000000e+00 0.000000000000000000e+00
3.440860215053763715e-01 1.000000000000000000e+00 0.000000000000000000e+00
3.450635386119257353e-01 1.000000000000000000e+00 0.000000000000000000e+00
3.460410557184750990e-01 1.000000000000000000e+00 0.000000000000000000e+00
3.470185728250244628e-01 1.000000000000000000e+00 0.000000000000000000e+00
3.479960899315738265e-01 1.000000000000000000e+00 0.000000000000000000e+00
3.489736070381231903e-01 1.000000000000000000e+00 0.000000000000000000e+00
3.499511241446725540e-01 1.000000000000000000e+00 0.000000000000000000e+00
3.509286412512219178e-01 1.000000000000000000e+00 0.000000000000000000e+00
3.519061583577712815e-01 1.000000000000000000e+00 0.000000000000000000e+00
3.528836754643206453e-01 1.000000000000000000e+00 0.000000000000000000e+00
3.538611925708700090e-01 1.000000000000000000e+00 0.000000000000000000e+00
3.548387096774193727e-01 1.000000000000000000e+00 0.000000000000000000e+00
3.558162267839687365e-01 1.000000000000000000e+00 0.000000000000000000e+00
3.567937438905181002e-01 1.000000000000000000e+00 0.000000000000000000e+00
3.577712609970674640e-01 1.000000000000000000e+00 0.000000000000000000e+00
3.587487781036168277e-01 1.000000000000000000e+00 0.000000000000000000e+00
3.597262952101661915e-01 1.000000000000000000e+00 0.000000000000000000e+00
3.607038123167155552e-01 1.000000000000000000e+00 0.000000000000000000e+00
3.616813294232649190e-01 1.000000000000000000e+00 0.000000000000000000e+00
3.626588465298142827e-01 1.000000000000000000e+00 0.000000000000000000e+00
3.636363636363636465e-01 1.000000000000000000e+00 0.000000000000000000e+00
3.646138807429130102e-01 1.000000000000000000e+00 0.000000000000000000e+00
3.655913978494623739e-01 1.000000000000000000e+00 0.000000000000000000e+00
3.665689149560117377e-01 1.000000000000000000e+00 0.000000000000000000e+00
3.675464320625611014e-01 1.000000000000000000e+00 0.000000000000000000e+00
3.685239491691104652e-01 1.000000000000000000e+00 0.000000000000000000e+00
3.695014662756598289e-01 1.000000000000000000e+00 0.000000000000000000e+00
3.704789833822091927e-01 1.000000000000000000e+00 0.000000000000000000e+00
3.714565004887585564e-01 1.000000000000000000e+00 0.000000000000000000e+00
3.724340175953079202e-01 1.000000000000000000e+00 0.000000000000000000e+00
3.734115347018572839e-01 1.000000000000000000e+00 0.000000000000000000e+00
3.743890518084066477e-01 1.000000000000000000e+00 0.000000000000000000e+00
3.753665689149560114e-01 1.000000000000000000e+00 0.000000000000000000e+00
3.763440860215053752e-01 1.000000000000000000e+00 0.000000000000000000e+00
3.773216031280547389e-01 1.000000000000000000e+00 0.000000000000000000e+00
3.782991202346041026e-01 1.000000000000000000e+00 0.000000000000000000e+00
3.792766373411534664e-01 1.000000000000000000e+00 0.000000000000000000e+00
3.802541544477028301e-01 1.000000000000000000e+00 0.000000000000000000e+00
3.812316715542521939e-01 1.000000000000000000e+00 0.000000000000000000e+00
3.822091886608015576e-01 1.000000000000000000e+00 0.000000000000000000e+00
3.831867057673509214e-01 1.000000000000000000e+00 0.000000000000000000e+00
3.841642228739002851e-01 1.000000000000000000e+00 0.000000000000000000e+00
3.851417399804496489e-01 1.000000000000000000e+00 0.000000000000000000e+00
3.861192570869990126e-01 1.000000000000000000e+00 0.000000000000000000e+00
3.870967741935483764e-01 1.000000000000000000e+00 0.000000000000000000e+00
3.880742913000977401e-01 1.000000000000000000e+00 0.000000000000000000e+00
3.890518084066471038e-01 1.000000000000000000e+00 0.000000000000000000e+00
3.900293255131964676e-01 1.000000000000000000e+00 0.000000000000000000e+00
3.910068426197458313e-01 1.000000000000000000e+00 0.000000000000000000e+00
3.919843597262951951e-01 1.000000000000000000e+00 0.000000000000000000e+00
3.929618768328445588e-01 1.000000000000000000e+00 0.000000000000000000e+00
3.939393939393939226e-01 1.000000000000000000e+00 0.000000000000000000e+00
3.949169110459432863e-01 1.000000000000000000e+00 0.000000000000000000e+00
3.958944281524926501e-01 1.000000000000000000e+00 0.000000000000000000e+00
3.968719452590420138e-01 1.000000000000000000e+00 0.000000000000000000e+00
3.978494623655913776e-01 1.000000000000000000e+00 0.000000000000000000e+00
3.988269794721407413e-01 1.000000000000000000e+00 0.000000000000000000e+00
3.998044965786901050e-01 1.000000000000000000e+00 0.000000000000000000e+00
4.007820136852394688e-01 1.000000000000000000e+00 0.000000000000000000e+00
4.017595307917888325e-01 1.000000000000000000e+00 0.000000000000000000e+00
4.027370478983381963e-01 1.000000000000000000e+00 1.822166043080927877e-17
4.037145650048875600e-01 9.999999999999995559e-01 4.054544485804627958e-16
4.046920821114369238e-01 9.999999999999974465e-01 1.822331623976846888e-15
4.056695992179862875e-01 9.999999999999921174e-01 7.649478501552274814e-15
4.066471163245357068e-01 9.999999999999699130e-01 2.112656263961988994e-14
4.076246334310850705e-01 9.999999999999238387e-01 7.607836023358968581e-14
4.086021505376344343e-01 9.999999999997278843e-01 1.886256004580482194e-13
4.095796676441837980e-01 9.999999999993332001e-01 6.545306186766518319e-13
4.105571847507331618e-01 9.999999999977351450e-01 1.588184136073721277e-12
4.115347018572825255e-01 9.999999999945534679e-01 5.285071030316282529e-12
4.125122189638318893e-01 9.999999999821946872e-01 1.256626701881780985e-11
4.134897360703812530e-01 9.999999999580752030e-01 4.020359562154131670e-11
4.144672531769306167e-01 9.999999998683329894e-01 9.356234851335865005e-11
4.154447702834799805e-01 9.999999996966844051e-01 2.873946797251151025e-10
4.164222873900293442e-01 9.999999990860444221e-01 6.539857447296353975e-10
4.173998044965787080e-01 9.999999979424475383e-01 1.925868207539137447e-09
4.183773216031280717e-01 9.999999940609972660e-01 4.279998962198534011e-09
4.193548387096774355e-01 9.999999869505552530e-01 1.206260491347446943e-08
4.203323558162267992e-01 9.999999639833609955e-01 2.614515482928421191e-08
4.213098729227761630e-01 9.999999228738231105e-01 7.038751456385596808e-08
4.222873900293255267e-01 9.999997968675873317e-01 1.485589669910141846e-07
4.232649071358748905e-01 9.999995767764074950e-01 3.812123300505264072e-07
4.242424242424242542e-01 9.999989387734493640e-01 7.820519126551403253e-07
4.252199413489736179e-01 9.999978529501170055e-01 1.908028673288104199e-06
4.261974584555229817e-01 9.999948881298182934e-01 3.796585482235107819e-06
4.271749755620723454e-01 9.999899803490741590e-01 8.781385647702351704e-06
4.281524926686217092e-01 9.999774198095279232e-01 1.690454468620552513e-05
4.291300097751710729e-01 9.999572409327555089e-01 3.694033659276034585e-05
4.301075268817204367e-01 9.999091305139713448e-01 6.858362671498107615e-05
4.310850439882698004e-01 9.998343241703254725e-01 1.410096539895491384e-04
4.320625610948191642e-01 9.996694690858285437e-01 2.515116781767222972e-04
4.330400782013685279e-01 9.994222507416490320e-01 4.841079374703547680e-04
4.340175953079178917e-01 9.989237074635369806e-01 8.254693612057455512e-04
4.349951124144672554e-01 9.982059478337839131e-01 1.478653093700937112e-03
4.359726295210166191e-01 9.968979447969937846e-01 2.395504615788300248e-03
4.369501466275659829e-01 9.951003230200927696e-01 3.967963518108297283e-03
4.379276637341153466e-01 9.921815625137433425e-01 6.063985699690426293e-03
4.389051808406647104e-01 9.883773504672337396e-01 9.239427456688525248e-03
4.398826979472140741e-01 9.829387568708519707e-01 1.322885735730047405e-02
4.408602150537634379e-01 9.762576576766061054e-01 1.852023363666598088e-02
4.418377321603128016e-01 9.678591161078704541e-01 2.475075656297297602e-02
4.428152492668621654e-01 9.581727546658592720e-01 3.203706547228554052e-02
4.437927663734115291e-01 9.472637400121193263e-01 4.006783098889522138e-02
4.447702834799608929e-01 9.354388451404729299e-01 4.860297639279985427e-02
4.457478005865102566e-01 9.230474136010189401e-01 5.745987203668455334e-02
4.467253176930596203e-01 9.102860392373675058e-01 6.638535872765717605e-02
4.477028347996089841e-01 8.973751898211113076e-01 7.525860603707873464e-02
4.486803519061583478e-01 8.844600708268669509e-01 8.398990012211843270e-02
4.496578690127077116e-01 8.716010659506935321e-01 9.251009281245510529e-02
4.506353861192570753e-01 8.588578257735225430e-01 1.007945127482764852e-01
4.516129032258064391e-01 8.462570717200036396e-01 1.088353915309686615e-01
4.525904203323558028e-01 8.338078645383479870e-01 1.166208250253866208e-01
4.535679374389051666e-01 8.215160589862647855e-01 1.241529557843541465e-01
4.545454545454545303e-01 8.093888348716880010e-01 1.314352348680127569e-01
4.555229716520038941e-01 7.974242575986167925e-01 1.384706812213949700e-01
4.565004887585532578e-01 7.856227556743825557e-01 1.452619569566929725e-01
4.574780058651026216e-01 7.739839439126491305e-01 1.518149962586166357e-01
4.584555229716519853e-01 7.625076566719936055e-01 1.581342082995047527e-01
4.594330400782013490e-01 7.511916722635184618e-01 1.642241257738638327e-01
4.604105571847507128e-01 7.400350998024374238e-01 1.700893374069690211e-01
4.613880742913000765e-01 7.290365867963750635e-01 1.757350458246901281e-01
4.623655913978494403e-01 7.181948511047865358e-01 1.811658829285616168e-01
4.633431085043988040e-01 7.075081984221215370e-01 1.863864710959960980e-01
4.643206256109481678e-01 6.969753303988862614e-01 1.914014425619340876e-01
4.652981427174975315e-01 6.865949065480200231e-01 1.962154924632298625e-01
4.662756598240468953e-01 6.763656174772602059e-01 2.008331207529610862e-01
4.672531769305962590e-01 6.662861281708057914e-01 2.052587368699864967e-01
4.682306940371456228e-01 6.563552470413412943e-01 2.094967128043366822e-01
4.692082111436950420e-01 6.465718694573361347e-01 2.135513850185791762e-01
4.701857282502444058e-01 6.369349609769638931e-01 2.174269948857807111e-01
4.711632453567937695e-01 6.274435582398404376e-01 2.211276956922342829e-01
4.721407624633431332e-01 6.180968118806806633e-01 2.246575812932845029e-01
4.731182795698924970e-01 6.088939972356492980e-01 2.280206959195080763e-01
4.740957966764418607e-01 5.998345111356783166e-01 2.312210215367722643e-01
4.750733137829912245e-01 5.909178762960256570e-01 2.342624732846671776e-01
4.760508308895405882e-01 5.821437605953663219e-01 2.371489093782927771e-01
4.770283479960899520e-01 5.735119968748320085e-01 2.398841419645297568e-01
4.780058651026393157e-01 5.650225967566094853e-01 2.424719401475411151e-01
4.789833822091886795e-01 5.566757637701102990e-01 2.449160301273024531e-01
4.799608993157380432e-01 5.484719120188847885e-01 2.472200994146128983e-01
4.809384164222874070e-01 5.404116900015794034e-01 2.493878051400645612e-01
4.819159335288367707e-01 5.324960060480047330e-01 2.514227824096877395e-01
4.828934506353861345e-01 5.247260542146209295e-01 2.533286509534581898e-01
4.838709677419354982e-01 5.171033423736892676e-01 2.551090217709134911e-01
4.848484848484848619e-01 5.096297241698771741e-01 2.567675057883333500e-01
4.858260019550342257e-01 5.023074347023610553e-01 2.583077246206149091e-01
4.868035190615835894e-01 4.951391287613137182e-01 2.597333223236200084e-01
4.877810361681329532e-01 4.881279208163905037e-01 2.610479775214246678e-01
4.887585532746823169e-01 4.812774265615799574e-01 2.622554162944115141e-01
4.897360703812316807e-01 4.745918056438311328e-01 2.633594264481965430e-01
4.907135874877810444e-01 4.680758043175501371e-01 2.643638732282197479e-01
4.916911045943304082e-01 4.617347958072933745e-01 2.652727159520973377e-01
4.926686217008797719e-01 4.555748154531862881e-01 2.660900248762582132e-01
4.936461388074291357e-01 4.496025870648115985e-01 2.668199977291162983e-01
4.946236559139784994e-01 4.438255359874280770e-01 2.674669753204629852e-01
4.956011730205278631e-01 4.382517830981929596e-01 2.680354553021567221e-01
4.965786901270772269e-01 4.328901124869191652e-01 2.685301026545039438e-01
4.975562072336265906e-01 4.277499042123176221e-01 2.689557550383782636e-01
4.985337243401759544e-01 4.228410224864453948e-01 2.693174208907451184e-01
4.995112414467253181e-01 4.181736491337944561e-01 2.696202680241710503e-01
5.004887585532746819e-01 4.137580525047045432e-01 2.698696004926687264e-01
5.014662756598240456e-01 4.096042836710938051e-01 2.700708216828205943e-01
5.024437927663734094e-01 4.057217952849801468e-01 2.702293821439179511e-01
5.034213098729227731e-01 4.021189844862054774e-01 2.703507117379514990e-01
5.043988269794721369e-01 3.988026700131360736e-01 2.704401373188358160e-01
5.053763440860215006e-01 3.957775250439048431e-01 2.705027892368687681e-01
5.063538611925708643e-01 3.930455004307846223e-01 2.705435022486923913e-01
5.073313782991202281e-01 3.906052861629076833e-01 2.705667184944412496e-01
5.083088954056695918e-01 3.884518694604312539e-01 2.705764015816194412e-01
5.092864125122189556e-01 3.865762525651376125e-01 2.705759709762443621e-01
5.102639296187683193e-01 3.849653887650451578e-01 2.705682644717778418e-01
5.112414467253176831e-01 3.836023792730739457e-01 2.705555334354645125e-01
5.122189638318670468e-01 3.824669463440258377e-01 2.705394712292416015e-01
5.131964809384164106e-01 3.815361626390448291e-01 2.705212705224220304e-01
5.141739980449657743e-01 3.807853795589687396e-01 2.705017012423115430e-01
5.151515151515151381e-01 3.801892660842831062e-01 2.704811986093934584e-01
5.161290322580645018e-01 3.797228521320730743e-01 2.704599505640871704e-01
5.171065493646138655e-01 3.793624711697176077e-01 2.704379757523044936e-01
5.180840664711632293e-01 3.790865157766913907e-01 2.704151863789605037e-01
5.190615835777125930e-01 3.788759522612258901e-01 2.703914336898523008e-01
5.200391006842619568e-01 3.787145784224693612e-01 2.703665367351975046e-01
5.210166177908113205e-01 3.785890436435763173e-01 2.703402968871231327e-01
5.219941348973606843e-01 3.784886761605402161e-01 2.703125012202252098e-01
5.229716520039100480e-01 3.784051753997312306e-01 2.702829175098132031e-01
5.239491691104594118e-01 3.783322280192657483e-01 2.702512825711043676e-01
5.249266862170087755e-01 3.782650975516946845e-01 2.702172842426011634e-01
5.259042033235581393e-01 3.782002232600730207e-01 2.701805356941904823e-01
5.268817204301075030e-01 3.781348477549938414e-01 2.701405389994278039e-01
5.278592375366568668e-01 3.780666779142367595e-01 2.700966330897230927e-01
5.288367546432062305e-01 3.779935714044751482e-01 2.700479193817989509e-01
5.298142717497555942e-01 3.779132324241474827e-01 2.699931567469114890e-01
5.307917888563049580e-01 3.778228954881993618e-01 2.699306164916008277e-01
5.317693059628543217e-01 3.777189754203060801e-01 2.698578883186031341e-01
5.327468230694036855e-01 3.775966656615203365e-01 2.697716307247401968e-01
5.337243401759530492e-01 3.774494761918265051e-01 2.696672649385620790e-01
5.347018572825024130e-01 3.772687173497072943e-01 2.695386210837491525e-01
5.356793743890517767e-01 3.770429565867168265e-01 2.693775589923362301e-01
5.366568914956011405e-01 3.767575004686494755e-01 2.691736032261536904e-01
5.376344086021505042e-01 3.763939810741088743e-01 2.689136503254933586e-01
5.386119257086998680e-01 3.759301494852899661e-01 2.685818226099394024e-01
5.395894428152492317e-01 3.753399929203802277e-01 2.681595524037168055e-01
5.405669599217985954e-01 3.745942893308659150e-01 2.676259783793706326e-01
5.415444770283479592e-01 3.736616882314809929e-01 2.669587176615083046e-01
5.425219941348973229e-01 3.725103564810996470e-01 2.661350414732753245e-01
5.434995112414466867e-01 3.711101548474402545e-01 2.651334299672853390e-01
5.444770283479960504e-01 3.694352233840544342e-01 2.639354191107461944e-01
5.454545454545454142e-01 3.674667642286984504e-01 2.625275885964774569e-01
5.464320625610947779e-01 3.651957361852541384e-01 2.609034867189221063e-01
5.474095796676441417e-01 3.626251334159755757e-01 2.590652581507133512e-01
5.483870967741935054e-01 3.597715241253214291e-01 2.570247431209654043e-01
5.493646138807428692e-01 3.566655803485273002e-01 2.548038559604530739e-01
5.503421309872922329e-01 3.533514333385328610e-01 2.524341248083937783e-01
5.513196480938415966e-01 3.498848271791492048e-01 2.499553729058288376e-01
5.522971652003909604e-01 3.463301949639770450e-01 2.474136302246671970e-01
5.532746823069403241e-01 3.427569222539002536e-01 2.448584644286124212e-01
5.542521994134896879e-01 3.392351679730321590e-01 2.423399955022921548e-01
5.552297165200390516e-01 3.358316660190594494e-01 2.399058963844200587e-01
5.562072336265884154e-01 3.326059238882995150e-01 2.375986770338713860e-01
5.571847507331377791e-01 3.296071707008513263e-01 2.354535037640203832e-01
5.581622678396871429e-01 3.268722990943534468e-01 2.334967286166193812e-01
5.591397849462365066e-01 3.244249131385840146e-01 2.317452090046922819e-01
5.601173020527858704e-01 3.222754597295340862e-01 2.302064015691982213e-01
5.610948191593352341e-01 3.204223039876052948e-01 2.288791305687463695e-01
5.620723362658845979e-01 3.188535248620734119e-01 2.277548708177643266e-01
5.630498533724340726e-01 3.175491630842709467e-01 2.268193537802862814e-01
5.640273704789834364e-01 3.164836498768826556e-01 2.260543030289929034e-01
5.650048875855328001e-01 3.156281747020842077e-01 2.254391268227582124e-01
5.659824046920821639e-01 3.149528022579851094e-01 2.249524319111559645e-01
5.669599217986315276e-01 3.144282102452572447e-01 2.245732640802431679e-01
5.679374389051808913e-01 3.140269823264893456e-01 2.242820239552952011e-01
5.689149560117302551e-01 3.137244567938408668e-01 2.240610597864101661e-01
5.698924731182796188e-01 3.134992035899535900e-01 2.238950115785241779e-01
5.708699902248289826e-01 3.133332534909465394e-01 2.237710381261105164e-01
5.718475073313783463e-01 3.132121462108909959e-01 2.236789745412064156e-01
5.728250244379277101e-01 3.131246147600326712e-01 2.236111100657336148e-01
5.738025415444770738e-01 3.130614620449653218e-01 2.235608789998443369e-01
5.747800586510264376e-01 3.130136602602520690e-01 2.235203859350180511e-01
5.757575757575758013e-01 3.129718006446720602e-01 2.234796870237910904e-01
5.767350928641251651e-01 3.129315751743618756e-01 2.234346396126177525e-01
5.777126099706745288e-01 3.129067728062753795e-01 2.234061005820669743e-01
5.786901270772238925e-01 3.129336623817446372e-01 2.234483014528066691e-01
5.796676441837732563e-01 3.130255384591581480e-01 2.235866029578746361e-01
5.806451612903226200e-01 3.130544882437883980e-01 2.236461961234622597e-01
5.816226783968719838e-01 3.126821394474040838e-01 2.231375801508915235e-01
5.826001955034213475e-01 3.117018525883710200e-01 2.217222141610157848e-01
5.835777126099707113e-01 3.110626698706890902e-01 2.206847009121145897e-01
5.845552297165200750e-01 3.136716298088668142e-01 2.242156160140592047e-01
5.855327468230694388e-01 3.220408928379984714e-01 2.363689467580393777e-01
5.865102639296188025e-01 3.292305571667283881e-01 2.478672888238860894e-01
5.874877810361681663e-01 3.076182141068966591e-01 2.193352236356404528e-01
5.884652981427175300e-01 2.353738617588450321e-01 1.246739155278777933e-01
5.894428152492668938e-01 1.625472599219257575e-01 3.740724314593311256e-02
5.904203323558162575e-01 1.327307671295477887e-01 6.741841013586136709e-03
5.913978494623656212e-01 1.262092486364277677e-01 1.000679152681871898e-03
5.923753665689149850e-01 1.251739105916165051e-01 1.422467917021824700e-04
5.933528836754643487e-01 1.250245988012277376e-01 2.008353143466510082e-05
5.943304007820137125e-01 1.250034703962827065e-01 2.832751605317356038e-06
5.953079178885630762e-01 1.250004894385659815e-01 3.994895353782806723e-07
5.962854349951124400e-01 1.250000690230607392e-01 5.633765514929163864e-08
5.972629521016618037e-01 1.250000097339204475e-01 7.944978800079769193e-09
5.982404692082111675e-01 1.250000013727240178e-01 1.120437125560554269e-09
5.992179863147605312e-01 1.250000001935887561e-01 1.580098413166244573e-10
6.001955034213098950e-01 1.250000000273009670e-01 2.228346707222462011e-11
6.011730205278592587e-01 1.250000000038501979e-01 3.142467417063682019e-12
6.021505376344086224e-01 1.250000000005428435e-01 4.431677733573492036e-13
6.031280547409579862e-01 1.250000000000764944e-01 6.245662349931671882e-14
6.041055718475073499e-01 1.250000000000107414e-01 8.788953774482655031e-15
6.050830889540567137e-01 1.250000000000015266e-01 1.222614685019438031e-15
6.060606060606060774e-01 1.250000000000001943e-01 1.702647446665426907e-16
6.070381231671554412e-01 1.250000000000000000e-01 1.651364102684813645e-17
6.080156402737048049e-01 1.250000000000000000e-01 9.643836398208197076e-35
6.089931573802541687e-01 1.250000000000000000e-01 5.207017777689070271e-70
6.099706744868035324e-01 1.250000000000000000e-01 4.272596721428697923e-142
6.109481915933528962e-01 1.250000000000000000e-01 1.456054740545920952e-290
6.119257086999022599e-01 1.250000000000000000e-01 0.000000000000000000e+00
6.129032258064516236e-01 1.250000000000000000e-01 0.000000000000000000e+00
6.138807429130009874e-01 1.250000000000000000e-01 0.000000000000000000e+00
6.148582600195503511e-01 1.250000000000000000e-01 0.000000000000000000e+00
6.158357771260997149e-01 1.250000000000000000e-01 0.000000000000000000e+00
6.168132942326490786e-01 1.250000000000000000e-01 0.000000000000000000e+00
6.177908113391984424e-01 1.250000000000000000e-01 0.000000000000000000e+00
6.187683284457478061e-01 1.250000000000000000e-01 0.000000000000000000e+00
6.197458455522971699e-01 1.250000000000000000e-01 0.000000000000000000e+00
6.207233626588465336e-01 1.250000000000000000e-01 0.000000000000000000e+00
6.217008797653958974e-01 1.250000000000000000e-01 0.000000000000000000e+00
6.226783968719452611e-01 1.250000000000000000e-01 0.000000000000000000e+00
6.236559139784946248e-01 1.250000000000000000e-01 0.000000000000000000e+00
6.246334310850439886e-01 1.250000000000000000e-01 0.000000000000000000e+00
6.256109481915933523e-01 1.250000000000000000e-01 0.000000000000000000e+00
6.265884652981427161e-01 1.250000000000000000e-01 0.000000000000000000e+00
6.275659824046920798e-01 1.250000000000000000e-01 0.000000000000000000e+00
6.285434995112414436e-01 1.250000000000000000e-01 0.000000000000000000e+00
6.295210166177908073e-01 1.250000000000000000e-01 0.000000000000000000e+00
6.304985337243401711e-01 1.250000000000000000e-01 0.000000000000000000e+00
6.314760508308895348e-01 1.250000000000000000e-01 0.000000000000000000e+00
6.324535679374388986e-01 1.250000000000000000e-01 0.000000000000000000e+00
6.334310850439882623e-01 1.250000000000000000e-01 0.000000000000000000e+00
6.344086021505376261e-01 1.250000000000000000e-01 0.000000000000000000e+00
6.353861192570869898e-01 1.250000000000000000e-01 0.000000000000000000e+00
6.363636363636363535e-01 1.250000000000000000e-01 0.000000000000000000e+00
6.373411534701857173e-01 1.250000000000000000e-01 0.000000000000000000e+00
6.383186705767350810e-01 1.250000000000000000e-01 0.000000000000000000e+00
6.392961876832844448e-01 1.250000000000000000e-01 0.000000000000000000e+00
6.402737047898338085e-01 1.250000000000000000e-01 0.000000000000000000e+00
6.412512218963831723e-01 1.250000000000000000e-01 0.000000000000000000e+00
6.422287390029325360e-01 1.250000000000000000e-01 0.000000000000000000e+00
6.432062561094818998e-01 1.250000000000000000e-01 0.000000000000000000e+00
6.441837732160312635e-01 1.250000000000000000e-01 0.000000000000000000e+00
6.451612903225806273e-01 1.250000000000000000e-01 0.000000000000000000e+00
6.461388074291299910e-01 1.250000000000000000e-01 0.000000000000000000e+00
6.471163245356793547e-01 1.250000000000000000e-01 0.000000000000000000e+00
6.480938416422287185e-01 1.250000000000000000e-01 0.000000000000000000e+00
6.490713587487780822e-01 1.250000000000000000e-01 0.000000000000000000e+00
6.500488758553274460e-01 1.250000000000000000e-01 0.000000000000000000e+00
6.510263929618768097e-01 1.250000000000000000e-01 0.000000000000000000e+00
6.520039100684261735e-01 1.250000000000000000e-01 0.000000000000000000e+00
6.529814271749755372e-01 1.250000000000000000e-01 0.000000000000000000e+00
6.539589442815249010e-01 1.250000000000000000e-01 0.000000000000000000e+00
6.549364613880742647e-01 1.250000000000000000e-01 0.000000000000000000e+00
6.559139784946236285e-01 1.250000000000000000e-01 0.000000000000000000e+00
6.568914956011729922e-01 1.250000000000000000e-01 0.000000000000000000e+00
6.578690127077223559e-01 1.250000000000000000e-01 0.000000000000000000e+00
6.588465298142717197e-01 1.250000000000000000e-01 0.000000000000000000e+00
6.598240469208210834e-01 1.250000000000000000e-01 0.000000000000000000e+00
6.608015640273704472e-01 1.250000000000000000e-01 0.000000000000000000e+00
6.617790811339198109e-01 1.250000000000000000e-01 0.000000000000000000e+00
6.627565982404691747e-01 1.250000000000000000e-01 0.000000000000000000e+00
6.637341153470185384e-01 1.250000000000000000e-01 0.000000000000000000e+00
6.647116324535679022e-01 1.250000000000000000e-01 0.000000000000000000e+00
6.656891495601172659e-01 1.250000000000000000e-01 0.000000000000000000e+00
6.666666666666666297e-01 1.250000000000000000e-01 0.000000000000000000e+00
6.676441837732159934e-01 1.250000000000000000e-01 0.000000000000000000e+00
6.686217008797653572e-01 1.250000000000000000e-01 0.000000000000000000e+00
6.695992179863147209e-01 1.250000000000000000e-01 0.000000000000000000e+00
6.705767350928640846e-01 1.250000000000000000e-01 0.000000000000000000e+00
6.715542521994134484e-01 1.250000000000000000e-01 0.000000000000000000e+00
6.725317693059628121e-01 1.250000000000000000e-01 0.000000000000000000e+00
6.735092864125121759e-01 1.250000000000000000e-01 0.000000000000000000e+00
6.744868035190615396e-01 1.250000000000000000e-01 0.000000000000000000e+00
6.754643206256109034e-01 1.250000000000000000e-01 0.000000000000000000e+00
6.764418377321602671e-01 1.250000000000000000e-01 0.000000000000000000e+00
6.774193548387096309e-01 1.250000000000000000e-01 0.000000000000000000e+00
6.783968719452589946e-01 1.250000000000000000e-01 0.000000000000000000e+00
6.793743890518083584e-01 1.250000000000000000e-01 0.000000000000000000e+00
6.803519061583577221e-01 1.250000000000000000e-01 0.000000000000000000e+00
6.813294232649070858e-01 1.250000000000000000e-01 0.000000000000000000e+00
6.823069403714564496e-01 1.250000000000000000e-01 0.000000000000000000e+00
6.832844574780058133e-01 1.250000000000000000e-01 0.000000000000000000e+00
6.842619745845551771e-01 1.250000000000000000e-01 0.000000000000000000e+00
6.852394916911045408e-01 1.250000000000000000e-01 0.000000000000000000e+00
6.862170087976539046e-01 1.250000000000000000e-01 0.000000000000000000e+00
6.871945259042032683e-01 1.250000000000000000e-01 0.000000000000000000e+00
6.881720430107527431e-01 1.250000000000000000e-01 0.000000000000000000e+00
6.891495601173021068e-01 1.250000000000000000e-01 0.000000000000000000e+00
6.901270772238514706e-01 1.250000000000000000e-01 0.000000000000000000e+00
6.911045943304008343e-01 1.250000000000000000e-01 0.000000000000000000e+00
6.920821114369501981e-01 1.250000000000000000e-01 0.000000000000000000e+00
6.930596285434995618e-01 1.250000000000000000e-01 0.000000000000000000e+00
6.940371456500489256e-01 1.250000000000000000e-01 0.000000000000000000e+00
6.950146627565982893e-01 1.250000000000000000e-01 0.000000000000000000e+00
6.959921798631476531e-01 1.250000000000000000e-01 0.000000000000000000e+00
6.969696969696970168e-01 1.250000000000000000e-01 0.000000000000000000e+00
6.979472140762463805e-01 1.250000000000000000e-01 0.000000000000000000e+00
6.989247311827957443e-01 1.250000000000000000e-01 0.000000000000000000e+00
6.999022482893451080e-01 1.250000000000000000e-01 0.000000000000000000e+00
7.008797653958944718e-01 1.250000000000000000e-01 0.000000000000000000e+00
7.018572825024438355e-01 1.250000000000000000e-01 0.000000000000000000e+00
7.028347996089931993e-01 1.250000000000000000e-01 0.000000000000000000e+00
7.038123167155425630e-01 1.250000000000000000e-01 0.000000000000000000e+00
7.047898338220919268e-01 1.250000000000000000e-01 0.000000000000000000e+00
7.057673509286412905e-01 1.250000000000000000e-01 0.000000000000000000e+00
7.067448680351906543e-01 1.250000000000000000e-01 0.000000000000000000e+00
7.077223851417400180e-01 1.250000000000000000e-01 0.000000000000000000e+00
7.086999022482893817e-01 1.250000000000000000e-01 0.000000000000000000e+00
7.096774193548387455e-01 1.250000000000000000e-01 0.000000000000000000e+00
7.106549364613881092e-01 1.250000000000000000e-01 0.000000000000000000e+00
7.116324535679374730e-01 1.250000000000000000e-01 0.000000000000000000e+00
7.126099706744868367e-01 1.250000000000000000e-01 0.000000000000000000e+00
7.135874877810362005e-01 1.250000000000000000e-01 0.000000000000000000e+00
7.145650048875855642e-01 1.250000000000000000e-01 0.000000000000000000e+00
7.155425219941349280e-01 1.250000000000000000e-01 0.000000000000000000e+00
7.165200391006842917e-01 1.250000000000000000e-01 0.000000000000000000e+00
7.174975562072336555e-01 1.250000000000000000e-01 0.000000000000000000e+00
7.184750733137830192e-01 1.250000000000000000e-01 0.000000000000000000e+00
7.194525904203323829e-01 1.250000000000000000e-01 0.000000000000000000e+00
7.204301075268817467e-01 1.250000000000000000e-01 0.000000000000000000e+00
7.214076246334311104e-01 1.250000000000000000e-01 0.000000000000000000e+00
7.223851417399804742e-01 1.250000000000000000e-01 0.000000000000000000e+00
7.233626588465298379e-01 1.250000000000000000e-01 0.000000000000000000e+00
7.243401759530792017e-01 1.250000000000000000e-01 0.000000000000000000e+00
7.253176930596285654e-01 1.250000000000000000e-01 0.000000000000000000e+00
7.262952101661779292e-01 1.250000000000000000e-01 0.000000000000000000e+00
7.272727272727272929e-01 1.250000000000000000e-01 0.000000000000000000e+00
7.282502443792766567e-01 1.250000000000000000e-01 0.000000000000000000e+00
7.292277614858260204e-01 1.250000000000000000e-01 0.000000000000000000e+00
7.302052785923753842e-01 1.250000000000000000e-01 0.000000000000000000e+00
7.311827956989247479e-01 1.250000000000000000e-01 0.000000000000000000e+00
7.321603128054741116e-01 1.250000000000000000e-01 0.000000000000000000e+00
7.331378299120234754e-01 1.250000000000000000e-01 0.000000000000000000e+00
7.341153470185728391e-01 1.250000000000000000e-01 0.000000000000000000e+00
7.350928641251222029e-01 1.250000000000000000e-01 0.000000000000000000e+00
7.360703812316715666e-01 1.250000000000000000e-01 0.000000000000000000e+00
7.370478983382209304e-01 1.250000000000000000e-01 0.000000000000000000e+00
7.380254154447702941e-01 1.250000000000000000e-01 0.000000000000000000e+00
7.390029325513196579e-01 1.250000000000000000e-01 0.000000000000000000e+00
7.399804496578690216e-01 1.250000000000000000e-01 0.000000000000000000e+00
7.409579667644183854e-01 1.250000000000000000e-01 0.000000000000000000e+00
7.419354838709677491e-01 1.250000000000000000e-01 0.000000000000000000e+00
7.429130009775171128e-01 1.250000000000000000e-01 0.000000000000000000e+00
7.438905180840664766e-01 1.250000000000000000e-01 0.000000000000000000e+00
7.448680351906158403e-01 1.250000000000000000e-01 0.000000000000000000e+00
7.458455522971652041e-01 1.250000000000000000e-01 0.000000000000000000e+00
7.468230694037145678e-01 1.250000000000000000e-01 0.000000000000000000e+00
7.478005865102639316e-01 1.250000000000000000e-01 0.000000000000000000e+00
7.487781036168132953e-01 1.250000000000000000e-01 0.000000000000000000e+00
7.497556207233626591e-01 1.250000000000000000e-01 0.000000000000000000e+00
7.507331378299120228e-01 1.250000000000000000e-01 0.000000000000000000e+00
7.517106549364613866e-01 1.250000000000000000e-01 0.000000000000000000e+00
7.526881720430107503e-01 1.250000000000000000e-01 0.000000000000000000e+00
7.536656891495601140e-01 1.250000000000000000e-01 0.000000000000000000e+00
7.546432062561094778e-01 1.250000000000000000e-01 0.000000000000000000e+00
7.556207233626588415e-01 1.250000000000000000e-01 0.000000000000000000e+00
7.565982404692082053e-01 1.250000000000000000e-01 0.000000000000000000e+00
7.575757575757575690e-01 1.250000000000000000e-01 0.000000000000000000e+00
7.585532746823069328e-01 1.250000000000000000e-01 0.000000000000000000e+00
7.595307917888562965e-01 1.250000000000000000e-01 0.000000000000000000e+00
7.605083088954056603e-01 1.250000000000000000e-01 0.000000000000000000e+00
7.614858260019550240e-01 1.250000000000000000e-01 0.000000000000000000e+00
7.624633431085043878e-01 1.250000000000000000e-01 0.000000000000000000e+00
7.634408602150537515e-01 1.250000000000000000e-01 0.000000000000000000e+00
7.644183773216031152e-01 1.250000000000000000e-01 0.000000000000000000e+00
7.653958944281524790e-01 1.250000000000000000e-01 0.000000000000000000e+00
7.663734115347018427e-01 1.250000000000000000e-01 0.000000000000000000e+00
7.673509286412512065e-01 1.250000000000000000e-01 0.000000000000000000e+00
7.683284457478005702e-01 1.250000000000000000e-01 0.000000000000000000e+00
7.693059628543499340e-01 1.250000000000000000e-01 0.000000000000000000e+00
7.702834799608992977e-01 1.250000000000000000e-01 0.000000000000000000e+00
7.712609970674486615e-01 1.250000000000000000e-01 0.000000000000000000e+00
7.722385141739980252e-01 1.250000000000000000e-01 0.000000000000000000e+00
7.732160312805473890e-01 1.250000000000000000e-01 0.000000000000000000e+00
7.741935483870967527e-01 1.250000000000000000e-01 0.000000000000000000e+00
7.751710654936461165e-01 1.250000000000000000e-01 0.000000000000000000e+00
7.761485826001954802e-01 1.250000000000000000e-01 0.000000000000000000e+00
7.771260997067448439e-01 1.250000000000000000e-01 0.000000000000000000e+00
7.781036168132942077e-01 1.250000000000000000e-01 0.000000000000000000e+00
7.790811339198435714e-01 1.250000000000000000e-01 0.000000000000000000e+00
7.800586510263929352e-01 1.250000000000000000e-01 0.000000000000000000e+00
7.810361681329422989e-01 1.250000000000000000e-01 0.000000000000000000e+00
7.820136852394916627e-01 1.250000000000000000e-01 0.000000000000000000e+00
7.829912023460410264e-01 1.250000000000000000e-01 0.000000000000000000e+00
7.839687194525903902e-01 1.250000000000000000e-01 0.000000000000000000e+00
7.849462365591397539e-01 1.250000000000000000e-01 0.000000000000000000e+00
7.859237536656891177e-01 1.250000000000000000e-01 0.000000000000000000e+00
7.869012707722384814e-01 1.250000000000000000e-01 0.000000000000000000e+00
7.878787878787878451e-01 1.250000000000000000e-01 0.000000000000000000e+00
7.888563049853372089e-01 1.250000000000000000e-01 0.000000000000000000e+00
7.898338220918865726e-01 1.250000000000000000e-01 0.000000000000000000e+00
7.908113391984359364e-01 1.250000000000000000e-01 0.000000000000000000e+00
7.917888563049853001e-01 1.250000000000000000e-01 0.000000000000000000e+00
7.927663734115346639e-01 1.250000000000000000e-01 0.000000000000000000e+00
7.937438905180840276e-01 1.250000000000000000e-01 0.000000000000000000e+00
7.947214076246333914e-01 1.250000000000000000e-01 0.000000000000000000e+00
7.956989247311827551e-01 1.250000000000000000e-01 0.000000000000000000e+00
7.966764418377321189e-01 1.250000000000000000e-01 0.000000000000000000e+00
7.976539589442814826e-01 1.250000000000000000e-01 0.000000000000000000e+00
7.986314760508308463e-01 1.250000000000000000e-01 0.000000000000000000e+00
7.996089931573802101e-01 1.250000000000000000e-01 0.000000000000000000e+00
8.005865102639295738e-01 1.250000000000000000e-01 0.000000000000000000e+00
8.015640273704789376e-01 1.250000000000000000e-01 0.000000000000000000e+00
8.025415444770283013e-01 1.250000000000000000e-01 0.000000000000000000e+00
8.035190615835776651e-01 1.250000000000000000e-01 0.000000000000000000e+00
8.044965786901270288e-01 1.250000000000000000e-01 0.000000000000000000e+00
8.054740957966763926e-01 1.250000000000000000e-01 0.000000000000000000e+00
8.064516129032257563e-01 1.250000000000000000e-01 0.000000000000000000e+00
8.074291300097751201e-01 1.250000000000000000e-01 0.000000000000000000e+00
8.084066471163244838e-01 1.250000000000000000e-01 0.000000000000000000e+00
8.093841642228738475e-01 1.250000000000000000e-01 0.000000000000000000e+00
8.103616813294232113e-01 1.250000000000000000e-01 0.000000000000000000e+00
8.113391984359725750e-01 1.250000000000000000e-01 0.000000000000000000e+00
8.123167155425219388e-01 1.250000000000000000e-01 0.000000000000000000e+00
8.132942326490714136e-01 1.250000000000000000e-01 0.000000000000000000e+00
8.142717497556207773e-01 1.250000000000000000e-01 0.000000000000000000e+00
8.152492668621701410e-01 1.250000000000000000e-01 0.000000000000000000e+00
8.162267839687195048e-01 1.250000000000000000e-01 0.000000000000000000e+00
8.172043010752688685e-01 1.250000000000000000e-01 0.000000000000000000e+00
8.181818181818182323e-01 1.250000000000000000e-01 0.000000000000000000e+00
8.191593352883675960e-01 1.250000000000000000e-01 0.000000000000000000e+00
8.201368523949169598e-01 1.250000000000000000e-01 0.000000000000000000e+00
8.211143695014663235e-01 1.250000000000000000e-01 0.000000000000000000e+00
8.220918866080156873e-01 1.250000000000000000e-01 0.000000000000000000e+00
8.230694037145650510e-01 1.250000000000000000e-01 0.000000000000000000e+00
8.240469208211144148e-01 1.250000000000000000e-01 0.000000000000000000e+00
8.250244379276637785e-01 1.250000000000000000e-01 0.000000000000000000e+00
8.260019550342131422e-01 1.250000000000000000e-01 0.000000000000000000e+00
8.269794721407625060e-01 1.250000000000000000e-01 0.000000000000000000e+00
8.279569892473118697e-01 1.250000000000000000e-01 0.000000000000000000e+00
8.289345063538612335e-01 1.250000000000000000e-01 0.000000000000000000e+00
8.299120234604105972e-01 1.250000000000000000e-01 0.000000000000000000e+00
8.308895405669599610e-01 1.250000000000000000e-01 0.000000000000000000e+00
8.318670576735093247e-01 1.250000000000000000e-01 0.000000000000000000e+00
8.328445747800586885e-01 1.250000000000000000e-01 0.000000000000000000e+00
8.338220918866080522e-01 1.250000000000000000e-01 0.000000000000000000e+00
8.347996089931574160e-01 1.250000000000000000e-01 0.000000000000000000e+00
8.357771260997067797e-01 1.250000000000000000e-01 0.000000000000000000e+00
8.367546432062561435e-01 1.250000000000000000e-01 0.000000000000000000e+00
8.377321603128055072e-01 1.250000000000000000e-01 0.000000000000000000e+00
8.387096774193548709e-01 1.250000000000000000e-01 0.000000000000000000e+00
8.396871945259042347e-01 1.250000000000000000e-01 0.000000000000000000e+00
8.406647116324535984e-01 1.250000000000000000e-01 0.000000000000000000e+00
8.416422287390029622e-01 1.250000000000000000e-01 0.000000000000000000e+00
8.426197458455523259e-01 1.250000000000000000e-01 0.000000000000000000e+00
8.435972629521016897e-01 1.250000000000000000e-01 0.000000000000000000e+00
8.445747800586510534e-01 1.250000000000000000e-01 0.000000000000000000e+00
8.455522971652004172e-01 1.250000000000000000e-01 0.000000000000000000e+00
8.465298142717497809e-01 1.250000000000000000e-01 0.000000000000000000e+00
8.475073313782991447e-01 1.250000000000000000e-01 0.000000000000000000e+00
8.484848484848485084e-01 1.250000000000000000e-01 0.000000000000000000e+00
8.494623655913978721e-01 1.250000000000000000e-01 0.000000000000000000e+00
8.504398826979472359e-01 1.250000000000000000e-01 0.000000000000000000e+00
8.514173998044965996e-01 1.250000000000000000e-01 0.000000000000000000e+00
8.523949169110459634e-01 1.250000000000000000e-01 0.000000000000000000e+00
8.533724340175953271e-01 1.250000000000000000e-01 0.000000000000000000e+00
8.543499511241446909e-01 1.250000000000000000e-01 0.000000000000000000e+00
8.553274682306940546e-01 1.250000000000000000e-01 0.000000000000000000e+00
8.563049853372434184e-01 1.250000000000000000e-01 0.000000000000000000e+00
8.572825024437927821e-01 1.250000000000000000e-01 0.000000000000000000e+00
8.582600195503421459e-01 1.250000000000000000e-01 0.000000000000000000e+00
8.592375366568915096e-01 1.250000000000000000e-01 0.000000000000000000e+00
8.602150537634408733e-01 1.250000000000000000e-01 0.000000000000000000e+00
8.611925708699902371e-01 1.250000000000000000e-01 0.000000000000000000e+00
8.621700879765396008e-01 1.250000000000000000e-01 0.000000000000000000e+00
8.631476050830889646e-01 1.250000000000000000e-01 0.000000000000000000e+00
8.641251221896383283e-01 1.250000000000000000e-01 0.000000000000000000e+00
8.651026392961876921e-01 1.250000000000000000e-01 0.000000000000000000e+00
8.660801564027370558e-01 1.250000000000000000e-01 0.000000000000000000e+00
8.670576735092864196e-01 1.250000000000000000e-01 0.000000000000000000e+00
8.680351906158357833e-01 1.250000000000000000e-01 0.000000000000000000e+00
8.690127077223851471e-01 1.250000000000000000e-01 0.000000000000000000e+00
8.699902248289345108e-01 1.250000000000000000e-01 0.000000000000000000e+00
8.709677419354838745e-01 1.250000000000000000e-01 0.000000000000000000e+00
8.719452590420332383e-01 1.250000000000000000e-01 0.000000000000000000e+00
8.729227761485826020e-01 1.250000000000000000e-01 0.000000000000000000e+00
8.739002932551319658e-01 1.250000000000000000e-01 0.000000000000000000e+00
8.748778103616813295e-01 1.250000000000000000e-01 0.000000000000000000e+00
8.758553274682306933e-01 1.250000000000000000e-01 0.000000000000000000e+00
8.768328445747800570e-01 1.250000000000000000e-01 0.000000000000000000e+00
8.778103616813294208e-01 1.250000000000000000e-01 0.000000000000000000e+00
8.787878787878787845e-01 1.250000000000000000e-01 0.000000000000000000e+00
8.797653958944281483e-01 1.250000000000000000e-01 0.000000000000000000e+00
8.807429130009775120e-01 1.250000000000000000e-01 0.000000000000000000e+00
8.817204301075268758e-01 1.250000000000000000e-01 0.000000000000000000e+00
8.826979472140762395e-01 1.250000000000000000e-01 0.000000000000000000e+00
8.836754643206256032e-01 1.250000000000000000e-01 0.000000000000000000e+00
8.846529814271749670e-01 1.250000000000000000e-01 0.000000000000000000e+00
8.856304985337243307e-01 1.250000000000000000e-01 0.000000000000000000e+00
8.866080156402736945e-01 1.250000000000000000e-01 0.000000000000000000e+00
8.875855327468230582e-01 1.250000000000000000e-01 0.000000000000000000e+00
8.885630498533724220e-01 1.250000000000000000e-01 0.000000000000000000e+00
8.895405669599217857e-01 1.250000000000000000e-01 0.000000000000000000e+00
8.905180840664711495e-01 1.250000000000000000e-01 0.000000000000000000e+00
8.914956011730205132e-01 1.250000000000000000e-01 0.000000000000000000e+00
8.924731182795698770e-01 1.250000000000000000e-01 0.000000000000000000e+00
8.934506353861192407e-01 1.250000000000000000e-01 0.000000000000000000e+00
8.944281524926686044e-01 1.250000000000000000e-01 0.000000000000000000e+00
8.954056695992179682e-01 1.250000000000000000e-01 0.000000000000000000e+00
8.963831867057673319e-01 1.250000000000000000e-01 0.000000000000000000e+00
8.973607038123166957e-01 1.250000000000000000e-01 0.000000000000000000e+00
8.983382209188660594e-01 1.250000000000000000e-01 0.000000000000000000e+00
8.993157380254154232e-01 1.250000000000000000e-01 0.000000000000000000e+00
9.002932551319647869e-01 1.250000000000000000e-01 0.000000000000000000e+00
9.012707722385141507e-01 1.250000000000000000e-01 0.000000000000000000e+00
9.022482893450635144e-01 1.250000000000000000e-01 0.000000000000000000e+00
9.032258064516128782e-01 1.250000000000000000e-01 0.000000000000000000e+00
9.042033235581622419e-01 1.250000000000000000e-01 0.000000000000000000e+00
9.051808406647116056e-01 1.250000000000000000e-01 0.000000000000000000e+00
9.061583577712609694e-01 1.250000000000000000e-01 0.000000000000000000e+00
9.071358748778103331e-01 1.250000000000000000e-01 0.000000000000000000e+00
9.081133919843596969e-01 1.250000000000000000e-01 0.000000000000000000e+00
9.090909090909090606e-01 1.250000000000000000e-01 0.000000000000000000e+00
9.100684261974584244e-01 1.250000000000000000e-01 0.000000000000000000e+00
9.110459433040077881e-01 1.250000000000000000e-01 0.000000000000000000e+00
9.120234604105571519e-01 1.250000000000000000e-01 0.000000000000000000e+00
9.130009775171065156e-01 1.250000000000000000e-01 0.000000000000000000e+00
9.139784946236558794e-01 1.250000000000000000e-01 0.000000000000000000e+00
9.149560117302052431e-01 1.250000000000000000e-01 0.000000000000000000e+00
9.159335288367546068e-01 1.250000000000000000e-01 0.000000000000000000e+00
9.169110459433039706e-01 1.250000000000000000e-01 0.000000000000000000e+00
9.178885630498533343e-01 1.250000000000000000e-01 0.000000000000000000e+00
9.188660801564026981e-01 1.250000000000000000e-01 0.000000000000000000e+00
9.198435972629520618e-01 1.250000000000000000e-01 0.000000000000000000e+00
9.208211143695014256e-01 1.250000000000000000e-01 0.000000000000000000e+00
9.217986314760507893e-01 1.250000000000000000e-01 0.000000000000000000e+00
9.227761485826001531e-01 1.250000000000000000e-01 0.000000000000000000e+00
9.237536656891495168e-01 1.250000000000000000e-01 0.000000000000000000e+00
9.247311827956988806e-01 1.250000000000000000e-01 0.000000000000000000e+00
9.257086999022482443e-01 1.250000000000000000e-01 0.000000000000000000e+00
9.266862170087976081e-01 1.250000000000000000e-01 0.000000000000000000e+00
9.276637341153469718e-01 1.250000000000000000e-01 0.000000000000000000e+00
9.286412512218963355e-01 1.250000000000000000e-01 0.000000000000000000e+00
9.296187683284456993e-01 1.250000000000000000e-01 0.000000000000000000e+00
9.305962854349950630e-01 1.250000000000000000e-01 0.000000000000000000e+00
9.315738025415444268e-01 1.250000000000000000e-01 0.000000000000000000e+00
9.325513196480937905e-01 1.250000000000000000e-01 0.000000000000000000e+00
9.335288367546431543e-01 1.250000000000000000e-01 0.000000000000000000e+00
9.345063538611925180e-01 1.250000000000000000e-01 0.000000000000000000e+00
9.354838709677418818e-01 1.250000000000000000e-01 0.000000000000000000e+00
9.364613880742912455e-01 1.250000000000000000e-01 0.000000000000000000e+00
9.374389051808406093e-01 1.250000000000000000e-01 0.000000000000000000e+00
9.384164222873900840e-01 1.250000000000000000e-01 0.000000000000000000e+00
9.393939393939394478e-01 1.250000000000000000e-01 0.000000000000000000e+00
9.403714565004888115e-01 1.250000000000000000e-01 0.000000000000000000e+00
9.413489736070381753e-01 1.250000000000000000e-01 0.000000000000000000e+00
9.423264907135875390e-01 1.250000000000000000e-01 0.000000000000000000e+00
9.433040078201369028e-01 1.250000000000000000e-01 0.000000000000000000e+00
9.442815249266862665e-01 1.250000000000000000e-01 0.000000000000000000e+00
9.452590420332356302e-01 1.250000000000000000e-01 0.000000000000000000e+00
9.462365591397849940e-01 1.250000000000000000e-01 0.000000000000000000e+00
9.472140762463343577e-01 1.250000000000000000e-01 0.000000000000000000e+00
9.481915933528837215e-01 1.250000000000000000e-01 0.000000000000000000e+00
9.491691104594330852e-01 1.250000000000000000e-01 0.000000000000000000e+00
9.501466275659824490e-01 1.250000000000000000e-01 0.000000000000000000e+00
9.511241446725318127e-01 1.250000000000000000e-01 0.000000000000000000e+00
9.521016617790811765e-01 1.250000000000000000e-01 0.000000000000000000e+00
9.530791788856305402e-01 1.250000000000000000e-01 0.000000000000000000e+00
9.540566959921799040e-01 1.250000000000000000e-01 0.000000000000000000e+00
9.550342130987292677e-01 1.250000000000000000e-01 0.000000000000000000e+00
9.560117302052786314e-01 1.250000000000000000e-01 0.000000000000000000e+00
9.569892473118279952e-01 1.250000000000000000e-01 0.000000000000000000e+00
9.579667644183773589e-01 1.250000000000000000e-01 0.000000000000000000e+00
9.589442815249267227e-01 1.250000000000000000e-01 0.000000000000000000e+00
9.599217986314760864e-01 1.250000000000000000e-01 0.000000000000000000e+00
9.608993157380254502e-01 1.250000000000000000e-01 0.000000000000000000e+00
9.618768328445748139e-01 1.250000000000000000e-01 0.000000000000000000e+00
9.628543499511241777e-01 1.250000000000000000e-01 0.000000000000000000e+00
9.638318670576735414e-01 1.250000000000000000e-01 0.000000000000000000e+00
9.648093841642229052e-01 1.250000000000000000e-01 0.000000000000000000e+00
9.657869012707722689e-01 1.250000000000000000e-01 0.000000000000000000e+00
9.667644183773216326e-01 1.250000000000000000e-01 0.000000000000000000e+00
9.677419354838709964e-01 1.250000000000000000e-01 0.000000000000000000e+00
9.687194525904203601e-01 1.250000000000000000e-01 0.000000000000000000e+00
9.696969696969697239e-01 1.250000000000000000e-01 0.000000000000000000e+00
9.706744868035190876e-01 1.250000000000000000e-01 0.000000000000000000e+00
9.716520039100684514e-01 1.250000000000000000e-01 0.000000000000000000e+00
9.726295210166178151e-01 1.250000000000000000e-01 0.000000000000000000e+00
9.736070381231671789e-01 1.250000000000000000e-01 0.000000000000000000e+00
9.745845552297165426e-01 1.250000000000000000e-01 0.000000000000000000e+00
9.755620723362659064e-01 1.250000000000000000e-01 0.000000000000000000e+00
9.765395894428152701e-01 1.250000000000000000e-01 0.000000000000000000e+00
9.775171065493646338e-01 1.250000000000000000e-01 0.000000000000000000e+00
9.784946236559139976e-01 1.250000000000000000e-01 0.000000000000000000e+00
9.794721407624633613e-01 1.250000000000000000e-01 0.000000000000000000e+00
9.804496578690127251e-01 1.250000000000000000e-01 0.000000000000000000e+00
9.814271749755620888e-01 1.250000000000000000e-01 0.000000000000000000e+00
9.824046920821114526e-01 1.250000000000000000e-01 0.000000000000000000e+00
9.833822091886608163e-01 1.250000000000000000e-01 0.000000000000000000e+00
9.843597262952101801e-01 1.250000000000000000e-01 0.000000000000000000e+00
9.853372434017595438e-01 1.250000000000000000e-01 0.000000000000000000e+00
9.863147605083089076e-01 1.250000000000000000e-01 0.000000000000000000e+00
9.872922776148582713e-01 1.250000000000000000e-01 0.000000000000000000e+00
9.882697947214076351e-01 1.250000000000000000e-01 0.000000000000000000e+00
9.892473118279569988e-01 1.250000000000000000e-01 0.000000000000000000e+00
9.902248289345063625e-01 1.250000000000000000e-01 0.000000000000000000e+00
9.912023460410557263e-01 1.250000000000000000e-01 0.000000000000000000e+00
9.921798631476050900e-01 1.250000000000000000e-01 0.000000000000000000e+00
9.931573802541544538e-01 1.250000000000000000e-01 0.000000000000000000e+00
9.941348973607038175e-01 1.250000000000000000e-01 0.000000000000000000e+00
9.951124144672531813e-01 1.250000000000000000e-01 0.000000000000000000e+00
9.960899315738025450e-01 1.250000000000000000e-01 0.000000000000000000e+00
9.970674486803519088e-01 1.250000000000000000e-01 0.000000000000000000e+00
9.980449657869012725e-01 1.250000000000000000e-01 0.000000000000000000e+00
9.990224828934506363e-01 1.250000000000000000e-01 -0.000000000000000000e+00
1.000000000000000000e+00 1.250000000000000000e-01 -0.000000000000000000e+00
