# 0.16767698163842512
0.000000000000000000e+00 1.000000000000000000e+00 -0.000000000000000000e+00
9.775171065493646130e-04 1.000000000000000000e+00 -0.000000000000000000e+00
1.955034213098729226e-03 1.000000000000000000e+00 0.000000000000000000e+00
2.932551319648093839e-03 1.000000000000000000e+00 0.000000000000000000e+00
3.910068426197458452e-03 1.000000000000000000e+00 0.000000000000000000e+00
4.887585532746823065e-03 1.000000000000000000e+00 0.000000000000000000e+00
5.865102639296187678e-03 1.000000000000000000e+00 0.000000000000000000e+00
6.842619745845552291e-03 1.000000000000000000e+00 0.000000000000000000e+00
7.820136852394916904e-03 1.000000000000000000e+00 0.000000000000000000e+00
8.797653958944282385e-03 1.000000000000000000e+00 0.000000000000000000e+00
9.775171065493646130e-03 1.000000000000000000e+00 0.000000000000000000e+00
1.075268817204301161e-02 1.000000000000000000e+00 0.000000000000000000e+00
1.173020527859237536e-02 1.000000000000000000e+00 0.000000000000000000e+00
1.270772238514174084e-02 1.000000000000000000e+00 0.000000000000000000e+00
1.368523949169110458e-02 1.000000000000000000e+00 0.000000000000000000e+00
1.466275659824047006e-02 1.000000000000000000e+00 0.000000000000000000e+00
1.564027370478983381e-02 1.000000000000000000e+00 0.000000000000000000e+00
1.661779081133919755e-02 1.000000000000000000e+00 0.000000000000000000e+00
1.759530791788856477e-02 1.000000000000000000e+00 0.000000000000000000e+00
1.857282502443792851e-02 1.000000000000000000e+00 0.000000000000000000e+00
1.955034213098729226e-02 1.000000000000000000e+00 0.000000000000000000e+00
2.052785923753665601e-02 1.000000000000000000e+00 0.000000000000000000e+00
2.150537634408602322e-02 1.000000000000000000e+00 0.000000000000000000e+00
2.248289345063538697e-02 1.000000000000000000e+00 0.000000000000000000e+00
2.346041055718475071e-02 1.000000000000000000e+00 0.000000000000000000e+00
2.443792766373411446e-02 1.000000000000000000e+00 0.000000000000000000e+00
2.541544477028348167e-02 1.000000000000000000e+00 0.000000000000000000e+00
2.639296187683284542e-02 1.000000000000000000e+00 0.000000000000000000e+00
2.737047898338220916e-02 1.000000000000000000e+00 0.000000000000000000e+00
2.834799608993157291e-02 1.000000000000000000e+00 0.000000000000000000e+00
2.932551319648094013e-02 1.000000000000000000e+00 0.000000000000000000e+00
3.030303030303030387e-02 1.000000000000000000e+00 0.000000000000000000e+00
3.128054740957966762e-02 1.000000000000000000e+00 0.000000000000000000e+00
3.225806451612903136e-02 1.000000000000000000e+00 0.000000000000000000e+00
3.323558162267839511e-02 1.000000000000000000e+00 0.000000000000000000e+00
3.421309872922775885e-02 1.000000000000000000e+00 0.000000000000000000e+00
3.519061583577712954e-02 1.000000000000000000e+00 0.000000000000000000e+00
3.616813294232649328e-02 1.000000000000000000e+00 0.000000000000000000e+00
3.714565004887585703e-02 1.000000000000000000e+00 0.000000000000000000e+00
3.812316715542522078e-02 1.000000000000000000e+00 0.000000000000000000e+00
3.910068426197458452e-02 1.000000000000000000e+00 0.000000000000000000e+00
4.007820136852394827e-02 1.000000000000000000e+00 0.000000000000000000e+00
4.105571847507331201e-02 1.000000000000000000e+00 0.000000000000000000e+00
4.203323558162267576e-02 1.000000000000000000e+00 0.000000000000000000e+00
4.301075268817204644e-02 1.000000000000000000e+00 0.000000000000000000e+00
4.398826979472141019e-02 1.000000000000000000e+00 0.000000000000000000e+00
4.496578690127077393e-02 1.000000000000000000e+00 0.000000000000000000e+00
4.594330400782013768e-02 1.000000000000000000e+00 0.000000000000000000e+00
4.692082111436950143e-02 1.000000000000000000e+00 0.000000000000000000e+00
4.789833822091886517e-02 1.000000000000000000e+00 0.000000000000000000e+00
4.887585532746822892e-02 1.000000000000000000e+00 0.000000000000000000e+00
4.985337243401759266e-02 1.000000000000000000e+00 0.000000000000000000e+00
5.083088954056696335e-02 1.000000000000000000e+00 0.000000000000000000e+00
5.180840664711632709e-02 1.000000000000000000e+00 0.000000000000000000e+00
5.278592375366569084e-02 1.000000000000000000e+00 0.000000000000000000e+00
5.376344086021505458e-02 1.000000000000000000e+00 0.000000000000000000e+00
5.474095796676441833e-02 1.000000000000000000e+00 0.000000000000000000e+00
5.571847507331378208e-02 1.000000000000000000e+00 0.000000000000000000e+00
5.669599217986314582e-02 1.000000000000000000e+00 0.000000000000000000e+00
5.767350928641250957e-02 1.000000000000000000e+00 0.000000000000000000e+00
5.865102639296188025e-02 1.000000000000000000e+00 0.000000000000000000e+00
5.962854349951124400e-02 1.000000000000000000e+00 0.000000000000000000e+00
6.060606060606060774e-02 1.000000000000000000e+00 0.000000000000000000e+00
6.158357771260997149e-02 1.000000000000000000e+00 0.000000000000000000e+00
6.256109481915933523e-02 1.000000000000000000e+00 0.000000000000000000e+00
6.353861192570869898e-02 1.000000000000000000e+00 0.000000000000000000e+00
6.451612903225806273e-02 1.000000000000000000e+00 0.000000000000000000e+00
6.549364613880742647e-02 1.000000000000000000e+00 0.000000000000000000e+00
6.647116324535679022e-02 1.000000000000000000e+00 0.000000000000000000e+00
6.744868035190615396e-02 1.000000000000000000e+00 0.000000000000000000e+00
6.842619745845551771e-02 1.000000000000000000e+00 0.000000000000000000e+00
6.940371456500488145e-02 1.000000000000000000e+00 0.000000000000000000e+00
7.038123167155425908e-02 1.000000000000000000e+00 0.000000000000000000e+00
7.135874877810362282e-02 1.000000000000000000e+00 0.000000000000000000e+00
7.233626588465298657e-02 1.000000000000000000e+00 0.000000000000000000e+00
7.331378299120235031e-02 1.000000000000000000e+00 0.000000000000000000e+00
7.429130009775171406e-02 1.000000000000000000e+00 0.000000000000000000e+00
7.526881720430107781e-02 1.000000000000000000e+00 0.000000000000000000e+00
7.624633431085044155e-02 1.000000000000000000e+00 0.000000000000000000e+00
7.722385141739980530e-02 1.000000000000000000e+00 0.000000000000000000e+00
7.820136852394916904e-02 1.000000000000000000e+00 0.000000000000000000e+00
7.917888563049853279e-02 1.000000000000000000e+00 0.000000000000000000e+00
8.015640273704789653e-02 1.000000000000000000e+00 0.000000000000000000e+00
8.113391984359726028e-02 1.000000000000000000e+00 0.000000000000000000e+00
8.211143695014662403e-02 1.000000000000000000e+00 0.000000000000000000e+00
8.308895405669598777e-02 1.000000000000000000e+00 0.000000000000000000e+00
8.406647116324535152e-02 1.000000000000000000e+00 0.000000000000000000e+00
8.504398826979471526e-02 1.000000000000000000e+00 0.000000000000000000e+00
8.602150537634409289e-02 1.000000000000000000e+00 0.000000000000000000e+00
8.699902248289345663e-02 1.000000000000000000e+00 0.000000000000000000e+00
8.797653958944282038e-02 1.000000000000000000e+00 0.000000000000000000e+00
8.895405669599218412e-02 1.000000000000000000e+00 0.000000000000000000e+00
8.993157380254154787e-02 1.000000000000000000e+00 0.000000000000000000e+00
9.090909090909091161e-02 1.000000000000000000e+00 0.000000000000000000e+00
9.188660801564027536e-02 1.000000000000000000e+00 0.000000000000000000e+00
9.286412512218963911e-02 1.000000000000000000e+00 0.000000000000000000e+00
9.384164222873900285e-02 1.000000000000000000e+00 0.000000000000000000e+00
9.481915933528836660e-02 1.000000000000000000e+00 0.000000000000000000e+00
9.579667644183773034e-02 1.000000000000000000e+00 0.000000000000000000e+00
9.677419354838709409e-02 1.000000000000000000e+00 0.000000000000000000e+00
9.775171065493645783e-02 1.000000000000000000e+00 0.000000000000000000e+00
9.872922776148582158e-02 1.000000000000000000e+00 0.000000000000000000e+00
9.970674486803518533e-02 1.000000000000000000e+00 0.000000000000000000e+00
1.006842619745845491e-01 1.000000000000000000e+00 0.000000000000000000e+00
1.016617790811339267e-01 1.000000000000000000e+00 0.000000000000000000e+00
1.026392961876832904e-01 1.000000000000000000e+00 0.000000000000000000e+00
1.036168132942326542e-01 1.000000000000000000e+00 0.000000000000000000e+00
1.045943304007820179e-01 1.000000000000000000e+00 0.000000000000000000e+00
1.055718475073313817e-01 1.000000000000000000e+00 0.000000000000000000e+00
1.065493646138807454e-01 1.000000000000000000e+00 0.000000000000000000e+00
1.075268817204301092e-01 1.000000000000000000e+00 0.000000000000000000e+00
1.085043988269794729e-01 1.000000000000000000e+00 0.000000000000000000e+00
1.094819159335288367e-01 1.000000000000000000e+00 0.000000000000000000e+00
1.104594330400782004e-01 1.000000000000000000e+00 0.000000000000000000e+00
1.114369501466275642e-01 1.000000000000000000e+00 0.000000000000000000e+00
1.124144672531769279e-01 1.000000000000000000e+00 0.000000000000000000e+00
1.133919843597262916e-01 1.000000000000000000e+00 0.000000000000000000e+00
1.143695014662756554e-01 1.000000000000000000e+00 0.000000000000000000e+00
1.153470185728250191e-01 1.000000000000000000e+00 0.000000000000000000e+00
1.163245356793743829e-01 1.000000000000000000e+00 0.000000000000000000e+00
1.173020527859237605e-01 1.000000000000000000e+00 0.000000000000000000e+00
1.182795698924731242e-01 1.000000000000000000e+00 0.000000000000000000e+00
1.192570869990224880e-01 1.000000000000000000e+00 0.000000000000000000e+00
1.202346041055718517e-01 1.000000000000000000e+00 0.000000000000000000e+00
1.212121212121212155e-01 1.000000000000000000e+00 0.000000000000000000e+00
1.221896383186705792e-01 1.000000000000000000e+00 0.000000000000000000e+00
1.231671554252199430e-01 1.000000000000000000e+00 0.000000000000000000e+00
1.241446725317693067e-01 1.000000000000000000e+00 0.000000000000000000e+00
1.251221896383186705e-01 1.000000000000000000e+00 0.000000000000000000e+00
1.260997067448680342e-01 1.000000000000000000e+00 0.000000000000000000e+00
1.270772238514173980e-01 1.000000000000000000e+00 0.000000000000000000e+00
1.280547409579667617e-01 1.000000000000000000e+00 0.000000000000000000e+00
1.290322580645161255e-01 1.000000000000000000e+00 0.000000000000000000e+00
1.300097751710654892e-01 1.000000000000000000e+00 0.000000000000000000e+00
1.309872922776148529e-01 1.000000000000000000e+00 0.000000000000000000e+00
1.319648093841642167e-01 1.000000000000000000e+00 0.000000000000000000e+00
1.329423264907135804e-01 1.000000000000000000e+00 0.000000000000000000e+00
1.339198435972629442e-01 1.000000000000000000e+00 0.000000000000000000e+00
1.348973607038123079e-01 1.000000000000000000e+00 0.000000000000000000e+00
1.358748778103616717e-01 1.000000000000000000e+00 0.000000000000000000e+00
1.368523949169110354e-01 1.000000000000000000e+00 0.000000000000000000e+00
1.378299120234603992e-01 1.000000000000000000e+00 0.000000000000000000e+00
1.388074291300097629e-01 1.000000000000000000e+00 0.000000000000000000e+00
1.397849462365591267e-01 1.000000000000000000e+00 0.000000000000000000e+00
1.407624633431085182e-01 1.000000000000000000e+00 0.000000000000000000e+00
1.417399804496578819e-01 1.000000000000000000e+00 0.000000000000000000e+00
1.427174975562072456e-01 1.000000000000000000e+00 0.000000000000000000e+00
1.436950146627566094e-01 1.000000000000000000e+00 0.000000000000000000e+00
1.446725317693059731e-01 1.000000000000000000e+00 0.000000000000000000e+00
1.456500488758553369e-01 1.000000000000000000e+00 0.000000000000000000e+00
1.466275659824047006e-01 1.000000000000000000e+00 0.000000000000000000e+00
1.476050830889540644e-01 1.000000000000000000e+00 0.000000000000000000e+00
1.485826001955034281e-01 1.000000000000000000e+00 0.000000000000000000e+00
1.495601173020527919e-01 1.000000000000000000e+00 0.000000000000000000e+00
1.505376344086021556e-01 1.000000000000000000e+00 0.000000000000000000e+00
1.515151515151515194e-01 1.000000000000000000e+00 0.000000000000000000e+00
1.524926686217008831e-01 1.000000000000000000e+00 0.000000000000000000e+00
1.534701857282502468e-01 1.000000000000000000e+00 0.000000000000000000e+00
1.544477028347996106e-01 1.000000000000000000e+00 0.000000000000000000e+00
1.554252199413489743e-01 1.000000000000000000e+00 0.000000000000000000e+00
1.564027370478983381e-01 1.000000000000000000e+00 0.000000000000000000e+00
1.573802541544477018e-01 1.000000000000000000e+00 0.000000000000000000e+00
1.583577712609970656e-01 1.000000000000000000e+00 0.000000000000000000e+00
1.593352883675464293e-01 1.000000000000000000e+00 0.000000000000000000e+00
1.603128054740957931e-01 1.000000000000000000e+00 0.000000000000000000e+00
1.612903225806451568e-01 1.000000000000000000e+00 0.000000000000000000e+00
1.622678396871945206e-01 1.000000000000000000e+00 0.000000000000000000e+00
1.632453567937438843e-01 1.000000000000000000e+00 0.000000000000000000e+00
1.642228739002932481e-01 1.000000000000000000e+00 0.000000000000000000e+00
1.652003910068426118e-01 1.000000000000000000e+00 0.000000000000000000e+00
1.661779081133919755e-01 1.000000000000000000e+00 0.000000000000000000e+00
1.671554252199413393e-01 1.000000000000000000e+00 0.000000000000000000e+00
1.681329423264907030e-01 1.000000000000000000e+00 0.000000000000000000e+00
1.691104594330400668e-01 1.000000000000000000e+00 0.000000000000000000e+00
1.700879765395894305e-01 1.000000000000000000e+00 0.000000000000000000e+00
1.710654936461387943e-01 1.000000000000000000e+00 0.000000000000000000e+00
1.720430107526881858e-01 1.000000000000000000e+00 0.000000000000000000e+00
1.730205278592375495e-01 1.000000000000000000e+00 0.000000000000000000e+00
1.739980449657869133e-01 1.000000000000000000e+00 0.000000000000000000e+00
1.749755620723362770e-01 1.000000000000000000e+00 0.000000000000000000e+00
1.759530791788856408e-01 1.000000000000000000e+00 0.000000000000000000e+00
1.769305962854350045e-01 1.000000000000000000e+00 0.000000000000000000e+00
1.779081133919843682e-01 1.000000000000000000e+00 0.000000000000000000e+00
1.788856304985337320e-01 1.000000000000000000e+00 0.000000000000000000e+00
1.798631476050830957e-01 1.000000000000000000e+00 0.000000000000000000e+00
1.808406647116324595e-01 1.000000000000000000e+00 0.000000000000000000e+00
1.818181818181818232e-01 1.000000000000000000e+00 0.000000000000000000e+00
1.827956989247311870e-01 1.000000000000000000e+00 0.000000000000000000e+00
1.837732160312805507e-01 1.000000000000000000e+00 0.000000000000000000e+00
1.847507331378299145e-01 1.000000000000000000e+00 0.000000000000000000e+00
1.857282502443792782e-01 1.000000000000000000e+00 0.000000000000000000e+00
1.867057673509286420e-01 1.000000000000000000e+00 0.000000000000000000e+00
1.876832844574780057e-01 1.000000000000000000e+00 0.000000000000000000e+00
1.886608015640273694e-01 1.000000000000000000e+00 0.000000000000000000e+00
1.896383186705767332e-01 1.000000000000000000e+00 0.000000000000000000e+00
1.906158357771260969e-01 1.000000000000000000e+00 0.000000000000000000e+00
1.915933528836754607e-01 1.000000000000000000e+00 0.000000000000000000e+00
1.925708699902248244e-01 1.000000000000000000e+00 0.000000000000000000e+00
1.935483870967741882e-01 1.000000000000000000e+00 0.000000000000000000e+00
1.945259042033235519e-01 1.000000000000000000e+00 0.000000000000000000e+00
1.955034213098729157e-01 1.000000000000000000e+00 0.000000000000000000e+00
1.964809384164222794e-01 1.000000000000000000e+00 0.000000000000000000e+00
1.974584555229716432e-01 1.000000000000000000e+00 0.000000000000000000e+00
1.984359726295210069e-01 1.000000000000000000e+00 0.000000000000000000e+00
1.994134897360703707e-01 1.000000000000000000e+00 0.000000000000000000e+00
2.003910068426197344e-01 1.000000000000000000e+00 0.000000000000000000e+00
2.013685239491690981e-01 1.000000000000000000e+00 0.000000000000000000e+00
2.023460410557184619e-01 1.000000000000000000e+00 0.000000000000000000e+00
2.033235581622678534e-01 1.000000000000000000e+00 0.000000000000000000e+00
2.043010752688172171e-01 1.000000000000000000e+00 0.000000000000000000e+00
2.052785923753665809e-01 1.000000000000000000e+00 0.000000000000000000e+00
2.062561094819159446e-01 1.000000000000000000e+00 0.000000000000000000e+00
2.072336265884653084e-01 1.000000000000000000e+00 0.000000000000000000e+00
2.082111436950146721e-01 1.000000000000000000e+00 0.000000000000000000e+00
2.091886608015640359e-01 1.000000000000000000e+00 0.000000000000000000e+00
2.101661779081133996e-01 1.000000000000000000e+00 0.000000000000000000e+00
2.111436950146627634e-01 1.000000000000000000e+00 0.000000000000000000e+00
2.121212121212121271e-01 1.000000000000000000e+00 0.000000000000000000e+00
2.130987292277614908e-01 1.000000000000000000e+00 0.000000000000000000e+00
2.140762463343108546e-01 1.000000000000000000e+00 0.000000000000000000e+00
2.150537634408602183e-01 1.000000000000000000e+00 0.000000000000000000e+00
2.160312805474095821e-01 1.000000000000000000e+00 0.000000000000000000e+00
2.170087976539589458e-01 1.000000000000000000e+00 0.000000000000000000e+00
2.179863147605083096e-01 1.000000000000000000e+00 0.000000000000000000e+00
2.189638318670576733e-01 1.000000000000000000e+00 0.000000000000000000e+00
2.199413489736070371e-01 1.000000000000000000e+00 0.000000000000000000e+00
2.209188660801564008e-01 1.000000000000000000e+00 0.000000000000000000e+00
2.218963831867057646e-01 1.000000000000000000e+00 0.000000000000000000e+00
2.228739002932551283e-01 1.000000000000000000e+00 0.000000000000000000e+00
2.238514173998044920e-01 1.000000000000000000e+00 0.000000000000000000e+00
2.248289345063538558e-01 1.000000000000000000e+00 0.000000000000000000e+00
2.258064516129032195e-01 1.000000000000000000e+00 0.000000000000000000e+00
2.267839687194525833e-01 1.000000000000000000e+00 0.000000000000000000e+00
2.277614858260019470e-01 1.000000000000000000e+00 0.000000000000000000e+00
2.287390029325513108e-01 1.000000000000000000e+00 0.000000000000000000e+00
2.297165200391006745e-01 1.000000000000000000e+00 0.000000000000000000e+00
2.306940371456500383e-01 1.000000000000000000e+00 0.000000000000000000e+00
2.316715542521994020e-01 1.000000000000000000e+00 0.000000000000000000e+00
2.326490713587487658e-01 1.000000000000000000e+00 0.000000000000000000e+00
2.336265884652981295e-01 1.000000000000000000e+00 0.000000000000000000e+00
2.346041055718475210e-01 1.000000000000000000e+00 0.000000000000000000e+00
2.355816226783968848e-01 1.000000000000000000e+00 0.000000000000000000e+00
2.365591397849462485e-01 1.000000000000000000e+00 0.000000000000000000e+00
2.375366568914956122e-01 1.000000000000000000e+00 0.000000000000000000e+00
2.385141739980449760e-01 1.000000000000000000e+00 0.000000000000000000e+00
2.394916911045943397e-01 1.000000000000000000e+00 0.000000000000000000e+00
2.404692082111437035e-01 1.000000000000000000e+00 0.000000000000000000e+00
2.414467253176930672e-01 1.000000000000000000e+00 0.000000000000000000e+00
2.424242424242424310e-01 1.000000000000000000e+00 0.000000000000000000e+00
2.434017595307917947e-01 1.000000000000000000e+00 0.000000000000000000e+00
2.443792766373411585e-01 1.000000000000000000e+00 0.000000000000000000e+00
2.453567937438905222e-01 1.000000000000000000e+00 0.000000000000000000e+00
2.463343108504398860e-01 1.000000000000000000e+00 0.000000000000000000e+00
2.473118279569892497e-01 1.000000000000000000e+00 0.000000000000000000e+00
2.482893450635386134e-01 1.000000000000000000e+00 0.000000000000000000e+00
2.492668621700879772e-01 1.000000000000000000e+00 0.000000000000000000e+00
2.502443792766373409e-01 1.000000000000000000e+00 0.000000000000000000e+00
2.512218963831867047e-01 1.000000000000000000e+00 0.000000000000000000e+00
2.521994134897360684e-01 1.000000000000000000e+00 0.000000000000000000e+00
2.531769305962854322e-01 1.000000000000000000e+00 0.000000000000000000e+00
2.541544477028347959e-01 1.000000000000000000e+00 0.000000000000000000e+00
2.551319648093841597e-01 1.000000000000000000e+00 0.000000000000000000e+00
2.561094819159335234e-01 1.000000000000000000e+00 0.000000000000000000e+00
2.570869990224828872e-01 1.000000000000000000e+00 0.000000000000000000e+00
2.580645161290322509e-01 1.000000000000000000e+00 0.000000000000000000e+00
2.590420332355816146e-01 1.000000000000000000e+00 0.000000000000000000e+00
2.600195503421309784e-01 1.000000000000000000e+00 0.000000000000000000e+00
2.609970674486803421e-01 1.000000000000000000e+00 0.000000000000000000e+00
2.619745845552297059e-01 1.000000000000000000e+00 0.000000000000000000e+00
2.629521016617790696e-01 1.000000000000000000e+00 0.000000000000000000e+00
2.639296187683284334e-01 1.000000000000000000e+00 0.000000000000000000e+00
2.649071358748777971e-01 1.000000000000000000e+00 0.000000000000000000e+00
2.658846529814271609e-01 1.000000000000000000e+00 0.000000000000000000e+00
2.668621700879765246e-01 1.000000000000000000e+00 0.000000000000000000e+00
2.678396871945258884e-01 1.000000000000000000e+00 0.000000000000000000e+00
2.688172043010752521e-01 1.000000000000000000e+00 0.000000000000000000e+00
2.697947214076246158e-01 1.000000000000000000e+00 0.000000000000000000e+00
2.707722385141739796e-01 1.000000000000000000e+00 0.000000000000000000e+00
2.717497556207233433e-01 1.000000000000000000e+00 0.000000000000000000e+00
2.727272727272727071e-01 1.000000000000000000e+00 0.000000000000000000e+00
2.737047898338220708e-01 1.000000000000000000e+00 0.000000000000000000e+00
2.746823069403714346e-01 1.000000000000000000e+00 0.000000000000000000e+00
2.756598240469207983e-01 1.000000000000000000e+00 0.000000000000000000e+00
2.766373411534701621e-01 1.000000000000000000e+00 0.000000000000000000e+00
2.776148582600195258e-01 1.000000000000000000e+00 0.000000000000000000e+00
2.785923753665688896e-01 1.000000000000000000e+00 0.000000000000000000e+00
2.795698924731182533e-01 1.000000000000000000e+00 0.000000000000000000e+00
2.805474095796676171e-01 1.000000000000000000e+00 0.000000000000000000e+00
2.815249266862170363e-01 1.000000000000000000e+00 0.000000000000000000e+00
2.825024437927664001e-01 1.000000000000000000e+00 0.000000000000000000e+00
2.834799608993157638e-01 1.000000000000000000e+00 0.000000000000000000e+00
2.844574780058651275e-01 1.000000000000000000e+00 0.000000000000000000e+00
2.854349951124144913e-01 1.000000000000000000e+00 0.000000000000000000e+00
2.864125122189638550e-01 1.000000000000000000e+00 0.000000000000000000e+00
2.873900293255132188e-01 1.000000000000000000e+00 0.000000000000000000e+00
2.883675464320625825e-01 1.000000000000000000e+00 0.000000000000000000e+00
2.893450635386119463e-01 1.000000000000000000e+00 0.000000000000000000e+00
2.903225806451613100e-01 1.000000000000000000e+00 0.000000000000000000e+00
2.913000977517106738e-01 1.000000000000000000e+00 0.000000000000000000e+00
2.922776148582600375e-01 1.000000000000000000e+00 0.000000000000000000e+00
2.932551319648094013e-01 1.000000000000000000e+00 0.000000000000000000e+00
2.942326490713587650e-01 1.000000000000000000e+00 0.000000000000000000e+00
2.952101661779081287e-01 1.000000000000000000e+00 0.000000000000000000e+00
2.961876832844574925e-01 1.000000000000000000e+00 0.000000000000000000e+00
2.971652003910068562e-01 1.000000000000000000e+00 0.000000000000000000e+00
2.981427174975562200e-01 1.000000000000000000e+00 0.000000000000000000e+00
2.991202346041055837e-01 1.000000000000000000e+00 0.000000000000000000e+00
3.000977517106549475e-01 1.000000000000000000e+00 0.000000000000000000e+00
3.010752688172043112e-01 1.000000000000000000e+00 0.000000000000000000e+00
3.020527859237536750e-01 1.000000000000000000e+00 0.000000000000000000e+00
3.030303030303030387e-01 1.000000000000000000e+00 0.000000000000000000e+00
3.040078201368524025e-01 1.000000000000000000e+00 0.000000000000000000e+00
3.049853372434017662e-01 1.000000000000000000e+00 0.000000000000000000e+00
3.059628543499511300e-01 1.000000000000000000e+00 0.000000000000000000e+00
3.069403714565004937e-01 1.000000000000000000e+00 0.000000000000000000e+00
3.079178885630498574e-01 1.000000000000000000e+00 0.000000000000000000e+00
3.088954056695992212e-01 1.000000000000000000e+00 0.000000000000000000e+00
3.098729227761485849e-01 1.000000000000000000e+00 0.000000000000000000e+00
3.108504398826979487e-01 1.000000000000000000e+00 0.000000000000000000e+00
3.118279569892473124e-01 1.000000000000000000e+00 0.000000000000000000e+00
3.128054740957966762e-01 1.000000000000000000e+00 0.000000000000000000e+00
3.137829912023460399e-01 1.000000000000000000e+00 0.000000000000000000e+00
3.147605083088954037e-01 1.000000000000000000e+00 0.000000000000000000e+00
3.157380254154447674e-01 1.000000000000000000e+00 0.000000000000000000e+00
3.167155425219941312e-01 1.000000000000000000e+00 0.000000000000000000e+00
3.176930596285434949e-01 1.000000000000000000e+00 0.000000000000000000e+00
3.186705767350928586e-01 1.000000000000000000e+00 0.000000000000000000e+00
3.196480938416422224e-01 1.000000000000000000e+00 0.000000000000000000e+00
3.206256109481915861e-01 1.000000000000000000e+00 6.759540391719167888e-17
3.216031280547409499e-01 9.999999999999993339e-01 7.075138121576680286e-16
3.225806451612903136e-01 9.999999999999965583e-01 2.370423114582466771e-15
3.235581622678396774e-01 9.999999999999914513e-01 8.174924313200078884e-15
3.245356793743890411e-01 9.999999999999746869e-01 1.853120422905213657e-14
3.255131964809384049e-01 9.999999999999443778e-01 5.033029261317130402e-14
3.264907135874877686e-01 9.999999999998545608e-01 1.059067590726497820e-13
3.274682306940371324e-01 9.999999999996984634e-01 2.715730050837162729e-13
3.284457478005864961e-01 9.999999999992384980e-01 5.596279029097787629e-13
3.294232649071358598e-01 9.999999999984436894e-01 1.392738621658836959e-12
3.304007820136852236e-01 9.999999999961671771e-01 2.824977339609432158e-12
3.313782991202345873e-01 9.999999999922801752e-01 6.872682150699609190e-12
3.323558162267839511e-01 9.999999999814227492e-01 1.374064221448824934e-11
3.333333333333333148e-01 9.999999999631020708e-01 3.265445515567655907e-11
3.343108504398826786e-01 9.999999999132702655e-01 6.436267007897656949e-11
3.352883675464320423e-01 9.999999998302094850e-01 1.493455036892100936e-10
3.362658846529814061e-01 9.999999996104788069e-01 2.900698876455699093e-10
3.372434017595307698e-01 9.999999992487574874e-01 6.567265604932930307e-10
3.382209188660801336e-01 9.999999983189564734e-01 1.256217816836988143e-09
3.391984359726294973e-01 9.999999968079219537e-01 2.773112273866192274e-09
3.401759530791788610e-01 9.999999930379893653e-01 5.220893336268230232e-09
3.411534701857282248e-01 9.999999869927513885e-01 1.122876248759660164e-08
3.421309872922775885e-01 9.999999723713890454e-01 2.079236124560141284e-08
3.431085043988269523e-01 9.999999492485291963e-01 4.353185742850206957e-08
3.440860215053763715e-01 9.999998951065415254e-01 7.922046748934213427e-08
3.450635386119257353e-01 9.999998107122873847e-01 1.613057764055541176e-07
3.460410557184750990e-01 9.999996197053935276e-01 2.882451237507895639e-07
3.470185728250244628e-01 9.999993264339125387e-01 5.702038355056498691e-07
3.479960899315738265e-01 9.999986859941483175e-01 9.995365514406320958e-07
3.489736070381231903e-01 9.999977181280684801e-01 1.918726760084971410e-06
3.499511241446725540e-01 9.999956829430499683e-01 3.295739527986654021e-06
3.509286412512219178e-01 9.999926582856174528e-01 6.131064853303916194e-06
3.519061583577712815e-01 9.999865488788564072e-01 1.030592756783427539e-05
3.528836754643206453e-01 9.999776290936590595e-01 1.855141176208291865e-05
3.538611925708700090e-01 9.999603719641924071e-01 3.047097402309802166e-05
3.548387096774193727e-01 9.999356512407666653e-01 5.298084920207750409e-05
3.558162267839687365e-01 9.998899977997321997e-01 8.488206353370698681e-05
3.567937438905181002e-01 9.998259306400841817e-01 1.422677957332305130e-04
3.577712609970674640e-01 9.997134581396371900e-01 2.218586346041082926e-04
3.587487781036168277e-01 9.995591268443581034e-01 3.576116686616615512e-04
3.597262952101661915e-01 9.993028426104987316e-01 5.414669464049692545e-04
3.607038123167155552e-01 9.989597877333433740e-01 8.372041347427824996e-04
3.616813294232649190e-01 9.984239343636325259e-01 1.227248385075958761e-03
3.626588465298142827e-01 9.977261763852198762e-01 1.815408043923171216e-03
3.636363636363636465e-01 9.967069412942758388e-01 2.568359453139629645e-03
3.646138807429130102e-01 9.954200341885279801e-01 3.626666830704299363e-03
3.655913978494623739e-01 9.936705456309952167e-01 4.936944117346336175e-03
3.665689149560117377e-01 9.915360789313270029e-01 6.646971364204454572e-03
3.675464320625611014e-01 9.888403425912698497e-01 8.687057199924793499e-03
3.685239491691104652e-01 9.856727838024916810e-01 1.116044103147852476e-02
3.695014662756598289e-01 9.819424469971824720e-01 1.399533174627980853e-02
3.704789833822091927e-01 9.777307639607307754e-01 1.721082532779779836e-02
3.714565004887585564e-01 9.730569635745222046e-01 2.074741087437140946e-02
3.724340175953079202e-01 9.679855622747118860e-01 2.455185793923894341e-02
3.734115347018572839e-01 9.626001626551313750e-01 2.857700133900264658e-02
3.743890518084066477e-01 9.569574375346550088e-01 3.275172907522484744e-02
3.753665689149560114e-01 9.511350446956139404e-01 3.703298082297726279e-02
3.763440860215053752e-01 9.451868435640603527e-01 4.137342478192412160e-02
3.773216031280547389e-01 9.391562167416243057e-01 4.573684360720868536e-02
3.782991202346041026e-01 9.330825811679530624e-01 5.010007377180308169e-02
3.792766373411534664e-01 9.269879382227578235e-01 5.444276590055515536e-02
3.802541544477028301e-01 9.208908565631861443e-01 5.875212771654111238e-02
3.812316715542521939e-01 9.148039262024556528e-01 6.302095935079476963e-02
3.822091886608015576e-01 9.087344173258994351e-01 6.724261011379385755e-02
3.831867057673509214e-01 9.026876008131969886e-01 7.141415240546396259e-02
3.841642228739002851e-01 8.966676208647089696e-01 7.553344502558496931e-02
3.851417399804496489e-01 8.906761425618219263e-01 7.959906536172205171e-02
3.861192570869990126e-01 8.847151830296686725e-01 8.361011955247085736e-02
3.870967741935483764e-01 8.787857567359901312e-01 8.756646904697781841e-02
3.880742913000977401e-01 8.728887463158131466e-01 9.146765174462789805e-02
3.890518084066471038e-01 8.670245663081819210e-01 9.531379243258540634e-02
3.900293255131964676e-01 8.611938597232254855e-01 9.910492031290357717e-02
3.910068426197458313e-01 8.553967372122589508e-01 1.028412786609493174e-01
3.919843597262951951e-01 8.496335207082128527e-01 1.065230196921548439e-01
3.929618768328445588e-01 8.439042684566752106e-01 1.101505319916143977e-01
3.939393939393939226e-01 8.382091397443138803e-01 1.137240834910569626e-01
3.949169110459432863e-01 8.325480871710150277e-01 1.172440764506927496e-01
3.958944281524926501e-01 8.269211803826349572e-01 1.207108654843258577e-01
3.968719452590420138e-01 8.213283428850897128e-01 1.241248893172934714e-01
3.978494623655913776e-01 8.157695576636324608e-01 1.274865371903399491e-01
3.988269794721407413e-01 8.102447222484291389e-01 1.307962603485390007e-01
3.998044965786901050e-01 8.047537779170003125e-01 1.340544843359178506e-01
4.007820136852394688e-01 7.992966035227158095e-01 1.372616659126358885e-01
4.017595307917888325e-01 7.938731035434707373e-01 1.404182451419861422e-01
4.027370478983381963e-01 7.884831478927580850e-01 1.435246837890697125e-01
4.037145650048875600e-01 7.831266199788723403e-01 1.465814329085665113e-01
4.046920821114369238e-01 7.778033804819661778e-01 1.495889534595841452e-01
4.056695992179862875e-01 7.725132979876944139e-01 1.525477005441099598e-01
4.066471163245357068e-01 7.672562287276613047e-01 1.554581346030768918e-01
4.076246334310850705e-01 7.620320321395116503e-01 1.583207115377759100e-01
4.086021505376344343e-01 7.568405604987639146e-01 1.611358886808855195e-01
4.095796676441837980e-01 7.516816679259077372e-01 1.639041203147968695e-01
4.105571847507331618e-01 7.465552049568243698e-01 1.666258603330714183e-01
4.115347018572825255e-01 7.414610228482952925e-01 1.693015596644319998e-01
4.125122189638318893e-01 7.363989712529581677e-01 1.719316676193725080e-01
4.134897360703812530e-01 7.313689005364967244e-01 1.745166307957374541e-01
4.144672531769306167e-01 7.263706607073173727e-01 1.770568935341628458e-01
4.154447702834799805e-01 7.214041024883987019e-01 1.795528973162579811e-01
4.164222873900293442e-01 7.164690770127404296e-01 1.820050809748655907e-01
4.173998044965787080e-01 7.115654364119422537e-01 1.844138804531494646e-01
4.183773216031280717e-01 7.066930337461776457e-01 1.867797288308571668e-01
4.193548387096774355e-01 7.018517233047298909e-01 1.891030561862921400e-01
4.203323558162267992e-01 6.970413606800831552e-01 1.913842896053696285e-01
4.213098729227761630e-01 6.922618029735877476e-01 1.936238531310280064e-01
4.222873900293255267e-01 6.875129088917929510e-01 1.958221677488038714e-01
4.232649071358748905e-01 6.827945388891917267e-01 1.979796513562439852e-01
4.242424242424242542e-01 6.781065552828930976e-01 2.000967187599208275e-01
4.252199413489736179e-01 6.734488223815250363e-01 2.021737816711443314e-01
4.261974584555229817e-01 6.688212065978864640e-01 2.042112487067633542e-01
4.271749755620723454e-01 6.642235765653410340e-01 2.062095253910457282e-01
4.281524926686217092e-01 6.596558032536398164e-01 2.081690141649150116e-01
4.291300097751710729e-01 6.551177600881910035e-01 2.100901143988684328e-01
4.301075268817204367e-01 6.506093230694229845e-01 2.119732224081071759e-01
4.310850439882698004e-01 6.461303708949360791e-01 2.138187314694906249e-01
4.320625610948191642e-01 6.416807850859570506e-01 2.156270318415896836e-01
4.330400782013685279e-01 6.372604501192339344e-01 2.173985107875353595e-01
4.340175953079178917e-01 6.328692535643920536e-01 2.191335525998040490e-01
4.349951124144672554e-01 6.285070862275767833e-01 2.208325386265939105e-01
4.359726295210166191e-01 6.241738423026519378e-01 2.224958473001002746e-01
4.369501466275659829e-01 6.198694195310772148e-01 2.241238541668303108e-01
4.379276637341153466e-01 6.155937193712408551e-01 2.257169319197409318e-01
4.389051808406647104e-01 6.113466471781000555e-01 2.272754504320032010e-01
4.398826979472140741e-01 6.071281123942416924e-01 2.287997767924585812e-01
4.408602150537634379e-01 6.029380287535981431e-01 2.302902753429264815e-01
4.418377321603128016e-01 5.987763144989945996e-01 2.317473077174220519e-01
4.428152492668621654e-01 5.946428926147185878e-01 2.331712328832943326e-01
4.437927663734115291e-01 5.905376910754340791e-01 2.345624071843548097e-01
4.447702834799608929e-01 5.864606431129173458e-01 2.359211843861597768e-01
4.457478005865102566e-01 5.824116875021844164e-01 2.372479157236258296e-01
4.467253176930596203e-01 5.783907688686656945e-01 2.385429499511458051e-01
4.477028347996089841e-01 5.743978380182026555e-01 2.398066333953847995e-01
4.486803519061583478e-01 5.704328522917966326e-01 2.410393100109853026e-01
4.496578690127077116e-01 5.664957759472128984e-01 2.422413214394554537e-01
4.506353861192570753e-01 5.625865805697000122e-01 2.434130070715415650e-01
4.516129032258064391e-01 5.587052455142570428e-01 2.445547041134129573e-01
4.525904203323558028e-01 5.548517583820795629e-01 2.456667476570174591e-01
4.535679374389051666e-01 5.510261155340278050e-01 2.467494707550187405e-01
4.545454545454545303e-01 5.472283226442001824e-01 2.478032045007749207e-01
4.555229716520038941e-01 5.434583952969298526e-01 2.488282781138655697e-01
4.565004887585532578e-01 5.397163596307936739e-01 2.498250190317245767e-01
4.574780058651026216e-01 5.360022530334880297e-01 2.507937530079923927e-01
4.584555229716519853e-01 5.323161248917367416e-01 2.517348042182711021e-01
4.594330400782013490e-01 5.286580374007048277e-01 2.526484953740347761e-01
4.604105571847507128e-01 5.250280664377224848e-01 2.535351478455218910e-01
4.613880742913000765e-01 5.214263025054640677e-01 2.543950817945219156e-01
4.623655913978494403e-01 5.178528517500805561e-01 2.552286163180500500e-01
4.633431085043988040e-01 5.143078370601443794e-01 2.560360696040102635e-01
4.643206256109481678e-01 5.107913992526316171e-01 2.568177591000395110e-01
4.652981427174975315e-01 5.073036983525184285e-01 2.575740016968481871e-01
4.662756598240468953e-01 5.038449149729221643e-01 2.583051139274761820e-01
4.672531769305962590e-01 5.004152518030224872e-01 2.590114121840183525e-01
4.682306940371456228e-01 4.970149352112963603e-01 2.596932129534957334e-01
4.692082111436950420e-01 4.936442169718032735e-01 2.603508330746825417e-01
4.701857282502444058e-01 4.903033761214145025e-01 2.609845900178399680e-01
4.711632453567937695e-01 4.869927209558959635e-01 2.615948021894324849e-01
4.721407624633431332e-01 4.837125911726493088e-01 2.621817892640447845e-01
4.731182795698924970e-01 4.804633601676079335e-01 2.627458725458310385e-01
4.740957966764418607e-01 4.772454374932411092e-01 2.632873753619394686e-01
4.750733137829912245e-01 4.740592714837693067e-01 2.638066234904412055e-01
4.760508308895405882e-01 4.709053520524660863e-01 2.643039456253417074e-01
4.770283479960899520e-01 4.677842136642145210e-01 2.647796738812626671e-01
4.780058651026393157e-01 4.646964384842072193e-01 2.652341443403309351e-01
4.789833822091886795e-01 4.616426597006920707e-01 2.656676976436798676e-01
4.799608993157380432e-01 4.586235650158217436e-01 2.660806796297350285e-01
4.809384164222874070e-01 4.556399002938045228e-01 2.664734420211022914e-01
4.819159335288367707e-01 4.526924733494801512e-01 2.668463431613561920e-01
4.828934506353861345e-01 4.497821578529379583e-01 2.671997488023117873e-01
4.838709677419354982e-01 4.469098973166295563e-01 2.675340329414211404e-01
4.848484848484848619e-01 4.440767091203412509e-01 2.678495787076949908e-01
4.858260019550342257e-01 4.412836885161181000e-01 2.681467792929865812e-01
4.868035190615835894e-01 4.385320125395141821e-01 2.684260389235179622e-01
4.877810361681329532e-01 4.358229437351170410e-01 2.686877738641258451e-01
4.887585532746823169e-01 4.331578335829592286e-01 2.689324134448060066e-01
4.897360703812316807e-01 4.305381254880370490e-01 2.691604010956880622e-01
4.907135874877810444e-01 4.279653571676794166e-01 2.693721953725515816e-01
4.916911045943304082e-01 4.254411622410776972e-01 2.695682709503801622e-01
4.926686217008797719e-01 4.229672707922862429e-01 2.697491195572638278e-01
4.936461388074291357e-01 4.205455086431034717e-01 2.699152508152829477e-01
4.946236559139784994e-01 4.181777950365611063e-01 2.700671929489435463e-01
4.956011730205278631e-01 4.158661383968971226e-01 2.702054933155197403e-01
4.965786901270772269e-01 4.136126298001261414e-01 2.703307187055839500e-01
4.975562072336265906e-01 4.114194337636331023e-01 2.704434553564962762e-01
4.985337243401759544e-01 4.092887759474181375e-01 2.705443086172337197e-01
4.995112414467253181e-01 4.072229273583907183e-01 2.706339022003462769e-01
5.004887585532746819e-01 4.052241846679240367e-01 2.707128769568263871e-01
5.014662756598240456e-01 4.032948462979162874e-01 2.707818891131715811e-01
5.024437927663734094e-01 4.014371840083806875e-01 2.708416079178326830e-01
5.034213098729227731e-01 3.996534098364742937e-01 2.708927126574435795e-01
5.043988269794721369e-01 3.979456383983669410e-01 2.709358890224271565e-01
5.053763440860215006e-01 3.963158447750414481e-01 2.709718248271245078e-01
5.063538611925708643e-01 3.947658184615061017e-01 2.710012051213723239e-01
5.073313782991202281e-01 3.932971141619941435e-01 2.710247067676055943e-01
5.083088954056695918e-01 3.919110005516864281e-01 2.710429925984240707e-01
5.092864125122189556e-01 3.906084084814365198e-01 2.710567053115067737e-01
5.102639296187683193e-01 3.893898804514034917e-01 2.710664612982966459e-01
5.112414467253176831e-01 3.882555234904852548e-01 2.710728446357514865e-01
5.122189638318670468e-01 3.872049678131805894e-01 2.710764014921294707e-01
5.131964809384164106e-01 3.862373337432858933e-01 2.710776352038800074e-01
5.141739980449657743e-01 3.853512093555374052e-01 2.710770022678191116e-01
5.151515151515151381e-01 3.845446410603021725e-01 2.710749094590841901e-01
5.161290322580645018e-01 3.838151389249573886e-01 2.710717122313868743e-01
5.171065493646138655e-01 3.831596978909627693e-01 2.710677144849552578e-01
5.180840664711632293e-01 3.825748352344574554e-01 2.710631697050365219e-01
5.190615835777125930e-01 3.820566436829250234e-01 2.710582833877673847e-01
5.200391006842619568e-01 3.816008586165305916e-01 2.710532165895838119e-01
5.210166177908113205e-01 3.812029368415275621e-01 2.710480903698488375e-01
5.219941348973606843e-01 3.808581436209859672e-01 2.710429908511956532e-01
5.229716520039100480e-01 3.805616440729328587e-01 2.710379746025438630e-01
5.239491691104594118e-01 3.803085947639940345e-01 2.710330740567454266e-01
5.249266862170087755e-01 3.800942313714948395e-01 2.710283027056856198e-01
5.259042033235581393e-01 3.799139486541003308e-01 2.710236598648604889e-01
5.268817204301075030e-01 3.797633696178670526e-01 2.710191348595498151e-01
5.278592375366568668e-01 3.796384016170719078e-01 2.710147105478618590e-01
5.288367546432062305e-01 3.795352780935083992e-01 2.710103661550102294e-01
5.298142717497555942e-01 3.794505856343307060e-01 2.710060794428506004e-01
5.307917888563049580e-01 3.793812769251824202e-01 2.710018282757709618e-01
5.317693059628543217e-01 3.793246709196159139e-01 2.709975916675573804e-01
5.327468230694036855e-01 3.792784420911369803e-01 2.709933504047610242e-01
5.337243401759530492e-01 3.792406009621698271e-01 2.709890873425376823e-01
5.347018572825024130e-01 3.792094682221884838e-01 2.709847874617340446e-01
5.356793743890517767e-01 3.791836446827920870e-01 2.709804377640186446e-01
5.366568914956011405e-01 3.791619791111516258e-01 2.709760270676602745e-01
5.376344086021505042e-01 3.791435356811136415e-01 2.709715457521104653e-01
5.386119257086998680e-01 3.791275624284786705e-01 2.709669854862279403e-01
5.395894428152492317e-01 3.791134617330735312e-01 2.709623389635819057e-01
5.405669599217985954e-01 3.791007635061662273e-01 2.709575996590920521e-01
5.415444770283479592e-01 3.790891014589130026e-01 2.709527616143151407e-01
5.425219941348973229e-01 3.790781925780488115e-01 2.709478192537290164e-01
5.434995112414466867e-01 3.790678197432204577e-01 2.709427672310850133e-01
5.444770283479960504e-01 3.790578172843943605e-01 2.709376003029246305e-01
5.454545454545454142e-01 3.790480591917377851e-01 2.709323132253596556e-01
5.464320625610947779e-01 3.790384496459600072e-01 2.709269006698939997e-01
5.474095796676441417e-01 3.790289155251537756e-01 2.709213571541820298e-01
5.483870967741935054e-01 3.790194005557300239e-01 2.709156769839825007e-01
5.493646138807428692e-01 3.790098608020772142e-01 2.709098542030612955e-01
5.503421309872922329e-01 3.790002612254105840e-01 2.709038825482995017e-01
5.513196480938415966e-01 3.789905730816852114e-01 2.708977554077529604e-01
5.522971652003909604e-01 3.789807719676419606e-01 2.708914657798163761e-01
5.532746823069403241e-01 3.789708363605026054e-01 2.708850062319860807e-01
5.542521994134896879e-01 3.789607465290476540e-01 2.708783688579528559e-01
5.552297165200390516e-01 3.789504837211438160e-01 2.708715452319309658e-01
5.562072336265884154e-01 3.789400295551306197e-01 2.708645263592069363e-01
5.571847507331377791e-01 3.789293655601647659e-01 2.708573026219123769e-01
5.581622678396871429e-01 3.789184728241825617e-01 2.708498637189756253e-01
5.591397849462365066e-01 3.789073317182272138e-01 2.708421985990900893e-01
5.601173020527858704e-01 3.788959216731561108e-01 2.708342953853556945e-01
5.610948191593352341e-01 3.788842209898127811e-01 2.708261412899896081e-01
5.620723362658845979e-01 3.788722066671285638e-01 2.708177225171403135e-01
5.630498533724340726e-01 3.788598542347271780e-01 2.708090241513445573e-01
5.640273704789834364e-01 3.788471375777160977e-01 2.708000300284867379e-01
5.650048875855328001e-01 3.788340287416230856e-01 2.707907225851762245e-01
5.659824046920821639e-01 3.788204977048871269e-01 2.707810826811396510e-01
5.669599217986315276e-01 3.788065121048365125e-01 2.707710893873701563e-01
5.679374389051808913e-01 3.787920369004239562e-01 2.707607197301705182e-01
5.689149560117302551e-01 3.787770339507524620e-01 2.707499483775578919e-01
5.698924731182796188e-01 3.787614614820444814e-01 2.707387472493796299e-01
5.708699902248289826e-01 3.787452734064506998e-01 2.707270850253934436e-01
5.718475073313783463e-01 3.787284184430352307e-01 2.707149265158293461e-01
5.728250244379277101e-01 3.787108389732800062e-01 2.707022318457905086e-01
5.738025415444770738e-01 3.786924695392326345e-01 2.706889553873285670e-01
5.747800586510264376e-01 3.786732348605559850e-01 2.706750443501236836e-01
5.757575757575758013e-01 3.786530472057934582e-01 2.706604369123883358e-01
5.767350928641251651e-01 3.786318029018840847e-01 2.706450597369686184e-01
5.777126099706745288e-01 3.786093777035481334e-01 2.706288246730669256e-01
5.786901270772238925e-01 3.785856206706336158e-01 2.706116243915366870e-01
5.796676441837732563e-01 3.785603461182162621e-01 2.705933266422689276e-01
5.806451612903226200e-01 3.785333231144023536e-01 2.705737667580757622e-01
5.816226783968719838e-01 3.785042619101431360e-01 2.705527379647953423e-01
5.826001955034213475e-01 3.784727966027541246e-01 2.705299789983801606e-01
5.835777126099707113e-01 3.784384632726306430e-01 2.705051584853511715e-01
5.845552297165200750e-01 3.784006728069915781e-01 2.704778555247179250e-01
5.855327468230694388e-01 3.783586776549702213e-01 2.704475359313091576e-01
5.865102639296188025e-01 3.783115318672831129e-01 2.704135236783417051e-01
5.874877810361681663e-01 3.782580439843951092e-01 2.703749672276712368e-01
5.884652981427175300e-01 3.781967226715907127e-01 2.703308006752795922e-01
5.894428152492668938e-01 3.781257154752208915e-01 2.702796999796907018e-01
5.904203323558162575e-01 3.780427417007567459e-01 2.702200349887238229e-01
5.913978494623656212e-01 3.779450211867373954e-01 2.701498185328344848e-01
5.923753665689149850e-01 3.778292016490789051e-01 2.700666544968565730e-01
5.933528836754643487e-01 3.776912882571862862e-01 2.699676874874015753e-01
5.943304007820137125e-01 3.775265801144546129e-01 2.698495574358846794e-01
5.953079178885630762e-01 3.773296192666130700e-01 2.697083631567569473e-01
5.962854349951124400e-01 3.770941586485386243e-01 2.695396394431193166e-01
5.972629521016618037e-01 3.768131558873824005e-01 2.693383526443639542e-01
5.982404692082111675e-01 3.764787999874317781e-01 2.690989197473007688e-01
5.992179863147605312e-01 3.760825775193268328e-01 2.688152556942154936e-01
6.001955034213098950e-01 3.756153839354876012e-01 2.684808529558867507e-01
6.011730205278592587e-01 3.750676839853353539e-01 2.680888961993516673e-01
6.021505376344086224e-01 3.744297229102579450e-01 2.676324132506948117e-01
6.031280547409579862e-01 3.736917872234571392e-01 2.671044614982365228e-01
6.041055718475073499e-01 3.728445105553585548e-01 2.664983465052325196e-01
6.050830889540567137e-01 3.718792164684012191e-01 2.658078670445712666e-01
6.060606060606060774e-01 3.707882865694553942e-01 2.650275782122957224e-01
6.070381231671554412e-01 3.695655389666986368e-01 2.641530619314306771e-01
6.080156402737048049e-01 3.682065994384906560e-01 2.631811922426854911e-01
6.089931573802541687e-01 3.667092458985761749e-01 2.621103815042279961e-01
6.099706744868035324e-01 3.650737061035768116e-01 2.609407931666900549e-01
6.109481915933528962e-01 3.633028892291094714e-01 2.596745072761490469e-01
6.119257086999022599e-01 3.614025340142885678e-01 2.583156263401158448e-01
6.129032258064516236e-01 3.593812595994014258e-01 2.568703116399114195e-01
6.138807429130009874e-01 3.572505097958627029e-01 2.553467433711905654e-01
6.148582600195503511e-01 3.550243870551995640e-01 2.537550019454877237e-01
6.158357771260997149e-01 3.527193784748921535e-01 2.521068721251293887e-01
6.168132942326490786e-01 3.503539823599705061e-01 2.504155760818472798e-01
6.177908113391984424e-01 3.479482496916078693e-01 2.486954456380693346e-01
6.187683284457478061e-01 3.455232598954826595e-01 2.469615475531596327e-01
6.197458455522971699e-01 3.431005541691497518e-01 2.452292784802171666e-01
6.207233626588465336e-01 3.407015520284252252e-01 2.435139479346808133e-01
6.217008797653958974e-01 3.383469774972892585e-01 2.418303681620531942e-01
6.226783968719452611e-01 3.360563204579381513e-01 2.401924691427736180e-01
6.236559139784946248e-01 3.338473561966182057e-01 2.386129551985913255e-01
6.246334310850439886e-01 3.317357423488808132e-01 2.371030169255291531e-01
6.256109481915933523e-01 3.297347075861163934e-01 2.356721087032801198e-01
6.265884652981427161e-01 3.278548408813733439e-01 2.343277980967946872e-01
6.275659824046920798e-01 3.261039844637000917e-01 2.330756893710592415e-01
6.285434995112414436e-01 3.244872280253106589e-01 2.319194193767993295e-01
6.295210166177908073e-01 3.230069967507260831e-01 2.308607204946258040e-01
6.304985337243401711e-01 3.216632215870059985e-01 2.298995423590458886e-01
6.314760508308895348e-01 3.204535770749976642e-01 2.290342218688225240e-01
6.324535679374388986e-01 3.193737701204139579e-01 2.282616896030007503e-01
6.334310850439882623e-01 3.184178623101761030e-01 2.275777002094166446e-01
6.344086021505376261e-01 3.175786086956595700e-01 2.269770745587710303e-01
6.353861192570869898e-01 3.168477972208421090e-01 2.264539423555796960e-01
6.363636363636363535e-01 3.162165749701113526e-01 2.260019753247031749e-01
6.373411534701857173e-01 3.156757499202913486e-01 2.256146028861998332e-01
6.383186705767350810e-01 3.152160596713594054e-01 2.252852042254501475e-01
6.392961876832844448e-01 3.148284014813059195e-01 2.250072727032959852e-01
6.402737047898338085e-01 3.145040206526693582e-01 2.247745504965587560e-01
6.412512218963831723e-01 3.142346567609919372e-01 2.245811331051984494e-01
6.422287390029325360e-01 3.140126492730117014e-01 2.244215448329626716e-01
6.432062561094818998e-01 3.138310057143116061e-01 2.242907875003984919e-01
6.441837732160312635e-01 3.136834366937099050e-01 2.241843654692221022e-01
6.451612903225806273e-01 3.135643627917221732e-01 2.240982905572993789e-01
6.461388074291299910e-01 3.134688986172352587e-01 2.240290706355346495e-01
6.471163245356793547e-01 3.133928192930119927e-01 2.239736856667730869e-01
6.480938416422287185e-01 3.133325143198154028e-01 2.239295547245794549e-01
6.490713587487780822e-01 3.132849332663241171e-01 2.238944971704546483e-01
6.500488758553274460e-01 3.132475271094938840e-01 2.238666907230639769e-01
6.510263929618768097e-01 3.132181883713385240e-01 2.238446286679396380e-01
6.520039100684261735e-01 3.131951925160440520e-01 2.238270779686063749e-01
6.529814271749755372e-01 3.131771424264308545e-01 2.238130395791354810e-01
6.539589442815249010e-01 3.131629171993524086e-01 2.238017118439991071e-01
6.549364613880742647e-01 3.131516260027247256e-01 2.237924575159545293e-01
6.559139784946236285e-01 3.131425673299221835e-01 2.237847746318327447e-01
6.568914956011729922e-01 3.131351936699856564e-01 2.237782712593444079e-01
6.578690127077223559e-01 3.131290813785623794e-01 2.237726439611182339e-01
6.588465298142717197e-01 3.131239053751151968e-01 2.237676597082831897e-01
6.598240469208210834e-01 3.131194181950719968e-01 2.237631409066790367e-01
6.608015640273704472e-01 3.131154328789987340e-01 2.237589531655010122e-01
6.617790811339198109e-01 3.131118091726816655e-01 2.237549954323581614e-01
6.627565982404691747e-01 3.131084425314050734e-01 2.237511921326258701e-01
6.637341153470185384e-01 3.131052554592959614e-01 2.237474869777862085e-01
6.647116324535679022e-01 3.131021907626633238e-01 2.237438381415481348e-01
6.656891495601172659e-01 3.130992063490769528e-01 2.237402145399650932e-01
6.666666666666666297e-01 3.130962712581679686e-01 2.237365929908469997e-01
6.676441837732159934e-01 3.130933626641523859e-01 2.237329560684021557e-01
6.686217008797653572e-01 3.130904636407467745e-01 2.237292905083803074e-01
6.695992179863147209e-01 3.130875615170702342e-01 2.237255860444239408e-01
6.705767350928640846e-01 3.130846466647840831e-01 2.237218345480292414e-01
6.715542521994134484e-01 3.130817115484259006e-01 2.237180293090747507e-01
6.725317693059628121e-01 3.130787499114475736e-01 2.237141643277242853e-01
6.735092864125121759e-01 3.130757561843425241e-01 2.237102337749784786e-01
6.744868035190615396e-01 3.130727255748234072e-01 2.237062323182648638e-01
6.754643206256109034e-01 3.130696552862405335e-01 2.237021570368173118e-01
6.764418377321602671e-01 3.130665457706539034e-01 2.236980094999698465e-01
6.774193548387096309e-01 3.130633976488252923e-01 2.236937917818399568e-01
6.783968719452589946e-01 3.130601992154622426e-01 2.236894886769854041e-01
6.793743890518083584e-01 3.130569115648417777e-01 2.236850451149879904e-01
6.803519061583577221e-01 3.130534878877274108e-01 2.236803907032552108e-01
6.813294232649070858e-01 3.130499775631552239e-01 2.236755875029337037e-01
6.823069403714564496e-01 3.130466733471966023e-01 2.236710509682190151e-01
6.832844574780058133e-01 3.130439991504696540e-01 2.236674169116998345e-01
6.842619745845551771e-01 3.130416500976644367e-01 2.236643282738893790e-01
6.852394916911045408e-01 3.130371779950174571e-01 2.236583339511481194e-01
6.862170087976539046e-01 3.130264828573585678e-01 2.236433513335010226e-01
6.871945259042032683e-01 3.130107923961104044e-01 2.236204475883570575e-01
6.881720430107527431e-01 3.130098915710700647e-01 2.236173237676943870e-01
6.891495601173021068e-01 3.130619698376531090e-01 2.236901745168312916e-01
6.901270772238514706e-01 3.131680818456651916e-01 2.238464517353624950e-01
6.911045943304008343e-01 3.131709590051964254e-01 2.238676221731497884e-01
6.920821114369501981e-01 3.127216866345027269e-01 2.232442223397647918e-01
6.930596285434995618e-01 3.117142448353453221e-01 2.217758384296341923e-01
6.940371456500489256e-01 3.113633287578431719e-01 2.211324306140707296e-01
6.950146627565982893e-01 3.147597039601924829e-01 2.258118523545560030e-01
6.959921798631476531e-01 3.237451875751601316e-01 2.389799668646920838e-01
6.969696969696970168e-01 3.288720194695283761e-01 2.476620463826340601e-01
6.979472140762463805e-01 3.000781597491135599e-01 2.091878880942304730e-01
6.989247311827957443e-01 2.230441908441100074e-01 1.091475074857218702e-01
6.999022482893451080e-01 1.557355519942947852e-01 2.993166784678369732e-02
7.008797653958944718e-01 1.309926698126656908e-01 5.153924165109664488e-03
7.018572825024438355e-01 1.259183074355369747e-01 7.562422691878719315e-04
7.028347996089931993e-01 1.251314491812519913e-01 1.072813912438586861e-04
7.038123167155425630e-01 1.250185770608048530e-01 1.513979626513550471e-05
7.047898338220919268e-01 1.250026201844248175e-01 2.135036636669700894e-06
7.057673509286412905e-01 1.250003694666129150e-01 3.010468090210897748e-07
7.067448680351906543e-01 1.250000520957165184e-01 4.244804065413667520e-08
7.077223851417400180e-01 1.250000073455668492e-01 5.985240892011232105e-09
7.086999022482893817e-01 1.250000010357358582e-01 8.439273619235024561e-10
7.096774193548387455e-01 1.250000001460402355e-01 1.189950522148949730e-10
7.106549364613881092e-01 1.250000000205918615e-01 1.677844194033692098e-11
7.116324535679374730e-01 1.250000000029034275e-01 2.365774927690657318e-12
7.126099706744868367e-01 1.250000000004093947e-01 3.335708735995447130e-13
7.135874877810362005e-01 1.250000000000577038e-01 4.701990764286452010e-14
7.145650048875855642e-01 1.250000000000080769e-01 6.604144920002787801e-15
7.155425219941349280e-01 1.250000000000011102e-01 9.097302466438218940e-16
7.165200391006842917e-01 1.250000000000001388e-01 1.149128761467718584e-16
7.174975562072336555e-01 1.250000000000000000e-01 1.013929756794963119e-17
7.184750733137830192e-01 1.250000000000000000e-01 2.658281022442698876e-35
7.194525904203323829e-01 1.250000000000000000e-01 2.363488474517170548e-71
7.204301075268817467e-01 1.250000000000000000e-01 1.264616903186698196e-145
7.214076246334311104e-01 1.250000000000000000e-01 0.000000000000000000e+00
7.223851417399804742e-01 1.250000000000000000e-01 0.000000000000000000e+00
7.233626588465298379e-01 1.250000000000000000e-01 0.000000000000000000e+00
7.243401759530792017e-01 1.250000000000000000e-01 0.000000000000000000e+00
7.253176930596285654e-01 1.250000000000000000e-01 0.000000000000000000e+00
7.262952101661779292e-01 1.250000000000000000e-01 0.000000000000000000e+00
7.272727272727272929e-01 1.250000000000000000e-01 0.000000000000000000e+00
7.282502443792766567e-01 1.250000000000000000e-01 0.000000000000000000e+00
7.292277614858260204e-01 1.250000000000000000e-01 0.000000000000000000e+00
7.302052785923753842e-01 1.250000000000000000e-01 0.000000000000000000e+00
7.311827956989247479e-01 1.250000000000000000e-01 0.000000000000000000e+00
7.321603128054741116e-01 1.250000000000000000e-01 0.000000000000000000e+00
7.331378299120234754e-01 1.250000000000000000e-01 0.000000000000000000e+00
7.341153470185728391e-01 1.250000000000000000e-01 0.000000000000000000e+00
7.350928641251222029e-01 1.250000000000000000e-01 0.000000000000000000e+00
7.360703812316715666e-01 1.250000000000000000e-01 0.000000000000000000e+00
7.370478983382209304e-01 1.250000000000000000e-01 0.000000000000000000e+00
7.380254154447702941e-01 1.250000000000000000e-01 0.000000000000000000e+00
7.390029325513196579e-01 1.250000000000000000e-01 0.000000000000000000e+00
7.399804496578690216e-01 1.250000000000000000e-01 0.000000000000000000e+00
7.409579667644183854e-01 1.250000000000000000e-01 0.000000000000000000e+00
7.419354838709677491e-01 1.250000000000000000e-01 0.000000000000000000e+00
7.429130009775171128e-01 1.250000000000000000e-01 0.000000000000000000e+00
7.438905180840664766e-01 1.250000000000000000e-01 0.000000000000000000e+00
7.448680351906158403e-01 1.250000000000000000e-01 0.000000000000000000e+00
7.458455522971652041e-01 1.250000000000000000e-01 0.000000000000000000e+00
7.468230694037145678e-01 1.250000000000000000e-01 0.000000000000000000e+00
7.478005865102639316e-01 1.250000000000000000e-01 0.000000000000000000e+00
7.487781036168132953e-01 1.250000000000000000e-01 0.000000000000000000e+00
7.497556207233626591e-01 1.250000000000000000e-01 0.000000000000000000e+00
7.507331378299120228e-01 1.250000000000000000e-01 0.000000000000000000e+00
7.517106549364613866e-01 1.250000000000000000e-01 0.000000000000000000e+00
7.526881720430107503e-01 1.250000000000000000e-01 0.000000000000000000e+00
7.536656891495601140e-01 1.250000000000000000e-01 0.000000000000000000e+00
7.546432062561094778e-01 1.250000000000000000e-01 0.000000000000000000e+00
7.556207233626588415e-01 1.250000000000000000e-01 0.000000000000000000e+00
7.565982404692082053e-01 1.250000000000000000e-01 0.000000000000000000e+00
7.575757575757575690e-01 1.250000000000000000e-01 0.000000000000000000e+00
7.585532746823069328e-01 1.250000000000000000e-01 0.000000000000000000e+00
7.595307917888562965e-01 1.250000000000000000e-01 0.000000000000000000e+00
7.605083088954056603e-01 1.250000000000000000e-01 0.000000000000000000e+00
7.614858260019550240e-01 1.250000000000000000e-01 0.000000000000000000e+00
7.624633431085043878e-01 1.250000000000000000e-01 0.000000000000000000e+00
7.634408602150537515e-01 1.250000000000000000e-01 0.000000000000000000e+00
7.644183773216031152e-01 1.250000000000000000e-01 0.000000000000000000e+00
7.653958944281524790e-01 1.250000000000000000e-01 0.000000000000000000e+00
7.663734115347018427e-01 1.250000000000000000e-01 0.000000000000000000e+00
7.673509286412512065e-01 1.250000000000000000e-01 0.000000000000000000e+00
7.683284457478005702e-01 1.250000000000000000e-01 0.000000000000000000e+00
7.693059628543499340e-01 1.250000000000000000e-01 0.000000000000000000e+00
7.702834799608992977e-01 1.250000000000000000e-01 0.000000000000000000e+00
7.712609970674486615e-01 1.250000000000000000e-01 0.000000000000000000e+00
7.722385141739980252e-01 1.250000000000000000e-01 0.000000000000000000e+00
7.732160312805473890e-01 1.250000000000000000e-01 0.000000000000000000e+00
7.741935483870967527e-01 1.250000000000000000e-01 0.000000000000000000e+00
7.751710654936461165e-01 1.250000000000000000e-01 0.000000000000000000e+00
7.761485826001954802e-01 1.250000000000000000e-01 0.000000000000000000e+00
7.771260997067448439e-01 1.250000000000000000e-01 0.000000000000000000e+00
7.781036168132942077e-01 1.250000000000000000e-01 0.000000000000000000e+00
7.790811339198435714e-01 1.250000000000000000e-01 0.000000000000000000e+00
7.800586510263929352e-01 1.250000000000000000e-01 0.000000000000000000e+00
7.810361681329422989e-01 1.250000000000000000e-01 0.000000000000000000e+00
7.820136852394916627e-01 1.250000000000000000e-01 0.000000000000000000e+00
7.829912023460410264e-01 1.250000000000000000e-01 0.000000000000000000e+00
7.839687194525903902e-01 1.250000000000000000e-01 0.000000000000000000e+00
7.849462365591397539e-01 1.250000000000000000e-01 0.000000000000000000e+00
7.859237536656891177e-01 1.250000000000000000e-01 0.000000000000000000e+00
7.869012707722384814e-01 1.250000000000000000e-01 0.000000000000000000e+00
7.878787878787878451e-01 1.250000000000000000e-01 0.000000000000000000e+00
7.888563049853372089e-01 1.250000000000000000e-01 0.000000000000000000e+00
7.898338220918865726e-01 1.250000000000000000e-01 0.000000000000000000e+00
7.908113391984359364e-01 1.250000000000000000e-01 0.000000000000000000e+00
7.917888563049853001e-01 1.250000000000000000e-01 0.000000000000000000e+00
7.927663734115346639e-01 1.250000000000000000e-01 0.000000000000000000e+00
7.937438905180840276e-01 1.250000000000000000e-01 0.000000000000000000e+00
7.947214076246333914e-01 1.250000000000000000e-01 0.000000000000000000e+00
7.956989247311827551e-01 1.250000000000000000e-01 0.000000000000000000e+00
7.966764418377321189e-01 1.250000000000000000e-01 0.000000000000000000e+00
7.976539589442814826e-01 1.250000000000000000e-01 0.000000000000000000e+00
7.986314760508308463e-01 1.250000000000000000e-01 0.000000000000000000e+00
7.996089931573802101e-01 1.250000000000000000e-01 0.000000000000000000e+00
8.005865102639295738e-01 1.250000000000000000e-01 0.000000000000000000e+00
8.015640273704789376e-01 1.250000000000000000e-01 0.000000000000000000e+00
8.025415444770283013e-01 1.250000000000000000e-01 0.000000000000000000e+00
8.035190615835776651e-01 1.250000000000000000e-01 0.000000000000000000e+00
8.044965786901270288e-01 1.250000000000000000e-01 0.000000000000000000e+00
8.054740957966763926e-01 1.250000000000000000e-01 0.000000000000000000e+00
8.064516129032257563e-01 1.250000000000000000e-01 0.000000000000000000e+00
8.074291300097751201e-01 1.250000000000000000e-01 0.000000000000000000e+00
8.084066471163244838e-01 1.250000000000000000e-01 0.000000000000000000e+00
8.093841642228738475e-01 1.250000000000000000e-01 0.000000000000000000e+00
8.103616813294232113e-01 1.250000000000000000e-01 0.000000000000000000e+00
8.113391984359725750e-01 1.250000000000000000e-01 0.000000000000000000e+00
8.123167155425219388e-01 1.250000000000000000e-01 0.000000000000000000e+00
8.132942326490714136e-01 1.250000000000000000e-01 0.000000000000000000e+00
8.142717497556207773e-01 1.250000000000000000e-01 0.000000000000000000e+00
8.152492668621701410e-01 1.250000000000000000e-01 0.000000000000000000e+00
8.162267839687195048e-01 1.250000000000000000e-01 0.000000000000000000e+00
8.172043010752688685e-01 1.250000000000000000e-01 0.000000000000000000e+00
8.181818181818182323e-01 1.250000000000000000e-01 0.000000000000000000e+00
8.191593352883675960e-01 1.250000000000000000e-01 0.000000000000000000e+00
8.201368523949169598e-01 1.250000000000000000e-01 0.000000000000000000e+00
8.211143695014663235e-01 1.250000000000000000e-01 0.000000000000000000e+00
8.220918866080156873e-01 1.250000000000000000e-01 0.000000000000000000e+00
8.230694037145650510e-01 1.250000000000000000e-01 0.000000000000000000e+00
8.240469208211144148e-01 1.250000000000000000e-01 0.000000000000000000e+00
8.250244379276637785e-01 1.250000000000000000e-01 0.000000000000000000e+00
8.260019550342131422e-01 1.250000000000000000e-01 0.000000000000000000e+00
8.269794721407625060e-01 1.250000000000000000e-01 0.000000000000000000e+00
8.279569892473118697e-01 1.250000000000000000e-01 0.000000000000000000e+00
8.289345063538612335e-01 1.250000000000000000e-01 0.000000000000000000e+00
8.299120234604105972e-01 1.250000000000000000e-01 0.000000000000000000e+00
8.308895405669599610e-01 1.250000000000000000e-01 0.000000000000000000e+00
8.318670576735093247e-01 1.250000000000000000e-01 0.000000000000000000e+00
8.328445747800586885e-01 1.250000000000000000e-01 0.000000000000000000e+00
8.338220918866080522e-01 1.250000000000000000e-01 0.000000000000000000e+00
8.347996089931574160e-01 1.250000000000000000e-01 0.000000000000000000e+00
8.357771260997067797e-01 1.250000000000000000e-01 0.000000000000000000e+00
8.367546432062561435e-01 1.250000000000000000e-01 0.000000000000000000e+00
8.377321603128055072e-01 1.250000000000000000e-01 0.000000000000000000e+00
8.387096774193548709e-01 1.250000000000000000e-01 0.000000000000000000e+00
8.396871945259042347e-01 1.250000000000000000e-01 0.000000000000000000e+00
8.406647116324535984e-01 1.250000000000000000e-01 0.000000000000000000e+00
8.416422287390029622e-01 1.250000000000000000e-01 0.000000000000000000e+00
8.426197458455523259e-01 1.250000000000000000e-01 0.000000000000000000e+00
8.435972629521016897e-01 1.250000000000000000e-01 0.000000000000000000e+00
8.445747800586510534e-01 1.250000000000000000e-01 0.000000000000000000e+00
8.455522971652004172e-01 1.250000000000000000e-01 0.000000000000000000e+00
8.465298142717497809e-01 1.250000000000000000e-01 0.000000000000000000e+00
8.475073313782991447e-01 1.250000000000000000e-01 0.000000000000000000e+00
8.484848484848485084e-01 1.250000000000000000e-01 0.000000000000000000e+00
8.494623655913978721e-01 1.250000000000000000e-01 0.000000000000000000e+00
8.504398826979472359e-01 1.250000000000000000e-01 0.000000000000000000e+00
8.514173998044965996e-01 1.250000000000000000e-01 0.000000000000000000e+00
8.523949169110459634e-01 1.250000000000000000e-01 0.000000000000000000e+00
8.533724340175953271e-01 1.250000000000000000e-01 0.000000000000000000e+00
8.543499511241446909e-01 1.250000000000000000e-01 0.000000000000000000e+00
8.553274682306940546e-01 1.250000000000000000e-01 0.000000000000000000e+00
8.563049853372434184e-01 1.250000000000000000e-01 0.000000000000000000e+00
8.572825024437927821e-01 1.250000000000000000e-01 0.000000000000000000e+00
8.582600195503421459e-01 1.250000000000000000e-01 0.000000000000000000e+00
8.592375366568915096e-01 1.250000000000000000e-01 0.000000000000000000e+00
8.602150537634408733e-01 1.250000000000000000e-01 0.000000000000000000e+00
8.611925708699902371e-01 1.250000000000000000e-01 0.000000000000000000e+00
8.621700879765396008e-01 1.250000000000000000e-01 0.000000000000000000e+00
8.631476050830889646e-01 1.250000000000000000e-01 0.000000000000000000e+00
8.641251221896383283e-01 1.250000000000000000e-01 0.000000000000000000e+00
8.651026392961876921e-01 1.250000000000000000e-01 0.000000000000000000e+00
8.660801564027370558e-01 1.250000000000000000e-01 0.000000000000000000e+00
8.670576735092864196e-01 1.250000000000000000e-01 0.000000000000000000e+00
8.680351906158357833e-01 1.250000000000000000e-01 0.000000000000000000e+00
8.690127077223851471e-01 1.250000000000000000e-01 0.000000000000000000e+00
8.699902248289345108e-01 1.250000000000000000e-01 0.000000000000000000e+00
8.709677419354838745e-01 1.250000000000000000e-01 0.000000000000000000e+00
8.719452590420332383e-01 1.250000000000000000e-01 0.000000000000000000e+00
8.729227761485826020e-01 1.250000000000000000e-01 0.000000000000000000e+00
8.739002932551319658e-01 1.250000000000000000e-01 0.000000000000000000e+00
8.748778103616813295e-01 1.250000000000000000e-01 0.000000000000000000e+00
8.758553274682306933e-01 1.250000000000000000e-01 0.000000000000000000e+00
8.768328445747800570e-01 1.250000000000000000e-01 0.000000000000000000e+00
8.778103616813294208e-01 1.250000000000000000e-01 0.000000000000000000e+00
8.787878787878787845e-01 1.250000000000000000e-01 0.000000000000000000e+00
8.797653958944281483e-01 1.250000000000000000e-01 0.000000000000000000e+00
8.807429130009775120e-01 1.250000000000000000e-01 0.000000000000000000e+00
8.817204301075268758e-01 1.250000000000000000e-01 0.000000000000000000e+00
8.826979472140762395e-01 1.250000000000000000e-01 0.000000000000000000e+00
8.836754643206256032e-01 1.250000000000000000e-01 0.000000000000000000e+00
8.846529814271749670e-01 1.250000000000000000e-01 0.000000000000000000e+00
8.856304985337243307e-01 1.250000000000000000e-01 0.000000000000000000e+00
8.866080156402736945e-01 1.250000000000000000e-01 0.000000000000000000e+00
8.875855327468230582e-01 1.250000000000000000e-01 0.000000000000000000e+00
8.885630498533724220e-01 1.250000000000000000e-01 0.000000000000000000e+00
8.895405669599217857e-01 1.250000000000000000e-01 0.000000000000000000e+00
8.905180840664711495e-01 1.250000000000000000e-01 0.000000000000000000e+00
8.914956011730205132e-01 1.250000000000000000e-01 0.000000000000000000e+00
8.924731182795698770e-01 1.250000000000000000e-01 0.000000000000000000e+00
8.934506353861192407e-01 1.250000000000000000e-01 0.000000000000000000e+00
8.944281524926686044e-01 1.250000000000000000e-01 0.000000000000000000e+00
8.954056695992179682e-01 1.250000000000000000e-01 0.000000000000000000e+00
8.963831867057673319e-01 1.250000000000000000e-01 0.000000000000000000e+00
8.973607038123166957e-01 1.250000000000000000e-01 0.000000000000000000e+00
8.983382209188660594e-01 1.250000000000000000e-01 0.000000000000000000e+00
8.993157380254154232e-01 1.250000000000000000e-01 0.000000000000000000e+00
9.002932551319647869e-01 1.250000000000000000e-01 0.000000000000000000e+00
9.012707722385141507e-01 1.250000000000000000e-01 0.000000000000000000e+00
9.022482893450635144e-01 1.250000000000000000e-01 0.000000000000000000e+00
9.032258064516128782e-01 1.250000000000000000e-01 0.000000000000000000e+00
9.042033235581622419e-01 1.250000000000000000e-01 0.000000000000000000e+00
9.051808406647116056e-01 1.250000000000000000e-01 0.000000000000000000e+00
9.061583577712609694e-01 1.250000000000000000e-01 0.000000000000000000e+00
9.071358748778103331e-01 1.250000000000000000e-01 0.000000000000000000e+00
9.081133919843596969e-01 1.250000000000000000e-01 0.000000000000000000e+00
9.090909090909090606e-01 1.250000000000000000e-01 0.000000000000000000e+00
9.100684261974584244e-01 1.250000000000000000e-01 0.000000000000000000e+00
9.110459433040077881e-01 1.250000000000000000e-01 0.000000000000000000e+00
9.120234604105571519e-01 1.250000000000000000e-01 0.000000000000000000e+00
9.130009775171065156e-01 1.250000000000000000e-01 0.000000000000000000e+00
9.139784946236558794e-01 1.250000000000000000e-01 0.000000000000000000e+00
9.149560117302052431e-01 1.250000000000000000e-01 0.000000000000000000e+00
9.159335288367546068e-01 1.250000000000000000e-01 0.000000000000000000e+00
9.169110459433039706e-01 1.250000000000000000e-01 0.000000000000000000e+00
9.178885630498533343e-01 1.250000000000000000e-01 0.000000000000000000e+00
9.188660801564026981e-01 1.250000000000000000e-01 0.000000000000000000e+00
9.198435972629520618e-01 1.250000000000000000e-01 0.000000000000000000e+00
9.208211143695014256e-01 1.250000000000000000e-01 0.000000000000000000e+00
9.217986314760507893e-01 1.250000000000000000e-01 0.000000000000000000e+00
9.227761485826001531e-01 1.250000000000000000e-01 0.000000000000000000e+00
9.237536656891495168e-01 1.250000000000000000e-01 0.000000000000000000e+00
9.247311827956988806e-01 1.250000000000000000e-01 0.000000000000000000e+00
9.257086999022482443e-01 1.250000000000000000e-01 0.000000000000000000e+00
9.266862170087976081e-01 1.250000000000000000e-01 0.000000000000000000e+00
9.276637341153469718e-01 1.250000000000000000e-01 0.000000000000000000e+00
9.286412512218963355e-01 1.250000000000000000e-01 0.000000000000000000e+00
9.296187683284456993e-01 1.250000000000000000e-01 0.000000000000000000e+00
9.305962854349950630e-01 1.250000000000000000e-01 0.000000000000000000e+00
9.315738025415444268e-01 1.250000000000000000e-01 0.000000000000000000e+00
9.325513196480937905e-01 1.250000000000000000e-01 0.000000000000000000e+00
9.335288367546431543e-01 1.250000000000000000e-01 0.000000000000000000e+00
9.345063538611925180e-01 1.250000000000000000e-01 0.000000000000000000e+00
9.354838709677418818e-01 1.250000000000000000e-01 0.000000000000000000e+00
9.364613880742912455e-01 1.250000000000000000e-01 0.000000000000000000e+00
9.374389051808406093e-01 1.250000000000000000e-01 0.000000000000000000e+00
9.384164222873900840e-01 1.250000000000000000e-01 0.000000000000000000e+00
9.393939393939394478e-01 1.250000000000000000e-01 0.000000000000000000e+00
9.403714565004888115e-01 1.250000000000000000e-01 0.000000000000000000e+00
9.413489736070381753e-01 1.250000000000000000e-01 0.000000000000000000e+00
9.423264907135875390e-01 1.250000000000000000e-01 0.000000000000000000e+00
9.433040078201369028e-01 1.250000000000000000e-01 0.000000000000000000e+00
9.442815249266862665e-01 1.250000000000000000e-01 0.000000000000000000e+00
9.452590420332356302e-01 1.250000000000000000e-01 0.000000000000000000e+00
9.462365591397849940e-01 1.250000000000000000e-01 0.000000000000000000e+00
9.472140762463343577e-01 1.250000000000000000e-01 0.000000000000000000e+00
9.481915933528837215e-01 1.250000000000000000e-01 0.000000000000000000e+00
9.491691104594330852e-01 1.250000000000000000e-01 0.000000000000000000e+00
9.501466275659824490e-01 1.250000000000000000e-01 0.000000000000000000e+00
9.511241446725318127e-01 1.250000000000000000e-01 0.000000000000000000e+00
9.521016617790811765e-01 1.250000000000000000e-01 0.000000000000000000e+00
9.530791788856305402e-01 1.250000000000000000e-01 0.000000000000000000e+00
9.540566959921799040e-01 1.250000000000000000e-01 0.000000000000000000e+00
9.550342130987292677e-01 1.250000000000000000e-01 0.000000000000000000e+00
9.560117302052786314e-01 1.250000000000000000e-01 0.000000000000000000e+00
9.569892473118279952e-01 1.250000000000000000e-01 0.000000000000000000e+00
9.579667644183773589e-01 1.250000000000000000e-01 0.000000000000000000e+00
9.589442815249267227e-01 1.250000000000000000e-01 0.000000000000000000e+00
9.599217986314760864e-01 1.250000000000000000e-01 0.000000000000000000e+00
9.608993157380254502e-01 1.250000000000000000e-01 0.000000000000000000e+00
9.618768328445748139e-01 1.250000000000000000e-01 0.000000000000000000e+00
9.628543499511241777e-01 1.250000000000000000e-01 0.000000000000000000e+00
9.638318670576735414e-01 1.250000000000000000e-01 0.000000000000000000e+00
9.648093841642229052e-01 1.250000000000000000e-01 0.000000000000000000e+00
9.657869012707722689e-01 1.250000000000000000e-01 0.000000000000000000e+00
9.667644183773216326e-01 1.250000000000000000e-01 0.000000000000000000e+00
9.677419354838709964e-01 1.250000000000000000e-01 0.000000000000000000e+00
9.687194525904203601e-01 1.250000000000000000e-01 0.000000000000000000e+00
9.696969696969697239e-01 1.250000000000000000e-01 0.000000000000000000e+00
9.706744868035190876e-01 1.250000000000000000e-01 0.000000000000000000e+00
9.716520039100684514e-01 1.250000000000000000e-01 0.000000000000000000e+00
9.726295210166178151e-01 1.250000000000000000e-01 0.000000000000000000e+00
9.736070381231671789e-01 1.250000000000000000e-01 0.000000000000000000e+00
9.745845552297165426e-01 1.250000000000000000e-01 0.000000000000000000e+00
9.755620723362659064e-01 1.250000000000000000e-01 0.000000000000000000e+00
9.765395894428152701e-01 1.250000000000000000e-01 0.000000000000000000e+00
9.775171065493646338e-01 1.250000000000000000e-01 0.000000000000000000e+00
9.784946236559139976e-01 1.250000000000000000e-01 0.000000000000000000e+00
9.794721407624633613e-01 1.250000000000000000e-01 0.000000000000000000e+00
9.804496578690127251e-01 1.250000000000000000e-01 0.000000000000000000e+00
9.814271749755620888e-01 1.250000000000000000e-01 0.000000000000000000e+00
9.824046920821114526e-01 1.250000000000000000e-01 0.000000000000000000e+00
9.833822091886608163e-01 1.250000000000000000e-01 0.000000000000000000e+00
9.843597262952101801e-01 1.250000000000000000e-01 0.000000000000000000e+00
9.853372434017595438e-01 1.250000000000000000e-01 0.000000000000000000e+00
9.863147605083089076e-01 1.250000000000000000e-01 0.000000000000000000e+00
9.872922776148582713e-01 1.250000000000000000e-01 0.000000000000000000e+00
9.882697947214076351e-01 1.250000000000000000e-01 0.000000000000000000e+00
9.892473118279569988e-01 1.250000000000000000e-01 0.000000000000000000e+00
9.902248289345063625e-01 1.250000000000000000e-01 0.000000000000000000e+00
9.912023460410557263e-01 1.250000000000000000e-01 0.000000000000000000e+00
9.921798631476050900e-01 1.250000000000000000e-01 0.000000000000000000e+00
9.931573802541544538e-01 1.250000000000000000e-01 0.000000000000000000e+00
9.941348973607038175e-01 1.250000000000000000e-01 0.000000000000000000e+00
9.951124144672531813e-01 1.250000000000000000e-01 0.000000000000000000e+00
9.960899315738025450e-01 1.250000000000000000e-01 0.000000000000000000e+00
9.970674486803519088e-01 1.250000000000000000e-01 0.000000000000000000e+00
9.980449657869012725e-01 1.250000000000000000e-01 0.000000000000000000e+00
9.990224828934506363e-01 1.250000000000000000e-01 -0.000000000000000000e+00
1.000000000000000000e+00 1.250000000000000000e-01 -0.000000000000000000e+00
