# 0.22661719396170876
0.000000000000000000e+00 1.000000000000000000e+00 -0.000000000000000000e+00
9.775171065493646130e-04 1.000000000000000000e+00 -0.000000000000000000e+00
1.955034213098729226e-03 1.000000000000000000e+00 0.000000000000000000e+00
2.932551319648093839e-03 1.000000000000000000e+00 0.000000000000000000e+00
3.910068426197458452e-03 1.000000000000000000e+00 0.000000000000000000e+00
4.887585532746823065e-03 1.000000000000000000e+00 0.000000000000000000e+00
5.865102639296187678e-03 1.000000000000000000e+00 0.000000000000000000e+00
6.842619745845552291e-03 1.000000000000000000e+00 0.000000000000000000e+00
7.820136852394916904e-03 1.000000000000000000e+00 0.000000000000000000e+00
8.797653958944282385e-03 1.000000000000000000e+00 0.000000000000000000e+00
9.775171065493646130e-03 1.000000000000000000e+00 0.000000000000000000e+00
1.075268817204301161e-02 1.000000000000000000e+00 0.000000000000000000e+00
1.173020527859237536e-02 1.000000000000000000e+00 0.000000000000000000e+00
1.270772238514174084e-02 1.000000000000000000e+00 0.000000000000000000e+00
1.368523949169110458e-02 1.000000000000000000e+00 0.000000000000000000e+00
1.466275659824047006e-02 1.000000000000000000e+00 0.000000000000000000e+00
1.564027370478983381e-02 1.000000000000000000e+00 0.000000000000000000e+00
1.661779081133919755e-02 1.000000000000000000e+00 0.000000000000000000e+00
1.759530791788856477e-02 1.000000000000000000e+00 0.000000000000000000e+00
1.857282502443792851e-02 1.000000000000000000e+00 0.000000000000000000e+00
1.955034213098729226e-02 1.000000000000000000e+00 0.000000000000000000e+00
2.052785923753665601e-02 1.000000000000000000e+00 0.000000000000000000e+00
2.150537634408602322e-02 1.000000000000000000e+00 0.000000000000000000e+00
2.248289345063538697e-02 1.000000000000000000e+00 0.000000000000000000e+00
2.346041055718475071e-02 1.000000000000000000e+00 0.000000000000000000e+00
2.443792766373411446e-02 1.000000000000000000e+00 0.000000000000000000e+00
2.541544477028348167e-02 1.000000000000000000e+00 0.000000000000000000e+00
2.639296187683284542e-02 1.000000000000000000e+00 0.000000000000000000e+00
2.737047898338220916e-02 1.000000000000000000e+00 0.000000000000000000e+00
2.834799608993157291e-02 1.000000000000000000e+00 0.000000000000000000e+00
2.932551319648094013e-02 1.000000000000000000e+00 0.000000000000000000e+00
3.030303030303030387e-02 1.000000000000000000e+00 0.000000000000000000e+00
3.128054740957966762e-02 1.000000000000000000e+00 0.000000000000000000e+00
3.225806451612903136e-02 1.000000000000000000e+00 0.000000000000000000e+00
3.323558162267839511e-02 1.000000000000000000e+00 0.000000000000000000e+00
3.421309872922775885e-02 1.000000000000000000e+00 0.000000000000000000e+00
3.519061583577712954e-02 1.000000000000000000e+00 0.000000000000000000e+00
3.616813294232649328e-02 1.000000000000000000e+00 0.000000000000000000e+00
3.714565004887585703e-02 1.000000000000000000e+00 0.000000000000000000e+00
3.812316715542522078e-02 1.000000000000000000e+00 0.000000000000000000e+00
3.910068426197458452e-02 1.000000000000000000e+00 0.000000000000000000e+00
4.007820136852394827e-02 1.000000000000000000e+00 0.000000000000000000e+00
4.105571847507331201e-02 1.000000000000000000e+00 0.000000000000000000e+00
4.203323558162267576e-02 1.000000000000000000e+00 0.000000000000000000e+00
4.301075268817204644e-02 1.000000000000000000e+00 0.000000000000000000e+00
4.398826979472141019e-02 1.000000000000000000e+00 0.000000000000000000e+00
4.496578690127077393e-02 1.000000000000000000e+00 0.000000000000000000e+00
4.594330400782013768e-02 1.000000000000000000e+00 0.000000000000000000e+00
4.692082111436950143e-02 1.000000000000000000e+00 0.000000000000000000e+00
4.789833822091886517e-02 1.000000000000000000e+00 0.000000000000000000e+00
4.887585532746822892e-02 1.000000000000000000e+00 0.000000000000000000e+00
4.985337243401759266e-02 1.000000000000000000e+00 0.000000000000000000e+00
5.083088954056696335e-02 1.000000000000000000e+00 0.000000000000000000e+00
5.180840664711632709e-02 1.000000000000000000e+00 0.000000000000000000e+00
5.278592375366569084e-02 1.000000000000000000e+00 0.000000000000000000e+00
5.376344086021505458e-02 1.000000000000000000e+00 0.000000000000000000e+00
5.474095796676441833e-02 1.000000000000000000e+00 0.000000000000000000e+00
5.571847507331378208e-02 1.000000000000000000e+00 0.000000000000000000e+00
5.669599217986314582e-02 1.000000000000000000e+00 0.000000000000000000e+00
5.767350928641250957e-02 1.000000000000000000e+00 0.000000000000000000e+00
5.865102639296188025e-02 1.000000000000000000e+00 0.000000000000000000e+00
5.962854349951124400e-02 1.000000000000000000e+00 0.000000000000000000e+00
6.060606060606060774e-02 1.000000000000000000e+00 0.000000000000000000e+00
6.158357771260997149e-02 1.000000000000000000e+00 0.000000000000000000e+00
6.256109481915933523e-02 1.000000000000000000e+00 0.000000000000000000e+00
6.353861192570869898e-02 1.000000000000000000e+00 0.000000000000000000e+00
6.451612903225806273e-02 1.000000000000000000e+00 0.000000000000000000e+00
6.549364613880742647e-02 1.000000000000000000e+00 0.000000000000000000e+00
6.647116324535679022e-02 1.000000000000000000e+00 0.000000000000000000e+00
6.744868035190615396e-02 1.000000000000000000e+00 0.000000000000000000e+00
6.842619745845551771e-02 1.000000000000000000e+00 0.000000000000000000e+00
6.940371456500488145e-02 1.000000000000000000e+00 0.000000000000000000e+00
7.038123167155425908e-02 1.000000000000000000e+00 0.000000000000000000e+00
7.135874877810362282e-02 1.000000000000000000e+00 0.000000000000000000e+00
7.233626588465298657e-02 1.000000000000000000e+00 0.000000000000000000e+00
7.331378299120235031e-02 1.000000000000000000e+00 0.000000000000000000e+00
7.429130009775171406e-02 1.000000000000000000e+00 0.000000000000000000e+00
7.526881720430107781e-02 1.000000000000000000e+00 0.000000000000000000e+00
7.624633431085044155e-02 1.000000000000000000e+00 0.000000000000000000e+00
7.722385141739980530e-02 1.000000000000000000e+00 0.000000000000000000e+00
7.820136852394916904e-02 1.000000000000000000e+00 0.000000000000000000e+00
7.917888563049853279e-02 1.000000000000000000e+00 0.000000000000000000e+00
8.015640273704789653e-02 1.000000000000000000e+00 0.000000000000000000e+00
8.113391984359726028e-02 1.000000000000000000e+00 0.000000000000000000e+00
8.211143695014662403e-02 1.000000000000000000e+00 0.000000000000000000e+00
8.308895405669598777e-02 1.000000000000000000e+00 0.000000000000000000e+00
8.406647116324535152e-02 1.000000000000000000e+00 0.000000000000000000e+00
8.504398826979471526e-02 1.000000000000000000e+00 0.000000000000000000e+00
8.602150537634409289e-02 1.000000000000000000e+00 0.000000000000000000e+00
8.699902248289345663e-02 1.000000000000000000e+00 0.000000000000000000e+00
8.797653958944282038e-02 1.000000000000000000e+00 0.000000000000000000e+00
8.895405669599218412e-02 1.000000000000000000e+00 0.000000000000000000e+00
8.993157380254154787e-02 1.000000000000000000e+00 0.000000000000000000e+00
9.090909090909091161e-02 1.000000000000000000e+00 0.000000000000000000e+00
9.188660801564027536e-02 1.000000000000000000e+00 0.000000000000000000e+00
9.286412512218963911e-02 1.000000000000000000e+00 0.000000000000000000e+00
9.384164222873900285e-02 1.000000000000000000e+00 0.000000000000000000e+00
9.481915933528836660e-02 1.000000000000000000e+00 0.000000000000000000e+00
9.579667644183773034e-02 1.000000000000000000e+00 0.000000000000000000e+00
9.677419354838709409e-02 1.000000000000000000e+00 0.000000000000000000e+00
9.775171065493645783e-02 1.000000000000000000e+00 0.000000000000000000e+00
9.872922776148582158e-02 1.000000000000000000e+00 0.000000000000000000e+00
9.970674486803518533e-02 1.000000000000000000e+00 0.000000000000000000e+00
1.006842619745845491e-01 1.000000000000000000e+00 0.000000000000000000e+00
1.016617790811339267e-01 1.000000000000000000e+00 0.000000000000000000e+00
1.026392961876832904e-01 1.000000000000000000e+00 0.000000000000000000e+00
1.036168132942326542e-01 1.000000000000000000e+00 0.000000000000000000e+00
1.045943304007820179e-01 1.000000000000000000e+00 0.000000000000000000e+00
1.055718475073313817e-01 1.000000000000000000e+00 0.000000000000000000e+00
1.065493646138807454e-01 1.000000000000000000e+00 0.000000000000000000e+00
1.075268817204301092e-01 1.000000000000000000e+00 0.000000000000000000e+00
1.085043988269794729e-01 1.000000000000000000e+00 0.000000000000000000e+00
1.094819159335288367e-01 1.000000000000000000e+00 0.000000000000000000e+00
1.104594330400782004e-01 1.000000000000000000e+00 0.000000000000000000e+00
1.114369501466275642e-01 1.000000000000000000e+00 0.000000000000000000e+00
1.124144672531769279e-01 1.000000000000000000e+00 0.000000000000000000e+00
1.133919843597262916e-01 1.000000000000000000e+00 0.000000000000000000e+00
1.143695014662756554e-01 1.000000000000000000e+00 0.000000000000000000e+00
1.153470185728250191e-01 1.000000000000000000e+00 0.000000000000000000e+00
1.163245356793743829e-01 1.000000000000000000e+00 0.000000000000000000e+00
1.173020527859237605e-01 1.000000000000000000e+00 0.000000000000000000e+00
1.182795698924731242e-01 1.000000000000000000e+00 0.000000000000000000e+00
1.192570869990224880e-01 1.000000000000000000e+00 0.000000000000000000e+00
1.202346041055718517e-01 1.000000000000000000e+00 0.000000000000000000e+00
1.212121212121212155e-01 1.000000000000000000e+00 0.000000000000000000e+00
1.221896383186705792e-01 1.000000000000000000e+00 0.000000000000000000e+00
1.231671554252199430e-01 1.000000000000000000e+00 0.000000000000000000e+00
1.241446725317693067e-01 1.000000000000000000e+00 0.000000000000000000e+00
1.251221896383186705e-01 1.000000000000000000e+00 0.000000000000000000e+00
1.260997067448680342e-01 1.000000000000000000e+00 0.000000000000000000e+00
1.270772238514173980e-01 1.000000000000000000e+00 0.000000000000000000e+00
1.280547409579667617e-01 1.000000000000000000e+00 0.000000000000000000e+00
1.290322580645161255e-01 1.000000000000000000e+00 0.000000000000000000e+00
1.300097751710654892e-01 1.000000000000000000e+00 0.000000000000000000e+00
1.309872922776148529e-01 1.000000000000000000e+00 0.000000000000000000e+00
1.319648093841642167e-01 1.000000000000000000e+00 0.000000000000000000e+00
1.329423264907135804e-01 1.000000000000000000e+00 0.000000000000000000e+00
1.339198435972629442e-01 1.000000000000000000e+00 0.000000000000000000e+00
1.348973607038123079e-01 1.000000000000000000e+00 0.000000000000000000e+00
1.358748778103616717e-01 1.000000000000000000e+00 0.000000000000000000e+00
1.368523949169110354e-01 1.000000000000000000e+00 0.000000000000000000e+00
1.378299120234603992e-01 1.000000000000000000e+00 0.000000000000000000e+00
1.388074291300097629e-01 1.000000000000000000e+00 0.000000000000000000e+00
1.397849462365591267e-01 1.000000000000000000e+00 0.000000000000000000e+00
1.407624633431085182e-01 1.000000000000000000e+00 0.000000000000000000e+00
1.417399804496578819e-01 1.000000000000000000e+00 0.000000000000000000e+00
1.427174975562072456e-01 1.000000000000000000e+00 0.000000000000000000e+00
1.436950146627566094e-01 1.000000000000000000e+00 0.000000000000000000e+00
1.446725317693059731e-01 1.000000000000000000e+00 0.000000000000000000e+00
1.456500488758553369e-01 1.000000000000000000e+00 0.000000000000000000e+00
1.466275659824047006e-01 1.000000000000000000e+00 0.000000000000000000e+00
1.476050830889540644e-01 1.000000000000000000e+00 0.000000000000000000e+00
1.485826001955034281e-01 1.000000000000000000e+00 0.000000000000000000e+00
1.495601173020527919e-01 1.000000000000000000e+00 0.000000000000000000e+00
1.505376344086021556e-01 1.000000000000000000e+00 0.000000000000000000e+00
1.515151515151515194e-01 1.000000000000000000e+00 0.000000000000000000e+00
1.524926686217008831e-01 1.000000000000000000e+00 0.000000000000000000e+00
1.534701857282502468e-01 1.000000000000000000e+00 0.000000000000000000e+00
1.544477028347996106e-01 1.000000000000000000e+00 0.000000000000000000e+00
1.554252199413489743e-01 1.000000000000000000e+00 0.000000000000000000e+00
1.564027370478983381e-01 1.000000000000000000e+00 0.000000000000000000e+00
1.573802541544477018e-01 1.000000000000000000e+00 0.000000000000000000e+00
1.583577712609970656e-01 1.000000000000000000e+00 0.000000000000000000e+00
1.593352883675464293e-01 1.000000000000000000e+00 0.000000000000000000e+00
1.603128054740957931e-01 1.000000000000000000e+00 0.000000000000000000e+00
1.612903225806451568e-01 1.000000000000000000e+00 0.000000000000000000e+00
1.622678396871945206e-01 1.000000000000000000e+00 0.000000000000000000e+00
1.632453567937438843e-01 1.000000000000000000e+00 0.000000000000000000e+00
1.642228739002932481e-01 1.000000000000000000e+00 0.000000000000000000e+00
1.652003910068426118e-01 1.000000000000000000e+00 0.000000000000000000e+00
1.661779081133919755e-01 1.000000000000000000e+00 0.000000000000000000e+00
1.671554252199413393e-01 1.000000000000000000e+00 0.000000000000000000e+00
1.681329423264907030e-01 1.000000000000000000e+00 0.000000000000000000e+00
1.691104594330400668e-01 1.000000000000000000e+00 0.000000000000000000e+00
1.700879765395894305e-01 1.000000000000000000e+00 0.000000000000000000e+00
1.710654936461387943e-01 1.000000000000000000e+00 0.000000000000000000e+00
1.720430107526881858e-01 1.000000000000000000e+00 0.000000000000000000e+00
1.730205278592375495e-01 1.000000000000000000e+00 0.000000000000000000e+00
1.739980449657869133e-01 1.000000000000000000e+00 0.000000000000000000e+00
1.749755620723362770e-01 1.000000000000000000e+00 0.000000000000000000e+00
1.759530791788856408e-01 1.000000000000000000e+00 0.000000000000000000e+00
1.769305962854350045e-01 1.000000000000000000e+00 0.000000000000000000e+00
1.779081133919843682e-01 1.000000000000000000e+00 0.000000000000000000e+00
1.788856304985337320e-01 1.000000000000000000e+00 0.000000000000000000e+00
1.798631476050830957e-01 1.000000000000000000e+00 0.000000000000000000e+00
1.808406647116324595e-01 1.000000000000000000e+00 0.000000000000000000e+00
1.818181818181818232e-01 1.000000000000000000e+00 0.000000000000000000e+00
1.827956989247311870e-01 1.000000000000000000e+00 0.000000000000000000e+00
1.837732160312805507e-01 1.000000000000000000e+00 0.000000000000000000e+00
1.847507331378299145e-01 1.000000000000000000e+00 0.000000000000000000e+00
1.857282502443792782e-01 1.000000000000000000e+00 0.000000000000000000e+00
1.867057673509286420e-01 1.000000000000000000e+00 0.000000000000000000e+00
1.876832844574780057e-01 1.000000000000000000e+00 0.000000000000000000e+00
1.886608015640273694e-01 1.000000000000000000e+00 0.000000000000000000e+00
1.896383186705767332e-01 1.000000000000000000e+00 0.000000000000000000e+00
1.906158357771260969e-01 1.000000000000000000e+00 0.000000000000000000e+00
1.915933528836754607e-01 1.000000000000000000e+00 0.000000000000000000e+00
1.925708699902248244e-01 1.000000000000000000e+00 0.000000000000000000e+00
1.935483870967741882e-01 1.000000000000000000e+00 0.000000000000000000e+00
1.945259042033235519e-01 1.000000000000000000e+00 0.000000000000000000e+00
1.955034213098729157e-01 1.000000000000000000e+00 0.000000000000000000e+00
1.964809384164222794e-01 1.000000000000000000e+00 0.000000000000000000e+00
1.974584555229716432e-01 1.000000000000000000e+00 0.000000000000000000e+00
1.984359726295210069e-01 1.000000000000000000e+00 0.000000000000000000e+00
1.994134897360703707e-01 1.000000000000000000e+00 0.000000000000000000e+00
2.003910068426197344e-01 1.000000000000000000e+00 0.000000000000000000e+00
2.013685239491690981e-01 1.000000000000000000e+00 0.000000000000000000e+00
2.023460410557184619e-01 1.000000000000000000e+00 0.000000000000000000e+00
2.033235581622678534e-01 1.000000000000000000e+00 0.000000000000000000e+00
2.043010752688172171e-01 1.000000000000000000e+00 0.000000000000000000e+00
2.052785923753665809e-01 1.000000000000000000e+00 0.000000000000000000e+00
2.062561094819159446e-01 1.000000000000000000e+00 0.000000000000000000e+00
2.072336265884653084e-01 1.000000000000000000e+00 0.000000000000000000e+00
2.082111436950146721e-01 1.000000000000000000e+00 0.000000000000000000e+00
2.091886608015640359e-01 1.000000000000000000e+00 0.000000000000000000e+00
2.101661779081133996e-01 1.000000000000000000e+00 0.000000000000000000e+00
2.111436950146627634e-01 1.000000000000000000e+00 0.000000000000000000e+00
2.121212121212121271e-01 1.000000000000000000e+00 0.000000000000000000e+00
2.130987292277614908e-01 1.000000000000000000e+00 0.000000000000000000e+00
2.140762463343108546e-01 1.000000000000000000e+00 0.000000000000000000e+00
2.150537634408602183e-01 1.000000000000000000e+00 0.000000000000000000e+00
2.160312805474095821e-01 1.000000000000000000e+00 0.000000000000000000e+00
2.170087976539589458e-01 1.000000000000000000e+00 0.000000000000000000e+00
2.179863147605083096e-01 1.000000000000000000e+00 0.000000000000000000e+00
2.189638318670576733e-01 1.000000000000000000e+00 0.000000000000000000e+00
2.199413489736070371e-01 1.000000000000000000e+00 0.000000000000000000e+00
2.209188660801564008e-01 1.000000000000000000e+00 0.000000000000000000e+00
2.218963831867057646e-01 1.000000000000000000e+00 0.000000000000000000e+00
2.228739002932551283e-01 1.000000000000000000e+00 0.000000000000000000e+00
2.238514173998044920e-01 1.000000000000000000e+00 0.000000000000000000e+00
2.248289345063538558e-01 1.000000000000000000e+00 0.000000000000000000e+00
2.258064516129032195e-01 1.000000000000000000e+00 0.000000000000000000e+00
2.267839687194525833e-01 1.000000000000000000e+00 0.000000000000000000e+00
2.277614858260019470e-01 1.000000000000000000e+00 0.000000000000000000e+00
2.287390029325513108e-01 1.000000000000000000e+00 0.000000000000000000e+00
2.297165200391006745e-01 1.000000000000000000e+00 0.000000000000000000e+00
2.306940371456500383e-01 1.000000000000000000e+00 0.000000000000000000e+00
2.316715542521994020e-01 1.000000000000000000e+00 0.000000000000000000e+00
2.326490713587487658e-01 1.000000000000000000e+00 0.000000000000000000e+00
2.336265884652981295e-01 1.000000000000000000e+00 0.000000000000000000e+00
2.346041055718475210e-01 1.000000000000000000e+00 0.000000000000000000e+00
2.355816226783968848e-01 1.000000000000000000e+00 0.000000000000000000e+00
2.365591397849462485e-01 1.000000000000000000e+00 0.000000000000000000e+00
2.375366568914956122e-01 1.000000000000000000e+00 0.000000000000000000e+00
2.385141739980449760e-01 1.000000000000000000e+00 0.000000000000000000e+00
2.394916911045943397e-01 1.000000000000000000e+00 0.000000000000000000e+00
2.404692082111437035e-01 1.000000000000000000e+00 0.000000000000000000e+00
2.414467253176930672e-01 1.000000000000000000e+00 0.000000000000000000e+00
2.424242424242424310e-01 1.000000000000000000e+00 0.000000000000000000e+00
2.434017595307917947e-01 1.000000000000000000e+00 0.000000000000000000e+00
2.443792766373411585e-01 1.000000000000000000e+00 0.000000000000000000e+00
2.453567937438905222e-01 1.000000000000000000e+00 0.000000000000000000e+00
2.463343108504398860e-01 1.000000000000000000e+00 0.000000000000000000e+00
2.473118279569892497e-01 1.000000000000000000e+00 0.000000000000000000e+00
2.482893450635386134e-01 1.000000000000000000e+00 0.000000000000000000e+00
2.492668621700879772e-01 1.000000000000000000e+00 0.000000000000000000e+00
2.502443792766373409e-01 1.000000000000000000e+00 0.000000000000000000e+00
2.512218963831867047e-01 1.000000000000000000e+00 0.000000000000000000e+00
2.521994134897360684e-01 1.000000000000000000e+00 0.000000000000000000e+00
2.531769305962854322e-01 1.000000000000000000e+00 0.000000000000000000e+00
2.541544477028347959e-01 1.000000000000000000e+00 0.000000000000000000e+00
2.551319648093841597e-01 1.000000000000000000e+00 0.000000000000000000e+00
2.561094819159335234e-01 1.000000000000000000e+00 0.000000000000000000e+00
2.570869990224828872e-01 1.000000000000000000e+00 0.000000000000000000e+00
2.580645161290322509e-01 1.000000000000000000e+00 0.000000000000000000e+00
2.590420332355816146e-01 1.000000000000000000e+00 0.000000000000000000e+00
2.600195503421309784e-01 1.000000000000000000e+00 0.000000000000000000e+00
2.609970674486803421e-01 1.000000000000000000e+00 0.000000000000000000e+00
2.619745845552297059e-01 1.000000000000000000e+00 0.000000000000000000e+00
2.629521016617790696e-01 1.000000000000000000e+00 0.000000000000000000e+00
2.639296187683284334e-01 1.000000000000000000e+00 0.000000000000000000e+00
2.649071358748777971e-01 1.000000000000000000e+00 0.000000000000000000e+00
2.658846529814271609e-01 1.000000000000000000e+00 0.000000000000000000e+00
2.668621700879765246e-01 1.000000000000000000e+00 0.000000000000000000e+00
2.678396871945258884e-01 1.000000000000000000e+00 0.000000000000000000e+00
2.688172043010752521e-01 1.000000000000000000e+00 0.000000000000000000e+00
2.697947214076246158e-01 1.000000000000000000e+00 0.000000000000000000e+00
2.707722385141739796e-01 9.999999999999998890e-01 2.066499131582659747e-16
2.717497556207233433e-01 9.999999999999985567e-01 1.024275985358994904e-15
2.727272727272727071e-01 9.999999999999955591e-01 4.056711654924483235e-15
2.737047898338220708e-01 9.999999999999866773e-01 9.838607488130753460e-15
2.746823069403714346e-01 9.999999999999704681e-01 2.566594689300972074e-14
2.756598240469207983e-01 9.999999999999290567e-01 5.283266184811849038e-14
2.766373411534701621e-01 9.999999999998584466e-01 1.241976368402893476e-13
2.776148582600195258e-01 9.999999999996715960e-01 2.445996291328740625e-13
2.785923753665688896e-01 9.999999999993619548e-01 5.603315009365929736e-13
2.795698924731182533e-01 9.999999999985483834e-01 1.081309036863363565e-12
2.805474095796676171e-01 9.999999999972161158e-01 2.430003380815506499e-12
2.815249266862170363e-01 9.999999999938047335e-01 4.629790635608115326e-12
2.825024437927664001e-01 9.999999999882588364e-01 1.020101695481898455e-11
2.834799608993157638e-01 9.999999999743619528e-01 1.921120008869098258e-11
2.844574780058651275e-01 9.999999999519908478e-01 4.151693874166596902e-11
2.854349951124144913e-01 9.999999998971920157e-01 7.723620988744194677e-11
2.864125122189638550e-01 9.999999998098533238e-01 1.636706053310824481e-10
2.873900293255132188e-01 9.999999996008147596e-01 3.006718557245161752e-10
2.883675464320625825e-01 9.999999992710882912e-01 6.244530318472387580e-10
2.893450635386119463e-01 9.999999985006041703e-01 1.132317784892931015e-09
2.903225806451613100e-01 9.999999972981153951e-01 2.303618457712910662e-09
2.913000977517106738e-01 9.999999945571378390e-01 4.121124000774628966e-09
2.922776148582600375e-01 9.999999903259387812e-01 8.208206258686132802e-09
2.932551319648094013e-01 9.999999809263110384e-01 1.447978746897547746e-08
2.942326490713587650e-01 9.999999665798745552e-01 2.821747502497668189e-08
2.952101661779081287e-01 9.999999355503231824e-01 4.905565799233244882e-08
2.961876832844574925e-01 9.999998887443283246e-01 9.347084911632778450e-08
2.971652003910068562e-01 9.999997902916062387e-01 1.600389210460491042e-07
2.981427174975562200e-01 9.999996435880468271e-01 2.979352250823396191e-07
2.991202346041055837e-01 9.999993438713560279e-01 5.020410933487538602e-07
3.000977517106549475e-01 9.999989029339245716e-01 9.124045280863704193e-07
3.010752688172043112e-01 9.999980292281971384e-01 1.511903689995285756e-06
3.020527859237536750e-01 9.999967609469281316e-01 2.679938040144897147e-06
3.030303030303030387e-01 9.999943276085636601e-01 4.363004983094973949e-06
3.040078201368524025e-01 9.999908448430242514e-01 7.535090251792936732e-06
3.049853372434017662e-01 9.999843871935224504e-01 1.203987698077605376e-05
3.059628543499511300e-01 9.999752818145631883e-01 2.023556581340566550e-05
3.069403714565004937e-01 9.999590026833821144e-01 3.169571095948667049e-05
3.079178885630498574e-01 9.999364127647715206e-01 5.177263057381393374e-05
3.088954056695992212e-01 9.998975733560488965e-01 7.938367150494935137e-05
3.098729227761485849e-01 9.998445970361167223e-01 1.258261589611470589e-04
3.108504398826979487e-01 9.997572802739050912e-01 1.885564700804400569e-04
3.118279569892473124e-01 9.996403886140142747e-01 2.895145745327209249e-04
3.128054740957966762e-01 9.994563666941004287e-01 4.232162327308379868e-04
3.137829912023460399e-01 9.992150172545749554e-01 6.282933608694995760e-04
3.147605083088954037e-01 9.988535799486121247e-01 8.940244304232508512e-04
3.157380254154447674e-01 9.983901722312646942e-01 1.280823552947057877e-03
3.167155425219941312e-01 9.977327535252183965e-01 1.770001410071352522e-03
3.176930596285434949e-01 9.969108116487990223e-01 2.442972821650371291e-03
3.186705767350928586e-01 9.958100992392329154e-01 3.271330488071755131e-03
3.196480938416422224e-01 9.944718189944824482e-01 4.345195994419790049e-03
3.206256109481915861e-01 9.927830373887348570e-01 5.627920926605392907e-03
3.216031280547409499e-01 9.907918466878937735e-01 7.194222764257265229e-03
3.225806451612903136e-01 9.884206219992902609e-01 9.004926946433544285e-03
3.235581622678396774e-01 9.857156559542793461e-01 1.109475362138950816e-02
3.245356793743890411e-01 9.826583087975763187e-01 1.342874112729124624e-02
3.255131964809384049e-01 9.792873892897672183e-01 1.599511789962369812e-02
3.264907135874877686e-01 9.756361990115428595e-01 1.876484857016212995e-02
3.274682306940371324e-01 9.717388370728132774e-01 2.169847560852379564e-02
3.284457478005864961e-01 9.676475921062679397e-01 2.476890420753093125e-02
3.294232649071358598e-01 9.633972898392387796e-01 2.793674567630312702e-02
3.304007820136852236e-01 9.590296596844694044e-01 3.117506372554250393e-02
3.313782991202345873e-01 9.545777864334074048e-01 3.445837948071342471e-02
3.323558162267839511e-01 9.500663358493017796e-01 3.776481403359178979e-02
3.333333333333333148e-01 9.455186558477324255e-01 4.108001677459796608e-02
3.343108504398826786e-01 9.409492410348279101e-01 4.439153266780215129e-02
3.352883675464320423e-01 9.363698748346843681e-01 4.769060900215262022e-02
3.362658846529814061e-01 9.317892381054418971e-01 5.097190653352860062e-02
3.372434017595307698e-01 9.272127945543202632e-01 5.423067184309675326e-02
3.382209188660801336e-01 9.226446074484566662e-01 5.746432564462064518e-02
3.391984359726294973e-01 9.180878274792779736e-01 6.067092285751330555e-02
3.401759530791788610e-01 9.135440944842092570e-01 6.384909637899462143e-02
3.411534701857282248e-01 9.090150845240644317e-01 6.699791315185170404e-02
3.421309872922775885e-01 9.045017452357184684e-01 7.011689522498876226e-02
3.431085043988269523e-01 9.000049014830484584e-01 7.320547680406513935e-02
3.440860215053763715e-01 8.955250725802537115e-01 7.626349505784607574e-02
3.450635386119257353e-01 8.910628254012634697e-01 7.929071691057756888e-02
3.460410557184750990e-01 8.866183977085041468e-01 8.228708482266917923e-02
3.470185728250244628e-01 8.821921588023562411e-01 8.525250974135606397e-02
3.479960899315738265e-01 8.777842642128091954e-01 8.818705072784577270e-02
3.489736070381231903e-01 8.733949360712328636e-01 9.109069283178035381e-02
3.499511241446725540e-01 8.690242561316529057e-01 9.396354098448857217e-02
3.509286412512219178e-01 8.646723771348016063e-01 9.680565442382238484e-02
3.519061583577712815e-01 8.603393311798338550e-01 9.961716438235550253e-02
3.528836754643206453e-01 8.560252076491853268e-01 1.023981686707318706e-01
3.538611925708700090e-01 8.517300159693103057e-01 1.051488231152371000e-01
3.548387096774193727e-01 8.474538023305819845e-01 1.078692549462027250e-01
3.558162267839687365e-01 8.431965543884768488e-01 1.105596306229040121e-01
3.567937438905181002e-01 8.389582890734748055e-01 1.132200996596991471e-01
3.577712609970674640e-01 8.347389812423606781e-01 1.158508377918331528e-01
3.587487781036168277e-01 8.305386241026702088e-01 1.184520082043433592e-01
3.597262952101661915e-01 8.263571829038273142e-01 1.210237925383662733e-01
3.607038123167155552e-01 8.221946348998854237e-01 1.235663646215635625e-01
3.616813294232649190e-01 8.180509377335059007e-01 1.260799097632509247e-01
3.626588465298142827e-01 8.139260564216305172e-01 1.285646084738538419e-01
3.636363636363636465e-01 8.098199432338973880e-01 1.310206488239704092e-01
3.646138807429130102e-01 8.057325544344637880e-01 1.334482158324286627e-01
3.655913978494623739e-01 8.016638378191182079e-01 1.358474990317061204e-01
3.665689149560117377e-01 7.976137433192712622e-01 1.382186862058294163e-01
3.675464320625611014e-01 7.935822154091204395e-01 1.405619677690413960e-01
3.685239491691104652e-01 7.895691994065764385e-01 1.428775329662062554e-01
3.695014662756598289e-01 7.855746371449802146e-01 1.451655724213017917e-01
3.704789833822091927e-01 7.815984706964581585e-01 1.474262759717769600e-01
3.714565004887585564e-01 7.776406399146490456e-01 1.496598340146698680e-01
3.724340175953079202e-01 7.737010845598077946e-01 1.518664362795091871e-01
3.734115347018572839e-01 7.697797430171841038e-01 1.540462725482671380e-01
3.743890518084066477e-01 7.658765534837479461e-01 1.561995319758645862e-01
3.753665689149560114e-01 7.619914533128457901e-01 1.583264034285143396e-01
3.763440860215053752e-01 7.581243796729024709e-01 1.604270751160742081e-01
3.773216031280547389e-01 7.542752692513505774e-01 1.625017347478743268e-01
3.782991202346041026e-01 7.504440586143900083e-01 1.645505693303241646e-01
3.792766373411534664e-01 7.466306840868565109e-01 1.665737652227050614e-01
3.802541544477028301e-01 7.428350819558049434e-01 1.685715080275392019e-01
3.812316715542521939e-01 7.390571884404634195e-01 1.705439826045840601e-01
3.822091886608015576e-01 7.352969398100551723e-01 1.724913730076080010e-01
3.831867057673509214e-01 7.315542723920084311e-01 1.744138624791623515e-01
3.841642228739002851e-01 7.278291226467871189e-01 1.763116334138762897e-01
3.851417399804496489e-01 7.241214271920959344e-01 1.781848673481556400e-01
3.861192570869990126e-01 7.204311228538677891e-01 1.800337449369863452e-01
3.870967741935483764e-01 7.167581466945738278e-01 1.818584459430526157e-01
3.880742913000977401e-01 7.131024360519350180e-01 1.836591492220296107e-01
3.890518084066471038e-01 7.094639285672422746e-01 1.854360327136692077e-01
3.900293255131964676e-01 7.058425622166928370e-01 1.871892734320471374e-01
3.910068426197458313e-01 7.022382753379332598e-01 1.889190474588608171e-01
3.919843597262951951e-01 6.986510066571829380e-01 1.906255299372708045e-01
3.929618768328445588e-01 6.950806953139651023e-01 1.923088950675045650e-01
3.939393939393939226e-01 6.915272808854804332e-01 1.939693161031974811e-01
3.949169110459432863e-01 6.879907034097433316e-01 1.956069653489125315e-01
3.958944281524926501e-01 6.844709034083159560e-01 1.972220141584661302e-01
3.968719452590420138e-01 6.809678219083926676e-01 1.988146329341173024e-01
3.978494623655913776e-01 6.774814004645733911e-01 2.003849911264292405e-01
3.988269794721407413e-01 6.740115811803527590e-01 2.019332572347995736e-01
3.998044965786901050e-01 6.705583067295270983e-01 2.034595988085803608e-01
4.007820136852394688e-01 6.671215203775897606e-01 2.049641824487407060e-01
4.017595307917888325e-01 6.637011660032404725e-01 2.064471738100091547e-01
4.027370478983381963e-01 6.602971881201098459e-01 2.079087376034607637e-01
4.037145650048875600e-01 6.569095318988109611e-01 2.093490375995129271e-01
4.046920821114369238e-01 6.535381431894164983e-01 2.107682366312960132e-01
4.056695992179862875e-01 6.501829685444551199e-01 2.121664965983673379e-01
4.066471163245357068e-01 6.468439552425300221e-01 2.135439784707439947e-01
4.076246334310850705e-01 6.435210513126541354e-01 2.149008422932321138e-01
4.086021505376344343e-01 6.402142055594045589e-01 2.162372471900363968e-01
4.095796676441837980e-01 6.369233675889869328e-01 2.175533513696300547e-01
4.105571847507331618e-01 6.336484878363203288e-01 2.188493121298741573e-01
4.115347018572825255e-01 6.303895175932328065e-01 2.201252858633735987e-01
4.125122189638318893e-01 6.271464090378843226e-01 2.213814280630616582e-01
4.134897360703812530e-01 6.239191152655195749e-01 2.226178933280073546e-01
4.144672531769306167e-01 6.207075903206633605e-01 2.238348353694400994e-01
4.154447702834799805e-01 6.175117892308784606e-01 2.250324070169871793e-01
4.164222873900293442e-01 6.143316680422047371e-01 2.262107602251261784e-01
4.173998044965787080e-01 6.111671838564111114e-01 2.273700460798508960e-01
4.183773216031280717e-01 6.080182948701934320e-01 2.285104148055549789e-01
4.193548387096774355e-01 6.048849604164615590e-01 2.296320157721366273e-01
4.203323558162267992e-01 6.017671410078635486e-01 2.307349975023306743e-01
4.213098729227761630e-01 5.986647983827071418e-01 2.318195076792753662e-01
4.222873900293255267e-01 5.955778955534465346e-01 2.328856931543262232e-01
4.232649071358748905e-01 5.925063968579137308e-01 2.339336999551239749e-01
4.242424242424242542e-01 5.894502680134823258e-01 2.349636732939334172e-01
4.252199413489736179e-01 5.864094761743660067e-01 2.359757575762675974e-01
4.261974584555229817e-01 5.833839899922709238e-01 2.369700964098134244e-01
4.271749755620723454e-01 5.803737796806243132e-01 2.379468326136798817e-01
4.281524926686217092e-01 5.773788170826307242e-01 2.389061082279891057e-01
4.291300097751710729e-01 5.743990757434132011e-01 2.398480645238356135e-01
4.301075268817204367e-01 5.714345309865217493e-01 2.407728420136394931e-01
4.310850439882698004e-01 5.684851599951055157e-01 2.416805804619225617e-01
4.320625610948191642e-01 5.655509418980716463e-01 2.425714188965412688e-01
4.330400782013685279e-01 5.626318578615691068e-01 2.434454956204097353e-01
4.340175953079178917e-01 5.597278911861652828e-01 2.443029482237531469e-01
4.349951124144672554e-01 5.568390274101127080e-01 2.451439135969337713e-01
4.359726295210166191e-01 5.539652544191160377e-01 2.459685279438945660e-01
4.369501466275659829e-01 5.511065625630595655e-01 2.467769267962724722e-01
4.379276637341153466e-01 5.482629447801725675e-01 2.475692450282354906e-01
4.389051808406647104e-01 5.454343967291517270e-01 2.483456168721043522e-01
4.398826979472140741e-01 5.426209169297934176e-01 2.491061759348237314e-01
4.408602150537634379e-01 5.398225069127313702e-01 2.498510552153542230e-01
4.418377321603128016e-01 5.370391713789172128e-01 2.505803871230637969e-01
4.428152492668621654e-01 5.342709183695228958e-01 2.512943034972023870e-01
4.437927663734115291e-01 5.315177594469986389e-01 2.519929356275509846e-01
4.447702834799608929e-01 5.287797098880685498e-01 2.526764142763479049e-01
4.457478005865102566e-01 5.260567888895006927e-01 2.533448697015984186e-01
4.467253176930596203e-01 5.233490197875506622e-01 2.539984316818884036e-01
4.477028347996089841e-01 5.206564302920342335e-01 2.546372295428297461e-01
4.486803519061583478e-01 5.179790527360601526e-01 2.552613921852787127e-01
4.496578690127077116e-01 5.153169243425115287e-01 2.558710481154770067e-01
4.506353861192570753e-01 5.126700875084518882e-01 2.564663254772859280e-01
4.516129032258064391e-01 5.100385901086971208e-01 2.570473520866882744e-01
4.525904203323558028e-01 5.074224858198840282e-01 2.576142554687552710e-01
4.535679374389051666e-01 5.048218344664483492e-01 2.581671628972902477e-01
4.545454545454545303e-01 5.022367023900117244e-01 2.587062014373781027e-01
4.555229716520038941e-01 4.996671628437683310e-01 2.592314979910878558e-01
4.565004887585532578e-01 4.971132964135574483e-01 2.597431793465992400e-01
4.574780058651026216e-01 4.945751914673961469e-01 2.602413722310402688e-01
4.584555229716519853e-01 4.920529446353488767e-01 2.607262033673532486e-01
4.594330400782013490e-01 4.895466613216969409e-01 2.611977995355241888e-01
4.604105571847507128e-01 4.870564562514670959e-01 2.616562876385411518e-01
4.613880742913000765e-01 4.845824540534633407e-01 2.621017947734730069e-01
4.623655913978494403e-01 4.821247898820235078e-01 2.625344483080861435e-01
4.633431085043988040e-01 4.796836100797935987e-01 2.629543759634484501e-01
4.643206256109481678e-01 4.772590728838683738e-01 2.633617059030011753e-01
4.652981427174975315e-01 4.748513491776814588e-01 2.637565668286041554e-01
4.662756598240468953e-01 4.724606232910417702e-01 2.641390880840959188e-01
4.672531769305962590e-01 4.700870938506938046e-01 2.645093997669371588e-01
4.682306940371456228e-01 4.677309746837259308e-01 2.648676328485359832e-01
4.692082111436950420e-01 4.653924957760421921e-01 2.652139193038755560e-01
4.701857282502444058e-01 4.630719042879518632e-01 2.655483922510947226e-01
4.711632453567937695e-01 4.607694656286966395e-01 2.658711861016812006e-01
4.721407624633431332e-01 4.584854645914120952e-01 2.661824367219570719e-01
4.731182795698924970e-01 4.562202065495955527e-01 2.664822816065332556e-01
4.740957966764418607e-01 4.539740187156013351e-01 2.667708600644045913e-01
4.750733137829912245e-01 4.517472514609847112e-01 2.670483134183318508e-01
4.760508308895405882e-01 4.495402796976467052e-01 2.673147852181264605e-01
4.770283479960899520e-01 4.473535043176511405e-01 2.675704214683785054e-01
4.780058651026393157e-01 4.451873536882721694e-01 2.678153708710986902e-01
4.789833822091886795e-01 4.430422851972425358e-01 2.680497850836133233e-01
4.799608993157380432e-01 4.409187868412597910e-01 2.682738189919040006e-01
4.809384164222874070e-01 4.388173788485431048e-01 2.684876309993802224e-01
4.819159335288367707e-01 4.367386153235497392e-01 2.686913833308228750e-01
4.828934506353861345e-01 4.346830858988264268e-01 2.688852423509269784e-01
4.838709677419354982e-01 4.326514173753150394e-01 2.690693788964859667e-01
4.848484848484848619e-01 4.306442753282210267e-01 2.692439686208066840e-01
4.858260019550342257e-01 4.286623656507336788e-01 2.694091923483963869e-01
4.868035190615835894e-01 4.267064360024170888e-01 2.695652364373199994e-01
4.877810361681329532e-01 4.247772771229441635e-01 2.697122931458812989e-01
4.887585532746823169e-01 4.228757239650142719e-01 2.698505609994250598e-01
4.897360703812316807e-01 4.210026565927845743e-01 2.699802451520847413e-01
4.907135874877810444e-01 4.191590007840125254e-01 2.701015577372185006e-01
4.916911045943304082e-01 4.173457282654370326e-01 2.702147181990861569e-01
4.926686217008797719e-01 4.155638565018693886e-01 2.703199535970271516e-01
4.936461388074291357e-01 4.138144479502366968e-01 2.704174988720465245e-01
4.946236559139784994e-01 4.120986086807371107e-01 2.705075970643172623e-01
4.956011730205278631e-01 4.104174862587178785e-01 2.705904994687131637e-01
4.965786901270772269e-01 4.087722667734095539e-01 2.706664657141724106e-01
4.975562072336265906e-01 4.071641708938899540e-01 2.707357637515215298e-01
4.985337243401759544e-01 4.055944488294077610e-01 2.707986697334734960e-01
4.995112414467253181e-01 4.040643740713956156e-01 2.708554677699656632e-01
5.004887585532746819e-01 4.025752357992129493e-01 2.709064495419567509e-01
5.014662756598240456e-01 4.011283298420611487e-01 2.709519137574101233e-01
5.024437927663734094e-01 3.997249481068342325e-01 2.709921654346012510e-01
5.034213098729227731e-01 3.983663664071578903e-01 2.710275150002570688e-01
5.043988269794721369e-01 3.970538306636627879e-01 2.710582771934943458e-01
5.053763440860215006e-01 3.957885414905636390e-01 2.710847697711796234e-01
5.063538611925708643e-01 3.945716372394112992e-01 2.711073120162145744e-01
5.073313782991202281e-01 3.934041756374555554e-01 2.711262230573501797e-01
5.083088954056695918e-01 3.922871142346318063e-01 2.711418200172934778e-01
5.092864125122189556e-01 3.912212899580640446e-01 2.711544160148569027e-01
5.102639296187683193e-01 3.902073981633338295e-01 2.711643180563306776e-01
5.112414467253176831e-01 3.892459716635480182e-01 2.711718248606012627e-01
5.122189638318670468e-01 3.883373603051301082e-01 2.711772246711793843e-01
5.131964809384164106e-01 3.874817117367977404e-01 2.711807931154924245e-01
5.141739980449657743e-01 3.866789540780435352e-01 2.711827911767823451e-01
5.151515151515151381e-01 3.859287812278354157e-01 2.711834633460141197e-01
5.161290322580645018e-01 3.852306415556764341e-01 2.711830360197043932e-01
5.171065493646138655e-01 3.845837306790977905e-01 2.711817162041538221e-01
5.180840664711632293e-01 3.839869889495476363e-01 2.711796905770882948e-01
5.190615835777125930e-01 3.834391041407416156e-01 2.711771249444498988e-01
5.200391006842619568e-01 3.829385196617426934e-01 2.711741641136611869e-01
5.210166177908113205e-01 3.824834484073169616e-01 2.711709321861333066e-01
5.219941348973606843e-01 3.820718921206638918e-01 2.711675332524042248e-01
5.229716520039100480e-01 3.817016658924176631e-01 2.711640524545464448e-01
5.239491691104594118e-01 3.813704271716771843e-01 2.711605573638779521e-01
5.249266862170087755e-01 3.810757084379682857e-01 2.711570996088724650e-01
5.259042033235581393e-01 3.808149524952840204e-01 2.711537166795102705e-01
5.268817204301075030e-01 3.805855492161875353e-01 2.711504338307082485e-01
5.278592375366568668e-01 3.803848724967839323e-01 2.711472660089848108e-01
5.288367546432062305e-01 3.802103161880610038e-01 2.711442197327037507e-01
5.298142717497555942e-01 3.800593278452915058e-01 2.711412948662442757e-01
5.307917888563049580e-01 3.799294392782563423e-01 2.711384862410916030e-01
5.317693059628543217e-01 3.798182930788593925e-01 2.711357850908447942e-01
5.327468230694036855e-01 3.797236645330438476e-01 2.711331802812098069e-01
5.337243401759530492e-01 3.796434785723277749e-01 2.711306593290973010e-01
5.347018572825024130e-01 3.795758216680561459e-01 2.711282092161200197e-01
5.356793743890517767e-01 3.795189488015568435e-01 2.711258170105808052e-01
5.366568914956011405e-01 3.794712858418805568e-01 2.711234703182371364e-01
5.376344086021505042e-01 3.794314278199494295e-01 2.711211575858076261e-01
5.386119257086998680e-01 3.793981336985194353e-01 2.711188682826166096e-01
5.395894428152492317e-01 3.793703183005825985e-01 2.711165929853806000e-01
5.405669599217985954e-01 3.793470420776967056e-01 2.711143233893836824e-01
5.415444770283479592e-01 3.793274993801433737e-01 2.711120522666486954e-01
5.425219941348973229e-01 3.793110058405576579e-01 2.711097733885876049e-01
5.434995112414466867e-01 3.792969854103703242e-01 2.711074814273632949e-01
5.444770283479960504e-01 3.792849575026223663e-01 2.711051718470642302e-01
5.454545454545454142e-01 3.792745246032534490e-01 2.711028407929493844e-01
5.464320625610947779e-01 3.792653606223947427e-01 2.711004849845721210e-01
5.474095796676441417e-01 3.792572001726038922e-01 2.710981016165684432e-01
5.483870967741935054e-01 3.792498288858697220e-01 2.710956882692844849e-01
5.493646138807428692e-01 3.792430748176962574e-01 2.710932428302129105e-01
5.503421309872922329e-01 3.792368009354566971e-01 2.710907634263243215e-01
5.513196480938415966e-01 3.792308986493184708e-01 2.710882483667892418e-01
5.522971652003909604e-01 3.792252823164680708e-01 2.710856960952132133e-01
5.532746823069403241e-01 3.792198846317336169e-01 2.710831051503141964e-01
5.542521994134896879e-01 3.792146528083646384e-01 2.710804741338952439e-01
5.552297165200390516e-01 3.792095454499908591e-01 2.710778016849831884e-01
5.562072336265884154e-01 3.792045300170023281e-01 2.710750864590752429e-01
5.571847507331377791e-01 3.791995807962945664e-01 2.710723271115387245e-01
5.581622678396871429e-01 3.791946772912467289e-01 2.710695222843289010e-01
5.591397849462365066e-01 3.791898029579127694e-01 2.710666705953094224e-01
5.601173020527858704e-01 3.791849442229130451e-01 2.710637706295762062e-01
5.610948191593352341e-01 3.791800897278382876e-01 2.710608209322915019e-01
5.620723362658845979e-01 3.791752297537245853e-01 2.710578200026254048e-01
5.630498533724340726e-01 3.791703557870875207e-01 2.710547662884785769e-01
5.640273704789834364e-01 3.791654601960005588e-01 2.710516581817321580e-01
5.650048875855328001e-01 3.791605359907382899e-01 2.710484940138143117e-01
5.659824046920821639e-01 3.791555766486133794e-01 2.710452720514234248e-01
5.669599217986315276e-01 3.791505759868852854e-01 2.710419904922759526e-01
5.679374389051808913e-01 3.791455280711166775e-01 2.710386474607759943e-01
5.689149560117302551e-01 3.791404271491839451e-01 2.710352410035217208e-01
5.698924731182796188e-01 3.791352676034283609e-01 2.710317690845790994e-01
5.708699902248289826e-01 3.791300439152455182e-01 2.710282295804631869e-01
5.718475073313783463e-01 3.791247506378462861e-01 2.710246202747750854e-01
5.728250244379277101e-01 3.791193823740426905e-01 2.710209388524473795e-01
5.738025415444770738e-01 3.791139337567889789e-01 2.710171828935540317e-01
5.747800586510264376e-01 3.791083994308773741e-01 2.710133498666392193e-01
5.757575757575758013e-01 3.791027740347006070e-01 2.710094371215206466e-01
5.767350928641251651e-01 3.790970521813734617e-01 2.710054418815178723e-01
5.777126099706745288e-01 3.790912284387891740e-01 2.710013612350561929e-01
5.786901270772238925e-01 3.790852973083752020e-01 2.709971921265863504e-01
5.796676441837732563e-01 3.790792532024482853e-01 2.709929313467579481e-01
5.806451612903226200e-01 3.790730904201448648e-01 2.709885755217724679e-01
5.816226783968719838e-01 3.790668031219410206e-01 2.709841211018355622e-01
5.826001955034213475e-01 3.790603853027840753e-01 2.709795643486146988e-01
5.835777126099707113e-01 3.790538307638366966e-01 2.709749013215957403e-01
5.845552297165200750e-01 3.790471330828100172e-01 2.709701278632176691e-01
5.855327468230694388e-01 3.790402855828034490e-01 2.709652395826444571e-01
5.865102639296188025e-01 3.790332812995259593e-01 2.709602318380148755e-01
5.874877810361681663e-01 3.790261129467015766e-01 2.709550997169836717e-01
5.884652981427175300e-01 3.790187728794009447e-01 2.709498380153389507e-01
5.894428152492668938e-01 3.790112530549636927e-01 2.709444412134451308e-01
5.904203323558162575e-01 3.790035449910959531e-01 2.709389034502168170e-01
5.913978494623656212e-01 3.789956397206343253e-01 2.709332184942739863e-01
5.923753665689149850e-01 3.789875277423620514e-01 2.709273797118609273e-01
5.933528836754643487e-01 3.789791989671311701e-01 2.709213800310270592e-01
5.943304007820137125e-01 3.789706426583864807e-01 2.709152119014533455e-01
5.953079178885630762e-01 3.789618473659785436e-01 2.709088672491653527e-01
5.962854349951124400e-01 3.789528008518860958e-01 2.709023374251793292e-01
5.972629521016618037e-01 3.789434900061127154e-01 2.708956131468769346e-01
5.982404692082111675e-01 3.789339007505479473e-01 2.708886844305573027e-01
5.992179863147605312e-01 3.789240179279437792e-01 2.708815405131617116e-01
6.001955034213098950e-01 3.789138251722969364e-01 2.708741697605435705e-01
6.011730205278592587e-01 3.789033047557682776e-01 2.708665595588274355e-01
6.021505376344086224e-01 3.788924374057133782e-01 2.708586961842837093e-01
6.031280547409579862e-01 3.788812020833152161e-01 2.708505646456530469e-01
6.041055718475073499e-01 3.788695757125484231e-01 2.708421484908815069e-01
6.050830889540567137e-01 3.788575328445674684e-01 2.708334295676194658e-01
6.060606060606060774e-01 3.788450452378692157e-01 2.708243877234517427e-01
6.070381231671554412e-01 3.788320813284739574e-01 2.708150004274539335e-01
6.080156402737048049e-01 3.788186055565965216e-01 2.708052422891168987e-01
6.089931573802541687e-01 3.788045775065249088e-01 2.707950844437041482e-01
6.099706744868035324e-01 3.787899508043896524e-01 2.707844937645041417e-01
6.109481915933528962e-01 3.787746717038906752e-01 2.707734318519908756e-01
6.119257086999022599e-01 3.787586772726655449e-01 2.707618537374782974e-01
6.129032258064516236e-01 3.787418930717471599e-01 2.707497062243868768e-01
6.138807429130009874e-01 3.787242301976117553e-01 2.707369257738405088e-01
6.148582600195503511e-01 3.787055815310748086e-01 2.707234358232602500e-01
6.158357771260997149e-01 3.786858170105561472e-01 2.707091434075163394e-01
6.168132942326490786e-01 3.786647777202968856e-01 2.706939349329356426e-01
6.177908113391984424e-01 3.786422685588211046e-01 2.706776709363905020e-01
6.187683284457478061e-01 3.786180492318070301e-01 2.706601796465880616e-01
6.197458455522971699e-01 3.785918232997621535e-01 2.706412491548367827e-01
6.207233626588465336e-01 3.785632250083594830e-01 2.706206180007582063e-01
6.217008797653958974e-01 3.785318036424840660e-01 2.705979639878393628e-01
6.226783968719452611e-01 3.784970051788464906e-01 2.705728910678946719e-01
6.236559139784946248e-01 3.784581510715483432e-01 2.705449141760587484e-01
6.246334310850439886e-01 3.784144140950617685e-01 2.705134419623311248e-01
6.256109481915933523e-01 3.783647912938585822e-01 2.704777574548836716e-01
6.265884652981427161e-01 3.783080742502108462e-01 2.704369968063606855e-01
6.275659824046920798e-01 3.782428170823473046e-01 2.703901264178439900e-01
6.285434995112414436e-01 3.781673028223958011e-01 2.703359189047508382e-01
6.295210166177908073e-01 3.780795090922849377e-01 2.702729285610462884e-01
6.304985337243401711e-01 3.779770742871453315e-01 2.701994671864292319e-01
6.314760508308895348e-01 3.778572657767036436e-01 2.701135813562875465e-01
6.324535679374388986e-01 3.777169519285374921e-01 2.700130324239291557e-01
6.334310850439882623e-01 3.775525800218371142e-01 2.698952807338622639e-01
6.344086021505376261e-01 3.773601623324228660e-01 2.697574756765087622e-01
6.353861192570869898e-01 3.771352728032665858e-01 2.695964533101541383e-01
6.363636363636363535e-01 3.768730567435319423e-01 2.694087432964835105e-01
6.373411534701857173e-01 3.765682558988751039e-01 2.691905868243528177e-01
6.383186705767350810e-01 3.762152509862892180e-01 2.689379670181042403e-01
6.392961876832844448e-01 3.758081233745162453e-01 2.686466530320077983e-01
6.402737047898338085e-01 3.753407370112232799e-01 2.683122586179091940e-01
6.412512218963831723e-01 3.748068409568079407e-01 2.679303154232055006e-01
6.422287390029325360e-01 3.742001920001152282e-01 2.674963606439173525e-01
6.432062561094818998e-01 3.735146958345801904e-01 2.670060379450874821e-01
6.441837732160312635e-01 3.727445642078303090e-01 2.664552097990776081e-01
6.451612903225806273e-01 3.718844843779731679e-01 2.658400786204484501e-01
6.461388074291299910e-01 3.709297961784088216e-01 2.651573133388465120e-01
6.471163245356793547e-01 3.698766710775004962e-01 2.644041773969006415e-01
6.480938416422287185e-01 3.687222868875805748e-01 2.635786536370035571e-01
6.490713587487780822e-01 3.674649912926512552e-01 2.626795611941161179e-01
6.500488758553274460e-01 3.661044471790999011e-01 2.617066593795054907e-01
6.510263929618768097e-01 3.646417529075133834e-01 2.606607336503028449e-01
6.520039100684261735e-01 3.630795311763269639e-01 2.595436591262855197e-01
6.529814271749755372e-01 3.614219809980154796e-01 2.583584377372363239e-01
6.539589442815249010e-01 3.596748885112286964e-01 2.571092059440211464e-01
6.549364613880742647e-01 3.578455938402535508e-01 2.558012110402347883e-01
6.559139784946236285e-01 3.559429129182566376e-01 2.544407552601528066e-01
6.568914956011729922e-01 3.539770150277087857e-01 2.530351082318687550e-01
6.578690127077223559e-01 3.519592586832056003e-01 2.515923896525429915e-01
6.588465298142717197e-01 3.499019902860933118e-01 2.501214253523902920e-01
6.598240469208210834e-01 3.478183116158229393e-01 2.486315810831250528e-01
6.608015640273704472e-01 3.457218235971457609e-01 2.471325793488682865e-01
6.617790811339198109e-01 3.436263548172799331e-01 2.456343053373283569e-01
6.627565982404691747e-01 3.415456839054111793e-01 2.441466084652319513e-01
6.637341153470185384e-01 3.394932650948008224e-01 2.426791062005317912e-01
6.647116324535679022e-01 3.374819660580109515e-01 2.412409966595924771e-01
6.656891495601172659e-01 3.355238264572993900e-01 2.398408860139432108e-01
6.666666666666666297e-01 3.336298446285813069e-01 2.384866360093681470e-01
6.676441837732159934e-01 3.318097984830674640e-01 2.371852359462485460e-01
6.686217008797653572e-01 3.300721051463914035e-01 2.359427023518101130e-01
6.695992179863147209e-01 3.284237221516229099e-01 2.347640083572320457e-01
6.705767350928640846e-01 3.268700912547559678e-01 2.336530435431644903e-01
6.715542521994134484e-01 3.254151242413639844e-01 2.326126038020568665e-01
6.725317693059628121e-01 3.240612285252321145e-01 2.316444096449360446e-01
6.735092864125121759e-01 3.228093689749494399e-01 2.307491504046776665e-01
6.744868035190615396e-01 3.216591612971068104e-01 2.299265509962925835e-01
6.754643206256109034e-01 3.206089914905241867e-01 2.291754573127643413e-01
6.764418377321602671e-01 3.196561553809744716e-01 2.284939359740660592e-01
6.774193548387096309e-01 3.187970120475379643e-01 2.278793840052692754e-01
6.783968719452589946e-01 3.180271450405324773e-01 2.273286440831893129e-01
6.793743890518083584e-01 3.173415256334396473e-01 2.268381212358818177e-01
6.803519061583577221e-01 3.167346729034737352e-01 2.264038972740941291e-01
6.813294232649070858e-01 3.162008061468701281e-01 2.260218397423644221e-01
6.823069403714564496e-01 3.157339859522946268e-01 2.256877027617419929e-01
6.832844574780058133e-01 3.153282411264587415e-01 2.253972177585101822e-01
6.842619745845551771e-01 3.149776795413793407e-01 2.251461726990345025e-01
6.852394916911045408e-01 3.146765818102988943e-01 2.249304790495881001e-01
6.862170087976539046e-01 3.144194774645530099e-01 2.247462262270373268e-01
6.871945259042032683e-01 3.142012039709165538e-01 2.245897237832309434e-01
6.881720430107527431e-01 3.140169494815082118e-01 2.244575319608939079e-01
6.891495601173021068e-01 3.138622806381097252e-01 2.243464815660308198e-01
6.901270772238514706e-01 3.137331570594406038e-01 2.242536843210482245e-01
6.911045943304008343e-01 3.136259343296496915e-01 2.241765349984045086e-01
6.920821114369501981e-01 3.135373573902300870e-01 2.241127066945841628e-01
6.930596285434995618e-01 3.134645462304184171e-01 2.240601405990657879e-01
6.940371456500489256e-01 3.134049756896470917e-01 2.240170315546877733e-01
6.950146627565982893e-01 3.133564510472410802e-01 2.239818106068869885e-01
6.959921798631476531e-01 3.133170808963487985e-01 2.239531256118883207e-01
6.969696969696970168e-01 3.132852485968308787e-01 2.239298208293369896e-01
6.979472140762463805e-01 3.132595833893690451e-01 2.239109162729825686e-01
6.989247311827957443e-01 3.132389320419380341e-01 2.238955874421090231e-01
6.999022482893451080e-01 3.132223316990934703e-01 2.238831459129457246e-01
7.008797653958944718e-01 3.132089844209086094e-01 2.238730211380386692e-01
7.018572825024438355e-01 3.131982337361856605e-01 2.238647436856109618e-01
7.028347996089931993e-01 3.131895433961129904e-01 2.238579300519761561e-01
7.038123167155425630e-01 3.131824784004818563e-01 2.238522690985338404e-01
7.047898338220919268e-01 3.131766882782084926e-01 2.238475101002876111e-01
7.057673509286412905e-01 3.131718925355673200e-01 2.238434523439711554e-01
7.067448680351906543e-01 3.131678681368592621e-01 2.238399361790752440e-01
7.077223851417400180e-01 3.131644388505213095e-01 2.238368354023920759e-01
7.086999022482893817e-01 3.131614662760460188e-01 2.238340508440909149e-01
7.096774193548387455e-01 3.131588423607350458e-01 2.238315050188020017e-01
7.106549364613881092e-01 3.131564832176160218e-01 2.238291377068321319e-01
7.116324535679374730e-01 3.131543240644615866e-01 2.238269023367929766e-01
7.126099706744868367e-01 3.131523151167381891e-01 2.238247630501327134e-01
7.135874877810362005e-01 3.131504182827915539e-01 2.238226923391270218e-01
7.145650048875855642e-01 3.131486045263002782e-01 2.238206691618433164e-01
7.155425219941349280e-01 3.131468517779729677e-01 2.238186774496981890e-01
7.165200391006842917e-01 3.131451432948594849e-01 2.238167049349542026e-01
7.174975562072336555e-01 3.131434663809999908e-01 2.238147422364717698e-01
7.184750733137830192e-01 3.131418113971048411e-01 2.238127821520219385e-01
7.194525904203323829e-01 3.131401709993995031e-01 2.238108191143579062e-01
7.204301075268817467e-01 3.131385395586262499e-01 2.238088487760051537e-01
7.214076246334311104e-01 3.131369127195077762e-01 2.238068676943894275e-01
7.223851417399804742e-01 3.131352870688496326e-01 2.238048730945487175e-01
7.233626588465298379e-01 3.131336598870125831e-01 2.238028626913620978e-01
7.243401759530792017e-01 3.131320289628772291e-01 2.238008345570819957e-01
7.253176930596285654e-01 3.131303924568040742e-01 2.237987870230892240e-01
7.262952101661779292e-01 3.131287487996081143e-01 2.237967186073062387e-01
7.272727272727272929e-01 3.131270966183681281e-01 2.237946279607020694e-01
7.282502443792766567e-01 3.131254346820816492e-01 2.237925138278928638e-01
7.292277614858260204e-01 3.131237618618921692e-01 2.237903750180614271e-01
7.302052785923753842e-01 3.131220771019346261e-01 2.237882103833608582e-01
7.311827956989247479e-01 3.131203793978765693e-01 2.237860188027207264e-01
7.321603128054741116e-01 3.131186677810481322e-01 2.237837991695889595e-01
7.331378299120234754e-01 3.131169413066474116e-01 2.237815503825842656e-01
7.341153470185728391e-01 3.131151990447907374e-01 2.237792713381424048e-01
7.350928641251222029e-01 3.131134400731039324e-01 2.237769609238932089e-01
7.360703812316715666e-01 3.131116634695352285e-01 2.237746180112681338e-01
7.370478983382209304e-01 3.131098683053562537e-01 2.237722414474676846e-01
7.380254154447702941e-01 3.131080536419092453e-01 2.237698300520085115e-01
7.390029325513196579e-01 3.131062185377124218e-01 2.237673826277915001e-01
7.399804496578690216e-01 3.131043620646133951e-01 2.237648979860364373e-01
7.409579667644183854e-01 3.131024833018568043e-01 2.237623749416700336e-01
7.419354838709677491e-01 3.131005812448586223e-01 2.237598121864684542e-01
7.429130009775171128e-01 3.130986546198527565e-01 2.237572080178629741e-01
7.438905180840664766e-01 3.130967018487442743e-01 2.237545602619079588e-01
7.448680351906158403e-01 3.130947217363889701e-01 2.237518672243963280e-01
7.458455522971652041e-01 3.130927151140162623e-01 2.237491300843738873e-01
7.468230694037145678e-01 3.130906855614876694e-01 2.237463541553842694e-01
7.478005865102639316e-01 3.130886341176983279e-01 2.237435416414471634e-01
7.487781036168132953e-01 3.130865446608320224e-01 2.237406704792366530e-01
7.497556207233626591e-01 3.130843739449198915e-01 2.237376782025389532e-01
7.507331378299120228e-01 3.130820908099495314e-01 2.237345149253006926e-01
7.517106549364613866e-01 3.130798037375699394e-01 2.237313268624366858e-01
7.526881720430107503e-01 3.130778766923372758e-01 2.237286373253656868e-01
7.536656891495601140e-01 3.130766502776727300e-01 2.237269769530803865e-01
7.546432062561094778e-01 3.130753465207572472e-01 2.237253170020772064e-01
7.556207233626588415e-01 3.130708324334801618e-01 2.237191789992568347e-01
7.565982404692082053e-01 3.130594843054841370e-01 2.237030350468387774e-01
7.575757575757575690e-01 3.130464400333655695e-01 2.236834663762409803e-01
7.585532746823069328e-01 3.130580959156896714e-01 2.236979853556835818e-01
7.595307917888562965e-01 3.131308697760655790e-01 2.238013643044543255e-01
7.605083088954056603e-01 3.132343372976618134e-01 2.239569786721068156e-01
7.614858260019550240e-01 3.131493928270906446e-01 2.238553147550007838e-01
7.624633431085043878e-01 3.125230485898428667e-01 2.229718470001092467e-01
7.634408602150537515e-01 3.114977343252991471e-01 2.214510001909246739e-01
7.644183773216031152e-01 3.118436744114587711e-01 2.217729799181824557e-01
7.653958944281524790e-01 3.168637227542898671e-01 2.288404406954121784e-01
7.663734115347018427e-01 3.265402536622394325e-01 2.432742822043858499e-01
7.673509286412512065e-01 3.258329072411995653e-01 2.438533424326782828e-01
7.683284457478005702e-01 2.820024475935634656e-01 1.850488462909344600e-01
7.693059628543499340e-01 2.000222662477227908e-01 8.088706619242323759e-02
7.702834799608992977e-01 1.451841681557954900e-01 1.884099154385208280e-02
7.712609970674486615e-01 1.285881040979778012e-01 3.027586685197221524e-03
7.722385141739980252e-01 1.255335151278894890e-01 4.372081949557784825e-04
7.732160312805473890e-01 1.250758942461229484e-01 6.187002517539790143e-05
7.741935483870967527e-01 1.250107153550945316e-01 8.727694034154385788e-06
7.751710654936461165e-01 1.250015111286977287e-01 1.230689278330697113e-06
7.761485826001954802e-01 1.250002130716945936e-01 1.735278096312992531e-07
7.771260997067448439e-01 1.250000300429894018e-01 2.446716323646745413e-08
7.781036168132942077e-01 1.250000042360229491e-01 3.449839223405256485e-09
7.790811339198435714e-01 1.250000005972733974e-01 4.864228641156282282e-10
7.800586510263929352e-01 1.250000000842147185e-01 6.858493499525309109e-11
7.810361681329422989e-01 1.250000000118740850e-01 9.670386458918372907e-12
7.820136852394916627e-01 1.250000000016742163e-01 1.363455548587308178e-12
7.829912023460410264e-01 1.250000000002360057e-01 1.921931045193480371e-13
7.839687194525903902e-01 1.250000000000332234e-01 2.706106505145017193e-14
7.849462365591397539e-01 1.250000000000046629e-01 3.805057914434045872e-15
7.859237536656891177e-01 1.250000000000006384e-01 5.278558522368153139e-16
7.869012707722384814e-01 1.250000000000000555e-01 6.457794136650757667e-17
7.878787878787878451e-01 1.250000000000000000e-01 2.807713619608793790e-18
7.888563049853372089e-01 1.250000000000000000e-01 8.166020653553679392e-37
7.898338220918865726e-01 1.250000000000000000e-01 1.720477288488491794e-135
7.908113391984359364e-01 1.250000000000000000e-01 3.585036081229508046e-274
7.917888563049853001e-01 1.250000000000000000e-01 0.000000000000000000e+00
7.927663734115346639e-01 1.250000000000000000e-01 0.000000000000000000e+00
7.937438905180840276e-01 1.250000000000000000e-01 0.000000000000000000e+00
7.947214076246333914e-01 1.250000000000000000e-01 0.000000000000000000e+00
7.956989247311827551e-01 1.250000000000000000e-01 0.000000000000000000e+00
7.966764418377321189e-01 1.250000000000000000e-01 0.000000000000000000e+00
7.976539589442814826e-01 1.250000000000000000e-01 0.000000000000000000e+00
7.986314760508308463e-01 1.250000000000000000e-01 0.000000000000000000e+00
7.996089931573802101e-01 1.250000000000000000e-01 0.000000000000000000e+00
8.005865102639295738e-01 1.250000000000000000e-01 0.000000000000000000e+00
8.015640273704789376e-01 1.250000000000000000e-01 0.000000000000000000e+00
8.025415444770283013e-01 1.250000000000000000e-01 0.000000000000000000e+00
8.035190615835776651e-01 1.250000000000000000e-01 0.000000000000000000e+00
8.044965786901270288e-01 1.250000000000000000e-01 0.000000000000000000e+00
8.054740957966763926e-01 1.250000000000000000e-01 0.000000000000000000e+00
8.064516129032257563e-01 1.250000000000000000e-01 0.000000000000000000e+00
8.074291300097751201e-01 1.250000000000000000e-01 0.000000000000000000e+00
8.084066471163244838e-01 1.250000000000000000e-01 0.000000000000000000e+00
8.093841642228738475e-01 1.250000000000000000e-01 0.000000000000000000e+00
8.103616813294232113e-01 1.250000000000000000e-01 0.000000000000000000e+00
8.113391984359725750e-01 1.250000000000000000e-01 0.000000000000000000e+00
8.123167155425219388e-01 1.250000000000000000e-01 0.000000000000000000e+00
8.132942326490714136e-01 1.250000000000000000e-01 0.000000000000000000e+00
8.142717497556207773e-01 1.250000000000000000e-01 0.000000000000000000e+00
8.152492668621701410e-01 1.250000000000000000e-01 0.000000000000000000e+00
8.162267839687195048e-01 1.250000000000000000e-01 0.000000000000000000e+00
8.172043010752688685e-01 1.250000000000000000e-01 0.000000000000000000e+00
8.181818181818182323e-01 1.250000000000000000e-01 0.000000000000000000e+00
8.191593352883675960e-01 1.250000000000000000e-01 0.000000000000000000e+00
8.201368523949169598e-01 1.250000000000000000e-01 0.000000000000000000e+00
8.211143695014663235e-01 1.250000000000000000e-01 0.000000000000000000e+00
8.220918866080156873e-01 1.250000000000000000e-01 0.000000000000000000e+00
8.230694037145650510e-01 1.250000000000000000e-01 0.000000000000000000e+00
8.240469208211144148e-01 1.250000000000000000e-01 0.000000000000000000e+00
8.250244379276637785e-01 1.250000000000000000e-01 0.000000000000000000e+00
8.260019550342131422e-01 1.250000000000000000e-01 0.000000000000000000e+00
8.269794721407625060e-01 1.250000000000000000e-01 0.000000000000000000e+00
8.279569892473118697e-01 1.250000000000000000e-01 0.000000000000000000e+00
8.289345063538612335e-01 1.250000000000000000e-01 0.000000000000000000e+00
8.299120234604105972e-01 1.250000000000000000e-01 0.000000000000000000e+00
8.308895405669599610e-01 1.250000000000000000e-01 0.000000000000000000e+00
8.318670576735093247e-01 1.250000000000000000e-01 0.000000000000000000e+00
8.328445747800586885e-01 1.250000000000000000e-01 0.000000000000000000e+00
8.338220918866080522e-01 1.250000000000000000e-01 0.000000000000000000e+00
8.347996089931574160e-01 1.250000000000000000e-01 0.000000000000000000e+00
8.357771260997067797e-01 1.250000000000000000e-01 0.000000000000000000e+00
8.367546432062561435e-01 1.250000000000000000e-01 0.000000000000000000e+00
8.377321603128055072e-01 1.250000000000000000e-01 0.000000000000000000e+00
8.387096774193548709e-01 1.250000000000000000e-01 0.000000000000000000e+00
8.396871945259042347e-01 1.250000000000000000e-01 0.000000000000000000e+00
8.406647116324535984e-01 1.250000000000000000e-01 0.000000000000000000e+00
8.416422287390029622e-01 1.250000000000000000e-01 0.000000000000000000e+00
8.426197458455523259e-01 1.250000000000000000e-01 0.000000000000000000e+00
8.435972629521016897e-01 1.250000000000000000e-01 0.000000000000000000e+00
8.445747800586510534e-01 1.250000000000000000e-01 0.000000000000000000e+00
8.455522971652004172e-01 1.250000000000000000e-01 0.000000000000000000e+00
8.465298142717497809e-01 1.250000000000000000e-01 0.000000000000000000e+00
8.475073313782991447e-01 1.250000000000000000e-01 0.000000000000000000e+00
8.484848484848485084e-01 1.250000000000000000e-01 0.000000000000000000e+00
8.494623655913978721e-01 1.250000000000000000e-01 0.000000000000000000e+00
8.504398826979472359e-01 1.250000000000000000e-01 0.000000000000000000e+00
8.514173998044965996e-01 1.250000000000000000e-01 0.000000000000000000e+00
8.523949169110459634e-01 1.250000000000000000e-01 0.000000000000000000e+00
8.533724340175953271e-01 1.250000000000000000e-01 0.000000000000000000e+00
8.543499511241446909e-01 1.250000000000000000e-01 0.000000000000000000e+00
8.553274682306940546e-01 1.250000000000000000e-01 0.000000000000000000e+00
8.563049853372434184e-01 1.250000000000000000e-01 0.000000000000000000e+00
8.572825024437927821e-01 1.250000000000000000e-01 0.000000000000000000e+00
8.582600195503421459e-01 1.250000000000000000e-01 0.000000000000000000e+00
8.592375366568915096e-01 1.250000000000000000e-01 0.000000000000000000e+00
8.602150537634408733e-01 1.250000000000000000e-01 0.000000000000000000e+00
8.611925708699902371e-01 1.250000000000000000e-01 0.000000000000000000e+00
8.621700879765396008e-01 1.250000000000000000e-01 0.000000000000000000e+00
8.631476050830889646e-01 1.250000000000000000e-01 0.000000000000000000e+00
8.641251221896383283e-01 1.250000000000000000e-01 0.000000000000000000e+00
8.651026392961876921e-01 1.250000000000000000e-01 0.000000000000000000e+00
8.660801564027370558e-01 1.250000000000000000e-01 0.000000000000000000e+00
8.670576735092864196e-01 1.250000000000000000e-01 0.000000000000000000e+00
8.680351906158357833e-01 1.250000000000000000e-01 0.000000000000000000e+00
8.690127077223851471e-01 1.250000000000000000e-01 0.000000000000000000e+00
8.699902248289345108e-01 1.250000000000000000e-01 0.000000000000000000e+00
8.709677419354838745e-01 1.250000000000000000e-01 0.000000000000000000e+00
8.719452590420332383e-01 1.250000000000000000e-01 0.000000000000000000e+00
8.729227761485826020e-01 1.250000000000000000e-01 0.000000000000000000e+00
8.739002932551319658e-01 1.250000000000000000e-01 0.000000000000000000e+00
8.748778103616813295e-01 1.250000000000000000e-01 0.000000000000000000e+00
8.758553274682306933e-01 1.250000000000000000e-01 0.000000000000000000e+00
8.768328445747800570e-01 1.250000000000000000e-01 0.000000000000000000e+00
8.778103616813294208e-01 1.250000000000000000e-01 0.000000000000000000e+00
8.787878787878787845e-01 1.250000000000000000e-01 0.000000000000000000e+00
8.797653958944281483e-01 1.250000000000000000e-01 0.000000000000000000e+00
8.807429130009775120e-01 1.250000000000000000e-01 0.000000000000000000e+00
8.817204301075268758e-01 1.250000000000000000e-01 0.000000000000000000e+00
8.826979472140762395e-01 1.250000000000000000e-01 0.000000000000000000e+00
8.836754643206256032e-01 1.250000000000000000e-01 0.000000000000000000e+00
8.846529814271749670e-01 1.250000000000000000e-01 0.000000000000000000e+00
8.856304985337243307e-01 1.250000000000000000e-01 0.000000000000000000e+00
8.866080156402736945e-01 1.250000000000000000e-01 0.000000000000000000e+00
8.875855327468230582e-01 1.250000000000000000e-01 0.000000000000000000e+00
8.885630498533724220e-01 1.250000000000000000e-01 0.000000000000000000e+00
8.895405669599217857e-01 1.250000000000000000e-01 0.000000000000000000e+00
8.905180840664711495e-01 1.250000000000000000e-01 0.000000000000000000e+00
8.914956011730205132e-01 1.250000000000000000e-01 0.000000000000000000e+00
8.924731182795698770e-01 1.250000000000000000e-01 0.000000000000000000e+00
8.934506353861192407e-01 1.250000000000000000e-01 0.000000000000000000e+00
8.944281524926686044e-01 1.250000000000000000e-01 0.000000000000000000e+00
8.954056695992179682e-01 1.250000000000000000e-01 0.000000000000000000e+00
8.963831867057673319e-01 1.250000000000000000e-01 0.000000000000000000e+00
8.973607038123166957e-01 1.250000000000000000e-01 0.000000000000000000e+00
8.983382209188660594e-01 1.250000000000000000e-01 0.000000000000000000e+00
8.993157380254154232e-01 1.250000000000000000e-01 0.000000000000000000e+00
9.002932551319647869e-01 1.250000000000000000e-01 0.000000000000000000e+00
9.012707722385141507e-01 1.250000000000000000e-01 0.000000000000000000e+00
9.022482893450635144e-01 1.250000000000000000e-01 0.000000000000000000e+00
9.032258064516128782e-01 1.250000000000000000e-01 0.000000000000000000e+00
9.042033235581622419e-01 1.250000000000000000e-01 0.000000000000000000e+00
9.051808406647116056e-01 1.250000000000000000e-01 0.000000000000000000e+00
9.061583577712609694e-01 1.250000000000000000e-01 0.000000000000000000e+00
9.071358748778103331e-01 1.250000000000000000e-01 0.000000000000000000e+00
9.081133919843596969e-01 1.250000000000000000e-01 0.000000000000000000e+00
9.090909090909090606e-01 1.250000000000000000e-01 0.000000000000000000e+00
9.100684261974584244e-01 1.250000000000000000e-01 0.000000000000000000e+00
9.110459433040077881e-01 1.250000000000000000e-01 0.000000000000000000e+00
9.120234604105571519e-01 1.250000000000000000e-01 0.000000000000000000e+00
9.130009775171065156e-01 1.250000000000000000e-01 0.000000000000000000e+00
9.139784946236558794e-01 1.250000000000000000e-01 0.000000000000000000e+00
9.149560117302052431e-01 1.250000000000000000e-01 0.000000000000000000e+00
9.159335288367546068e-01 1.250000000000000000e-01 0.000000000000000000e+00
9.169110459433039706e-01 1.250000000000000000e-01 0.000000000000000000e+00
9.178885630498533343e-01 1.250000000000000000e-01 0.000000000000000000e+00
9.188660801564026981e-01 1.250000000000000000e-01 0.000000000000000000e+00
9.198435972629520618e-01 1.250000000000000000e-01 0.000000000000000000e+00
9.208211143695014256e-01 1.250000000000000000e-01 0.000000000000000000e+00
9.217986314760507893e-01 1.250000000000000000e-01 0.000000000000000000e+00
9.227761485826001531e-01 1.250000000000000000e-01 0.000000000000000000e+00
9.237536656891495168e-01 1.250000000000000000e-01 0.000000000000000000e+00
9.247311827956988806e-01 1.250000000000000000e-01 0.000000000000000000e+00
9.257086999022482443e-01 1.250000000000000000e-01 0.000000000000000000e+00
9.266862170087976081e-01 1.250000000000000000e-01 0.000000000000000000e+00
9.276637341153469718e-01 1.250000000000000000e-01 0.000000000000000000e+00
9.286412512218963355e-01 1.250000000000000000e-01 0.000000000000000000e+00
9.296187683284456993e-01 1.250000000000000000e-01 0.000000000000000000e+00
9.305962854349950630e-01 1.250000000000000000e-01 0.000000000000000000e+00
9.315738025415444268e-01 1.250000000000000000e-01 0.000000000000000000e+00
9.325513196480937905e-01 1.250000000000000000e-01 0.000000000000000000e+00
9.335288367546431543e-01 1.250000000000000000e-01 0.000000000000000000e+00
9.345063538611925180e-01 1.250000000000000000e-01 0.000000000000000000e+00
9.354838709677418818e-01 1.250000000000000000e-01 0.000000000000000000e+00
9.364613880742912455e-01 1.250000000000000000e-01 0.000000000000000000e+00
9.374389051808406093e-01 1.250000000000000000e-01 0.000000000000000000e+00
9.384164222873900840e-01 1.250000000000000000e-01 0.000000000000000000e+00
9.393939393939394478e-01 1.250000000000000000e-01 0.000000000000000000e+00
9.403714565004888115e-01 1.250000000000000000e-01 0.000000000000000000e+00
9.413489736070381753e-01 1.250000000000000000e-01 0.000000000000000000e+00
9.423264907135875390e-01 1.250000000000000000e-01 0.000000000000000000e+00
9.433040078201369028e-01 1.250000000000000000e-01 0.000000000000000000e+00
9.442815249266862665e-01 1.250000000000000000e-01 0.000000000000000000e+00
9.452590420332356302e-01 1.250000000000000000e-01 0.000000000000000000e+00
9.462365591397849940e-01 1.250000000000000000e-01 0.000000000000000000e+00
9.472140762463343577e-01 1.250000000000000000e-01 0.000000000000000000e+00
9.481915933528837215e-01 1.250000000000000000e-01 0.000000000000000000e+00
9.491691104594330852e-01 1.250000000000000000e-01 0.000000000000000000e+00
9.501466275659824490e-01 1.250000000000000000e-01 0.000000000000000000e+00
9.511241446725318127e-01 1.250000000000000000e-01 0.000000000000000000e+00
9.521016617790811765e-01 1.250000000000000000e-01 0.000000000000000000e+00
9.530791788856305402e-01 1.250000000000000000e-01 0.000000000000000000e+00
9.540566959921799040e-01 1.250000000000000000e-01 0.000000000000000000e+00
9.550342130987292677e-01 1.250000000000000000e-01 0.000000000000000000e+00
9.560117302052786314e-01 1.250000000000000000e-01 0.000000000000000000e+00
9.569892473118279952e-01 1.250000000000000000e-01 0.000000000000000000e+00
9.579667644183773589e-01 1.250000000000000000e-01 0.000000000000000000e+00
9.589442815249267227e-01 1.250000000000000000e-01 0.000000000000000000e+00
9.599217986314760864e-01 1.250000000000000000e-01 0.000000000000000000e+00
9.608993157380254502e-01 1.250000000000000000e-01 0.000000000000000000e+00
9.618768328445748139e-01 1.250000000000000000e-01 0.000000000000000000e+00
9.628543499511241777e-01 1.250000000000000000e-01 0.000000000000000000e+00
9.638318670576735414e-01 1.250000000000000000e-01 0.000000000000000000e+00
9.648093841642229052e-01 1.250000000000000000e-01 0.000000000000000000e+00
9.657869012707722689e-01 1.250000000000000000e-01 0.000000000000000000e+00
9.667644183773216326e-01 1.250000000000000000e-01 0.000000000000000000e+00
9.677419354838709964e-01 1.250000000000000000e-01 0.000000000000000000e+00
9.687194525904203601e-01 1.250000000000000000e-01 0.000000000000000000e+00
9.696969696969697239e-01 1.250000000000000000e-01 0.000000000000000000e+00
9.706744868035190876e-01 1.250000000000000000e-01 0.000000000000000000e+00
9.716520039100684514e-01 1.250000000000000000e-01 0.000000000000000000e+00
9.726295210166178151e-01 1.250000000000000000e-01 0.000000000000000000e+00
9.736070381231671789e-01 1.250000000000000000e-01 0.000000000000000000e+00
9.745845552297165426e-01 1.250000000000000000e-01 0.000000000000000000e+00
9.755620723362659064e-01 1.250000000000000000e-01 0.000000000000000000e+00
9.765395894428152701e-01 1.250000000000000000e-01 0.000000000000000000e+00
9.775171065493646338e-01 1.250000000000000000e-01 0.000000000000000000e+00
9.784946236559139976e-01 1.250000000000000000e-01 0.000000000000000000e+00
9.794721407624633613e-01 1.250000000000000000e-01 0.000000000000000000e+00
9.804496578690127251e-01 1.250000000000000000e-01 0.000000000000000000e+00
9.814271749755620888e-01 1.250000000000000000e-01 0.000000000000000000e+00
9.824046920821114526e-01 1.250000000000000000e-01 0.000000000000000000e+00
9.833822091886608163e-01 1.250000000000000000e-01 0.000000000000000000e+00
9.843597262952101801e-01 1.250000000000000000e-01 0.000000000000000000e+00
9.853372434017595438e-01 1.250000000000000000e-01 0.000000000000000000e+00
9.863147605083089076e-01 1.250000000000000000e-01 0.000000000000000000e+00
9.872922776148582713e-01 1.250000000000000000e-01 0.000000000000000000e+00
9.882697947214076351e-01 1.250000000000000000e-01 0.000000000000000000e+00
9.892473118279569988e-01 1.250000000000000000e-01 0.000000000000000000e+00
9.902248289345063625e-01 1.250000000000000000e-01 0.000000000000000000e+00
9.912023460410557263e-01 1.250000000000000000e-01 0.000000000000000000e+00
9.921798631476050900e-01 1.250000000000000000e-01 0.000000000000000000e+00
9.931573802541544538e-01 1.250000000000000000e-01 0.000000000000000000e+00
9.941348973607038175e-01 1.250000000000000000e-01 0.000000000000000000e+00
9.951124144672531813e-01 1.250000000000000000e-01 0.000000000000000000e+00
9.960899315738025450e-01 1.250000000000000000e-01 0.000000000000000000e+00
9.970674486803519088e-01 1.250000000000000000e-01 0.000000000000000000e+00
9.980449657869012725e-01 1.250000000000000000e-01 0.000000000000000000e+00
9.990224828934506363e-01 1.250000000000000000e-01 -0.000000000000000000e+00
1.000000000000000000e+00 1.250000000000000000e-01 -0.000000000000000000e+00
