# 0.11918087675644949
0.000000000000000000e+00 1.000000000000000000e+00 -0.000000000000000000e+00
9.775171065493646130e-04 1.000000000000000000e+00 -0.000000000000000000e+00
1.955034213098729226e-03 1.000000000000000000e+00 0.000000000000000000e+00
2.932551319648093839e-03 1.000000000000000000e+00 0.000000000000000000e+00
3.910068426197458452e-03 1.000000000000000000e+00 0.000000000000000000e+00
4.887585532746823065e-03 1.000000000000000000e+00 0.000000000000000000e+00
5.865102639296187678e-03 1.000000000000000000e+00 0.000000000000000000e+00
6.842619745845552291e-03 1.000000000000000000e+00 0.000000000000000000e+00
7.820136852394916904e-03 1.000000000000000000e+00 0.000000000000000000e+00
8.797653958944282385e-03 1.000000000000000000e+00 0.000000000000000000e+00
9.775171065493646130e-03 1.000000000000000000e+00 0.000000000000000000e+00
1.075268817204301161e-02 1.000000000000000000e+00 0.000000000000000000e+00
1.173020527859237536e-02 1.000000000000000000e+00 0.000000000000000000e+00
1.270772238514174084e-02 1.000000000000000000e+00 0.000000000000000000e+00
1.368523949169110458e-02 1.000000000000000000e+00 0.000000000000000000e+00
1.466275659824047006e-02 1.000000000000000000e+00 0.000000000000000000e+00
1.564027370478983381e-02 1.000000000000000000e+00 0.000000000000000000e+00
1.661779081133919755e-02 1.000000000000000000e+00 0.000000000000000000e+00
1.759530791788856477e-02 1.000000000000000000e+00 0.000000000000000000e+00
1.857282502443792851e-02 1.000000000000000000e+00 0.000000000000000000e+00
1.955034213098729226e-02 1.000000000000000000e+00 0.000000000000000000e+00
2.052785923753665601e-02 1.000000000000000000e+00 0.000000000000000000e+00
2.150537634408602322e-02 1.000000000000000000e+00 0.000000000000000000e+00
2.248289345063538697e-02 1.000000000000000000e+00 0.000000000000000000e+00
2.346041055718475071e-02 1.000000000000000000e+00 0.000000000000000000e+00
2.443792766373411446e-02 1.000000000000000000e+00 0.000000000000000000e+00
2.541544477028348167e-02 1.000000000000000000e+00 0.000000000000000000e+00
2.639296187683284542e-02 1.000000000000000000e+00 0.000000000000000000e+00
2.737047898338220916e-02 1.000000000000000000e+00 0.000000000000000000e+00
2.834799608993157291e-02 1.000000000000000000e+00 0.000000000000000000e+00
2.932551319648094013e-02 1.000000000000000000e+00 0.000000000000000000e+00
3.030303030303030387e-02 1.000000000000000000e+00 0.000000000000000000e+00
3.128054740957966762e-02 1.000000000000000000e+00 0.000000000000000000e+00
3.225806451612903136e-02 1.000000000000000000e+00 0.000000000000000000e+00
3.323558162267839511e-02 1.000000000000000000e+00 0.000000000000000000e+00
3.421309872922775885e-02 1.000000000000000000e+00 0.000000000000000000e+00
3.519061583577712954e-02 1.000000000000000000e+00 0.000000000000000000e+00
3.616813294232649328e-02 1.000000000000000000e+00 0.000000000000000000e+00
3.714565004887585703e-02 1.000000000000000000e+00 0.000000000000000000e+00
3.812316715542522078e-02 1.000000000000000000e+00 0.000000000000000000e+00
3.910068426197458452e-02 1.000000000000000000e+00 0.000000000000000000e+00
4.007820136852394827e-02 1.000000000000000000e+00 0.000000000000000000e+00
4.105571847507331201e-02 1.000000000000000000e+00 0.000000000000000000e+00
4.203323558162267576e-02 1.000000000000000000e+00 0.000000000000000000e+00
4.301075268817204644e-02 1.000000000000000000e+00 0.000000000000000000e+00
4.398826979472141019e-02 1.000000000000000000e+00 0.000000000000000000e+00
4.496578690127077393e-02 1.000000000000000000e+00 0.000000000000000000e+00
4.594330400782013768e-02 1.000000000000000000e+00 0.000000000000000000e+00
4.692082111436950143e-02 1.000000000000000000e+00 0.000000000000000000e+00
4.789833822091886517e-02 1.000000000000000000e+00 0.000000000000000000e+00
4.887585532746822892e-02 1.000000000000000000e+00 0.000000000000000000e+00
4.985337243401759266e-02 1.000000000000000000e+00 0.000000000000000000e+00
5.083088954056696335e-02 1.000000000000000000e+00 0.000000000000000000e+00
5.180840664711632709e-02 1.000000000000000000e+00 0.000000000000000000e+00
5.278592375366569084e-02 1.000000000000000000e+00 0.000000000000000000e+00
5.376344086021505458e-02 1.000000000000000000e+00 0.000000000000000000e+00
5.474095796676441833e-02 1.000000000000000000e+00 0.000000000000000000e+00
5.571847507331378208e-02 1.000000000000000000e+00 0.000000000000000000e+00
5.669599217986314582e-02 1.000000000000000000e+00 0.000000000000000000e+00
5.767350928641250957e-02 1.000000000000000000e+00 0.000000000000000000e+00
5.865102639296188025e-02 1.000000000000000000e+00 0.000000000000000000e+00
5.962854349951124400e-02 1.000000000000000000e+00 0.000000000000000000e+00
6.060606060606060774e-02 1.000000000000000000e+00 0.000000000000000000e+00
6.158357771260997149e-02 1.000000000000000000e+00 0.000000000000000000e+00
6.256109481915933523e-02 1.000000000000000000e+00 0.000000000000000000e+00
6.353861192570869898e-02 1.000000000000000000e+00 0.000000000000000000e+00
6.451612903225806273e-02 1.000000000000000000e+00 0.000000000000000000e+00
6.549364613880742647e-02 1.000000000000000000e+00 0.000000000000000000e+00
6.647116324535679022e-02 1.000000000000000000e+00 0.000000000000000000e+00
6.744868035190615396e-02 1.000000000000000000e+00 0.000000000000000000e+00
6.842619745845551771e-02 1.000000000000000000e+00 0.000000000000000000e+00
6.940371456500488145e-02 1.000000000000000000e+00 0.000000000000000000e+00
7.038123167155425908e-02 1.000000000000000000e+00 0.000000000000000000e+00
7.135874877810362282e-02 1.000000000000000000e+00 0.000000000000000000e+00
7.233626588465298657e-02 1.000000000000000000e+00 0.000000000000000000e+00
7.331378299120235031e-02 1.000000000000000000e+00 0.000000000000000000e+00
7.429130009775171406e-02 1.000000000000000000e+00 0.000000000000000000e+00
7.526881720430107781e-02 1.000000000000000000e+00 0.000000000000000000e+00
7.624633431085044155e-02 1.000000000000000000e+00 0.000000000000000000e+00
7.722385141739980530e-02 1.000000000000000000e+00 0.000000000000000000e+00
7.820136852394916904e-02 1.000000000000000000e+00 0.000000000000000000e+00
7.917888563049853279e-02 1.000000000000000000e+00 0.000000000000000000e+00
8.015640273704789653e-02 1.000000000000000000e+00 0.000000000000000000e+00
8.113391984359726028e-02 1.000000000000000000e+00 0.000000000000000000e+00
8.211143695014662403e-02 1.000000000000000000e+00 0.000000000000000000e+00
8.308895405669598777e-02 1.000000000000000000e+00 0.000000000000000000e+00
8.406647116324535152e-02 1.000000000000000000e+00 0.000000000000000000e+00
8.504398826979471526e-02 1.000000000000000000e+00 0.000000000000000000e+00
8.602150537634409289e-02 1.000000000000000000e+00 0.000000000000000000e+00
8.699902248289345663e-02 1.000000000000000000e+00 0.000000000000000000e+00
8.797653958944282038e-02 1.000000000000000000e+00 0.000000000000000000e+00
8.895405669599218412e-02 1.000000000000000000e+00 0.000000000000000000e+00
8.993157380254154787e-02 1.000000000000000000e+00 0.000000000000000000e+00
9.090909090909091161e-02 1.000000000000000000e+00 0.000000000000000000e+00
9.188660801564027536e-02 1.000000000000000000e+00 0.000000000000000000e+00
9.286412512218963911e-02 1.000000000000000000e+00 0.000000000000000000e+00
9.384164222873900285e-02 1.000000000000000000e+00 0.000000000000000000e+00
9.481915933528836660e-02 1.000000000000000000e+00 0.000000000000000000e+00
9.579667644183773034e-02 1.000000000000000000e+00 0.000000000000000000e+00
9.677419354838709409e-02 1.000000000000000000e+00 0.000000000000000000e+00
9.775171065493645783e-02 1.000000000000000000e+00 0.000000000000000000e+00
9.872922776148582158e-02 1.000000000000000000e+00 0.000000000000000000e+00
9.970674486803518533e-02 1.000000000000000000e+00 0.000000000000000000e+00
1.006842619745845491e-01 1.000000000000000000e+00 0.000000000000000000e+00
1.016617790811339267e-01 1.000000000000000000e+00 0.000000000000000000e+00
1.026392961876832904e-01 1.000000000000000000e+00 0.000000000000000000e+00
1.036168132942326542e-01 1.000000000000000000e+00 0.000000000000000000e+00
1.045943304007820179e-01 1.000000000000000000e+00 0.000000000000000000e+00
1.055718475073313817e-01 1.000000000000000000e+00 0.000000000000000000e+00
1.065493646138807454e-01 1.000000000000000000e+00 0.000000000000000000e+00
1.075268817204301092e-01 1.000000000000000000e+00 0.000000000000000000e+00
1.085043988269794729e-01 1.000000000000000000e+00 0.000000000000000000e+00
1.094819159335288367e-01 1.000000000000000000e+00 0.000000000000000000e+00
1.104594330400782004e-01 1.000000000000000000e+00 0.000000000000000000e+00
1.114369501466275642e-01 1.000000000000000000e+00 0.000000000000000000e+00
1.124144672531769279e-01 1.000000000000000000e+00 0.000000000000000000e+00
1.133919843597262916e-01 1.000000000000000000e+00 0.000000000000000000e+00
1.143695014662756554e-01 1.000000000000000000e+00 0.000000000000000000e+00
1.153470185728250191e-01 1.000000000000000000e+00 0.000000000000000000e+00
1.163245356793743829e-01 1.000000000000000000e+00 0.000000000000000000e+00
1.173020527859237605e-01 1.000000000000000000e+00 0.000000000000000000e+00
1.182795698924731242e-01 1.000000000000000000e+00 0.000000000000000000e+00
1.192570869990224880e-01 1.000000000000000000e+00 0.000000000000000000e+00
1.202346041055718517e-01 1.000000000000000000e+00 0.000000000000000000e+00
1.212121212121212155e-01 1.000000000000000000e+00 0.000000000000000000e+00
1.221896383186705792e-01 1.000000000000000000e+00 0.000000000000000000e+00
1.231671554252199430e-01 1.000000000000000000e+00 0.000000000000000000e+00
1.241446725317693067e-01 1.000000000000000000e+00 0.000000000000000000e+00
1.251221896383186705e-01 1.000000000000000000e+00 0.000000000000000000e+00
1.260997067448680342e-01 1.000000000000000000e+00 0.000000000000000000e+00
1.270772238514173980e-01 1.000000000000000000e+00 0.000000000000000000e+00
1.280547409579667617e-01 1.000000000000000000e+00 0.000000000000000000e+00
1.290322580645161255e-01 1.000000000000000000e+00 0.000000000000000000e+00
1.300097751710654892e-01 1.000000000000000000e+00 0.000000000000000000e+00
1.309872922776148529e-01 1.000000000000000000e+00 0.000000000000000000e+00
1.319648093841642167e-01 1.000000000000000000e+00 0.000000000000000000e+00
1.329423264907135804e-01 1.000000000000000000e+00 0.000000000000000000e+00
1.339198435972629442e-01 1.000000000000000000e+00 0.000000000000000000e+00
1.348973607038123079e-01 1.000000000000000000e+00 0.000000000000000000e+00
1.358748778103616717e-01 1.000000000000000000e+00 0.000000000000000000e+00
1.368523949169110354e-01 1.000000000000000000e+00 0.000000000000000000e+00
1.378299120234603992e-01 1.000000000000000000e+00 0.000000000000000000e+00
1.388074291300097629e-01 1.000000000000000000e+00 0.000000000000000000e+00
1.397849462365591267e-01 1.000000000000000000e+00 0.000000000000000000e+00
1.407624633431085182e-01 1.000000000000000000e+00 0.000000000000000000e+00
1.417399804496578819e-01 1.000000000000000000e+00 0.000000000000000000e+00
1.427174975562072456e-01 1.000000000000000000e+00 0.000000000000000000e+00
1.436950146627566094e-01 1.000000000000000000e+00 0.000000000000000000e+00
1.446725317693059731e-01 1.000000000000000000e+00 0.000000000000000000e+00
1.456500488758553369e-01 1.000000000000000000e+00 0.000000000000000000e+00
1.466275659824047006e-01 1.000000000000000000e+00 0.000000000000000000e+00
1.476050830889540644e-01 1.000000000000000000e+00 0.000000000000000000e+00
1.485826001955034281e-01 1.000000000000000000e+00 0.000000000000000000e+00
1.495601173020527919e-01 1.000000000000000000e+00 0.000000000000000000e+00
1.505376344086021556e-01 1.000000000000000000e+00 0.000000000000000000e+00
1.515151515151515194e-01 1.000000000000000000e+00 0.000000000000000000e+00
1.524926686217008831e-01 1.000000000000000000e+00 0.000000000000000000e+00
1.534701857282502468e-01 1.000000000000000000e+00 0.000000000000000000e+00
1.544477028347996106e-01 1.000000000000000000e+00 0.000000000000000000e+00
1.554252199413489743e-01 1.000000000000000000e+00 0.000000000000000000e+00
1.564027370478983381e-01 1.000000000000000000e+00 0.000000000000000000e+00
1.573802541544477018e-01 1.000000000000000000e+00 0.000000000000000000e+00
1.583577712609970656e-01 1.000000000000000000e+00 0.000000000000000000e+00
1.593352883675464293e-01 1.000000000000000000e+00 0.000000000000000000e+00
1.603128054740957931e-01 1.000000000000000000e+00 0.000000000000000000e+00
1.612903225806451568e-01 1.000000000000000000e+00 0.000000000000000000e+00
1.622678396871945206e-01 1.000000000000000000e+00 0.000000000000000000e+00
1.632453567937438843e-01 1.000000000000000000e+00 0.000000000000000000e+00
1.642228739002932481e-01 1.000000000000000000e+00 0.000000000000000000e+00
1.652003910068426118e-01 1.000000000000000000e+00 0.000000000000000000e+00
1.661779081133919755e-01 1.000000000000000000e+00 0.000000000000000000e+00
1.671554252199413393e-01 1.000000000000000000e+00 0.000000000000000000e+00
1.681329423264907030e-01 1.000000000000000000e+00 0.000000000000000000e+00
1.691104594330400668e-01 1.000000000000000000e+00 0.000000000000000000e+00
1.700879765395894305e-01 1.000000000000000000e+00 0.000000000000000000e+00
1.710654936461387943e-01 1.000000000000000000e+00 0.000000000000000000e+00
1.720430107526881858e-01 1.000000000000000000e+00 0.000000000000000000e+00
1.730205278592375495e-01 1.000000000000000000e+00 0.000000000000000000e+00
1.739980449657869133e-01 1.000000000000000000e+00 0.000000000000000000e+00
1.749755620723362770e-01 1.000000000000000000e+00 0.000000000000000000e+00
1.759530791788856408e-01 1.000000000000000000e+00 0.000000000000000000e+00
1.769305962854350045e-01 1.000000000000000000e+00 0.000000000000000000e+00
1.779081133919843682e-01 1.000000000000000000e+00 0.000000000000000000e+00
1.788856304985337320e-01 1.000000000000000000e+00 0.000000000000000000e+00
1.798631476050830957e-01 1.000000000000000000e+00 0.000000000000000000e+00
1.808406647116324595e-01 1.000000000000000000e+00 0.000000000000000000e+00
1.818181818181818232e-01 1.000000000000000000e+00 0.000000000000000000e+00
1.827956989247311870e-01 1.000000000000000000e+00 0.000000000000000000e+00
1.837732160312805507e-01 1.000000000000000000e+00 0.000000000000000000e+00
1.847507331378299145e-01 1.000000000000000000e+00 0.000000000000000000e+00
1.857282502443792782e-01 1.000000000000000000e+00 0.000000000000000000e+00
1.867057673509286420e-01 1.000000000000000000e+00 0.000000000000000000e+00
1.876832844574780057e-01 1.000000000000000000e+00 0.000000000000000000e+00
1.886608015640273694e-01 1.000000000000000000e+00 0.000000000000000000e+00
1.896383186705767332e-01 1.000000000000000000e+00 0.000000000000000000e+00
1.906158357771260969e-01 1.000000000000000000e+00 0.000000000000000000e+00
1.915933528836754607e-01 1.000000000000000000e+00 0.000000000000000000e+00
1.925708699902248244e-01 1.000000000000000000e+00 0.000000000000000000e+00
1.935483870967741882e-01 1.000000000000000000e+00 0.000000000000000000e+00
1.945259042033235519e-01 1.000000000000000000e+00 0.000000000000000000e+00
1.955034213098729157e-01 1.000000000000000000e+00 0.000000000000000000e+00
1.964809384164222794e-01 1.000000000000000000e+00 0.000000000000000000e+00
1.974584555229716432e-01 1.000000000000000000e+00 0.000000000000000000e+00
1.984359726295210069e-01 1.000000000000000000e+00 0.000000000000000000e+00
1.994134897360703707e-01 1.000000000000000000e+00 0.000000000000000000e+00
2.003910068426197344e-01 1.000000000000000000e+00 0.000000000000000000e+00
2.013685239491690981e-01 1.000000000000000000e+00 0.000000000000000000e+00
2.023460410557184619e-01 1.000000000000000000e+00 0.000000000000000000e+00
2.033235581622678534e-01 1.000000000000000000e+00 0.000000000000000000e+00
2.043010752688172171e-01 1.000000000000000000e+00 0.000000000000000000e+00
2.052785923753665809e-01 1.000000000000000000e+00 0.000000000000000000e+00
2.062561094819159446e-01 1.000000000000000000e+00 0.000000000000000000e+00
2.072336265884653084e-01 1.000000000000000000e+00 0.000000000000000000e+00
2.082111436950146721e-01 1.000000000000000000e+00 0.000000000000000000e+00
2.091886608015640359e-01 1.000000000000000000e+00 0.000000000000000000e+00
2.101661779081133996e-01 1.000000000000000000e+00 0.000000000000000000e+00
2.111436950146627634e-01 1.000000000000000000e+00 0.000000000000000000e+00
2.121212121212121271e-01 1.000000000000000000e+00 0.000000000000000000e+00
2.130987292277614908e-01 1.000000000000000000e+00 0.000000000000000000e+00
2.140762463343108546e-01 1.000000000000000000e+00 0.000000000000000000e+00
2.150537634408602183e-01 1.000000000000000000e+00 0.000000000000000000e+00
2.160312805474095821e-01 1.000000000000000000e+00 0.000000000000000000e+00
2.170087976539589458e-01 1.000000000000000000e+00 0.000000000000000000e+00
2.179863147605083096e-01 1.000000000000000000e+00 0.000000000000000000e+00
2.189638318670576733e-01 1.000000000000000000e+00 0.000000000000000000e+00
2.199413489736070371e-01 1.000000000000000000e+00 0.000000000000000000e+00
2.209188660801564008e-01 1.000000000000000000e+00 0.000000000000000000e+00
2.218963831867057646e-01 1.000000000000000000e+00 0.000000000000000000e+00
2.228739002932551283e-01 1.000000000000000000e+00 0.000000000000000000e+00
2.238514173998044920e-01 1.000000000000000000e+00 0.000000000000000000e+00
2.248289345063538558e-01 1.000000000000000000e+00 0.000000000000000000e+00
2.258064516129032195e-01 1.000000000000000000e+00 0.000000000000000000e+00
2.267839687194525833e-01 1.000000000000000000e+00 0.000000000000000000e+00
2.277614858260019470e-01 1.000000000000000000e+00 0.000000000000000000e+00
2.287390029325513108e-01 1.000000000000000000e+00 0.000000000000000000e+00
2.297165200391006745e-01 1.000000000000000000e+00 0.000000000000000000e+00
2.306940371456500383e-01 1.000000000000000000e+00 0.000000000000000000e+00
2.316715542521994020e-01 1.000000000000000000e+00 0.000000000000000000e+00
2.326490713587487658e-01 1.000000000000000000e+00 0.000000000000000000e+00
2.336265884652981295e-01 1.000000000000000000e+00 0.000000000000000000e+00
2.346041055718475210e-01 1.000000000000000000e+00 0.000000000000000000e+00
2.355816226783968848e-01 1.000000000000000000e+00 0.000000000000000000e+00
2.365591397849462485e-01 1.000000000000000000e+00 0.000000000000000000e+00
2.375366568914956122e-01 1.000000000000000000e+00 0.000000000000000000e+00
2.385141739980449760e-01 1.000000000000000000e+00 0.000000000000000000e+00
2.394916911045943397e-01 1.000000000000000000e+00 0.000000000000000000e+00
2.404692082111437035e-01 1.000000000000000000e+00 0.000000000000000000e+00
2.414467253176930672e-01 1.000000000000000000e+00 0.000000000000000000e+00
2.424242424242424310e-01 1.000000000000000000e+00 0.000000000000000000e+00
2.434017595307917947e-01 1.000000000000000000e+00 0.000000000000000000e+00
2.443792766373411585e-01 1.000000000000000000e+00 0.000000000000000000e+00
2.453567937438905222e-01 1.000000000000000000e+00 0.000000000000000000e+00
2.463343108504398860e-01 1.000000000000000000e+00 0.000000000000000000e+00
2.473118279569892497e-01 1.000000000000000000e+00 0.000000000000000000e+00
2.482893450635386134e-01 1.000000000000000000e+00 0.000000000000000000e+00
2.492668621700879772e-01 1.000000000000000000e+00 0.000000000000000000e+00
2.502443792766373409e-01 1.000000000000000000e+00 0.000000000000000000e+00
2.512218963831867047e-01 1.000000000000000000e+00 0.000000000000000000e+00
2.521994134897360684e-01 1.000000000000000000e+00 0.000000000000000000e+00
2.531769305962854322e-01 1.000000000000000000e+00 0.000000000000000000e+00
2.541544477028347959e-01 1.000000000000000000e+00 0.000000000000000000e+00
2.551319648093841597e-01 1.000000000000000000e+00 0.000000000000000000e+00
2.561094819159335234e-01 1.000000000000000000e+00 0.000000000000000000e+00
2.570869990224828872e-01 1.000000000000000000e+00 0.000000000000000000e+00
2.580645161290322509e-01 1.000000000000000000e+00 0.000000000000000000e+00
2.590420332355816146e-01 1.000000000000000000e+00 0.000000000000000000e+00
2.600195503421309784e-01 1.000000000000000000e+00 0.000000000000000000e+00
2.609970674486803421e-01 1.000000000000000000e+00 0.000000000000000000e+00
2.619745845552297059e-01 1.000000000000000000e+00 0.000000000000000000e+00
2.629521016617790696e-01 1.000000000000000000e+00 0.000000000000000000e+00
2.639296187683284334e-01 1.000000000000000000e+00 0.000000000000000000e+00
2.649071358748777971e-01 1.000000000000000000e+00 0.000000000000000000e+00
2.658846529814271609e-01 1.000000000000000000e+00 0.000000000000000000e+00
2.668621700879765246e-01 1.000000000000000000e+00 0.000000000000000000e+00
2.678396871945258884e-01 1.000000000000000000e+00 0.000000000000000000e+00
2.688172043010752521e-01 1.000000000000000000e+00 0.000000000000000000e+00
2.697947214076246158e-01 1.000000000000000000e+00 0.000000000000000000e+00
2.707722385141739796e-01 1.000000000000000000e+00 0.000000000000000000e+00
2.717497556207233433e-01 1.000000000000000000e+00 0.000000000000000000e+00
2.727272727272727071e-01 1.000000000000000000e+00 0.000000000000000000e+00
2.737047898338220708e-01 1.000000000000000000e+00 0.000000000000000000e+00
2.746823069403714346e-01 1.000000000000000000e+00 0.000000000000000000e+00
2.756598240469207983e-01 1.000000000000000000e+00 0.000000000000000000e+00
2.766373411534701621e-01 1.000000000000000000e+00 0.000000000000000000e+00
2.776148582600195258e-01 1.000000000000000000e+00 0.000000000000000000e+00
2.785923753665688896e-01 1.000000000000000000e+00 0.000000000000000000e+00
2.795698924731182533e-01 1.000000000000000000e+00 0.000000000000000000e+00
2.805474095796676171e-01 1.000000000000000000e+00 0.000000000000000000e+00
2.815249266862170363e-01 1.000000000000000000e+00 0.000000000000000000e+00
2.825024437927664001e-01 1.000000000000000000e+00 0.000000000000000000e+00
2.834799608993157638e-01 1.000000000000000000e+00 0.000000000000000000e+00
2.844574780058651275e-01 1.000000000000000000e+00 0.000000000000000000e+00
2.854349951124144913e-01 1.000000000000000000e+00 0.000000000000000000e+00
2.864125122189638550e-01 1.000000000000000000e+00 0.000000000000000000e+00
2.873900293255132188e-01 1.000000000000000000e+00 0.000000000000000000e+00
2.883675464320625825e-01 1.000000000000000000e+00 0.000000000000000000e+00
2.893450635386119463e-01 1.000000000000000000e+00 0.000000000000000000e+00
2.903225806451613100e-01 1.000000000000000000e+00 0.000000000000000000e+00
2.913000977517106738e-01 1.000000000000000000e+00 0.000000000000000000e+00
2.922776148582600375e-01 1.000000000000000000e+00 0.000000000000000000e+00
2.932551319648094013e-01 1.000000000000000000e+00 0.000000000000000000e+00
2.942326490713587650e-01 1.000000000000000000e+00 0.000000000000000000e+00
2.952101661779081287e-01 1.000000000000000000e+00 0.000000000000000000e+00
2.961876832844574925e-01 1.000000000000000000e+00 0.000000000000000000e+00
2.971652003910068562e-01 1.000000000000000000e+00 0.000000000000000000e+00
2.981427174975562200e-01 1.000000000000000000e+00 0.000000000000000000e+00
2.991202346041055837e-01 1.000000000000000000e+00 0.000000000000000000e+00
3.000977517106549475e-01 1.000000000000000000e+00 0.000000000000000000e+00
3.010752688172043112e-01 1.000000000000000000e+00 0.000000000000000000e+00
3.020527859237536750e-01 1.000000000000000000e+00 0.000000000000000000e+00
3.030303030303030387e-01 1.000000000000000000e+00 0.000000000000000000e+00
3.040078201368524025e-01 1.000000000000000000e+00 0.000000000000000000e+00
3.049853372434017662e-01 1.000000000000000000e+00 0.000000000000000000e+00
3.059628543499511300e-01 1.000000000000000000e+00 0.000000000000000000e+00
3.069403714565004937e-01 1.000000000000000000e+00 0.000000000000000000e+00
3.079178885630498574e-01 1.000000000000000000e+00 0.000000000000000000e+00
3.088954056695992212e-01 1.000000000000000000e+00 0.000000000000000000e+00
3.098729227761485849e-01 1.000000000000000000e+00 0.000000000000000000e+00
3.108504398826979487e-01 1.000000000000000000e+00 0.000000000000000000e+00
3.118279569892473124e-01 1.000000000000000000e+00 0.000000000000000000e+00
3.128054740957966762e-01 1.000000000000000000e+00 0.000000000000000000e+00
3.137829912023460399e-01 1.000000000000000000e+00 0.000000000000000000e+00
3.147605083088954037e-01 1.000000000000000000e+00 0.000000000000000000e+00
3.157380254154447674e-01 1.000000000000000000e+00 0.000000000000000000e+00
3.167155425219941312e-01 1.000000000000000000e+00 0.000000000000000000e+00
3.176930596285434949e-01 1.000000000000000000e+00 0.000000000000000000e+00
3.186705767350928586e-01 1.000000000000000000e+00 0.000000000000000000e+00
3.196480938416422224e-01 1.000000000000000000e+00 0.000000000000000000e+00
3.206256109481915861e-01 1.000000000000000000e+00 0.000000000000000000e+00
3.216031280547409499e-01 1.000000000000000000e+00 0.000000000000000000e+00
3.225806451612903136e-01 1.000000000000000000e+00 0.000000000000000000e+00
3.235581622678396774e-01 1.000000000000000000e+00 0.000000000000000000e+00
3.245356793743890411e-01 1.000000000000000000e+00 0.000000000000000000e+00
3.255131964809384049e-01 1.000000000000000000e+00 0.000000000000000000e+00
3.264907135874877686e-01 1.000000000000000000e+00 0.000000000000000000e+00
3.274682306940371324e-01 1.000000000000000000e+00 0.000000000000000000e+00
3.284457478005864961e-01 1.000000000000000000e+00 0.000000000000000000e+00
3.294232649071358598e-01 1.000000000000000000e+00 0.000000000000000000e+00
3.304007820136852236e-01 1.000000000000000000e+00 0.000000000000000000e+00
3.313782991202345873e-01 1.000000000000000000e+00 0.000000000000000000e+00
3.323558162267839511e-01 1.000000000000000000e+00 0.000000000000000000e+00
3.333333333333333148e-01 1.000000000000000000e+00 0.000000000000000000e+00
3.343108504398826786e-01 1.000000000000000000e+00 0.000000000000000000e+00
3.352883675464320423e-01 1.000000000000000000e+00 0.000000000000000000e+00
3.362658846529814061e-01 1.000000000000000000e+00 0.000000000000000000e+00
3.372434017595307698e-01 1.000000000000000000e+00 0.000000000000000000e+00
3.382209188660801336e-01 1.000000000000000000e+00 0.000000000000000000e+00
3.391984359726294973e-01 1.000000000000000000e+00 0.000000000000000000e+00
3.401759530791788610e-01 1.000000000000000000e+00 0.000000000000000000e+00
3.411534701857282248e-01 1.000000000000000000e+00 0.000000000000000000e+00
3.421309872922775885e-01 1.000000000000000000e+00 0.000000000000000000e+00
3.431085043988269523e-01 1.000000000000000000e+00 0.000000000000000000e+00
3.440860215053763715e-01 1.000000000000000000e+00 0.000000000000000000e+00
3.450635386119257353e-01 1.000000000000000000e+00 0.000000000000000000e+00
3.460410557184750990e-01 1.000000000000000000e+00 0.000000000000000000e+00
3.470185728250244628e-01 1.000000000000000000e+00 0.000000000000000000e+00
3.479960899315738265e-01 1.000000000000000000e+00 0.000000000000000000e+00
3.489736070381231903e-01 1.000000000000000000e+00 0.000000000000000000e+00
3.499511241446725540e-01 1.000000000000000000e+00 0.000000000000000000e+00
3.509286412512219178e-01 1.000000000000000000e+00 0.000000000000000000e+00
3.519061583577712815e-01 1.000000000000000000e+00 0.000000000000000000e+00
3.528836754643206453e-01 1.000000000000000000e+00 0.000000000000000000e+00
3.538611925708700090e-01 1.000000000000000000e+00 0.000000000000000000e+00
3.548387096774193727e-01 1.000000000000000000e+00 0.000000000000000000e+00
3.558162267839687365e-01 1.000000000000000000e+00 0.000000000000000000e+00
3.567937438905181002e-01 1.000000000000000000e+00 0.000000000000000000e+00
3.577712609970674640e-01 1.000000000000000000e+00 0.000000000000000000e+00
3.587487781036168277e-01 1.000000000000000000e+00 0.000000000000000000e+00
3.597262952101661915e-01 1.000000000000000000e+00 0.000000000000000000e+00
3.607038123167155552e-01 1.000000000000000000e+00 0.000000000000000000e+00
3.616813294232649190e-01 1.000000000000000000e+00 0.000000000000000000e+00
3.626588465298142827e-01 1.000000000000000000e+00 1.809942492598502647e-17
3.636363636363636465e-01 9.999999999999995559e-01 2.805482251960418620e-16
3.646138807429130102e-01 9.999999999999981126e-01 1.923161630801295698e-15
3.655913978494623739e-01 9.999999999999920064e-01 5.588579160162349880e-15
3.665689149560117377e-01 9.999999999999805711e-01 1.866667284254542413e-14
3.675464320625611014e-01 9.999999999999399369e-01 4.274138802221802648e-14
3.685239491691104652e-01 9.999999999998637756e-01 1.270802171538292193e-13
3.695014662756598289e-01 9.999999999996058708e-01 2.831007877002562920e-13
3.704789833822091927e-01 9.999999999991322497e-01 8.046947822331694991e-13
3.714565004887585564e-01 9.999999999975697218e-01 1.757322334819155057e-12
3.724340175953079202e-01 9.999999999947334350e-01 4.846827562568266699e-12
3.734115347018572839e-01 9.999999999856648003e-01 1.041352417873101817e-11
3.743890518084066477e-01 9.999999999694360042e-01 2.789750557947972324e-11
3.753665689149560114e-01 9.999999999192413780e-01 5.893823360285200913e-11
3.763440860215053752e-01 9.999999998307484983e-01 1.532372288362938760e-10
3.773216031280547389e-01 9.999999995661490448e-01 3.181169335121259634e-10
3.782991202346041026e-01 9.999999991068613259e-01 8.019964076884810579e-10
3.792766373411534664e-01 9.999999977810832830e-01 1.634742615724741995e-09
3.802541544477028301e-01 9.999999955166768428e-01 3.992210716946524923e-09
3.812316715542521939e-01 9.999999892162069193e-01 7.983100971092694678e-09
3.822091886608015576e-01 9.999999786342350649e-01 1.886376295039782002e-08
3.831867057673509214e-01 9.999999503029466386e-01 3.697000461630759213e-08
3.841642228739002851e-01 9.999999035454438800e-01 8.442298657904501371e-08
3.851417399804496489e-01 9.999997833251382806e-01 1.619843491698221371e-07
3.861192570869990126e-01 9.999995885238260884e-01 3.569739112936718274e-07
3.870967741935483764e-01 9.999991086126466255e-01 6.697345916237856946e-07
3.880742913000977401e-01 9.999983458564352112e-01 1.422124695617885564e-06
3.890518084066471038e-01 9.999965500976311095e-01 2.605188651370880656e-06
3.900293255131964676e-01 9.999937537399563592e-01 5.320684640999126943e-06
3.910068426197458313e-01 9.999874820480538773e-01 9.501287649346281861e-06
3.919843597262951951e-01 9.999779263616755953e-01 1.862531481720013955e-05
3.929618768328445588e-01 9.999575869757417745e-01 3.235768257629856526e-05
3.939393939393939226e-01 9.999273157165294856e-01 6.073471038131843106e-05
3.949169110459432863e-01 9.998664500274678790e-01 1.024100404586434921e-04
3.958944281524926501e-01 9.997781442144237918e-01 1.835263393758315459e-04
3.968719452590420138e-01 9.996113797175339988e-01 2.994937464549226810e-04
3.978494623655913776e-01 9.993761324292550485e-01 5.107281333738021350e-04
3.988269794721407413e-01 9.989617873437489637e-01 8.038011571720501524e-04
3.998044965786901050e-01 9.983953009295227776e-01 1.299488892069310033e-03
4.007820136852394688e-01 9.974723070492270693e-01 1.964334118065464829e-03
4.017595307917888325e-01 9.962540368688694858e-01 2.999352690011932408e-03
4.027370478983381963e-01 9.944332204988841628e-01 4.335200592299742230e-03
4.037145650048875600e-01 9.921231591244497050e-01 6.233778433892296807e-03
4.046920821114369238e-01 9.889760325300622767e-01 8.580166214053613558e-03
4.056695992179862875e-01 9.851550914714990448e-01 1.161162457717362928e-02
4.066471163245357068e-01 9.804111034462620333e-01 1.518361346949627377e-02
4.076246334310850705e-01 9.749188059683666641e-01 1.939663137430279113e-02
4.086021505376344343e-01 9.686412173981593376e-01 2.411813835239241463e-02
4.095796676441837980e-01 9.617183854153074085e-01 2.928352810325314526e-02
4.105571847507331618e-01 9.542831879985825827e-01 3.479742941652171767e-02
4.115347018572825255e-01 9.464396931206759955e-01 4.052896255043775264e-02
4.125122189638318893e-01 9.383348408035281363e-01 4.640500343173547398e-02
4.134897360703812530e-01 9.300590574784243225e-01 5.233722384701940122e-02
4.144672531769306167e-01 9.216878040530104288e-01 5.826626060875723934e-02
4.154447702834799805e-01 9.132860792142895034e-01 6.415666150265234013e-02
4.164222873900293442e-01 9.048849598399637539e-01 6.997782813798024415e-02
4.173998044965787080e-01 8.965106937890953143e-01 7.571262096814418419e-02
4.183773216031280717e-01 8.881799582225381462e-01 8.135383187243447334e-02
4.193548387096774355e-01 8.799009309820269298e-01 8.689358424959454930e-02
4.203323558162267992e-01 8.716787610412980447e-01 9.232953016515962896e-02
4.213098729227761630e-01 8.635185094612015666e-01 9.766057108813512577e-02
4.222873900293255267e-01 8.554211569125359516e-01 1.028861761598057617e-01
4.232649071358748905e-01 8.473884454128658428e-01 1.080059823132805269e-01
4.242424242424242542e-01 8.394211536351842140e-01 1.130210991871412052e-01
4.252199413489736179e-01 8.315200200830670241e-01 1.179319198510593858e-01
4.261974584555229817e-01 8.236848580669743347e-01 1.227394084728816170e-01
4.271749755620723454e-01 8.159161176462058629e-01 1.274445000658522287e-01
4.281524926686217092e-01 8.082135829281525963e-01 1.320484369370496236e-01
4.291300097751710729e-01 8.005772147155024721e-01 1.365521917617253667e-01
4.301075268817204367e-01 7.930066894459847360e-01 1.409570238678527210e-01
4.310850439882698004e-01 7.855018866586620518e-01 1.452641076672553377e-01
4.320625610948191642e-01 7.780624218209286624e-01 1.494746999596249237e-01
4.330400782013685279e-01 7.706880129245968769e-01 1.535899843024731426e-01
4.340175953079178917e-01 7.633782792870561495e-01 1.576112312785298009e-01
4.349951124144672554e-01 7.561328949295207380e-01 1.615396688758692079e-01
4.359726295210166191e-01 7.489514552823851590e-01 1.653765413421442176e-01
4.369501466275659829e-01 7.418335900219367174e-01 1.691230704807335505e-01
4.379276637341153466e-01 7.347789032292098010e-01 1.727804927225993492e-01
4.389051808406647104e-01 7.277870127461537608e-01 1.763500252372340316e-01
4.398826979472140741e-01 7.208575202783922276e-01 1.798328796791247297e-01
4.408602150537634379e-01 7.139900388203995751e-01 1.832302552194784995e-01
4.418377321603128016e-01 7.071841806828573773e-01 1.865433452690541116e-01
4.428152492668621654e-01 7.004395650315432542e-01 1.897733301517098015e-01
4.437927663734115291e-01 6.937558132466279393e-01 1.929213790537090689e-01
4.447702834799608929e-01 6.871325547756464980e-01 1.959886495150114094e-01
4.457478005865102566e-01 6.805694261496355590e-01 1.989762884694169232e-01
4.467253176930596203e-01 6.740660722800554394e-01 2.018854308326648028e-01
4.477028347996089841e-01 6.676221463766124353e-01 2.047171995325511307e-01
4.486803519061583478e-01 6.612373115224901010e-01 2.074727057373782768e-01
4.496578690127077116e-01 6.549112413746072114e-01 2.101530491694590386e-01
4.506353861192570753e-01 6.486436208265080605e-01 2.127593179288276848e-01
4.516129032258064391e-01 6.424341465946086238e-01 2.152925884745679752e-01
4.525904203323558028e-01 6.362825281389090648e-01 2.177539258299937552e-01
4.535679374389051666e-01 6.301884885737859543e-01 2.201443838416154430e-01
4.545454545454545303e-01 6.241517655159473099e-01 2.224650053189520527e-01
4.555229716520038941e-01 6.181721119479659521e-01 2.247168221567355795e-01
4.565004887585532578e-01 6.122492972174268244e-01 2.269008555410675088e-01
4.574780058651026216e-01 6.063831081452113470e-01 2.290181162164599271e-01
4.584555229716519853e-01 6.005733501914402028e-01 2.310696047430847444e-01
4.594330400782013490e-01 5.948198486878479851e-01 2.330563117385181238e-01
4.604105571847507128e-01 5.891224501860365947e-01 2.349792181440208128e-01
4.613880742913000765e-01 5.834810239473074978e-01 2.368392955336873773e-01
4.623655913978494403e-01 5.778954635701486486e-01 2.386375064505259214e-01
4.633431085043988040e-01 5.723656887556082262e-01 2.403748047547522304e-01
4.643206256109481678e-01 5.668916472312517385e-01 2.420521359909330317e-01
4.652981427174975315e-01 5.614733168612691117e-01 2.436704377887170814e-01
4.662756598240468953e-01 5.561107079624327820e-01 2.452306403028119974e-01
4.672531769305962590e-01 5.508038658398375365e-01 2.467336666896637609e-01
4.682306940371456228e-01 5.455528735603515367e-01 2.481804336208365547e-01
4.692082111436950420e-01 5.403578549887926297e-01 2.495718518398945818e-01
4.701857282502444058e-01 5.352189781145494374e-01 2.509088267718456167e-01
4.711632453567937695e-01 5.301364586950668700e-01 2.521922591917446499e-01
4.721407624633431332e-01 5.251105642420631492e-01 2.534230459571728544e-01
4.731182795698924970e-01 5.201416183783992286e-01 2.546020808106257971e-01
4.740957966764418607e-01 5.152300055962250047e-01 2.557302552605366097e-01
4.750733137829912245e-01 5.103761764480769791e-01 2.568084595510559121e-01
4.760508308895405882e-01 5.055806532017499411e-01 2.578375837305612595e-01
4.770283479960899520e-01 5.008440359881400905e-01 2.588185188286477589e-01
4.780058651026393157e-01 4.961670094692844368e-01 2.597521581520088052e-01
4.789833822091886795e-01 4.915503500507323875e-01 2.606393987107317733e-01
4.799608993157380432e-01 4.869949336569848186e-01 2.614811427871696070e-01
4.809384164222874070e-01 4.825017440802670809e-01 2.622782996593489013e-01
4.819159335288367707e-01 4.780718819009812659e-01 2.630317874900929276e-01
4.828934506353861345e-01 4.737065739622758342e-01 2.637425353919359838e-01
4.838709677419354982e-01 4.694071833602262989e-01 2.644114856763111199e-01
4.848484848484848619e-01 4.651752198837214025e-01 2.650395962929242843e-01
4.858260019550342257e-01 4.610123508027506589e-01 2.656278434612130424e-01
4.868035190615835894e-01 4.569204118589315078e-01 2.661772244900677542e-01
4.877810361681329532e-01 4.529014182561882373e-01 2.666887607743237409e-01
4.887585532746823169e-01 4.489575753808533465e-01 2.671635009466168942e-01
4.897360703812316807e-01 4.450912888973565518e-01 2.676025241505373131e-01
4.907135874877810444e-01 4.413051737665946161e-01 2.680069433851302585e-01
4.916911045943304082e-01 4.376020616181224843e-01 2.683779088512964206e-01
4.926686217008797719e-01 4.339850057744963907e-01 2.687166112073595681e-01
4.936461388074291357e-01 4.304572830779324066e-01 2.690242846140497024e-01
4.946236559139784994e-01 4.270223915094882861e-01 2.693022094188068927e-01
4.956011730205278631e-01 4.236840424257436455e-01 2.695517142965057622e-01
4.965786901270772269e-01 4.204461460778597948e-01 2.697741776300426331e-01
4.975562072336265906e-01 4.173127889383214106e-01 2.699710278822137210e-01
4.985337243401759544e-01 4.142882012628713584e-01 2.701437426835727185e-01
4.995112414467253181e-01 4.113767132869582954e-01 2.702938463442742800e-01
5.004887585532746819e-01 4.085826985317696503e-01 2.704229054972086543e-01
5.014662756598240456e-01 4.059105029144566834e-01 2.705325226017812890e-01
5.024437927663734094e-01 4.033643587631309257e-01 2.706243270895363207e-01
5.034213098729227731e-01 4.009482834702526866e-01 2.706999640207740643e-01
5.043988269794721369e-01 3.986659634093366877e-01 2.707610802495368785e-01
5.053763440860215006e-01 3.965206249010745365e-01 2.708093082629955961e-01
5.063538611925708643e-01 3.945148954258538287e-01 2.708462480646047776e-01
5.073313782991202281e-01 3.926506598755361011e-01 2.708734476950350190e-01
5.083088954056695918e-01 3.909289182984691524e-01 2.708923832090185391e-01
5.092864125122189556e-01 3.893496531388461745e-01 2.709044391204002977e-01
5.102639296187683193e-01 3.879117151724007506e-01 2.709108904576280619e-01
5.112414467253176831e-01 3.866127379309883261e-01 2.709128876039241240e-01
5.122189638318670468e-01 3.854490901311333761e-01 2.709114450044726174e-01
5.131964809384164106e-01 3.844158742774902437e-01 2.709074345966416830e-01
5.141739980449657743e-01 3.835069771211455092e-01 2.709015844698839381e-01
5.151515151515151381e-01 3.827151741052013389e-01 2.708944828250857140e-01
5.161290322580645018e-01 3.820322856152097990e-01 2.708865868352800521e-01
5.171065493646138655e-01 3.814493782456453985e-01 2.708782355788109109e-01
5.180840664711632293e-01 3.809569999987437172e-01 2.708696658879702346e-01
5.190615835777125930e-01 3.805454349768365163e-01 2.708610297794862842e-01
5.200391006842619568e-01 3.802049612426992020e-01 2.708524121284466291e-01
5.210166177908113205e-01 3.799260954185672556e-01 2.708438474022222819e-01
5.219941348973606843e-01 3.796998092985867101e-01 2.708353345455360439e-01
5.229716520039100480e-01 3.795177069878534204e-01 2.708268494447343966e-01
5.239491691104594118e-01 3.793721553396369184e-01 2.708183547386865397e-01
5.249266862170087755e-01 3.792563650967300526e-01 2.708098070359685750e-01
5.259042033235581393e-01 3.791644245106728928e-01 2.708011618121304864e-01
5.268817204301075030e-01 3.790912907909949059e-01 2.707923763866156297e-01
5.278592375366568668e-01 3.790327471993543140e-01 2.707834114234836664e-01
5.288367546432062305e-01 3.789853348451070469e-01 2.707742313818526370e-01
5.298142717497555942e-01 3.789462683504522533e-01 2.707648042834772117e-01
5.307917888563049580e-01 3.789133437650948899e-01 2.707551010873880393e-01
5.317693059628543217e-01 3.788848457218922938e-01 2.707450948815769420e-01
5.327468230694036855e-01 3.788594591405173295e-01 2.707347600300599177e-01
5.337243401759530492e-01 3.788361890672234389e-01 2.707240713556222089e-01
5.347018572825024130e-01 3.788142906775575636e-01 2.707130033954051607e-01
5.356793743890517767e-01 3.787932101814138752e-01 2.707015297368638440e-01
5.366568914956011405e-01 3.787725364037256015e-01 2.706896224228553804e-01
5.376344086021505042e-01 3.787519621639915957e-01 2.706772514036428490e-01
5.386119257086998680e-01 3.787312542037742369e-01 2.706643840074843821e-01
5.395894428152492317e-01 3.787102302555609978e-01 2.706509843976643848e-01
5.405669599217985954e-01 3.786887418467868582e-01 2.706370129800816371e-01
5.415444770283479592e-01 3.786666615316093276e-01 2.706224257198312499e-01
5.425219941348973229e-01 3.786438733917658062e-01 2.706071733155844261e-01
5.434995112414466867e-01 3.786202658089187212e-01 2.705912001646914034e-01
5.444770283479960504e-01 3.785957256569220664e-01 2.705744430269761969e-01
5.454545454545454142e-01 3.785701331743243081e-01 2.705568292575981082e-01
5.464320625610947779e-01 3.785433568420461525e-01 2.705382744246661031e-01
5.474095796676441417e-01 3.785152475992487053e-01 2.705186790502374650e-01
5.483870967741935054e-01 3.784856316751067373e-01 2.704979241081883479e-01
5.493646138807428692e-01 3.784543011907403054e-01 2.704758647738115807e-01
5.503421309872922329e-01 3.784210014921302045e-01 2.704523217442252880e-01
5.513196480938415966e-01 3.783854139149194218e-01 2.704270692359261319e-01
5.522971652003909604e-01 3.783471323680138165e-01 2.703998185229318785e-01
5.532746823069403241e-01 3.783056317808646263e-01 2.703701956228111158e-01
5.542521994134896879e-01 3.782602261339473859e-01 2.703377114989924945e-01
5.552297165200390516e-01 3.782100135509164351e-01 2.703017229731852211e-01
5.562072336265884154e-01 3.781538058669124402e-01 2.702613824966603739e-01
5.571847507331377791e-01 3.780900403162399392e-01 2.702155750951721336e-01
5.581622678396871429e-01 3.780166716348495881e-01 2.701628412718944938e-01
5.591397849462365066e-01 3.779310440790403236e-01 2.701012855181869621e-01
5.601173020527858704e-01 3.778297447280827281e-01 2.700284714187109469e-01
5.610948191593352341e-01 3.777084420175488289e-01 2.699413061824537663e-01
5.620723362658845979e-01 3.775617167065990487e-01 2.698359197590389780e-01
5.630498533724340726e-01 3.773828962607753135e-01 2.697075463991598920e-01
5.640273704789834364e-01 3.771639076331606555e-01 2.695504193757095046e-01
5.650048875855328001e-01 3.768951672031436440e-01 2.693576922784293726e-01
5.659824046920821639e-01 3.765655296056596990e-01 2.691214024170920927e-01
5.669599217986315276e-01 3.761623186962471665e-01 2.688324929462155288e-01
5.679374389051808913e-01 3.756714632894546102e-01 2.684809098873348066e-01
5.689149560117302551e-01 3.750777570249572701e-01 2.680557878764329161e-01
5.698924731182796188e-01 3.743652554229647267e-01 2.675457339654950806e-01
5.708699902248289826e-01 3.735178138853895158e-01 2.669392121563768372e-01
5.718475073313783463e-01 3.725197584927582573e-01 2.662250228359173132e-01
5.728250244379277101e-01 3.713566677958779483e-01 2.653928615258309143e-01
5.738025415444770738e-01 3.700162296742512402e-01 2.644339312657849606e-01
5.747800586510264376e-01 3.684891243020047558e-01 2.633415736364811965e-01
5.757575757575758013e-01 3.667698740257134271e-01 2.621118761156713273e-01
5.767350928641251651e-01 3.648575951184409027e-01 2.607442092882572005e-01
5.777126099706745288e-01 3.627565861923981450e-01 2.592416473035999980e-01
5.786901270772238925e-01 3.604766942306051325e-01 2.576112293902682593e-01
5.796676441837732563e-01 3.580334117180663522e-01 2.558640291878008233e-01
5.806451612903226200e-01 3.554476764120673704e-01 2.540150115625043337e-01
5.816226783968719838e-01 3.527453673471039330e-01 2.520826723375342304e-01
5.826001955034213475e-01 3.499565146005522154e-01 2.500884734698396450e-01
5.835777126099707113e-01 3.471142637010089516e-01 2.480561028973892190e-01
5.845552297165200750e-01 3.442536558754056841e-01 2.460106027965085762e-01
5.855327468230694388e-01 3.414103004398151286e-01 2.439774207849426946e-01
5.865102639296188025e-01 3.386190239632444476e-01 2.419814445531042191e-01
5.874877810361681663e-01 3.359125815785917735e-01 2.400460809359212799e-01
5.884652981427175300e-01 3.333205090571946805e-01 2.381924356059531012e-01
5.894428152492668938e-01 3.308681809177321242e-01 2.364386400289369139e-01
5.904203323558162575e-01 3.285761215126044577e-01 2.347993592235729787e-01
5.913978494623656212e-01 3.264595947903783379e-01 2.332854986840790235e-01
5.923753665689149850e-01 3.245284765167418262e-01 2.319041131615081630e-01
5.933528836754643487e-01 3.227873922921796757e-01 2.306585053898561888e-01
5.943304007820137125e-01 3.212360875290454221e-01 2.295484905695545919e-01
5.953079178885630762e-01 3.198699829173575204e-01 2.285707933939911118e-01
5.962854349951124400e-01 3.186808614766968861e-01 2.277195390951357590e-01
5.972629521016618037e-01 3.176576311034666755e-01 2.269867984223072066e-01
5.982404692082111675e-01 3.167871090791552491e-01 2.263631482965784147e-01
5.992179863147605312e-01 3.160547813969766251e-01 2.258382144524283819e-01
6.001955034213098950e-01 3.154454988350378630e-01 2.254011688615709663e-01
6.011730205278592587e-01 3.149440822177406174e-01 2.250411622478979412e-01
6.021505376344086224e-01 3.145358200960033379e-01 2.247476797128651615e-01
6.031280547409579862e-01 3.142068521567623618e-01 2.245108146940362204e-01
6.041055718475073499e-01 3.139444403132560235e-01 2.243214626544018375e-01
6.050830889540567137e-01 3.137371361821661986e-01 2.241714407266840181e-01
6.060606060606060774e-01 3.135748583455459926e-01 2.240535428891427261e-01
6.070381231671554412e-01 3.134488954802217564e-01 2.239615421671509732e-01
6.080156402737048049e-01 3.133518523455713911e-01 2.238901520029153436e-01
6.089931573802541687e-01 3.132775550943518450e-01 2.238349585594486824e-01
6.099706744868035324e-01 3.132209308026503991e-01 2.237923346056069629e-01
6.109481915933528962e-01 3.131778738914451909e-01 2.237593440429385960e-01
6.119257086999022599e-01 3.131451095732169509e-01 2.237336443189046065e-01
6.129032258064516236e-01 3.131200618725235585e-01 2.237133921069790199e-01
6.138807429130009874e-01 3.131007313539613257e-01 2.236971558772593571e-01
6.148582600195503511e-01 3.130855856484636712e-01 2.236838375253204503e-01
6.158357771260997149e-01 3.130734643955677687e-01 2.236726043099192540e-01
6.168132942326490786e-01 3.130634993189931881e-01 2.236628319876395599e-01
6.177908113391984424e-01 3.130550492443772148e-01 2.236540594316294150e-01
6.187683284457478061e-01 3.130476477301705196e-01 2.236459524307628788e-01
6.197458455522971699e-01 3.130409573119637412e-01 2.236382692208810641e-01
6.207233626588465336e-01 3.130347234419039171e-01 2.236308185629918288e-01
6.217008797653958974e-01 3.130287334836871493e-01 2.236234180954344841e-01
6.226783968719452611e-01 3.130228163869122615e-01 2.236159045818962576e-01
6.236559139784946248e-01 3.130169337011724506e-01 2.236082731752965791e-01
6.246334310850439886e-01 3.130113197631664845e-01 2.236008959779370309e-01
6.256109481915933523e-01 3.130063640001708447e-01 2.235943872773751284e-01
6.265884652981427161e-01 3.130017367901835601e-01 2.235883750019020955e-01
6.275659824046920798e-01 3.129949458862056333e-01 2.235793607239477399e-01
6.285434995112414436e-01 3.129818070823167653e-01 2.235611501958893188e-01
6.295210166177908073e-01 3.129634757822656876e-01 2.235347022564342645e-01
6.304985337243401711e-01 3.129598418866277321e-01 2.235278487749234044e-01
6.314760508308895348e-01 3.130095016994917656e-01 2.235973607668926277e-01
6.324535679374388986e-01 3.131138749702748747e-01 2.237512832450484768e-01
6.334310850439882623e-01 3.131149580106653563e-01 2.237702036087196034e-01
6.344086021505376261e-01 3.126612808270305965e-01 2.231411007172589833e-01
6.353861192570869898e-01 3.116448047397651355e-01 2.216602571516195219e-01
6.363636363636363535e-01 3.112850059565376304e-01 2.210032307175669730e-01
6.373411534701857173e-01 3.146863967724963240e-01 2.256865861530015227e-01
6.383186705767350810e-01 3.236972491495545556e-01 2.388885589666697729e-01
6.392961876832844448e-01 3.288310780641537923e-01 2.475874383389286004e-01
6.402737047898338085e-01 2.999461534369348703e-01 2.090110477247625331e-01
6.412512218963831723e-01 2.228270572499153612e-01 1.088956324152066391e-01
6.422287390029325360e-01 1.556149046526521529e-01 2.981385420082083293e-02
6.432062561094818998e-01 1.309625490819235072e-01 5.130005981428665748e-03
6.441837732160312635e-01 1.259133894463611847e-01 7.526363795328208563e-04
6.451612903225806273e-01 1.251307404866414397e-01 1.067718029732089320e-04
6.461388074291299910e-01 1.250184775235723966e-01 1.506849041463872380e-05
6.471163245356793547e-01 1.250026062617507483e-01 2.125077591378567311e-06
6.480938416422287185e-01 1.250003675205565434e-01 2.996566386252326633e-07
6.490713587487780822e-01 1.250000518238003067e-01 4.225404032036635829e-08
6.500488758553274460e-01 1.250000073075825946e-01 5.958176154951314765e-09
6.510263929618768097e-01 1.250000010304311016e-01 8.401528120592197564e-10
6.520039100684261735e-01 1.250000001452997445e-01 1.184687990640010486e-10
6.529814271749755372e-01 1.250000000204884720e-01 1.670519105714218844e-11
6.539589442815249010e-01 1.250000000028890224e-01 2.355536021108698854e-12
6.549364613880742647e-01 1.250000000004073131e-01 3.321450921860726263e-13
6.559139784946236285e-01 1.250000000000573708e-01 4.681022106976822419e-14
6.568914956011729922e-01 1.250000000000080214e-01 6.562328895657512885e-15
6.578690127077223559e-01 1.250000000000011102e-01 8.998999008777382224e-16
6.588465298142717197e-01 1.250000000000001388e-01 1.153856188315911561e-16
6.598240469208210834e-01 1.250000000000000000e-01 1.018096097369333824e-17
6.608015640273704472e-01 1.250000000000000000e-01 2.691207093651783830e-35
6.617790811339198109e-01 1.250000000000000000e-01 2.432410370110083338e-71
6.627565982404691747e-01 1.250000000000000000e-01 1.345030047227587429e-145
6.637341153470185384e-01 1.250000000000000000e-01 0.000000000000000000e+00
6.647116324535679022e-01 1.250000000000000000e-01 0.000000000000000000e+00
6.656891495601172659e-01 1.250000000000000000e-01 0.000000000000000000e+00
6.666666666666666297e-01 1.250000000000000000e-01 0.000000000000000000e+00
6.676441837732159934e-01 1.250000000000000000e-01 0.000000000000000000e+00
6.686217008797653572e-01 1.250000000000000000e-01 0.000000000000000000e+00
6.695992179863147209e-01 1.250000000000000000e-01 0.000000000000000000e+00
6.705767350928640846e-01 1.250000000000000000e-01 0.000000000000000000e+00
6.715542521994134484e-01 1.250000000000000000e-01 0.000000000000000000e+00
6.725317693059628121e-01 1.250000000000000000e-01 0.000000000000000000e+00
6.735092864125121759e-01 1.250000000000000000e-01 0.000000000000000000e+00
6.744868035190615396e-01 1.250000000000000000e-01 0.000000000000000000e+00
6.754643206256109034e-01 1.250000000000000000e-01 0.000000000000000000e+00
6.764418377321602671e-01 1.250000000000000000e-01 0.000000000000000000e+00
6.774193548387096309e-01 1.250000000000000000e-01 0.000000000000000000e+00
6.783968719452589946e-01 1.250000000000000000e-01 0.000000000000000000e+00
6.793743890518083584e-01 1.250000000000000000e-01 0.000000000000000000e+00
6.803519061583577221e-01 1.250000000000000000e-01 0.000000000000000000e+00
6.813294232649070858e-01 1.250000000000000000e-01 0.000000000000000000e+00
6.823069403714564496e-01 1.250000000000000000e-01 0.000000000000000000e+00
6.832844574780058133e-01 1.250000000000000000e-01 0.000000000000000000e+00
6.842619745845551771e-01 1.250000000000000000e-01 0.000000000000000000e+00
6.852394916911045408e-01 1.250000000000000000e-01 0.000000000000000000e+00
6.862170087976539046e-01 1.250000000000000000e-01 0.000000000000000000e+00
6.871945259042032683e-01 1.250000000000000000e-01 0.000000000000000000e+00
6.881720430107527431e-01 1.250000000000000000e-01 0.000000000000000000e+00
6.891495601173021068e-01 1.250000000000000000e-01 0.000000000000000000e+00
6.901270772238514706e-01 1.250000000000000000e-01 0.000000000000000000e+00
6.911045943304008343e-01 1.250000000000000000e-01 0.000000000000000000e+00
6.920821114369501981e-01 1.250000000000000000e-01 0.000000000000000000e+00
6.930596285434995618e-01 1.250000000000000000e-01 0.000000000000000000e+00
6.940371456500489256e-01 1.250000000000000000e-01 0.000000000000000000e+00
6.950146627565982893e-01 1.250000000000000000e-01 0.000000000000000000e+00
6.959921798631476531e-01 1.250000000000000000e-01 0.000000000000000000e+00
6.969696969696970168e-01 1.250000000000000000e-01 0.000000000000000000e+00
6.979472140762463805e-01 1.250000000000000000e-01 0.000000000000000000e+00
6.989247311827957443e-01 1.250000000000000000e-01 0.000000000000000000e+00
6.999022482893451080e-01 1.250000000000000000e-01 0.000000000000000000e+00
7.008797653958944718e-01 1.250000000000000000e-01 0.000000000000000000e+00
7.018572825024438355e-01 1.250000000000000000e-01 0.000000000000000000e+00
7.028347996089931993e-01 1.250000000000000000e-01 0.000000000000000000e+00
7.038123167155425630e-01 1.250000000000000000e-01 0.000000000000000000e+00
7.047898338220919268e-01 1.250000000000000000e-01 0.000000000000000000e+00
7.057673509286412905e-01 1.250000000000000000e-01 0.000000000000000000e+00
7.067448680351906543e-01 1.250000000000000000e-01 0.000000000000000000e+00
7.077223851417400180e-01 1.250000000000000000e-01 0.000000000000000000e+00
7.086999022482893817e-01 1.250000000000000000e-01 0.000000000000000000e+00
7.096774193548387455e-01 1.250000000000000000e-01 0.000000000000000000e+00
7.106549364613881092e-01 1.250000000000000000e-01 0.000000000000000000e+00
7.116324535679374730e-01 1.250000000000000000e-01 0.000000000000000000e+00
7.126099706744868367e-01 1.250000000000000000e-01 0.000000000000000000e+00
7.135874877810362005e-01 1.250000000000000000e-01 0.000000000000000000e+00
7.145650048875855642e-01 1.250000000000000000e-01 0.000000000000000000e+00
7.155425219941349280e-01 1.250000000000000000e-01 0.000000000000000000e+00
7.165200391006842917e-01 1.250000000000000000e-01 0.000000000000000000e+00
7.174975562072336555e-01 1.250000000000000000e-01 0.000000000000000000e+00
7.184750733137830192e-01 1.250000000000000000e-01 0.000000000000000000e+00
7.194525904203323829e-01 1.250000000000000000e-01 0.000000000000000000e+00
7.204301075268817467e-01 1.250000000000000000e-01 0.000000000000000000e+00
7.214076246334311104e-01 1.250000000000000000e-01 0.000000000000000000e+00
7.223851417399804742e-01 1.250000000000000000e-01 0.000000000000000000e+00
7.233626588465298379e-01 1.250000000000000000e-01 0.000000000000000000e+00
7.243401759530792017e-01 1.250000000000000000e-01 0.000000000000000000e+00
7.253176930596285654e-01 1.250000000000000000e-01 0.000000000000000000e+00
7.262952101661779292e-01 1.250000000000000000e-01 0.000000000000000000e+00
7.272727272727272929e-01 1.250000000000000000e-01 0.000000000000000000e+00
7.282502443792766567e-01 1.250000000000000000e-01 0.000000000000000000e+00
7.292277614858260204e-01 1.250000000000000000e-01 0.000000000000000000e+00
7.302052785923753842e-01 1.250000000000000000e-01 0.000000000000000000e+00
7.311827956989247479e-01 1.250000000000000000e-01 0.000000000000000000e+00
7.321603128054741116e-01 1.250000000000000000e-01 0.000000000000000000e+00
7.331378299120234754e-01 1.250000000000000000e-01 0.000000000000000000e+00
7.341153470185728391e-01 1.250000000000000000e-01 0.000000000000000000e+00
7.350928641251222029e-01 1.250000000000000000e-01 0.000000000000000000e+00
7.360703812316715666e-01 1.250000000000000000e-01 0.000000000000000000e+00
7.370478983382209304e-01 1.250000000000000000e-01 0.000000000000000000e+00
7.380254154447702941e-01 1.250000000000000000e-01 0.000000000000000000e+00
7.390029325513196579e-01 1.250000000000000000e-01 0.000000000000000000e+00
7.399804496578690216e-01 1.250000000000000000e-01 0.000000000000000000e+00
7.409579667644183854e-01 1.250000000000000000e-01 0.000000000000000000e+00
7.419354838709677491e-01 1.250000000000000000e-01 0.000000000000000000e+00
7.429130009775171128e-01 1.250000000000000000e-01 0.000000000000000000e+00
7.438905180840664766e-01 1.250000000000000000e-01 0.000000000000000000e+00
7.448680351906158403e-01 1.250000000000000000e-01 0.000000000000000000e+00
7.458455522971652041e-01 1.250000000000000000e-01 0.000000000000000000e+00
7.468230694037145678e-01 1.250000000000000000e-01 0.000000000000000000e+00
7.478005865102639316e-01 1.250000000000000000e-01 0.000000000000000000e+00
7.487781036168132953e-01 1.250000000000000000e-01 0.000000000000000000e+00
7.497556207233626591e-01 1.250000000000000000e-01 0.000000000000000000e+00
7.507331378299120228e-01 1.250000000000000000e-01 0.000000000000000000e+00
7.517106549364613866e-01 1.250000000000000000e-01 0.000000000000000000e+00
7.526881720430107503e-01 1.250000000000000000e-01 0.000000000000000000e+00
7.536656891495601140e-01 1.250000000000000000e-01 0.000000000000000000e+00
7.546432062561094778e-01 1.250000000000000000e-01 0.000000000000000000e+00
7.556207233626588415e-01 1.250000000000000000e-01 0.000000000000000000e+00
7.565982404692082053e-01 1.250000000000000000e-01 0.000000000000000000e+00
7.575757575757575690e-01 1.250000000000000000e-01 0.000000000000000000e+00
7.585532746823069328e-01 1.250000000000000000e-01 0.000000000000000000e+00
7.595307917888562965e-01 1.250000000000000000e-01 0.000000000000000000e+00
7.605083088954056603e-01 1.250000000000000000e-01 0.000000000000000000e+00
7.614858260019550240e-01 1.250000000000000000e-01 0.000000000000000000e+00
7.624633431085043878e-01 1.250000000000000000e-01 0.000000000000000000e+00
7.634408602150537515e-01 1.250000000000000000e-01 0.000000000000000000e+00
7.644183773216031152e-01 1.250000000000000000e-01 0.000000000000000000e+00
7.653958944281524790e-01 1.250000000000000000e-01 0.000000000000000000e+00
7.663734115347018427e-01 1.250000000000000000e-01 0.000000000000000000e+00
7.673509286412512065e-01 1.250000000000000000e-01 0.000000000000000000e+00
7.683284457478005702e-01 1.250000000000000000e-01 0.000000000000000000e+00
7.693059628543499340e-01 1.250000000000000000e-01 0.000000000000000000e+00
7.702834799608992977e-01 1.250000000000000000e-01 0.000000000000000000e+00
7.712609970674486615e-01 1.250000000000000000e-01 0.000000000000000000e+00
7.722385141739980252e-01 1.250000000000000000e-01 0.000000000000000000e+00
7.732160312805473890e-01 1.250000000000000000e-01 0.000000000000000000e+00
7.741935483870967527e-01 1.250000000000000000e-01 0.000000000000000000e+00
7.751710654936461165e-01 1.250000000000000000e-01 0.000000000000000000e+00
7.761485826001954802e-01 1.250000000000000000e-01 0.000000000000000000e+00
7.771260997067448439e-01 1.250000000000000000e-01 0.000000000000000000e+00
7.781036168132942077e-01 1.250000000000000000e-01 0.000000000000000000e+00
7.790811339198435714e-01 1.250000000000000000e-01 0.000000000000000000e+00
7.800586510263929352e-01 1.250000000000000000e-01 0.000000000000000000e+00
7.810361681329422989e-01 1.250000000000000000e-01 0.000000000000000000e+00
7.820136852394916627e-01 1.250000000000000000e-01 0.000000000000000000e+00
7.829912023460410264e-01 1.250000000000000000e-01 0.000000000000000000e+00
7.839687194525903902e-01 1.250000000000000000e-01 0.000000000000000000e+00
7.849462365591397539e-01 1.250000000000000000e-01 0.000000000000000000e+00
7.859237536656891177e-01 1.250000000000000000e-01 0.000000000000000000e+00
7.869012707722384814e-01 1.250000000000000000e-01 0.000000000000000000e+00
7.878787878787878451e-01 1.250000000000000000e-01 0.000000000000000000e+00
7.888563049853372089e-01 1.250000000000000000e-01 0.000000000000000000e+00
7.898338220918865726e-01 1.250000000000000000e-01 0.000000000000000000e+00
7.908113391984359364e-01 1.250000000000000000e-01 0.000000000000000000e+00
7.917888563049853001e-01 1.250000000000000000e-01 0.000000000000000000e+00
7.927663734115346639e-01 1.250000000000000000e-01 0.000000000000000000e+00
7.937438905180840276e-01 1.250000000000000000e-01 0.000000000000000000e+00
7.947214076246333914e-01 1.250000000000000000e-01 0.000000000000000000e+00
7.956989247311827551e-01 1.250000000000000000e-01 0.000000000000000000e+00
7.966764418377321189e-01 1.250000000000000000e-01 0.000000000000000000e+00
7.976539589442814826e-01 1.250000000000000000e-01 0.000000000000000000e+00
7.986314760508308463e-01 1.250000000000000000e-01 0.000000000000000000e+00
7.996089931573802101e-01 1.250000000000000000e-01 0.000000000000000000e+00
8.005865102639295738e-01 1.250000000000000000e-01 0.000000000000000000e+00
8.015640273704789376e-01 1.250000000000000000e-01 0.000000000000000000e+00
8.025415444770283013e-01 1.250000000000000000e-01 0.000000000000000000e+00
8.035190615835776651e-01 1.250000000000000000e-01 0.000000000000000000e+00
8.044965786901270288e-01 1.250000000000000000e-01 0.000000000000000000e+00
8.054740957966763926e-01 1.250000000000000000e-01 0.000000000000000000e+00
8.064516129032257563e-01 1.250000000000000000e-01 0.000000000000000000e+00
8.074291300097751201e-01 1.250000000000000000e-01 0.000000000000000000e+00
8.084066471163244838e-01 1.250000000000000000e-01 0.000000000000000000e+00
8.093841642228738475e-01 1.250000000000000000e-01 0.000000000000000000e+00
8.103616813294232113e-01 1.250000000000000000e-01 0.000000000000000000e+00
8.113391984359725750e-01 1.250000000000000000e-01 0.000000000000000000e+00
8.123167155425219388e-01 1.250000000000000000e-01 0.000000000000000000e+00
8.132942326490714136e-01 1.250000000000000000e-01 0.000000000000000000e+00
8.142717497556207773e-01 1.250000000000000000e-01 0.000000000000000000e+00
8.152492668621701410e-01 1.250000000000000000e-01 0.000000000000000000e+00
8.162267839687195048e-01 1.250000000000000000e-01 0.000000000000000000e+00
8.172043010752688685e-01 1.250000000000000000e-01 0.000000000000000000e+00
8.181818181818182323e-01 1.250000000000000000e-01 0.000000000000000000e+00
8.191593352883675960e-01 1.250000000000000000e-01 0.000000000000000000e+00
8.201368523949169598e-01 1.250000000000000000e-01 0.000000000000000000e+00
8.211143695014663235e-01 1.250000000000000000e-01 0.000000000000000000e+00
8.220918866080156873e-01 1.250000000000000000e-01 0.000000000000000000e+00
8.230694037145650510e-01 1.250000000000000000e-01 0.000000000000000000e+00
8.240469208211144148e-01 1.250000000000000000e-01 0.000000000000000000e+00
8.250244379276637785e-01 1.250000000000000000e-01 0.000000000000000000e+00
8.260019550342131422e-01 1.250000000000000000e-01 0.000000000000000000e+00
8.269794721407625060e-01 1.250000000000000000e-01 0.000000000000000000e+00
8.279569892473118697e-01 1.250000000000000000e-01 0.000000000000000000e+00
8.289345063538612335e-01 1.250000000000000000e-01 0.000000000000000000e+00
8.299120234604105972e-01 1.250000000000000000e-01 0.000000000000000000e+00
8.308895405669599610e-01 1.250000000000000000e-01 0.000000000000000000e+00
8.318670576735093247e-01 1.250000000000000000e-01 0.000000000000000000e+00
8.328445747800586885e-01 1.250000000000000000e-01 0.000000000000000000e+00
8.338220918866080522e-01 1.250000000000000000e-01 0.000000000000000000e+00
8.347996089931574160e-01 1.250000000000000000e-01 0.000000000000000000e+00
8.357771260997067797e-01 1.250000000000000000e-01 0.000000000000000000e+00
8.367546432062561435e-01 1.250000000000000000e-01 0.000000000000000000e+00
8.377321603128055072e-01 1.250000000000000000e-01 0.000000000000000000e+00
8.387096774193548709e-01 1.250000000000000000e-01 0.000000000000000000e+00
8.396871945259042347e-01 1.250000000000000000e-01 0.000000000000000000e+00
8.406647116324535984e-01 1.250000000000000000e-01 0.000000000000000000e+00
8.416422287390029622e-01 1.250000000000000000e-01 0.000000000000000000e+00
8.426197458455523259e-01 1.250000000000000000e-01 0.000000000000000000e+00
8.435972629521016897e-01 1.250000000000000000e-01 0.000000000000000000e+00
8.445747800586510534e-01 1.250000000000000000e-01 0.000000000000000000e+00
8.455522971652004172e-01 1.250000000000000000e-01 0.000000000000000000e+00
8.465298142717497809e-01 1.250000000000000000e-01 0.000000000000000000e+00
8.475073313782991447e-01 1.250000000000000000e-01 0.000000000000000000e+00
8.484848484848485084e-01 1.250000000000000000e-01 0.000000000000000000e+00
8.494623655913978721e-01 1.250000000000000000e-01 0.000000000000000000e+00
8.504398826979472359e-01 1.250000000000000000e-01 0.000000000000000000e+00
8.514173998044965996e-01 1.250000000000000000e-01 0.000000000000000000e+00
8.523949169110459634e-01 1.250000000000000000e-01 0.000000000000000000e+00
8.533724340175953271e-01 1.250000000000000000e-01 0.000000000000000000e+00
8.543499511241446909e-01 1.250000000000000000e-01 0.000000000000000000e+00
8.553274682306940546e-01 1.250000000000000000e-01 0.000000000000000000e+00
8.563049853372434184e-01 1.250000000000000000e-01 0.000000000000000000e+00
8.572825024437927821e-01 1.250000000000000000e-01 0.000000000000000000e+00
8.582600195503421459e-01 1.250000000000000000e-01 0.000000000000000000e+00
8.592375366568915096e-01 1.250000000000000000e-01 0.000000000000000000e+00
8.602150537634408733e-01 1.250000000000000000e-01 0.000000000000000000e+00
8.611925708699902371e-01 1.250000000000000000e-01 0.000000000000000000e+00
8.621700879765396008e-01 1.250000000000000000e-01 0.000000000000000000e+00
8.631476050830889646e-01 1.250000000000000000e-01 0.000000000000000000e+00
8.641251221896383283e-01 1.250000000000000000e-01 0.000000000000000000e+00
8.651026392961876921e-01 1.250000000000000000e-01 0.000000000000000000e+00
8.660801564027370558e-01 1.250000000000000000e-01 0.000000000000000000e+00
8.670576735092864196e-01 1.250000000000000000e-01 0.000000000000000000e+00
8.680351906158357833e-01 1.250000000000000000e-01 0.000000000000000000e+00
8.690127077223851471e-01 1.250000000000000000e-01 0.000000000000000000e+00
8.699902248289345108e-01 1.250000000000000000e-01 0.000000000000000000e+00
8.709677419354838745e-01 1.250000000000000000e-01 0.000000000000000000e+00
8.719452590420332383e-01 1.250000000000000000e-01 0.000000000000000000e+00
8.729227761485826020e-01 1.250000000000000000e-01 0.000000000000000000e+00
8.739002932551319658e-01 1.250000000000000000e-01 0.000000000000000000e+00
8.748778103616813295e-01 1.250000000000000000e-01 0.000000000000000000e+00
8.758553274682306933e-01 1.250000000000000000e-01 0.000000000000000000e+00
8.768328445747800570e-01 1.250000000000000000e-01 0.000000000000000000e+00
8.778103616813294208e-01 1.250000000000000000e-01 0.000000000000000000e+00
8.787878787878787845e-01 1.250000000000000000e-01 0.000000000000000000e+00
8.797653958944281483e-01 1.250000000000000000e-01 0.000000000000000000e+00
8.807429130009775120e-01 1.250000000000000000e-01 0.000000000000000000e+00
8.817204301075268758e-01 1.250000000000000000e-01 0.000000000000000000e+00
8.826979472140762395e-01 1.250000000000000000e-01 0.000000000000000000e+00
8.836754643206256032e-01 1.250000000000000000e-01 0.000000000000000000e+00
8.846529814271749670e-01 1.250000000000000000e-01 0.000000000000000000e+00
8.856304985337243307e-01 1.250000000000000000e-01 0.000000000000000000e+00
8.866080156402736945e-01 1.250000000000000000e-01 0.000000000000000000e+00
8.875855327468230582e-01 1.250000000000000000e-01 0.000000000000000000e+00
8.885630498533724220e-01 1.250000000000000000e-01 0.000000000000000000e+00
8.895405669599217857e-01 1.250000000000000000e-01 0.000000000000000000e+00
8.905180840664711495e-01 1.250000000000000000e-01 0.000000000000000000e+00
8.914956011730205132e-01 1.250000000000000000e-01 0.000000000000000000e+00
8.924731182795698770e-01 1.250000000000000000e-01 0.000000000000000000e+00
8.934506353861192407e-01 1.250000000000000000e-01 0.000000000000000000e+00
8.944281524926686044e-01 1.250000000000000000e-01 0.000000000000000000e+00
8.954056695992179682e-01 1.250000000000000000e-01 0.000000000000000000e+00
8.963831867057673319e-01 1.250000000000000000e-01 0.000000000000000000e+00
8.973607038123166957e-01 1.250000000000000000e-01 0.000000000000000000e+00
8.983382209188660594e-01 1.250000000000000000e-01 0.000000000000000000e+00
8.993157380254154232e-01 1.250000000000000000e-01 0.000000000000000000e+00
9.002932551319647869e-01 1.250000000000000000e-01 0.000000000000000000e+00
9.012707722385141507e-01 1.250000000000000000e-01 0.000000000000000000e+00
9.022482893450635144e-01 1.250000000000000000e-01 0.000000000000000000e+00
9.032258064516128782e-01 1.250000000000000000e-01 0.000000000000000000e+00
9.042033235581622419e-01 1.250000000000000000e-01 0.000000000000000000e+00
9.051808406647116056e-01 1.250000000000000000e-01 0.000000000000000000e+00
9.061583577712609694e-01 1.250000000000000000e-01 0.000000000000000000e+00
9.071358748778103331e-01 1.250000000000000000e-01 0.000000000000000000e+00
9.081133919843596969e-01 1.250000000000000000e-01 0.000000000000000000e+00
9.090909090909090606e-01 1.250000000000000000e-01 0.000000000000000000e+00
9.100684261974584244e-01 1.250000000000000000e-01 0.000000000000000000e+00
9.110459433040077881e-01 1.250000000000000000e-01 0.000000000000000000e+00
9.120234604105571519e-01 1.250000000000000000e-01 0.000000000000000000e+00
9.130009775171065156e-01 1.250000000000000000e-01 0.000000000000000000e+00
9.139784946236558794e-01 1.250000000000000000e-01 0.000000000000000000e+00
9.149560117302052431e-01 1.250000000000000000e-01 0.000000000000000000e+00
9.159335288367546068e-01 1.250000000000000000e-01 0.000000000000000000e+00
9.169110459433039706e-01 1.250000000000000000e-01 0.000000000000000000e+00
9.178885630498533343e-01 1.250000000000000000e-01 0.000000000000000000e+00
9.188660801564026981e-01 1.250000000000000000e-01 0.000000000000000000e+00
9.198435972629520618e-01 1.250000000000000000e-01 0.000000000000000000e+00
9.208211143695014256e-01 1.250000000000000000e-01 0.000000000000000000e+00
9.217986314760507893e-01 1.250000000000000000e-01 0.000000000000000000e+00
9.227761485826001531e-01 1.250000000000000000e-01 0.000000000000000000e+00
9.237536656891495168e-01 1.250000000000000000e-01 0.000000000000000000e+00
9.247311827956988806e-01 1.250000000000000000e-01 0.000000000000000000e+00
9.257086999022482443e-01 1.250000000000000000e-01 0.000000000000000000e+00
9.266862170087976081e-01 1.250000000000000000e-01 0.000000000000000000e+00
9.276637341153469718e-01 1.250000000000000000e-01 0.000000000000000000e+00
9.286412512218963355e-01 1.250000000000000000e-01 0.000000000000000000e+00
9.296187683284456993e-01 1.250000000000000000e-01 0.000000000000000000e+00
9.305962854349950630e-01 1.250000000000000000e-01 0.000000000000000000e+00
9.315738025415444268e-01 1.250000000000000000e-01 0.000000000000000000e+00
9.325513196480937905e-01 1.250000000000000000e-01 0.000000000000000000e+00
9.335288367546431543e-01 1.250000000000000000e-01 0.000000000000000000e+00
9.345063538611925180e-01 1.250000000000000000e-01 0.000000000000000000e+00
9.354838709677418818e-01 1.250000000000000000e-01 0.000000000000000000e+00
9.364613880742912455e-01 1.250000000000000000e-01 0.000000000000000000e+00
9.374389051808406093e-01 1.250000000000000000e-01 0.000000000000000000e+00
9.384164222873900840e-01 1.250000000000000000e-01 0.000000000000000000e+00
9.393939393939394478e-01 1.250000000000000000e-01 0.000000000000000000e+00
9.403714565004888115e-01 1.250000000000000000e-01 0.000000000000000000e+00
9.413489736070381753e-01 1.250000000000000000e-01 0.000000000000000000e+00
9.423264907135875390e-01 1.250000000000000000e-01 0.000000000000000000e+00
9.433040078201369028e-01 1.250000000000000000e-01 0.000000000000000000e+00
9.442815249266862665e-01 1.250000000000000000e-01 0.000000000000000000e+00
9.452590420332356302e-01 1.250000000000000000e-01 0.000000000000000000e+00
9.462365591397849940e-01 1.250000000000000000e-01 0.000000000000000000e+00
9.472140762463343577e-01 1.250000000000000000e-01 0.000000000000000000e+00
9.481915933528837215e-01 1.250000000000000000e-01 0.000000000000000000e+00
9.491691104594330852e-01 1.250000000000000000e-01 0.000000000000000000e+00
9.501466275659824490e-01 1.250000000000000000e-01 0.000000000000000000e+00
9.511241446725318127e-01 1.250000000000000000e-01 0.000000000000000000e+00
9.521016617790811765e-01 1.250000000000000000e-01 0.000000000000000000e+00
9.530791788856305402e-01 1.250000000000000000e-01 0.000000000000000000e+00
9.540566959921799040e-01 1.250000000000000000e-01 0.000000000000000000e+00
9.550342130987292677e-01 1.250000000000000000e-01 0.000000000000000000e+00
9.560117302052786314e-01 1.250000000000000000e-01 0.000000000000000000e+00
9.569892473118279952e-01 1.250000000000000000e-01 0.000000000000000000e+00
9.579667644183773589e-01 1.250000000000000000e-01 0.000000000000000000e+00
9.589442815249267227e-01 1.250000000000000000e-01 0.000000000000000000e+00
9.599217986314760864e-01 1.250000000000000000e-01 0.000000000000000000e+00
9.608993157380254502e-01 1.250000000000000000e-01 0.000000000000000000e+00
9.618768328445748139e-01 1.250000000000000000e-01 0.000000000000000000e+00
9.628543499511241777e-01 1.250000000000000000e-01 0.000000000000000000e+00
9.638318670576735414e-01 1.250000000000000000e-01 0.000000000000000000e+00
9.648093841642229052e-01 1.250000000000000000e-01 0.000000000000000000e+00
9.657869012707722689e-01 1.250000000000000000e-01 0.000000000000000000e+00
9.667644183773216326e-01 1.250000000000000000e-01 0.000000000000000000e+00
9.677419354838709964e-01 1.250000000000000000e-01 0.000000000000000000e+00
9.687194525904203601e-01 1.250000000000000000e-01 0.000000000000000000e+00
9.696969696969697239e-01 1.250000000000000000e-01 0.000000000000000000e+00
9.706744868035190876e-01 1.250000000000000000e-01 0.000000000000000000e+00
9.716520039100684514e-01 1.250000000000000000e-01 0.000000000000000000e+00
9.726295210166178151e-01 1.250000000000000000e-01 0.000000000000000000e+00
9.736070381231671789e-01 1.250000000000000000e-01 0.000000000000000000e+00
9.745845552297165426e-01 1.250000000000000000e-01 0.000000000000000000e+00
9.755620723362659064e-01 1.250000000000000000e-01 0.000000000000000000e+00
9.765395894428152701e-01 1.250000000000000000e-01 0.000000000000000000e+00
9.775171065493646338e-01 1.250000000000000000e-01 0.000000000000000000e+00
9.784946236559139976e-01 1.250000000000000000e-01 0.000000000000000000e+00
9.794721407624633613e-01 1.250000000000000000e-01 0.000000000000000000e+00
9.804496578690127251e-01 1.250000000000000000e-01 0.000000000000000000e+00
9.814271749755620888e-01 1.250000000000000000e-01 0.000000000000000000e+00
9.824046920821114526e-01 1.250000000000000000e-01 0.000000000000000000e+00
9.833822091886608163e-01 1.250000000000000000e-01 0.000000000000000000e+00
9.843597262952101801e-01 1.250000000000000000e-01 0.000000000000000000e+00
9.853372434017595438e-01 1.250000000000000000e-01 0.000000000000000000e+00
9.863147605083089076e-01 1.250000000000000000e-01 0.000000000000000000e+00
9.872922776148582713e-01 1.250000000000000000e-01 0.000000000000000000e+00
9.882697947214076351e-01 1.250000000000000000e-01 0.000000000000000000e+00
9.892473118279569988e-01 1.250000000000000000e-01 0.000000000000000000e+00
9.902248289345063625e-01 1.250000000000000000e-01 0.000000000000000000e+00
9.912023460410557263e-01 1.250000000000000000e-01 0.000000000000000000e+00
9.921798631476050900e-01 1.250000000000000000e-01 0.000000000000000000e+00
9.931573802541544538e-01 1.250000000000000000e-01 0.000000000000000000e+00
9.941348973607038175e-01 1.250000000000000000e-01 0.000000000000000000e+00
9.951124144672531813e-01 1.250000000000000000e-01 0.000000000000000000e+00
9.960899315738025450e-01 1.250000000000000000e-01 0.000000000000000000e+00
9.970674486803519088e-01 1.250000000000000000e-01 0.000000000000000000e+00
9.980449657869012725e-01 1.250000000000000000e-01 0.000000000000000000e+00
9.990224828934506363e-01 1.250000000000000000e-01 -0.000000000000000000e+00
1.000000000000000000e+00 1.250000000000000000e-01 -0.000000000000000000e+00
