# 0.2115819379402339
0.000000000000000000e+00 1.000000000000000000e+00 -0.000000000000000000e+00
9.775171065493646130e-04 1.000000000000000000e+00 -0.000000000000000000e+00
1.955034213098729226e-03 1.000000000000000000e+00 0.000000000000000000e+00
2.932551319648093839e-03 1.000000000000000000e+00 0.000000000000000000e+00
3.910068426197458452e-03 1.000000000000000000e+00 0.000000000000000000e+00
4.887585532746823065e-03 1.000000000000000000e+00 0.000000000000000000e+00
5.865102639296187678e-03 1.000000000000000000e+00 0.000000000000000000e+00
6.842619745845552291e-03 1.000000000000000000e+00 0.000000000000000000e+00
7.820136852394916904e-03 1.000000000000000000e+00 0.000000000000000000e+00
8.797653958944282385e-03 1.000000000000000000e+00 0.000000000000000000e+00
9.775171065493646130e-03 1.000000000000000000e+00 0.000000000000000000e+00
1.075268817204301161e-02 1.000000000000000000e+00 0.000000000000000000e+00
1.173020527859237536e-02 1.000000000000000000e+00 0.000000000000000000e+00
1.270772238514174084e-02 1.000000000000000000e+00 0.000000000000000000e+00
1.368523949169110458e-02 1.000000000000000000e+00 0.000000000000000000e+00
1.466275659824047006e-02 1.000000000000000000e+00 0.000000000000000000e+00
1.564027370478983381e-02 1.000000000000000000e+00 0.000000000000000000e+00
1.661779081133919755e-02 1.000000000000000000e+00 0.000000000000000000e+00
1.759530791788856477e-02 1.000000000000000000e+00 0.000000000000000000e+00
1.857282502443792851e-02 1.000000000000000000e+00 0.000000000000000000e+00
1.955034213098729226e-02 1.000000000000000000e+00 0.000000000000000000e+00
2.052785923753665601e-02 1.000000000000000000e+00 0.000000000000000000e+00
2.150537634408602322e-02 1.000000000000000000e+00 0.000000000000000000e+00
2.248289345063538697e-02 1.000000000000000000e+00 0.000000000000000000e+00
2.346041055718475071e-02 1.000000000000000000e+00 0.000000000000000000e+00
2.443792766373411446e-02 1.000000000000000000e+00 0.000000000000000000e+00
2.541544477028348167e-02 1.000000000000000000e+00 0.000000000000000000e+00
2.639296187683284542e-02 1.000000000000000000e+00 0.000000000000000000e+00
2.737047898338220916e-02 1.000000000000000000e+00 0.000000000000000000e+00
2.834799608993157291e-02 1.000000000000000000e+00 0.000000000000000000e+00
2.932551319648094013e-02 1.000000000000000000e+00 0.000000000000000000e+00
3.030303030303030387e-02 1.000000000000000000e+00 0.000000000000000000e+00
3.128054740957966762e-02 1.000000000000000000e+00 0.000000000000000000e+00
3.225806451612903136e-02 1.000000000000000000e+00 0.000000000000000000e+00
3.323558162267839511e-02 1.000000000000000000e+00 0.000000000000000000e+00
3.421309872922775885e-02 1.000000000000000000e+00 0.000000000000000000e+00
3.519061583577712954e-02 1.000000000000000000e+00 0.000000000000000000e+00
3.616813294232649328e-02 1.000000000000000000e+00 0.000000000000000000e+00
3.714565004887585703e-02 1.000000000000000000e+00 0.000000000000000000e+00
3.812316715542522078e-02 1.000000000000000000e+00 0.000000000000000000e+00
3.910068426197458452e-02 1.000000000000000000e+00 0.000000000000000000e+00
4.007820136852394827e-02 1.000000000000000000e+00 0.000000000000000000e+00
4.105571847507331201e-02 1.000000000000000000e+00 0.000000000000000000e+00
4.203323558162267576e-02 1.000000000000000000e+00 0.000000000000000000e+00
4.301075268817204644e-02 1.000000000000000000e+00 0.000000000000000000e+00
4.398826979472141019e-02 1.000000000000000000e+00 0.000000000000000000e+00
4.496578690127077393e-02 1.000000000000000000e+00 0.000000000000000000e+00
4.594330400782013768e-02 1.000000000000000000e+00 0.000000000000000000e+00
4.692082111436950143e-02 1.000000000000000000e+00 0.000000000000000000e+00
4.789833822091886517e-02 1.000000000000000000e+00 0.000000000000000000e+00
4.887585532746822892e-02 1.000000000000000000e+00 0.000000000000000000e+00
4.985337243401759266e-02 1.000000000000000000e+00 0.000000000000000000e+00
5.083088954056696335e-02 1.000000000000000000e+00 0.000000000000000000e+00
5.180840664711632709e-02 1.000000000000000000e+00 0.000000000000000000e+00
5.278592375366569084e-02 1.000000000000000000e+00 0.000000000000000000e+00
5.376344086021505458e-02 1.000000000000000000e+00 0.000000000000000000e+00
5.474095796676441833e-02 1.000000000000000000e+00 0.000000000000000000e+00
5.571847507331378208e-02 1.000000000000000000e+00 0.000000000000000000e+00
5.669599217986314582e-02 1.000000000000000000e+00 0.000000000000000000e+00
5.767350928641250957e-02 1.000000000000000000e+00 0.000000000000000000e+00
5.865102639296188025e-02 1.000000000000000000e+00 0.000000000000000000e+00
5.962854349951124400e-02 1.000000000000000000e+00 0.000000000000000000e+00
6.060606060606060774e-02 1.000000000000000000e+00 0.000000000000000000e+00
6.158357771260997149e-02 1.000000000000000000e+00 0.000000000000000000e+00
6.256109481915933523e-02 1.000000000000000000e+00 0.000000000000000000e+00
6.353861192570869898e-02 1.000000000000000000e+00 0.000000000000000000e+00
6.451612903225806273e-02 1.000000000000000000e+00 0.000000000000000000e+00
6.549364613880742647e-02 1.000000000000000000e+00 0.000000000000000000e+00
6.647116324535679022e-02 1.000000000000000000e+00 0.000000000000000000e+00
6.744868035190615396e-02 1.000000000000000000e+00 0.000000000000000000e+00
6.842619745845551771e-02 1.000000000000000000e+00 0.000000000000000000e+00
6.940371456500488145e-02 1.000000000000000000e+00 0.000000000000000000e+00
7.038123167155425908e-02 1.000000000000000000e+00 0.000000000000000000e+00
7.135874877810362282e-02 1.000000000000000000e+00 0.000000000000000000e+00
7.233626588465298657e-02 1.000000000000000000e+00 0.000000000000000000e+00
7.331378299120235031e-02 1.000000000000000000e+00 0.000000000000000000e+00
7.429130009775171406e-02 1.000000000000000000e+00 0.000000000000000000e+00
7.526881720430107781e-02 1.000000000000000000e+00 0.000000000000000000e+00
7.624633431085044155e-02 1.000000000000000000e+00 0.000000000000000000e+00
7.722385141739980530e-02 1.000000000000000000e+00 0.000000000000000000e+00
7.820136852394916904e-02 1.000000000000000000e+00 0.000000000000000000e+00
7.917888563049853279e-02 1.000000000000000000e+00 0.000000000000000000e+00
8.015640273704789653e-02 1.000000000000000000e+00 0.000000000000000000e+00
8.113391984359726028e-02 1.000000000000000000e+00 0.000000000000000000e+00
8.211143695014662403e-02 1.000000000000000000e+00 0.000000000000000000e+00
8.308895405669598777e-02 1.000000000000000000e+00 0.000000000000000000e+00
8.406647116324535152e-02 1.000000000000000000e+00 0.000000000000000000e+00
8.504398826979471526e-02 1.000000000000000000e+00 0.000000000000000000e+00
8.602150537634409289e-02 1.000000000000000000e+00 0.000000000000000000e+00
8.699902248289345663e-02 1.000000000000000000e+00 0.000000000000000000e+00
8.797653958944282038e-02 1.000000000000000000e+00 0.000000000000000000e+00
8.895405669599218412e-02 1.000000000000000000e+00 0.000000000000000000e+00
8.993157380254154787e-02 1.000000000000000000e+00 0.000000000000000000e+00
9.090909090909091161e-02 1.000000000000000000e+00 0.000000000000000000e+00
9.188660801564027536e-02 1.000000000000000000e+00 0.000000000000000000e+00
9.286412512218963911e-02 1.000000000000000000e+00 0.000000000000000000e+00
9.384164222873900285e-02 1.000000000000000000e+00 0.000000000000000000e+00
9.481915933528836660e-02 1.000000000000000000e+00 0.000000000000000000e+00
9.579667644183773034e-02 1.000000000000000000e+00 0.000000000000000000e+00
9.677419354838709409e-02 1.000000000000000000e+00 0.000000000000000000e+00
9.775171065493645783e-02 1.000000000000000000e+00 0.000000000000000000e+00
9.872922776148582158e-02 1.000000000000000000e+00 0.000000000000000000e+00
9.970674486803518533e-02 1.000000000000000000e+00 0.000000000000000000e+00
1.006842619745845491e-01 1.000000000000000000e+00 0.000000000000000000e+00
1.016617790811339267e-01 1.000000000000000000e+00 0.000000000000000000e+00
1.026392961876832904e-01 1.000000000000000000e+00 0.000000000000000000e+00
1.036168132942326542e-01 1.000000000000000000e+00 0.000000000000000000e+00
1.045943304007820179e-01 1.000000000000000000e+00 0.000000000000000000e+00
1.055718475073313817e-01 1.000000000000000000e+00 0.000000000000000000e+00
1.065493646138807454e-01 1.000000000000000000e+00 0.000000000000000000e+00
1.075268817204301092e-01 1.000000000000000000e+00 0.000000000000000000e+00
1.085043988269794729e-01 1.000000000000000000e+00 0.000000000000000000e+00
1.094819159335288367e-01 1.000000000000000000e+00 0.000000000000000000e+00
1.104594330400782004e-01 1.000000000000000000e+00 0.000000000000000000e+00
1.114369501466275642e-01 1.000000000000000000e+00 0.000000000000000000e+00
1.124144672531769279e-01 1.000000000000000000e+00 0.000000000000000000e+00
1.133919843597262916e-01 1.000000000000000000e+00 0.000000000000000000e+00
1.143695014662756554e-01 1.000000000000000000e+00 0.000000000000000000e+00
1.153470185728250191e-01 1.000000000000000000e+00 0.000000000000000000e+00
1.163245356793743829e-01 1.000000000000000000e+00 0.000000000000000000e+00
1.173020527859237605e-01 1.000000000000000000e+00 0.000000000000000000e+00
1.182795698924731242e-01 1.000000000000000000e+00 0.000000000000000000e+00
1.192570869990224880e-01 1.000000000000000000e+00 0.000000000000000000e+00
1.202346041055718517e-01 1.000000000000000000e+00 0.000000000000000000e+00
1.212121212121212155e-01 1.000000000000000000e+00 0.000000000000000000e+00
1.221896383186705792e-01 1.000000000000000000e+00 0.000000000000000000e+00
1.231671554252199430e-01 1.000000000000000000e+00 0.000000000000000000e+00
1.241446725317693067e-01 1.000000000000000000e+00 0.000000000000000000e+00
1.251221896383186705e-01 1.000000000000000000e+00 0.000000000000000000e+00
1.260997067448680342e-01 1.000000000000000000e+00 0.000000000000000000e+00
1.270772238514173980e-01 1.000000000000000000e+00 0.000000000000000000e+00
1.280547409579667617e-01 1.000000000000000000e+00 0.000000000000000000e+00
1.290322580645161255e-01 1.000000000000000000e+00 0.000000000000000000e+00
1.300097751710654892e-01 1.000000000000000000e+00 0.000000000000000000e+00
1.309872922776148529e-01 1.000000000000000000e+00 0.000000000000000000e+00
1.319648093841642167e-01 1.000000000000000000e+00 0.000000000000000000e+00
1.329423264907135804e-01 1.000000000000000000e+00 0.000000000000000000e+00
1.339198435972629442e-01 1.000000000000000000e+00 0.000000000000000000e+00
1.348973607038123079e-01 1.000000000000000000e+00 0.000000000000000000e+00
1.358748778103616717e-01 1.000000000000000000e+00 0.000000000000000000e+00
1.368523949169110354e-01 1.000000000000000000e+00 0.000000000000000000e+00
1.378299120234603992e-01 1.000000000000000000e+00 0.000000000000000000e+00
1.388074291300097629e-01 1.000000000000000000e+00 0.000000000000000000e+00
1.397849462365591267e-01 1.000000000000000000e+00 0.000000000000000000e+00
1.407624633431085182e-01 1.000000000000000000e+00 0.000000000000000000e+00
1.417399804496578819e-01 1.000000000000000000e+00 0.000000000000000000e+00
1.427174975562072456e-01 1.000000000000000000e+00 0.000000000000000000e+00
1.436950146627566094e-01 1.000000000000000000e+00 0.000000000000000000e+00
1.446725317693059731e-01 1.000000000000000000e+00 0.000000000000000000e+00
1.456500488758553369e-01 1.000000000000000000e+00 0.000000000000000000e+00
1.466275659824047006e-01 1.000000000000000000e+00 0.000000000000000000e+00
1.476050830889540644e-01 1.000000000000000000e+00 0.000000000000000000e+00
1.485826001955034281e-01 1.000000000000000000e+00 0.000000000000000000e+00
1.495601173020527919e-01 1.000000000000000000e+00 0.000000000000000000e+00
1.505376344086021556e-01 1.000000000000000000e+00 0.000000000000000000e+00
1.515151515151515194e-01 1.000000000000000000e+00 0.000000000000000000e+00
1.524926686217008831e-01 1.000000000000000000e+00 0.000000000000000000e+00
1.534701857282502468e-01 1.000000000000000000e+00 0.000000000000000000e+00
1.544477028347996106e-01 1.000000000000000000e+00 0.000000000000000000e+00
1.554252199413489743e-01 1.000000000000000000e+00 0.000000000000000000e+00
1.564027370478983381e-01 1.000000000000000000e+00 0.000000000000000000e+00
1.573802541544477018e-01 1.000000000000000000e+00 0.000000000000000000e+00
1.583577712609970656e-01 1.000000000000000000e+00 0.000000000000000000e+00
1.593352883675464293e-01 1.000000000000000000e+00 0.000000000000000000e+00
1.603128054740957931e-01 1.000000000000000000e+00 0.000000000000000000e+00
1.612903225806451568e-01 1.000000000000000000e+00 0.000000000000000000e+00
1.622678396871945206e-01 1.000000000000000000e+00 0.000000000000000000e+00
1.632453567937438843e-01 1.000000000000000000e+00 0.000000000000000000e+00
1.642228739002932481e-01 1.000000000000000000e+00 0.000000000000000000e+00
1.652003910068426118e-01 1.000000000000000000e+00 0.000000000000000000e+00
1.661779081133919755e-01 1.000000000000000000e+00 0.000000000000000000e+00
1.671554252199413393e-01 1.000000000000000000e+00 0.000000000000000000e+00
1.681329423264907030e-01 1.000000000000000000e+00 0.000000000000000000e+00
1.691104594330400668e-01 1.000000000000000000e+00 0.000000000000000000e+00
1.700879765395894305e-01 1.000000000000000000e+00 0.000000000000000000e+00
1.710654936461387943e-01 1.000000000000000000e+00 0.000000000000000000e+00
1.720430107526881858e-01 1.000000000000000000e+00 0.000000000000000000e+00
1.730205278592375495e-01 1.000000000000000000e+00 0.000000000000000000e+00
1.739980449657869133e-01 1.000000000000000000e+00 0.000000000000000000e+00
1.749755620723362770e-01 1.000000000000000000e+00 0.000000000000000000e+00
1.759530791788856408e-01 1.000000000000000000e+00 0.000000000000000000e+00
1.769305962854350045e-01 1.000000000000000000e+00 0.000000000000000000e+00
1.779081133919843682e-01 1.000000000000000000e+00 0.000000000000000000e+00
1.788856304985337320e-01 1.000000000000000000e+00 0.000000000000000000e+00
1.798631476050830957e-01 1.000000000000000000e+00 0.000000000000000000e+00
1.808406647116324595e-01 1.000000000000000000e+00 0.000000000000000000e+00
1.818181818181818232e-01 1.000000000000000000e+00 0.000000000000000000e+00
1.827956989247311870e-01 1.000000000000000000e+00 0.000000000000000000e+00
1.837732160312805507e-01 1.000000000000000000e+00 0.000000000000000000e+00
1.847507331378299145e-01 1.000000000000000000e+00 0.000000000000000000e+00
1.857282502443792782e-01 1.000000000000000000e+00 0.000000000000000000e+00
1.867057673509286420e-01 1.000000000000000000e+00 0.000000000000000000e+00
1.876832844574780057e-01 1.000000000000000000e+00 0.000000000000000000e+00
1.886608015640273694e-01 1.000000000000000000e+00 0.000000000000000000e+00
1.896383186705767332e-01 1.000000000000000000e+00 0.000000000000000000e+00
1.906158357771260969e-01 1.000000000000000000e+00 0.000000000000000000e+00
1.915933528836754607e-01 1.000000000000000000e+00 0.000000000000000000e+00
1.925708699902248244e-01 1.000000000000000000e+00 0.000000000000000000e+00
1.935483870967741882e-01 1.000000000000000000e+00 0.000000000000000000e+00
1.945259042033235519e-01 1.000000000000000000e+00 0.000000000000000000e+00
1.955034213098729157e-01 1.000000000000000000e+00 0.000000000000000000e+00
1.964809384164222794e-01 1.000000000000000000e+00 0.000000000000000000e+00
1.974584555229716432e-01 1.000000000000000000e+00 0.000000000000000000e+00
1.984359726295210069e-01 1.000000000000000000e+00 0.000000000000000000e+00
1.994134897360703707e-01 1.000000000000000000e+00 0.000000000000000000e+00
2.003910068426197344e-01 1.000000000000000000e+00 0.000000000000000000e+00
2.013685239491690981e-01 1.000000000000000000e+00 0.000000000000000000e+00
2.023460410557184619e-01 1.000000000000000000e+00 0.000000000000000000e+00
2.033235581622678534e-01 1.000000000000000000e+00 0.000000000000000000e+00
2.043010752688172171e-01 1.000000000000000000e+00 0.000000000000000000e+00
2.052785923753665809e-01 1.000000000000000000e+00 0.000000000000000000e+00
2.062561094819159446e-01 1.000000000000000000e+00 0.000000000000000000e+00
2.072336265884653084e-01 1.000000000000000000e+00 0.000000000000000000e+00
2.082111436950146721e-01 1.000000000000000000e+00 0.000000000000000000e+00
2.091886608015640359e-01 1.000000000000000000e+00 0.000000000000000000e+00
2.101661779081133996e-01 1.000000000000000000e+00 0.000000000000000000e+00
2.111436950146627634e-01 1.000000000000000000e+00 0.000000000000000000e+00
2.121212121212121271e-01 1.000000000000000000e+00 0.000000000000000000e+00
2.130987292277614908e-01 1.000000000000000000e+00 0.000000000000000000e+00
2.140762463343108546e-01 1.000000000000000000e+00 0.000000000000000000e+00
2.150537634408602183e-01 1.000000000000000000e+00 0.000000000000000000e+00
2.160312805474095821e-01 1.000000000000000000e+00 0.000000000000000000e+00
2.170087976539589458e-01 1.000000000000000000e+00 0.000000000000000000e+00
2.179863147605083096e-01 1.000000000000000000e+00 0.000000000000000000e+00
2.189638318670576733e-01 1.000000000000000000e+00 0.000000000000000000e+00
2.199413489736070371e-01 1.000000000000000000e+00 0.000000000000000000e+00
2.209188660801564008e-01 1.000000000000000000e+00 0.000000000000000000e+00
2.218963831867057646e-01 1.000000000000000000e+00 0.000000000000000000e+00
2.228739002932551283e-01 1.000000000000000000e+00 0.000000000000000000e+00
2.238514173998044920e-01 1.000000000000000000e+00 0.000000000000000000e+00
2.248289345063538558e-01 1.000000000000000000e+00 0.000000000000000000e+00
2.258064516129032195e-01 1.000000000000000000e+00 0.000000000000000000e+00
2.267839687194525833e-01 1.000000000000000000e+00 0.000000000000000000e+00
2.277614858260019470e-01 1.000000000000000000e+00 0.000000000000000000e+00
2.287390029325513108e-01 1.000000000000000000e+00 0.000000000000000000e+00
2.297165200391006745e-01 1.000000000000000000e+00 0.000000000000000000e+00
2.306940371456500383e-01 1.000000000000000000e+00 0.000000000000000000e+00
2.316715542521994020e-01 1.000000000000000000e+00 0.000000000000000000e+00
2.326490713587487658e-01 1.000000000000000000e+00 0.000000000000000000e+00
2.336265884652981295e-01 1.000000000000000000e+00 0.000000000000000000e+00
2.346041055718475210e-01 1.000000000000000000e+00 0.000000000000000000e+00
2.355816226783968848e-01 1.000000000000000000e+00 0.000000000000000000e+00
2.365591397849462485e-01 1.000000000000000000e+00 0.000000000000000000e+00
2.375366568914956122e-01 1.000000000000000000e+00 0.000000000000000000e+00
2.385141739980449760e-01 1.000000000000000000e+00 0.000000000000000000e+00
2.394916911045943397e-01 1.000000000000000000e+00 0.000000000000000000e+00
2.404692082111437035e-01 1.000000000000000000e+00 0.000000000000000000e+00
2.414467253176930672e-01 1.000000000000000000e+00 0.000000000000000000e+00
2.424242424242424310e-01 1.000000000000000000e+00 0.000000000000000000e+00
2.434017595307917947e-01 1.000000000000000000e+00 0.000000000000000000e+00
2.443792766373411585e-01 1.000000000000000000e+00 0.000000000000000000e+00
2.453567937438905222e-01 1.000000000000000000e+00 0.000000000000000000e+00
2.463343108504398860e-01 1.000000000000000000e+00 0.000000000000000000e+00
2.473118279569892497e-01 1.000000000000000000e+00 0.000000000000000000e+00
2.482893450635386134e-01 1.000000000000000000e+00 0.000000000000000000e+00
2.492668621700879772e-01 1.000000000000000000e+00 0.000000000000000000e+00
2.502443792766373409e-01 1.000000000000000000e+00 0.000000000000000000e+00
2.512218963831867047e-01 1.000000000000000000e+00 0.000000000000000000e+00
2.521994134897360684e-01 1.000000000000000000e+00 0.000000000000000000e+00
2.531769305962854322e-01 1.000000000000000000e+00 0.000000000000000000e+00
2.541544477028347959e-01 1.000000000000000000e+00 0.000000000000000000e+00
2.551319648093841597e-01 1.000000000000000000e+00 0.000000000000000000e+00
2.561094819159335234e-01 1.000000000000000000e+00 0.000000000000000000e+00
2.570869990224828872e-01 1.000000000000000000e+00 0.000000000000000000e+00
2.580645161290322509e-01 1.000000000000000000e+00 0.000000000000000000e+00
2.590420332355816146e-01 1.000000000000000000e+00 0.000000000000000000e+00
2.600195503421309784e-01 1.000000000000000000e+00 0.000000000000000000e+00
2.609970674486803421e-01 1.000000000000000000e+00 0.000000000000000000e+00
2.619745845552297059e-01 1.000000000000000000e+00 0.000000000000000000e+00
2.629521016617790696e-01 1.000000000000000000e+00 0.000000000000000000e+00
2.639296187683284334e-01 1.000000000000000000e+00 0.000000000000000000e+00
2.649071358748777971e-01 1.000000000000000000e+00 0.000000000000000000e+00
2.658846529814271609e-01 1.000000000000000000e+00 0.000000000000000000e+00
2.668621700879765246e-01 1.000000000000000000e+00 0.000000000000000000e+00
2.678396871945258884e-01 1.000000000000000000e+00 0.000000000000000000e+00
2.688172043010752521e-01 1.000000000000000000e+00 0.000000000000000000e+00
2.697947214076246158e-01 1.000000000000000000e+00 0.000000000000000000e+00
2.707722385141739796e-01 1.000000000000000000e+00 0.000000000000000000e+00
2.717497556207233433e-01 1.000000000000000000e+00 0.000000000000000000e+00
2.727272727272727071e-01 1.000000000000000000e+00 0.000000000000000000e+00
2.737047898338220708e-01 1.000000000000000000e+00 0.000000000000000000e+00
2.746823069403714346e-01 1.000000000000000000e+00 0.000000000000000000e+00
2.756598240469207983e-01 1.000000000000000000e+00 0.000000000000000000e+00
2.766373411534701621e-01 1.000000000000000000e+00 0.000000000000000000e+00
2.776148582600195258e-01 1.000000000000000000e+00 0.000000000000000000e+00
2.785923753665688896e-01 1.000000000000000000e+00 0.000000000000000000e+00
2.795698924731182533e-01 1.000000000000000000e+00 0.000000000000000000e+00
2.805474095796676171e-01 1.000000000000000000e+00 0.000000000000000000e+00
2.815249266862170363e-01 1.000000000000000000e+00 0.000000000000000000e+00
2.825024437927664001e-01 1.000000000000000000e+00 4.495339966182438945e-18
2.834799608993157638e-01 9.999999999999997780e-01 1.438526498611667192e-16
2.844574780058651275e-01 9.999999999999986677e-01 1.141845642204253288e-15
2.854349951124144913e-01 9.999999999999948930e-01 3.681816946338831159e-15
2.864125122189638550e-01 9.999999999999880096e-01 1.088372879301328228e-14
2.873900293255132188e-01 9.999999999999680256e-01 2.370068581136419977e-14
2.883675464320625825e-01 9.999999999999330536e-01 5.905426041663359406e-14
2.893450635386119463e-01 9.999999999998380185e-01 1.192778076558545338e-13
2.903225806451613100e-01 9.999999999996799227e-01 2.826539670680338748e-13
2.913000977517106738e-01 9.999999999992530419e-01 5.553463949797127195e-13
2.922776148582600375e-01 9.999999999985383914e-01 1.284783871858909780e-12
2.932551319648094013e-01 9.999999999966497910e-01 2.493467799096049735e-12
2.942326490713587650e-01 9.999999999935386130e-01 5.653202555979862366e-12
2.952101661779081287e-01 9.999999999854871646e-01 1.083466167457310368e-11
2.961876832844574925e-01 9.999999999723475641e-01 2.407181114996379555e-11
2.971652003910068562e-01 9.999999999391435690e-01 4.555896471754359835e-11
2.981427174975562200e-01 9.999999998855063632e-01 9.917585005951885901e-11
2.991202346041055837e-01 9.999999997531657803e-01 1.852963278071037260e-10
3.000977517106549475e-01 9.999999995416662957e-01 3.950312982150628666e-10
3.010752688172043112e-01 9.999999990325552091e-01 7.282785184897055294e-10
3.020527859237536750e-01 9.999999982278108268e-01 1.519697222200897920e-09
3.030303030303030387e-01 9.999999963396005720e-01 2.763220347094794870e-09
3.040078201368524025e-01 9.999999933885707071e-01 5.640471152216815109e-09
3.049853372434017662e-01 9.999999866456025233e-01 1.010952421793647826e-08
3.059628543499511300e-01 9.999999762300922912e-01 2.017401326008745858e-08
3.069403714565004937e-01 9.999999530781196189e-01 3.562088923907921123e-08
3.079178885630498574e-01 9.999999177487297608e-01 6.944214555590645665e-08
3.088954056695992212e-01 9.999998414411106484e-01 1.207105339390373762e-07
3.098729227761485849e-01 9.999997264610145375e-01 2.297123738099610306e-07
3.108504398826979487e-01 9.999994854653169174e-01 3.928216511959495314e-07
3.118279569892473124e-01 9.999991270963827228e-01 7.290926849034302747e-07
3.128054740957966762e-01 9.999983992756940054e-01 1.225525965881470571e-06
3.137829912023460399e-01 9.999973318549950640e-01 2.216364035687957779e-06
3.147605083088954037e-01 9.999952348808920366e-01 3.658484991281848599e-06
3.157380254154447674e-01 9.999922039708740718e-01 6.439926905458842444e-06
3.167155425219941312e-01 9.999864558098883194e-01 1.042783681376753123e-05
3.176930596285434949e-01 9.999782749627580403e-01 1.784433148370676635e-05
3.186705767350928586e-01 9.999633320339085252e-01 2.830913932305180979e-05
3.196480938416422224e-01 9.999424130580069070e-01 4.702700129462882153e-05
3.206256109481915861e-01 9.999057140624652007e-01 7.298900002311237340e-05
3.216031280547409499e-01 9.998552427704284762e-01 1.175146393664009689e-04
3.225806451612903136e-01 9.997704801198247226e-01 1.781349529270726852e-04
3.235581622678396774e-01 9.996561369326818491e-01 2.774621102083650245e-04
3.245356793743890411e-01 9.994730141597752970e-01 4.099675237044657122e-04
3.255131964809384049e-01 9.992311625606162817e-01 6.165263618777213099e-04
3.264907135874877686e-01 9.988634017347498562e-01 8.859440963497535338e-04
3.274682306940371324e-01 9.983889446862367345e-01 1.283688871457992634e-03
3.284457478005864961e-01 9.977070176184431594e-01 1.789607199796859746e-03
3.294232649071358598e-01 9.968498614080847364e-01 2.493783355730893377e-03
3.304007820136852236e-01 9.956899702762461724e-01 3.364690990533445673e-03
3.313782991202345873e-01 9.942735992517568455e-01 4.503729922276909076e-03
3.323558162267839511e-01 9.924728772956737943e-01 5.869248599356419183e-03
3.333333333333333148e-01 9.903429033875269516e-01 7.546224723627455513e-03
3.343108504398826786e-01 9.877951436096766846e-01 9.489417951200642548e-03
3.352883675464320423e-01 9.848832055120033679e-01 1.173827503218094134e-02
3.362658846529814061e-01 9.815861938785824803e-01 1.425228587780608992e-02
3.372434017595307698e-01 9.779488697236657924e-01 1.701747556833118485e-02
3.382209188660801336e-01 9.740097547638473241e-01 2.000063572972161918e-02
3.391984359726294973e-01 9.698075296931620848e-01 2.315669957313748820e-02
3.401759530791788610e-01 9.654011512534192985e-01 2.645526344090948223e-02
3.411534701857282248e-01 9.608295041955763338e-01 2.985264853589090703e-02
3.421309872922775885e-01 9.561380612378035382e-01 3.331914992004256226e-02
3.431085043988269523e-01 9.513629974225566999e-01 3.682759754319230722e-02
3.440860215053763715e-01 9.465302287301667894e-01 4.035459376325390563e-02
3.450635386119257353e-01 9.416643003798743639e-01 4.388524707899556926e-02
3.460410557184750990e-01 9.367802009288924703e-01 4.740694668524519928e-02
3.470185728250244628e-01 9.318896840078770838e-01 5.091071693541325549e-02
3.479960899315738265e-01 9.270014974449051204e-01 5.439143834460850868e-02
3.489736070381231903e-01 9.221210286921082133e-01 5.784446796602076002e-02
3.499511241446725540e-01 9.172521085810287911e-01 6.126731142333939617e-02
3.509286412512219178e-01 9.123978799401373241e-01 6.465818833317613090e-02
3.519061583577712815e-01 9.075598623360460193e-01 6.801584566085637495e-02
3.528836754643206453e-01 9.027396477087648030e-01 7.133939464676662678e-02
3.538611925708700090e-01 8.979381518947985308e-01 7.462847511170164760e-02
3.548387096774193727e-01 8.931561683969354570e-01 7.788257594826787644e-02
3.558162267839687365e-01 8.883941550120100228e-01 8.110158984194132392e-02
3.567937438905181002e-01 8.836526761827573351e-01 8.428534877023885485e-02
3.577712609970674640e-01 8.789319357317768588e-01 8.743385643757214942e-02
3.587487781036168277e-01 8.742322769732764343e-01 9.054706722269721675e-02
3.597262952101661915e-01 8.695538339365913583e-01 9.362510156588099708e-02
3.607038123167155552e-01 8.648968115958081126e-01 9.666799680763057956e-02
3.616813294232649190e-01 8.602612633250866780e-01 9.967590758607093593e-02
3.626588465298142827e-01 8.556473238996139541e-01 1.026489453818994896e-01
3.636363636363636465e-01 8.510550050957094159e-01 1.055872939258603593e-01
3.646138807429130102e-01 8.464843741536604016e-01 1.084911000881186582e-01
3.655913978494623739e-01 8.419354202987826552e-01 1.113605690394692815e-01
3.665689149560117377e-01 8.374081701320164051e-01 1.141958787704645817e-01
3.675464320625611014e-01 8.329025917033382465e-01 1.169972433561882325e-01
3.685239491691104652e-01 8.284186811840794640e-01 1.197648609439400241e-01
3.695014662756598289e-01 8.239563955182273025e-01 1.224989545273015151e-01
3.704789833822091927e-01 8.195157079685920776e-01 1.251997352425429644e-01
3.714565004887585564e-01 8.150965657423715482e-01 1.278674304317565236e-01
3.724340175953079202e-01 8.106989268050109887e-01 1.305022607949706814e-01
3.734115347018572839e-01 8.063227315442519361e-01 1.331044568083362412e-01
3.743890518084066477e-01 8.019679261904425482e-01 1.356742446122751189e-01
3.753665689149560114e-01 7.976344459612975113e-01 1.382118564801104732e-01
3.763440860215053752e-01 7.933222291620991573e-01 1.407175221132849485e-01
3.773216031280547389e-01 7.890312069185133614e-01 1.431914744961425290e-01
3.782991202346041026e-01 7.847613117685279249e-01 1.456339449850393430e-01
3.792766373411534664e-01 7.805124718665747974e-01 1.480451666571269975e-01
3.802541544477028301e-01 7.762846158169369737e-01 1.504253714110265761e-01
3.812316715542521939e-01 7.720776694883991764e-01 1.527747917399393807e-01
3.822091886608015576e-01 7.678915587972903189e-01 1.550936591929972519e-01
3.831867057673509214e-01 7.637262080409338294e-01 1.573822052705996788e-01
3.841642228739002851e-01 7.595815413879671851e-01 1.596406605599594575e-01
3.851417399804496489e-01 7.554574820730218798e-01 1.618692551666033042e-01
3.861192570869990126e-01 7.513539532188907577e-01 1.640682182718253557e-01
3.870967741935483764e-01 7.472708774704823753e-01 1.662377783123358821e-01
3.880742913000977401e-01 7.432081774290688614e-01 1.683781627374395240e-01
3.890518084066471038e-01 7.391657755195769619e-01 1.704895980773378228e-01
3.900293255131964676e-01 7.351435942338827578e-01 1.725723098175911407e-01
3.910068426197458313e-01 7.311415561001241015e-01 1.746265224112997505e-01
3.919843597262951951e-01 7.271595838214213181e-01 1.766524592076947342e-01
3.929618768328445588e-01 7.231976002936596482e-01 1.786503424465561984e-01
3.939393939393939226e-01 7.192555286942114989e-01 1.806203932184723415e-01
3.949169110459432863e-01 7.153332925151011379e-01 1.825628314523802254e-01
3.958944281524926501e-01 7.114308156243402959e-01 1.844778758910643746e-01
3.968719452590420138e-01 7.075480223041826777e-01 1.863657440800438325e-01
3.978494623655913776e-01 7.036848372989921163e-01 1.882266523529731173e-01
3.988269794721407413e-01 6.998411858523861939e-01 1.900608158227330702e-01
3.998044965786901050e-01 6.960169937470974677e-01 1.918684483723947787e-01
4.007820136852394688e-01 6.922121873403790371e-01 1.936497626495690405e-01
4.017595307917888325e-01 6.884266935996590231e-01 1.954049700616171392e-01
4.027370478983381963e-01 6.846604401359084324e-01 1.971342807726686186e-01
4.037145650048875600e-01 6.809133552366887221e-01 1.988379037016787532e-01
4.046920821114369238e-01 6.771853678982788782e-01 2.005160465218769339e-01
4.056695992179862875e-01 6.734764078575713464e-01 2.021689156611995997e-01
4.066471163245357068e-01 6.697864056236068064e-01 2.037967163036801255e-01
4.076246334310850705e-01 6.661152925091315957e-01 2.053996523916536698e-01
4.086021505376344343e-01 6.624630006623116740e-01 2.069779266287701813e-01
4.095796676441837980e-01 6.588294630988179579e-01 2.085317404837118971e-01
4.105571847507331618e-01 6.552146137344090349e-01 2.100612941945424472e-01
4.115347018572825255e-01 6.516183874181959990e-01 2.115667867736323315e-01
4.125122189638318893e-01 6.480407199667603813e-01 2.130484160131247973e-01
4.134897360703812530e-01 6.444815481992879347e-01 2.145063784909047866e-01
4.144672531769306167e-01 6.409408099738781450e-01 2.159408695770278774e-01
4.154447702834799805e-01 6.374184442251833449e-01 2.173520834405775759e-01
4.164222873900293442e-01 6.339143910035518470e-01 2.187402130569313929e-01
4.173998044965787080e-01 6.304285915158431841e-01 2.201054502154159709e-01
4.183773216031280717e-01 6.269609881680824337e-01 2.214479855273358277e-01
4.193548387096774355e-01 6.235115246101340380e-01 2.227680084343611755e-01
4.203323558162267992e-01 6.200801457825773078e-01 2.240657072172669573e-01
4.213098729227761630e-01 6.166667979659755661e-01 2.253412690050204115e-01
4.222873900293255267e-01 6.132714288327405505e-01 2.265948797842164408e-01
4.232649071358748905e-01 6.098939875018004608e-01 2.278267244088595100e-01
4.242424242424242542e-01 6.065344245962903669e-01 2.290369866105005925e-01
4.252199413489736179e-01 6.031926923045045630e-01 2.302258490087350506e-01
4.261974584555229817e-01 5.998687444443517869e-01 2.313934931220749947e-01
4.271749755620723454e-01 5.965625365315804229e-01 2.325400993792100246e-01
4.281524926686217092e-01 5.932740258520479149e-01 2.336658471306739260e-01
4.291300097751710729e-01 5.900031715383337039e-01 2.347709146609392172e-01
4.301075268817204367e-01 5.867499346510125502e-01 2.358554792009631695e-01
4.310850439882698004e-01 5.835142782649223037e-01 2.369197169412153303e-01
4.320625610948191642e-01 5.802961675607922754e-01 2.379638030452170538e-01
4.330400782013685279e-01 5.770955699226141267e-01 2.389879116636307588e-01
4.340175953079178917e-01 5.739124550411700554e-01 2.399922159489360773e-01
4.349951124144672554e-01 5.707467950241608134e-01 2.409768880707408578e-01
4.359726295210166191e-01 5.675985645134086210e-01 2.419420992317750652e-01
4.369501466275659829e-01 5.644677408096446802e-01 2.428880196846225914e-01
4.379276637341153466e-01 5.613543040054268518e-01 2.438148187492504282e-01
4.389051808406647104e-01 5.582582371267750254e-01 2.447226648314032582e-01
4.398826979472140741e-01 5.551795262841499046e-01 2.456117254419334650e-01
4.408602150537634379e-01 5.521181608334577717e-01 2.464821672171485512e-01
4.418377321603128016e-01 5.490741335478023233e-01 2.473341559402634782e-01
4.428152492668621654e-01 5.460474408007660596e-01 2.481678565640512146e-01
4.437927663734115291e-01 5.430380827620560069e-01 2.489834332347980739e-01
4.447702834799608929e-01 5.400460636064167153e-01 2.497810493176781943e-01
4.457478005865102566e-01 5.370713917367740953e-01 2.505608674236710631e-01
4.467253176930596203e-01 5.341140800226464869e-01 2.513230494381594182e-01
4.477028347996089841e-01 5.311741460549352922e-01 2.520677565513566032e-01
4.486803519061583478e-01 5.282516124182896622e-01 2.527951492907249409e-01
4.496578690127077116e-01 5.253465069823216593e-01 2.535053875555648428e-01
4.506353861192570753e-01 5.224588632130438004e-01 2.541986306539664731e-01
4.516129032258064391e-01 5.195887205059930292e-01 2.548750373423354643e-01
4.525904203323558028e-01 5.167361245426115302e-01 2.555347658677232237e-01
4.535679374389051666e-01 5.139011276715584886e-01 2.561779740132121841e-01
4.545454545454545303e-01 5.110837893167403667e-01 2.568048191466281716e-01
4.555229716520038941e-01 5.082841764139617302e-01 2.574154582728774288e-01
4.565004887585532578e-01 5.055023638782289996e-01 2.580100480902289828e-01
4.574780058651026216e-01 5.027384351038471921e-01 2.585887450508951857e-01
4.584555229716519853e-01 4.999924824995965467e-01 2.591517054262867936e-01
4.594330400782013490e-01 4.972646080613877806e-01 2.596990853773559205e-01
4.604105571847507128e-01 4.945549239849340029e-01 2.602310410304712329e-01
4.613880742913000765e-01 4.918635533210973243e-01 2.607477285593053917e-01
4.623655913978494403e-01 4.891906306766884427e-01 2.612493042732541570e-01
4.633431085043988040e-01 4.865363029636110004e-01 2.617359247129415478e-01
4.643206256109481678e-01 4.839007301993391574e-01 2.622077467534133510e-01
4.652981427174975315e-01 4.812840863617969811e-01 2.626649277156552498e-01
4.662756598240468953e-01 4.786865603017633197e-01 2.631076254871198006e-01
4.672531769305962590e-01 4.761083567159496432e-01 2.635359986519874576e-01
4.682306940371456228e-01 4.735496971838791813e-01 2.639502066319284190e-01
4.692082111436950420e-01 4.710108212716254128e-01 2.643504098381744272e-01
4.701857282502444058e-01 4.684919877053279613e-01 2.647367698357414034e-01
4.711632453567937695e-01 4.659934756171860148e-01 2.651094495206849366e-01
4.721407624633431332e-01 4.635155858663091988e-01 2.654686133112841295e-01
4.731182795698924970e-01 4.610586424363619096e-01 2.658144273540768432e-01
4.740957966764418607e-01 4.586229939113453113e-01 2.661470597456640497e-01
4.750733137829912245e-01 4.562090150300944780e-01 2.664666807711919549e-01
4.760508308895405882e-01 4.538171083190805088e-01 2.667734631603857487e-01
4.770283479960899520e-01 4.514477058018789291e-01 2.670675823619479972e-01
4.780058651026393157e-01 4.491012707821321337e-01 2.673492168370441568e-01
4.789833822091886795e-01 4.467782996949556384e-01 2.676185483724641823e-01
4.799608993157380432e-01 4.444793240194569450e-01 2.678757624138679572e-01
4.809384164222874070e-01 4.422049122422903045e-01 2.681210484192899091e-01
4.819159335288367707e-01 4.399556718588929494e-01 2.683546002327681368e-01
4.828934506353861345e-01 4.377322513951645289e-01 2.685766164775789666e-01
4.838709677419354982e-01 4.355353424277953467e-01 2.687873009680828429e-01
4.848484848484848619e-01 4.333656815761378622e-01 2.689868631386022613e-01
4.858260019550342257e-01 4.312240524323815438e-01 2.691755184870459061e-01
4.868035190615835894e-01 4.291112873897693913e-01 2.693534890301617080e-01
4.877810361681329532e-01 4.270282693206388647e-01 2.695210037663128833e-01
4.887585532746823169e-01 4.249759330471408747e-01 2.696782991405304308e-01
4.897360703812316807e-01 4.229552665376082876e-01 2.698256195052938788e-01
4.907135874877810444e-01 4.209673117507440887e-01 2.699632175690162006e-01
4.916911045943304082e-01 4.190131650382008521e-01 2.700913548225809535e-01
4.926686217008797719e-01 4.170939770039085448e-01 2.702103019325030608e-01
4.936461388074291357e-01 4.152109517059729416e-01 2.703203390873954448e-01
4.946236559139784994e-01 4.133653450745214952e-01 2.704217562824634546e-01
4.956011730205278631e-01 4.115584624070889319e-01 2.705148535247966501e-01
4.965786901270772269e-01 4.097916547927277220e-01 2.705999409403496703e-01
4.975562072336265906e-01 4.080663143079537591e-01 2.706773387618530702e-01
4.985337243401759544e-01 4.063838678230092261e-01 2.707473771755817271e-01
4.995112414467253181e-01 4.047457692571085341e-01 2.708103960041369218e-01
5.004887585532746819e-01 4.031534901278748251e-01 2.708667442023601213e-01
5.014662756598240456e-01 4.016085082547879992e-01 2.709167791444063167e-01
5.024437927663734094e-01 4.001122945009634169e-01 2.709608656821176353e-01
5.034213098729227731e-01 3.986662974737623100e-01 2.709993749583536893e-01
5.043988269794721369e-01 3.972719261542347891e-01 2.710326829640719026e-01
5.053763440860215006e-01 3.959305304895023858e-01 2.710611688348328885e-01
5.063538611925708643e-01 3.946433800615405385e-01 2.710852128910859471e-01
5.073313782991202281e-01 3.934116410402135333e-01 2.711051944369862743e-01
5.083088954056695918e-01 3.922363517363850471e-01 2.711214893443622542e-01
5.092864125122189556e-01 3.911183971895308420e-01 2.711344674613509476e-01
5.102639296187683193e-01 3.900584833488226488e-01 2.711444898985106433e-01
5.112414467253176831e-01 3.890571115305285210e-01 2.711519062580436956e-01
5.122189638318670468e-01 3.881145539493369157e-01 2.711570518831108445e-01
5.131964809384164106e-01 3.872308312168072919e-01 2.711602452129487362e-01
5.141739980449657743e-01 3.864056927654812568e-01 2.711617853344885365e-01
5.151515151515151381e-01 3.856386011809649350e-01 2.711619498213868051e-01
5.161290322580645018e-01 3.849287213961790632e-01 2.711609929460669366e-01
5.171065493646138655e-01 3.842749156139303457e-01 2.711591443391780931e-01
5.180840664711632293e-01 3.836757446717060094e-01 2.711566081539852902e-01
5.190615835777125930e-01 3.831294763468816034e-01 2.711535627713702601e-01
5.200391006842619568e-01 3.826341008281314848e-01 2.711501610557175979e-01
5.210166177908113205e-01 3.821873532628944359e-01 2.711465311448282289e-01
5.219941348973606843e-01 3.817867429503858934e-01 2.711427777303406783e-01
5.229716520039100480e-01 3.814295884086890132e-01 2.711389837611884457e-01
5.239491691104594118e-01 3.811130572293076613e-01 2.711352124834655042e-01
5.249266862170087755e-01 3.808342093695113451e-01 2.711315097172905531e-01
5.259042033235581393e-01 3.805900423450054859e-01 2.711279062657977468e-01
5.268817204301075030e-01 3.803775366900856714e-01 2.711244203533527686e-01
5.278592375366568668e-01 3.801937000584552084e-01 2.711210599988843062e-01
5.288367546432062305e-01 3.800356084448335836e-01 2.711178252444916281e-01
5.298142717497555942e-01 3.799004432054153280e-01 2.711147101774959434e-01
5.307917888563049580e-01 3.797855228259818805e-01 2.711117047038739680e-01
5.317693059628543217e-01 3.796883287058792633e-01 2.711087960506500250e-01
5.327468230694036855e-01 3.796065245669320021e-01 2.711059699927241828e-01
5.337243401759530492e-01 3.795379694315523245e-01 2.711032118145939585e-01
5.347018572825024130e-01 3.794807244196516938e-01 2.711005070288199370e-01
5.356793743890517767e-01 3.794330538704712708e-01 2.710978418806911927e-01
5.366568914956011405e-01 3.793934214906389824e-01 2.710952036725825520e-01
5.376344086021505042e-01 3.793604823580696284e-01 2.710925809424690192e-01
5.386119257086998680e-01 3.793330716736127428e-01 2.710899635296287746e-01
5.395894428152492317e-01 3.793101911548086291e-01 2.710873425574609752e-01
5.405669599217985954e-01 3.792909939187140700e-01 2.710847103592345375e-01
5.415444770283479592e-01 3.792747686156358600e-01 2.710820603680452190e-01
5.425219941348973229e-01 3.792609234655010542e-01 2.710793869877485274e-01
5.434995112414466867e-01 3.792489707255871090e-01 2.710766854574584439e-01
5.444770283479960504e-01 3.792385119929138071e-01 2.710739517185529190e-01
5.454545454545454142e-01 3.792292246251340870e-01 2.710711822900836454e-01
5.464320625610947779e-01 3.792208494562568366e-01 2.710683741560738769e-01
5.474095796676441417e-01 3.792131798917482977e-01 2.710655246663553619e-01
5.483870967741935054e-01 3.792060523932045402e-01 2.710626314512712964e-01
5.493646138807428692e-01 3.791993383059692468e-01 2.710596923496789157e-01
5.503421309872922329e-01 3.791929369426587093e-01 2.710567053491304557e-01
5.513196480938415966e-01 3.791867698096173522e-01 2.710536685368141185e-01
5.522971652003909604e-01 3.791807758495075453e-01 2.710505800597293180e-01
5.532746823069403241e-01 3.791749075690112325e-01 2.710474380925929627e-01
5.542521994134896879e-01 3.791691279235706036e-01 2.710442408120697921e-01
5.552297165200390516e-01 3.791634078390315188e-01 2.710409863760737115e-01
5.562072336265884154e-01 3.791577242610981724e-01 2.710376729070474999e-01
5.571847507331377791e-01 3.791520586361611378e-01 2.710342984782998510e-01
5.581622678396871429e-01 3.791463957401597362e-01 2.710308611026338577e-01
5.591397849462365066e-01 3.791407227848662687e-01 2.710273587226446623e-01
5.601173020527858704e-01 3.791350287427795451e-01 2.710237892021802875e-01
5.610948191593352341e-01 3.791293038423837469e-01 2.710201503185645233e-01
5.620723362658845979e-01 3.791235391947225808e-01 2.710164397552614624e-01
5.630498533724340726e-01 3.791177265200483815e-01 2.710126550947228874e-01
5.640273704789834364e-01 3.791118579498156116e-01 2.710087938112161754e-01
5.650048875855328001e-01 3.791059258846188329e-01 2.710048532634589669e-01
5.659824046920821639e-01 3.790999228929837761e-01 2.710008306869239880e-01
5.669599217986315276e-01 3.790938416393622723e-01 2.709967231856890701e-01
5.679374389051808913e-01 3.790876748324121803e-01 2.709925277237258956e-01
5.689149560117302551e-01 3.790814151867924475e-01 2.709882411155278836e-01
5.698924731182796188e-01 3.790750553933824318e-01 2.709838600159781841e-01
5.708699902248289826e-01 3.790685880941533359e-01 2.709793809093634653e-01
5.718475073313783463e-01 3.790620058589332375e-01 2.709748000974331328e-01
5.728250244379277101e-01 3.790553011621023427e-01 2.709701136863988391e-01
5.738025415444770738e-01 3.790484663578480018e-01 2.709653175727587127e-01
5.747800586510264376e-01 3.790414936530642764e-01 2.709604074278184060e-01
5.757575757575758013e-01 3.790343750773098042e-01 2.709553786807676334e-01
5.767350928641251651e-01 3.790271024494615837e-01 2.709502265001467736e-01
5.777126099706745288e-01 3.790196673408494088e-01 2.709449457735190192e-01
5.786901270772238925e-01 3.790120610347305630e-01 2.709395310851314131e-01
5.796676441837732563e-01 3.790042744819818177e-01 2.709339766913151371e-01
5.806451612903226200e-01 3.789962982528523594e-01 2.709282764933307885e-01
5.816226783968719838e-01 3.789881224845505492e-01 2.709224240073133672e-01
5.826001955034213475e-01 3.789797368243270625e-01 2.709164123309097949e-01
5.835777126099707113e-01 3.789711303675719067e-01 2.709102341061168095e-01
5.845552297165200750e-01 3.789622915902593481e-01 2.709038814777277038e-01
5.855327468230694388e-01 3.789532082748501285e-01 2.708973460466665983e-01
5.865102639296188025e-01 3.789438674284827391e-01 2.708906188173129670e-01
5.874877810361681663e-01 3.789342551919278046e-01 2.708836901376995843e-01
5.884652981427175300e-01 3.789243567373318800e-01 2.708765496311589804e-01
5.894428152492668938e-01 3.789141561521768287e-01 2.708691861175918092e-01
5.904203323558162575e-01 3.789036363060968582e-01 2.708615875219752001e-01
5.913978494623656212e-01 3.788927786961304722e-01 2.708537407669878716e-01
5.923753665689149850e-01 3.788815632645586851e-01 2.708456316456051005e-01
5.933528836754643487e-01 3.788699681815454468e-01 2.708372446681450163e-01
5.943304007820137125e-01 3.788579695821950311e-01 2.708285628763842379e-01
5.953079178885630762e-01 3.788455412441510961e-01 2.708195676148651976e-01
5.962854349951124400e-01 3.788326541872226727e-01 2.708102382462018731e-01
5.972629521016618037e-01 3.788192761704152756e-01 2.708005517928174233e-01
5.982404692082111675e-01 3.788053710537950813e-01 2.707904824818641032e-01
5.992179863147605312e-01 3.787908979824108902e-01 2.707800011627765624e-01
6.001955034213098950e-01 3.787758103365901907e-01 2.707690745576781244e-01
6.011730205278592587e-01 3.787600543768721573e-01 2.707576642933823274e-01
6.021505376344086224e-01 3.787435674922542406e-01 2.707457256497264875e-01
6.031280547409579862e-01 3.787262759370215170e-01 2.707332059422385417e-01
6.041055718475073499e-01 3.787080919141412316e-01 2.707200424376320358e-01
6.050830889540567137e-01 3.786889098322739899e-01 2.707061596785104718e-01
6.060606060606060774e-01 3.786686015295799290e-01 2.706914660694470509e-01
6.070381231671554412e-01 3.786470102219644529e-01 2.706758495512044393e-01
6.080156402737048049e-01 3.786239428982491884e-01 2.706591721647279569e-01
6.089931573802541687e-01 3.785991608528824215e-01 2.706412632837586485e-01
6.099706744868035324e-01 3.785723680220981491e-01 2.706219112772568214e-01
6.109481915933528962e-01 3.785431967768193018e-01 2.706008533538117322e-01
6.119257086999022599e-01 3.785111908309391482e-01 2.705777633440277219e-01
6.129032258064516236e-01 3.784757849535768659e-01 2.705522371983021257e-01
6.138807429130009874e-01 3.784362812356208972e-01 2.705237760215278842e-01
6.148582600195503511e-01 3.783918217614375967e-01 2.704917665381435521e-01
6.158357771260997149e-01 3.783413576824155578e-01 2.704554589851788649e-01
6.168132942326490786e-01 3.782836148848902069e-01 2.704139425709600753e-01
6.177908113391984424e-01 3.782170566932456235e-01 2.703661188146054273e-01
6.187683284457478061e-01 3.781398443484116356e-01 2.703106732954747016e-01
6.197458455522971699e-01 3.780497963467734368e-01 2.702460465882185470e-01
6.207233626588465336e-01 3.779443481035089647e-01 2.701704054299836621e-01
6.217008797653958974e-01 3.778205138004070429e-01 2.700816154494324328e-01
6.226783968719452611e-01 3.776748526680007156e-01 2.699772170658537584e-01
6.236559139784946248e-01 3.775034423063836075e-01 2.698544064200609771e-01
6.246334310850439886e-01 3.773018619346806823e-01 2.697100234029199406e-01
6.256109481915933523e-01 3.770651886392911156e-01 2.695405489760997475e-01
6.265884652981427161e-01 3.767880097287339414e-01 2.693421140065764829e-01
6.275659824046920798e-01 3.764644541639242115e-01 2.691105217370298175e-01
6.285434995112414436e-01 3.760882456888284264e-01 2.688412857684272517e-01
6.295210166177908073e-01 3.756527797193533469e-01 2.685296850256865819e-01
6.304985337243401711e-01 3.751512252529162761e-01 2.681708366086956730e-01
6.314760508308895348e-01 3.745766520484709594e-01 2.677597867070629634e-01
6.324535679374388986e-01 3.739221821259732792e-01 2.672916188985837715e-01
6.334310850439882623e-01 3.731811632931811840e-01 2.667615781927593077e-01
6.344086021505376261e-01 3.723473609919034089e-01 2.661652081686576299e-01
6.353861192570869898e-01 3.714151633459689128e-01 2.654984975486317511e-01
6.363636363636363535e-01 3.703797929806018630e-01 2.647580316111593501e-01
6.373411534701857173e-01 3.692375180636112697e-01 2.639411430460247843e-01
6.383186705767350810e-01 3.679858541865763111e-01 2.630460562602172647e-01
6.392961876832844448e-01 3.666237482428166827e-01 2.620720188131752115e-01
6.402737047898338085e-01 3.651517354345926170e-01 2.610194136426743361e-01
6.412512218963831723e-01 3.635720609965041317e-01 2.598898460676510314e-01
6.422287390029325360e-01 3.618887591675515880e-01 2.586862002301891228e-01
6.432062561094818998e-01 3.601076833598660376e-01 2.574126606508472248e-01
6.441837732160312635e-01 3.582364833031313478e-01 2.560746958804224205e-01
6.451612903225806273e-01 3.562845271039409289e-01 2.546790027754736729e-01
6.461388074291299910e-01 3.542627685356854461e-01 2.532334116236418242e-01
6.471163245356793547e-01 3.521835623343556043e-01 2.517467541031161993e-01
6.480938416422287185e-01 3.500604326757082441e-01 2.502286977762150366e-01
6.490713587487780822e-01 3.479078022062323527e-01 2.486895523874605718e-01
6.500488758553274460e-01 3.457406908612366547e-01 2.471400545666699589e-01
6.510263929618768097e-01 3.435743951153556464e-01 2.455911385468119990e-01
6.520039100684261735e-01 3.414241591895905148e-01 2.440537011344830476e-01
6.529814271749755372e-01 3.393048500350698826e-01 2.425383693823821019e-01
6.539589442815249010e-01 3.372306476154107169e-01 2.410552791998202549e-01
6.549364613880742647e-01 3.352147611435334351e-01 2.396138725181381768e-01
6.559139784946236285e-01 3.332691805572659538e-01 2.382227196474158426e-01
6.568914956011729922e-01 3.314044707334873885e-01 2.368893721851205170e-01
6.578690127077223559e-01 3.296296138580148694e-01 2.356202503486270472e-01
6.588465298142717197e-01 3.279519031167386633e-01 2.344205669939464776e-01
6.598240469208210834e-01 3.263768885856184188e-01 2.332942889475511927e-01
6.608015640273704472e-01 3.249083740007859822e-01 2.322441347081888319e-01
6.617790811339198109e-01 3.235484610992326315e-01 2.312716061525645350e-01
6.627565982404691747e-01 3.222976365289921263e-01 2.303770506696601605e-01
6.637341153470185384e-01 3.211548950037081407e-01 2.295597492020839681e-01
6.647116324535679022e-01 3.201178914605071757e-01 2.288180250181687247e-01
6.656891495601172659e-01 3.191831144846130619e-01 2.281493676844349450e-01
6.666666666666666297e-01 3.183460731752684181e-01 2.275505666445861164e-01
6.676441837732159934e-01 3.176014899086227472e-01 2.270178490122127246e-01
6.686217008797653572e-01 3.169434920497387065e-01 2.265470166108304872e-01
6.695992179863147209e-01 3.163657965107776193e-01 2.261335778988897427e-01
6.705767350928640846e-01 3.158618820722169929e-01 2.257728711464047910e-01
6.715542521994134484e-01 3.154251455040745777e-01 2.254601760305619540e-01
6.725317693059628121e-01 3.150490386739200344e-01 2.251908116395857362e-01
6.735092864125121759e-01 3.147271849451988568e-01 2.249602196724115599e-01
6.744868035190615396e-01 3.144534742011024231e-01 2.247640323591940381e-01
6.754643206256109034e-01 3.142221367363999818e-01 2.245981252761294900e-01
6.764418377321602671e-01 3.140277970158901755e-01 2.244586557686243100e-01
6.774193548387096309e-01 3.138655088896790679e-01 2.243420881196649397e-01
6.783968719452589946e-01 3.137307742800685695e-01 2.242452069037074724e-01
6.793743890518083584e-01 3.136195476198333498e-01 2.241651201557986750e-01
6.803519061583577221e-01 3.135282284420164434e-01 2.240992540716408021e-01
6.813294232649070858e-01 3.134536445173063957e-01 2.240453409513780691e-01
6.823069403714564496e-01 3.133930278298690530e-01 2.240014020246687831e-01
6.832844574780058133e-01 3.133439855005891728e-01 2.239657266645473654e-01
6.842619745845551771e-01 3.133044675318138461e-01 2.239368493296843010e-01
6.852394916911045408e-01 3.132727329817747153e-01 2.239135253845558615e-01
6.862170087976539046e-01 3.132473158989657613e-01 2.238947067483824660e-01
6.871945259042032683e-01 3.132269920725633816e-01 2.238795181276931889e-01
6.881720430107527431e-01 3.132107473966375677e-01 2.238672344027071437e-01
6.891495601173021068e-01 3.131977484120379573e-01 2.238572595705531076e-01
6.901270772238514706e-01 3.131873153858482639e-01 2.238491075025343113e-01
6.911045943304008343e-01 3.131788981168043273e-01 2.238423846500592895e-01
6.920821114369501981e-01 3.131720545163412806e-01 2.238367747346986791e-01
6.930596285434995618e-01 3.131664319075371239e-01 2.238320253810595628e-01
6.940371456500489256e-01 3.131617509053956083e-01 2.238279365948337707e-01
6.950146627565982893e-01 3.131577916881755907e-01 2.238243509499666939e-01
6.959921798631476531e-01 3.131543824368928641e-01 2.238211453256110928e-01
6.969696969696970168e-01 3.131513897047278894e-01 2.238182240225292108e-01
6.979472140762463805e-01 3.131487104760561913e-01 2.238155130871752052e-01
6.989247311827957443e-01 3.131462656827070368e-01 2.238129556773242324e-01
6.999022482893451080e-01 3.131439949598155414e-01 2.238105083136770757e-01
7.008797653958944718e-01 3.131418524427368455e-01 2.238081378755200912e-01
7.018572825024438355e-01 3.131398034278687903e-01 2.238058192138086544e-01
7.028347996089931993e-01 3.131378217423202992e-01 2.238035332708306901e-01
7.038123167155425630e-01 3.131358876889860920e-01 2.238012656110685006e-01
7.047898338220919268e-01 3.131339864539518514e-01 2.237990052824300469e-01
7.057673509286412905e-01 3.131321068817520259e-01 2.237967439403181213e-01
7.067448680351906543e-01 3.131302405405609335e-01 2.237944751788400743e-01
7.077223851417400180e-01 3.131283810138333346e-01 2.237921940237810603e-01
7.086999022482893817e-01 3.131265233672639869e-01 2.237898965507928994e-01
7.096774193548387455e-01 3.131246637503249386e-01 2.237875795996779882e-01
7.106549364613881092e-01 3.131227991002520361e-01 2.237852405617997698e-01
7.116324535679374730e-01 3.131209269233868331e-01 2.237828772226785057e-01
7.126099706744868367e-01 3.131190451344705306e-01 2.237804876458981129e-01
7.135874877810362005e-01 3.131171519390418823e-01 2.237780700877280704e-01
7.145650048875855642e-01 3.131152457477174855e-01 2.237756229344910197e-01
7.155425219941349280e-01 3.131133251139001650e-01 2.237731446566860183e-01
7.165200391006842917e-01 3.131113886883968300e-01 2.237706337751037555e-01
7.174975562072336555e-01 3.131094351856359981e-01 2.237680888347111929e-01
7.184750733137830192e-01 3.131074633574199573e-01 2.237655083829017677e-01
7.194525904203323829e-01 3.131054719728696423e-01 2.237628909518597775e-01
7.204301075268817467e-01 3.131034598078588638e-01 2.237602350510480564e-01
7.214076246334311104e-01 3.131014256489249581e-01 2.237575391784469292e-01
7.223851417399804742e-01 3.130993683031431662e-01 2.237548018403241468e-01
7.233626588465298379e-01 3.130972865704205188e-01 2.237520215182456917e-01
7.243401759530792017e-01 3.130951791154402142e-01 2.237491964896604346e-01
7.253176930596285654e-01 3.130930442814325865e-01 2.237463245512338328e-01
7.262952101661779292e-01 3.130908801987283274e-01 2.237434031426056014e-01
7.272727272727272929e-01 3.130886857842394844e-01 2.237404307548673532e-01
7.282502443792766567e-01 3.130864624637867411e-01 2.237374094830304194e-01
7.292277614858260204e-01 3.130842137596703822e-01 2.237343447220101755e-01
7.302052785923753842e-01 3.130819371835358855e-01 2.237312338279481561e-01
7.311827956989247479e-01 3.130796081821811128e-01 2.237280425271223339e-01
7.321603128054741116e-01 3.130771787976016074e-01 2.237247005499482799e-01
7.331378299120234754e-01 3.130746417544405524e-01 2.237211905535121947e-01
7.341153470185728391e-01 3.130721764864367596e-01 2.237177612028389828e-01
7.350928641251222029e-01 3.130702015226631274e-01 2.237150227977472705e-01
7.360703812316715666e-01 3.130688794724216240e-01 2.237132670028419978e-01
7.370478983382209304e-01 3.130668132761346700e-01 2.237105764777643779e-01
7.380254154447702941e-01 3.130602559535889395e-01 2.237015225762239989e-01
7.390029325513196579e-01 3.130468237303349333e-01 2.236822062089061924e-01
7.399804496578690216e-01 3.130369346411793763e-01 2.236667442279158535e-01
7.409579667644183854e-01 3.130633735312900456e-01 2.237023561071885547e-01
7.419354838709677491e-01 3.131545030556179832e-01 2.238336125201683124e-01
7.429130009775171128e-01 3.132355099262070786e-01 2.239608919770331996e-01
7.438905180840664766e-01 3.130236305740695668e-01 2.236792856785507766e-01
7.448680351906158403e-01 3.122124832422136231e-01 2.225196122879995464e-01
7.458455522971652041e-01 3.113100884098072840e-01 2.211410080978638282e-01
7.468230694037145678e-01 3.126877711729719178e-01 2.229174695353938473e-01
7.478005865102639316e-01 3.194885805391372013e-01 2.326582541262570414e-01
7.487781036168132953e-01 3.286950096685170020e-01 2.467390204461906433e-01
7.497556207233626591e-01 3.187202042427380033e-01 2.343457222424140673e-01
7.507331378299120228e-01 2.590718819745976842e-01 1.549787317773138051e-01
7.517106549364613866e-01 1.788071026969123845e-01 5.578868075687180850e-02
7.526881720430107503e-01 1.375089128710942077e-01 1.122268629422832655e-02
7.536656891495601140e-01 1.270616850580412183e-01 1.716903075086256315e-03
7.546432062561094778e-01 1.253002344624730424e-01 2.453965554497744388e-04
7.556207233626588415e-01 1.250425469221535524e-01 3.467287598395677486e-05
7.565982404692082053e-01 1.250060034694310818e-01 4.890198522653657582e-06
7.575757575757575690e-01 1.250008465793341073e-01 6.895352015475274188e-07
7.585532746823069328e-01 1.250001193681829770e-01 9.722474298925400356e-08
7.595307917888562965e-01 1.250000168308300630e-01 1.370859780751403726e-08
7.605083088954056603e-01 1.250000023731329957e-01 1.932898553763306760e-09
7.614858260019550240e-01 1.250000003346096178e-01 2.725369520465926748e-10
7.624633431085043878e-01 1.250000000471796213e-01 3.842747479744328770e-11
7.634408602150537515e-01 1.250000000066522621e-01 5.418186340004880877e-12
7.644183773216031152e-01 1.250000000009379719e-01 7.639549673345677863e-13
7.653958944281524790e-01 1.250000000001322553e-01 1.077387509519885569e-13
7.663734115347018427e-01 1.250000000000185962e-01 1.518381769428827973e-14
7.673509286412512065e-01 1.250000000000026090e-01 2.106661122966613586e-15
7.683284457478005702e-01 1.250000000000003331e-01 2.820863690666485973e-16
7.693059628543499340e-01 1.250000000000000278e-01 2.921998541083121571e-17
7.702834799608992977e-01 1.250000000000000000e-01 1.123834991545610121e-18
7.712609970674486615e-01 1.250000000000000000e-01 6.037993405708281326e-69
7.722385141739980252e-01 1.250000000000000000e-01 1.461644210518893905e-139
7.732160312805473890e-01 1.250000000000000000e-01 7.932636046684496987e-284
7.741935483870967527e-01 1.250000000000000000e-01 0.000000000000000000e+00
7.751710654936461165e-01 1.250000000000000000e-01 0.000000000000000000e+00
7.761485826001954802e-01 1.250000000000000000e-01 0.000000000000000000e+00
7.771260997067448439e-01 1.250000000000000000e-01 0.000000000000000000e+00
7.781036168132942077e-01 1.250000000000000000e-01 0.000000000000000000e+00
7.790811339198435714e-01 1.250000000000000000e-01 0.000000000000000000e+00
7.800586510263929352e-01 1.250000000000000000e-01 0.000000000000000000e+00
7.810361681329422989e-01 1.250000000000000000e-01 0.000000000000000000e+00
7.820136852394916627e-01 1.250000000000000000e-01 0.000000000000000000e+00
7.829912023460410264e-01 1.250000000000000000e-01 0.000000000000000000e+00
7.839687194525903902e-01 1.250000000000000000e-01 0.000000000000000000e+00
7.849462365591397539e-01 1.250000000000000000e-01 0.000000000000000000e+00
7.859237536656891177e-01 1.250000000000000000e-01 0.000000000000000000e+00
7.869012707722384814e-01 1.250000000000000000e-01 0.000000000000000000e+00
7.878787878787878451e-01 1.250000000000000000e-01 0.000000000000000000e+00
7.888563049853372089e-01 1.250000000000000000e-01 0.000000000000000000e+00
7.898338220918865726e-01 1.250000000000000000e-01 0.000000000000000000e+00
7.908113391984359364e-01 1.250000000000000000e-01 0.000000000000000000e+00
7.917888563049853001e-01 1.250000000000000000e-01 0.000000000000000000e+00
7.927663734115346639e-01 1.250000000000000000e-01 0.000000000000000000e+00
7.937438905180840276e-01 1.250000000000000000e-01 0.000000000000000000e+00
7.947214076246333914e-01 1.250000000000000000e-01 0.000000000000000000e+00
7.956989247311827551e-01 1.250000000000000000e-01 0.000000000000000000e+00
7.966764418377321189e-01 1.250000000000000000e-01 0.000000000000000000e+00
7.976539589442814826e-01 1.250000000000000000e-01 0.000000000000000000e+00
7.986314760508308463e-01 1.250000000000000000e-01 0.000000000000000000e+00
7.996089931573802101e-01 1.250000000000000000e-01 0.000000000000000000e+00
8.005865102639295738e-01 1.250000000000000000e-01 0.000000000000000000e+00
8.015640273704789376e-01 1.250000000000000000e-01 0.000000000000000000e+00
8.025415444770283013e-01 1.250000000000000000e-01 0.000000000000000000e+00
8.035190615835776651e-01 1.250000000000000000e-01 0.000000000000000000e+00
8.044965786901270288e-01 1.250000000000000000e-01 0.000000000000000000e+00
8.054740957966763926e-01 1.250000000000000000e-01 0.000000000000000000e+00
8.064516129032257563e-01 1.250000000000000000e-01 0.000000000000000000e+00
8.074291300097751201e-01 1.250000000000000000e-01 0.000000000000000000e+00
8.084066471163244838e-01 1.250000000000000000e-01 0.000000000000000000e+00
8.093841642228738475e-01 1.250000000000000000e-01 0.000000000000000000e+00
8.103616813294232113e-01 1.250000000000000000e-01 0.000000000000000000e+00
8.113391984359725750e-01 1.250000000000000000e-01 0.000000000000000000e+00
8.123167155425219388e-01 1.250000000000000000e-01 0.000000000000000000e+00
8.132942326490714136e-01 1.250000000000000000e-01 0.000000000000000000e+00
8.142717497556207773e-01 1.250000000000000000e-01 0.000000000000000000e+00
8.152492668621701410e-01 1.250000000000000000e-01 0.000000000000000000e+00
8.162267839687195048e-01 1.250000000000000000e-01 0.000000000000000000e+00
8.172043010752688685e-01 1.250000000000000000e-01 0.000000000000000000e+00
8.181818181818182323e-01 1.250000000000000000e-01 0.000000000000000000e+00
8.191593352883675960e-01 1.250000000000000000e-01 0.000000000000000000e+00
8.201368523949169598e-01 1.250000000000000000e-01 0.000000000000000000e+00
8.211143695014663235e-01 1.250000000000000000e-01 0.000000000000000000e+00
8.220918866080156873e-01 1.250000000000000000e-01 0.000000000000000000e+00
8.230694037145650510e-01 1.250000000000000000e-01 0.000000000000000000e+00
8.240469208211144148e-01 1.250000000000000000e-01 0.000000000000000000e+00
8.250244379276637785e-01 1.250000000000000000e-01 0.000000000000000000e+00
8.260019550342131422e-01 1.250000000000000000e-01 0.000000000000000000e+00
8.269794721407625060e-01 1.250000000000000000e-01 0.000000000000000000e+00
8.279569892473118697e-01 1.250000000000000000e-01 0.000000000000000000e+00
8.289345063538612335e-01 1.250000000000000000e-01 0.000000000000000000e+00
8.299120234604105972e-01 1.250000000000000000e-01 0.000000000000000000e+00
8.308895405669599610e-01 1.250000000000000000e-01 0.000000000000000000e+00
8.318670576735093247e-01 1.250000000000000000e-01 0.000000000000000000e+00
8.328445747800586885e-01 1.250000000000000000e-01 0.000000000000000000e+00
8.338220918866080522e-01 1.250000000000000000e-01 0.000000000000000000e+00
8.347996089931574160e-01 1.250000000000000000e-01 0.000000000000000000e+00
8.357771260997067797e-01 1.250000000000000000e-01 0.000000000000000000e+00
8.367546432062561435e-01 1.250000000000000000e-01 0.000000000000000000e+00
8.377321603128055072e-01 1.250000000000000000e-01 0.000000000000000000e+00
8.387096774193548709e-01 1.250000000000000000e-01 0.000000000000000000e+00
8.396871945259042347e-01 1.250000000000000000e-01 0.000000000000000000e+00
8.406647116324535984e-01 1.250000000000000000e-01 0.000000000000000000e+00
8.416422287390029622e-01 1.250000000000000000e-01 0.000000000000000000e+00
8.426197458455523259e-01 1.250000000000000000e-01 0.000000000000000000e+00
8.435972629521016897e-01 1.250000000000000000e-01 0.000000000000000000e+00
8.445747800586510534e-01 1.250000000000000000e-01 0.000000000000000000e+00
8.455522971652004172e-01 1.250000000000000000e-01 0.000000000000000000e+00
8.465298142717497809e-01 1.250000000000000000e-01 0.000000000000000000e+00
8.475073313782991447e-01 1.250000000000000000e-01 0.000000000000000000e+00
8.484848484848485084e-01 1.250000000000000000e-01 0.000000000000000000e+00
8.494623655913978721e-01 1.250000000000000000e-01 0.000000000000000000e+00
8.504398826979472359e-01 1.250000000000000000e-01 0.000000000000000000e+00
8.514173998044965996e-01 1.250000000000000000e-01 0.000000000000000000e+00
8.523949169110459634e-01 1.250000000000000000e-01 0.000000000000000000e+00
8.533724340175953271e-01 1.250000000000000000e-01 0.000000000000000000e+00
8.543499511241446909e-01 1.250000000000000000e-01 0.000000000000000000e+00
8.553274682306940546e-01 1.250000000000000000e-01 0.000000000000000000e+00
8.563049853372434184e-01 1.250000000000000000e-01 0.000000000000000000e+00
8.572825024437927821e-01 1.250000000000000000e-01 0.000000000000000000e+00
8.582600195503421459e-01 1.250000000000000000e-01 0.000000000000000000e+00
8.592375366568915096e-01 1.250000000000000000e-01 0.000000000000000000e+00
8.602150537634408733e-01 1.250000000000000000e-01 0.000000000000000000e+00
8.611925708699902371e-01 1.250000000000000000e-01 0.000000000000000000e+00
8.621700879765396008e-01 1.250000000000000000e-01 0.000000000000000000e+00
8.631476050830889646e-01 1.250000000000000000e-01 0.000000000000000000e+00
8.641251221896383283e-01 1.250000000000000000e-01 0.000000000000000000e+00
8.651026392961876921e-01 1.250000000000000000e-01 0.000000000000000000e+00
8.660801564027370558e-01 1.250000000000000000e-01 0.000000000000000000e+00
8.670576735092864196e-01 1.250000000000000000e-01 0.000000000000000000e+00
8.680351906158357833e-01 1.250000000000000000e-01 0.000000000000000000e+00
8.690127077223851471e-01 1.250000000000000000e-01 0.000000000000000000e+00
8.699902248289345108e-01 1.250000000000000000e-01 0.000000000000000000e+00
8.709677419354838745e-01 1.250000000000000000e-01 0.000000000000000000e+00
8.719452590420332383e-01 1.250000000000000000e-01 0.000000000000000000e+00
8.729227761485826020e-01 1.250000000000000000e-01 0.000000000000000000e+00
8.739002932551319658e-01 1.250000000000000000e-01 0.000000000000000000e+00
8.748778103616813295e-01 1.250000000000000000e-01 0.000000000000000000e+00
8.758553274682306933e-01 1.250000000000000000e-01 0.000000000000000000e+00
8.768328445747800570e-01 1.250000000000000000e-01 0.000000000000000000e+00
8.778103616813294208e-01 1.250000000000000000e-01 0.000000000000000000e+00
8.787878787878787845e-01 1.250000000000000000e-01 0.000000000000000000e+00
8.797653958944281483e-01 1.250000000000000000e-01 0.000000000000000000e+00
8.807429130009775120e-01 1.250000000000000000e-01 0.000000000000000000e+00
8.817204301075268758e-01 1.250000000000000000e-01 0.000000000000000000e+00
8.826979472140762395e-01 1.250000000000000000e-01 0.000000000000000000e+00
8.836754643206256032e-01 1.250000000000000000e-01 0.000000000000000000e+00
8.846529814271749670e-01 1.250000000000000000e-01 0.000000000000000000e+00
8.856304985337243307e-01 1.250000000000000000e-01 0.000000000000000000e+00
8.866080156402736945e-01 1.250000000000000000e-01 0.000000000000000000e+00
8.875855327468230582e-01 1.250000000000000000e-01 0.000000000000000000e+00
8.885630498533724220e-01 1.250000000000000000e-01 0.000000000000000000e+00
8.895405669599217857e-01 1.250000000000000000e-01 0.000000000000000000e+00
8.905180840664711495e-01 1.250000000000000000e-01 0.000000000000000000e+00
8.914956011730205132e-01 1.250000000000000000e-01 0.000000000000000000e+00
8.924731182795698770e-01 1.250000000000000000e-01 0.000000000000000000e+00
8.934506353861192407e-01 1.250000000000000000e-01 0.000000000000000000e+00
8.944281524926686044e-01 1.250000000000000000e-01 0.000000000000000000e+00
8.954056695992179682e-01 1.250000000000000000e-01 0.000000000000000000e+00
8.963831867057673319e-01 1.250000000000000000e-01 0.000000000000000000e+00
8.973607038123166957e-01 1.250000000000000000e-01 0.000000000000000000e+00
8.983382209188660594e-01 1.250000000000000000e-01 0.000000000000000000e+00
8.993157380254154232e-01 1.250000000000000000e-01 0.000000000000000000e+00
9.002932551319647869e-01 1.250000000000000000e-01 0.000000000000000000e+00
9.012707722385141507e-01 1.250000000000000000e-01 0.000000000000000000e+00
9.022482893450635144e-01 1.250000000000000000e-01 0.000000000000000000e+00
9.032258064516128782e-01 1.250000000000000000e-01 0.000000000000000000e+00
9.042033235581622419e-01 1.250000000000000000e-01 0.000000000000000000e+00
9.051808406647116056e-01 1.250000000000000000e-01 0.000000000000000000e+00
9.061583577712609694e-01 1.250000000000000000e-01 0.000000000000000000e+00
9.071358748778103331e-01 1.250000000000000000e-01 0.000000000000000000e+00
9.081133919843596969e-01 1.250000000000000000e-01 0.000000000000000000e+00
9.090909090909090606e-01 1.250000000000000000e-01 0.000000000000000000e+00
9.100684261974584244e-01 1.250000000000000000e-01 0.000000000000000000e+00
9.110459433040077881e-01 1.250000000000000000e-01 0.000000000000000000e+00
9.120234604105571519e-01 1.250000000000000000e-01 0.000000000000000000e+00
9.130009775171065156e-01 1.250000000000000000e-01 0.000000000000000000e+00
9.139784946236558794e-01 1.250000000000000000e-01 0.000000000000000000e+00
9.149560117302052431e-01 1.250000000000000000e-01 0.000000000000000000e+00
9.159335288367546068e-01 1.250000000000000000e-01 0.000000000000000000e+00
9.169110459433039706e-01 1.250000000000000000e-01 0.000000000000000000e+00
9.178885630498533343e-01 1.250000000000000000e-01 0.000000000000000000e+00
9.188660801564026981e-01 1.250000000000000000e-01 0.000000000000000000e+00
9.198435972629520618e-01 1.250000000000000000e-01 0.000000000000000000e+00
9.208211143695014256e-01 1.250000000000000000e-01 0.000000000000000000e+00
9.217986314760507893e-01 1.250000000000000000e-01 0.000000000000000000e+00
9.227761485826001531e-01 1.250000000000000000e-01 0.000000000000000000e+00
9.237536656891495168e-01 1.250000000000000000e-01 0.000000000000000000e+00
9.247311827956988806e-01 1.250000000000000000e-01 0.000000000000000000e+00
9.257086999022482443e-01 1.250000000000000000e-01 0.000000000000000000e+00
9.266862170087976081e-01 1.250000000000000000e-01 0.000000000000000000e+00
9.276637341153469718e-01 1.250000000000000000e-01 0.000000000000000000e+00
9.286412512218963355e-01 1.250000000000000000e-01 0.000000000000000000e+00
9.296187683284456993e-01 1.250000000000000000e-01 0.000000000000000000e+00
9.305962854349950630e-01 1.250000000000000000e-01 0.000000000000000000e+00
9.315738025415444268e-01 1.250000000000000000e-01 0.000000000000000000e+00
9.325513196480937905e-01 1.250000000000000000e-01 0.000000000000000000e+00
9.335288367546431543e-01 1.250000000000000000e-01 0.000000000000000000e+00
9.345063538611925180e-01 1.250000000000000000e-01 0.000000000000000000e+00
9.354838709677418818e-01 1.250000000000000000e-01 0.000000000000000000e+00
9.364613880742912455e-01 1.250000000000000000e-01 0.000000000000000000e+00
9.374389051808406093e-01 1.250000000000000000e-01 0.000000000000000000e+00
9.384164222873900840e-01 1.250000000000000000e-01 0.000000000000000000e+00
9.393939393939394478e-01 1.250000000000000000e-01 0.000000000000000000e+00
9.403714565004888115e-01 1.250000000000000000e-01 0.000000000000000000e+00
9.413489736070381753e-01 1.250000000000000000e-01 0.000000000000000000e+00
9.423264907135875390e-01 1.250000000000000000e-01 0.000000000000000000e+00
9.433040078201369028e-01 1.250000000000000000e-01 0.000000000000000000e+00
9.442815249266862665e-01 1.250000000000000000e-01 0.000000000000000000e+00
9.452590420332356302e-01 1.250000000000000000e-01 0.000000000000000000e+00
9.462365591397849940e-01 1.250000000000000000e-01 0.000000000000000000e+00
9.472140762463343577e-01 1.250000000000000000e-01 0.000000000000000000e+00
9.481915933528837215e-01 1.250000000000000000e-01 0.000000000000000000e+00
9.491691104594330852e-01 1.250000000000000000e-01 0.000000000000000000e+00
9.501466275659824490e-01 1.250000000000000000e-01 0.000000000000000000e+00
9.511241446725318127e-01 1.250000000000000000e-01 0.000000000000000000e+00
9.521016617790811765e-01 1.250000000000000000e-01 0.000000000000000000e+00
9.530791788856305402e-01 1.250000000000000000e-01 0.000000000000000000e+00
9.540566959921799040e-01 1.250000000000000000e-01 0.000000000000000000e+00
9.550342130987292677e-01 1.250000000000000000e-01 0.000000000000000000e+00
9.560117302052786314e-01 1.250000000000000000e-01 0.000000000000000000e+00
9.569892473118279952e-01 1.250000000000000000e-01 0.000000000000000000e+00
9.579667644183773589e-01 1.250000000000000000e-01 0.000000000000000000e+00
9.589442815249267227e-01 1.250000000000000000e-01 0.000000000000000000e+00
9.599217986314760864e-01 1.250000000000000000e-01 0.000000000000000000e+00
9.608993157380254502e-01 1.250000000000000000e-01 0.000000000000000000e+00
9.618768328445748139e-01 1.250000000000000000e-01 0.000000000000000000e+00
9.628543499511241777e-01 1.250000000000000000e-01 0.000000000000000000e+00
9.638318670576735414e-01 1.250000000000000000e-01 0.000000000000000000e+00
9.648093841642229052e-01 1.250000000000000000e-01 0.000000000000000000e+00
9.657869012707722689e-01 1.250000000000000000e-01 0.000000000000000000e+00
9.667644183773216326e-01 1.250000000000000000e-01 0.000000000000000000e+00
9.677419354838709964e-01 1.250000000000000000e-01 0.000000000000000000e+00
9.687194525904203601e-01 1.250000000000000000e-01 0.000000000000000000e+00
9.696969696969697239e-01 1.250000000000000000e-01 0.000000000000000000e+00
9.706744868035190876e-01 1.250000000000000000e-01 0.000000000000000000e+00
9.716520039100684514e-01 1.250000000000000000e-01 0.000000000000000000e+00
9.726295210166178151e-01 1.250000000000000000e-01 0.000000000000000000e+00
9.736070381231671789e-01 1.250000000000000000e-01 0.000000000000000000e+00
9.745845552297165426e-01 1.250000000000000000e-01 0.000000000000000000e+00
9.755620723362659064e-01 1.250000000000000000e-01 0.000000000000000000e+00
9.765395894428152701e-01 1.250000000000000000e-01 0.000000000000000000e+00
9.775171065493646338e-01 1.250000000000000000e-01 0.000000000000000000e+00
9.784946236559139976e-01 1.250000000000000000e-01 0.000000000000000000e+00
9.794721407624633613e-01 1.250000000000000000e-01 0.000000000000000000e+00
9.804496578690127251e-01 1.250000000000000000e-01 0.000000000000000000e+00
9.814271749755620888e-01 1.250000000000000000e-01 0.000000000000000000e+00
9.824046920821114526e-01 1.250000000000000000e-01 0.000000000000000000e+00
9.833822091886608163e-01 1.250000000000000000e-01 0.000000000000000000e+00
9.843597262952101801e-01 1.250000000000000000e-01 0.000000000000000000e+00
9.853372434017595438e-01 1.250000000000000000e-01 0.000000000000000000e+00
9.863147605083089076e-01 1.250000000000000000e-01 0.000000000000000000e+00
9.872922776148582713e-01 1.250000000000000000e-01 0.000000000000000000e+00
9.882697947214076351e-01 1.250000000000000000e-01 0.000000000000000000e+00
9.892473118279569988e-01 1.250000000000000000e-01 0.000000000000000000e+00
9.902248289345063625e-01 1.250000000000000000e-01 0.000000000000000000e+00
9.912023460410557263e-01 1.250000000000000000e-01 0.000000000000000000e+00
9.921798631476050900e-01 1.250000000000000000e-01 0.000000000000000000e+00
9.931573802541544538e-01 1.250000000000000000e-01 0.000000000000000000e+00
9.941348973607038175e-01 1.250000000000000000e-01 0.000000000000000000e+00
9.951124144672531813e-01 1.250000000000000000e-01 0.000000000000000000e+00
9.960899315738025450e-01 1.250000000000000000e-01 0.000000000000000000e+00
9.970674486803519088e-01 1.250000000000000000e-01 0.000000000000000000e+00
9.980449657869012725e-01 1.250000000000000000e-01 0.000000000000000000e+00
9.990224828934506363e-01 1.250000000000000000e-01 -0.000000000000000000e+00
1.000000000000000000e+00 1.250000000000000000e-01 -0.000000000000000000e+00
