# 0.14687131656836164
0.000000000000000000e+00 1.000000000000000000e+00 -0.000000000000000000e+00
9.775171065493646130e-04 1.000000000000000000e+00 -0.000000000000000000e+00
1.955034213098729226e-03 1.000000000000000000e+00 0.000000000000000000e+00
2.932551319648093839e-03 1.000000000000000000e+00 0.000000000000000000e+00
3.910068426197458452e-03 1.000000000000000000e+00 0.000000000000000000e+00
4.887585532746823065e-03 1.000000000000000000e+00 0.000000000000000000e+00
5.865102639296187678e-03 1.000000000000000000e+00 0.000000000000000000e+00
6.842619745845552291e-03 1.000000000000000000e+00 0.000000000000000000e+00
7.820136852394916904e-03 1.000000000000000000e+00 0.000000000000000000e+00
8.797653958944282385e-03 1.000000000000000000e+00 0.000000000000000000e+00
9.775171065493646130e-03 1.000000000000000000e+00 0.000000000000000000e+00
1.075268817204301161e-02 1.000000000000000000e+00 0.000000000000000000e+00
1.173020527859237536e-02 1.000000000000000000e+00 0.000000000000000000e+00
1.270772238514174084e-02 1.000000000000000000e+00 0.000000000000000000e+00
1.368523949169110458e-02 1.000000000000000000e+00 0.000000000000000000e+00
1.466275659824047006e-02 1.000000000000000000e+00 0.000000000000000000e+00
1.564027370478983381e-02 1.000000000000000000e+00 0.000000000000000000e+00
1.661779081133919755e-02 1.000000000000000000e+00 0.000000000000000000e+00
1.759530791788856477e-02 1.000000000000000000e+00 0.000000000000000000e+00
1.857282502443792851e-02 1.000000000000000000e+00 0.000000000000000000e+00
1.955034213098729226e-02 1.000000000000000000e+00 0.000000000000000000e+00
2.052785923753665601e-02 1.000000000000000000e+00 0.000000000000000000e+00
2.150537634408602322e-02 1.000000000000000000e+00 0.000000000000000000e+00
2.248289345063538697e-02 1.000000000000000000e+00 0.000000000000000000e+00
2.346041055718475071e-02 1.000000000000000000e+00 0.000000000000000000e+00
2.443792766373411446e-02 1.000000000000000000e+00 0.000000000000000000e+00
2.541544477028348167e-02 1.000000000000000000e+00 0.000000000000000000e+00
2.639296187683284542e-02 1.000000000000000000e+00 0.000000000000000000e+00
2.737047898338220916e-02 1.000000000000000000e+00 0.000000000000000000e+00
2.834799608993157291e-02 1.000000000000000000e+00 0.000000000000000000e+00
2.932551319648094013e-02 1.000000000000000000e+00 0.000000000000000000e+00
3.030303030303030387e-02 1.000000000000000000e+00 0.000000000000000000e+00
3.128054740957966762e-02 1.000000000000000000e+00 0.000000000000000000e+00
3.225806451612903136e-02 1.000000000000000000e+00 0.000000000000000000e+00
3.323558162267839511e-02 1.000000000000000000e+00 0.000000000000000000e+00
3.421309872922775885e-02 1.000000000000000000e+00 0.000000000000000000e+00
3.519061583577712954e-02 1.000000000000000000e+00 0.000000000000000000e+00
3.616813294232649328e-02 1.000000000000000000e+00 0.000000000000000000e+00
3.714565004887585703e-02 1.000000000000000000e+00 0.000000000000000000e+00
3.812316715542522078e-02 1.000000000000000000e+00 0.000000000000000000e+00
3.910068426197458452e-02 1.000000000000000000e+00 0.000000000000000000e+00
4.007820136852394827e-02 1.000000000000000000e+00 0.000000000000000000e+00
4.105571847507331201e-02 1.000000000000000000e+00 0.000000000000000000e+00
4.203323558162267576e-02 1.000000000000000000e+00 0.000000000000000000e+00
4.301075268817204644e-02 1.000000000000000000e+00 0.000000000000000000e+00
4.398826979472141019e-02 1.000000000000000000e+00 0.000000000000000000e+00
4.496578690127077393e-02 1.000000000000000000e+00 0.000000000000000000e+00
4.594330400782013768e-02 1.000000000000000000e+00 0.000000000000000000e+00
4.692082111436950143e-02 1.000000000000000000e+00 0.000000000000000000e+00
4.789833822091886517e-02 1.000000000000000000e+00 0.000000000000000000e+00
4.887585532746822892e-02 1.000000000000000000e+00 0.000000000000000000e+00
4.985337243401759266e-02 1.000000000000000000e+00 0.000000000000000000e+00
5.083088954056696335e-02 1.000000000000000000e+00 0.000000000000000000e+00
5.180840664711632709e-02 1.000000000000000000e+00 0.000000000000000000e+00
5.278592375366569084e-02 1.000000000000000000e+00 0.000000000000000000e+00
5.376344086021505458e-02 1.000000000000000000e+00 0.000000000000000000e+00
5.474095796676441833e-02 1.000000000000000000e+00 0.000000000000000000e+00
5.571847507331378208e-02 1.000000000000000000e+00 0.000000000000000000e+00
5.669599217986314582e-02 1.000000000000000000e+00 0.000000000000000000e+00
5.767350928641250957e-02 1.000000000000000000e+00 0.000000000000000000e+00
5.865102639296188025e-02 1.000000000000000000e+00 0.000000000000000000e+00
5.962854349951124400e-02 1.000000000000000000e+00 0.000000000000000000e+00
6.060606060606060774e-02 1.000000000000000000e+00 0.000000000000000000e+00
6.158357771260997149e-02 1.000000000000000000e+00 0.000000000000000000e+00
6.256109481915933523e-02 1.000000000000000000e+00 0.000000000000000000e+00
6.353861192570869898e-02 1.000000000000000000e+00 0.000000000000000000e+00
6.451612903225806273e-02 1.000000000000000000e+00 0.000000000000000000e+00
6.549364613880742647e-02 1.000000000000000000e+00 0.000000000000000000e+00
6.647116324535679022e-02 1.000000000000000000e+00 0.000000000000000000e+00
6.744868035190615396e-02 1.000000000000000000e+00 0.000000000000000000e+00
6.842619745845551771e-02 1.000000000000000000e+00 0.000000000000000000e+00
6.940371456500488145e-02 1.000000000000000000e+00 0.000000000000000000e+00
7.038123167155425908e-02 1.000000000000000000e+00 0.000000000000000000e+00
7.135874877810362282e-02 1.000000000000000000e+00 0.000000000000000000e+00
7.233626588465298657e-02 1.000000000000000000e+00 0.000000000000000000e+00
7.331378299120235031e-02 1.000000000000000000e+00 0.000000000000000000e+00
7.429130009775171406e-02 1.000000000000000000e+00 0.000000000000000000e+00
7.526881720430107781e-02 1.000000000000000000e+00 0.000000000000000000e+00
7.624633431085044155e-02 1.000000000000000000e+00 0.000000000000000000e+00
7.722385141739980530e-02 1.000000000000000000e+00 0.000000000000000000e+00
7.820136852394916904e-02 1.000000000000000000e+00 0.000000000000000000e+00
7.917888563049853279e-02 1.000000000000000000e+00 0.000000000000000000e+00
8.015640273704789653e-02 1.000000000000000000e+00 0.000000000000000000e+00
8.113391984359726028e-02 1.000000000000000000e+00 0.000000000000000000e+00
8.211143695014662403e-02 1.000000000000000000e+00 0.000000000000000000e+00
8.308895405669598777e-02 1.000000000000000000e+00 0.000000000000000000e+00
8.406647116324535152e-02 1.000000000000000000e+00 0.000000000000000000e+00
8.504398826979471526e-02 1.000000000000000000e+00 0.000000000000000000e+00
8.602150537634409289e-02 1.000000000000000000e+00 0.000000000000000000e+00
8.699902248289345663e-02 1.000000000000000000e+00 0.000000000000000000e+00
8.797653958944282038e-02 1.000000000000000000e+00 0.000000000000000000e+00
8.895405669599218412e-02 1.000000000000000000e+00 0.000000000000000000e+00
8.993157380254154787e-02 1.000000000000000000e+00 0.000000000000000000e+00
9.090909090909091161e-02 1.000000000000000000e+00 0.000000000000000000e+00
9.188660801564027536e-02 1.000000000000000000e+00 0.000000000000000000e+00
9.286412512218963911e-02 1.000000000000000000e+00 0.000000000000000000e+00
9.384164222873900285e-02 1.000000000000000000e+00 0.000000000000000000e+00
9.481915933528836660e-02 1.000000000000000000e+00 0.000000000000000000e+00
9.579667644183773034e-02 1.000000000000000000e+00 0.000000000000000000e+00
9.677419354838709409e-02 1.000000000000000000e+00 0.000000000000000000e+00
9.775171065493645783e-02 1.000000000000000000e+00 0.000000000000000000e+00
9.872922776148582158e-02 1.000000000000000000e+00 0.000000000000000000e+00
9.970674486803518533e-02 1.000000000000000000e+00 0.000000000000000000e+00
1.006842619745845491e-01 1.000000000000000000e+00 0.000000000000000000e+00
1.016617790811339267e-01 1.000000000000000000e+00 0.000000000000000000e+00
1.026392961876832904e-01 1.000000000000000000e+00 0.000000000000000000e+00
1.036168132942326542e-01 1.000000000000000000e+00 0.000000000000000000e+00
1.045943304007820179e-01 1.000000000000000000e+00 0.000000000000000000e+00
1.055718475073313817e-01 1.000000000000000000e+00 0.000000000000000000e+00
1.065493646138807454e-01 1.000000000000000000e+00 0.000000000000000000e+00
1.075268817204301092e-01 1.000000000000000000e+00 0.000000000000000000e+00
1.085043988269794729e-01 1.000000000000000000e+00 0.000000000000000000e+00
1.094819159335288367e-01 1.000000000000000000e+00 0.000000000000000000e+00
1.104594330400782004e-01 1.000000000000000000e+00 0.000000000000000000e+00
1.114369501466275642e-01 1.000000000000000000e+00 0.000000000000000000e+00
1.124144672531769279e-01 1.000000000000000000e+00 0.000000000000000000e+00
1.133919843597262916e-01 1.000000000000000000e+00 0.000000000000000000e+00
1.143695014662756554e-01 1.000000000000000000e+00 0.000000000000000000e+00
1.153470185728250191e-01 1.000000000000000000e+00 0.000000000000000000e+00
1.163245356793743829e-01 1.000000000000000000e+00 0.000000000000000000e+00
1.173020527859237605e-01 1.000000000000000000e+00 0.000000000000000000e+00
1.182795698924731242e-01 1.000000000000000000e+00 0.000000000000000000e+00
1.192570869990224880e-01 1.000000000000000000e+00 0.000000000000000000e+00
1.202346041055718517e-01 1.000000000000000000e+00 0.000000000000000000e+00
1.212121212121212155e-01 1.000000000000000000e+00 0.000000000000000000e+00
1.221896383186705792e-01 1.000000000000000000e+00 0.000000000000000000e+00
1.231671554252199430e-01 1.000000000000000000e+00 0.000000000000000000e+00
1.241446725317693067e-01 1.000000000000000000e+00 0.000000000000000000e+00
1.251221896383186705e-01 1.000000000000000000e+00 0.000000000000000000e+00
1.260997067448680342e-01 1.000000000000000000e+00 0.000000000000000000e+00
1.270772238514173980e-01 1.000000000000000000e+00 0.000000000000000000e+00
1.280547409579667617e-01 1.000000000000000000e+00 0.000000000000000000e+00
1.290322580645161255e-01 1.000000000000000000e+00 0.000000000000000000e+00
1.300097751710654892e-01 1.000000000000000000e+00 0.000000000000000000e+00
1.309872922776148529e-01 1.000000000000000000e+00 0.000000000000000000e+00
1.319648093841642167e-01 1.000000000000000000e+00 0.000000000000000000e+00
1.329423264907135804e-01 1.000000000000000000e+00 0.000000000000000000e+00
1.339198435972629442e-01 1.000000000000000000e+00 0.000000000000000000e+00
1.348973607038123079e-01 1.000000000000000000e+00 0.000000000000000000e+00
1.358748778103616717e-01 1.000000000000000000e+00 0.000000000000000000e+00
1.368523949169110354e-01 1.000000000000000000e+00 0.000000000000000000e+00
1.378299120234603992e-01 1.000000000000000000e+00 0.000000000000000000e+00
1.388074291300097629e-01 1.000000000000000000e+00 0.000000000000000000e+00
1.397849462365591267e-01 1.000000000000000000e+00 0.000000000000000000e+00
1.407624633431085182e-01 1.000000000000000000e+00 0.000000000000000000e+00
1.417399804496578819e-01 1.000000000000000000e+00 0.000000000000000000e+00
1.427174975562072456e-01 1.000000000000000000e+00 0.000000000000000000e+00
1.436950146627566094e-01 1.000000000000000000e+00 0.000000000000000000e+00
1.446725317693059731e-01 1.000000000000000000e+00 0.000000000000000000e+00
1.456500488758553369e-01 1.000000000000000000e+00 0.000000000000000000e+00
1.466275659824047006e-01 1.000000000000000000e+00 0.000000000000000000e+00
1.476050830889540644e-01 1.000000000000000000e+00 0.000000000000000000e+00
1.485826001955034281e-01 1.000000000000000000e+00 0.000000000000000000e+00
1.495601173020527919e-01 1.000000000000000000e+00 0.000000000000000000e+00
1.505376344086021556e-01 1.000000000000000000e+00 0.000000000000000000e+00
1.515151515151515194e-01 1.000000000000000000e+00 0.000000000000000000e+00
1.524926686217008831e-01 1.000000000000000000e+00 0.000000000000000000e+00
1.534701857282502468e-01 1.000000000000000000e+00 0.000000000000000000e+00
1.544477028347996106e-01 1.000000000000000000e+00 0.000000000000000000e+00
1.554252199413489743e-01 1.000000000000000000e+00 0.000000000000000000e+00
1.564027370478983381e-01 1.000000000000000000e+00 0.000000000000000000e+00
1.573802541544477018e-01 1.000000000000000000e+00 0.000000000000000000e+00
1.583577712609970656e-01 1.000000000000000000e+00 0.000000000000000000e+00
1.593352883675464293e-01 1.000000000000000000e+00 0.000000000000000000e+00
1.603128054740957931e-01 1.000000000000000000e+00 0.000000000000000000e+00
1.612903225806451568e-01 1.000000000000000000e+00 0.000000000000000000e+00
1.622678396871945206e-01 1.000000000000000000e+00 0.000000000000000000e+00
1.632453567937438843e-01 1.000000000000000000e+00 0.000000000000000000e+00
1.642228739002932481e-01 1.000000000000000000e+00 0.000000000000000000e+00
1.652003910068426118e-01 1.000000000000000000e+00 0.000000000000000000e+00
1.661779081133919755e-01 1.000000000000000000e+00 0.000000000000000000e+00
1.671554252199413393e-01 1.000000000000000000e+00 0.000000000000000000e+00
1.681329423264907030e-01 1.000000000000000000e+00 0.000000000000000000e+00
1.691104594330400668e-01 1.000000000000000000e+00 0.000000000000000000e+00
1.700879765395894305e-01 1.000000000000000000e+00 0.000000000000000000e+00
1.710654936461387943e-01 1.000000000000000000e+00 0.000000000000000000e+00
1.720430107526881858e-01 1.000000000000000000e+00 0.000000000000000000e+00
1.730205278592375495e-01 1.000000000000000000e+00 0.000000000000000000e+00
1.739980449657869133e-01 1.000000000000000000e+00 0.000000000000000000e+00
1.749755620723362770e-01 1.000000000000000000e+00 0.000000000000000000e+00
1.759530791788856408e-01 1.000000000000000000e+00 0.000000000000000000e+00
1.769305962854350045e-01 1.000000000000000000e+00 0.000000000000000000e+00
1.779081133919843682e-01 1.000000000000000000e+00 0.000000000000000000e+00
1.788856304985337320e-01 1.000000000000000000e+00 0.000000000000000000e+00
1.798631476050830957e-01 1.000000000000000000e+00 0.000000000000000000e+00
1.808406647116324595e-01 1.000000000000000000e+00 0.000000000000000000e+00
1.818181818181818232e-01 1.000000000000000000e+00 0.000000000000000000e+00
1.827956989247311870e-01 1.000000000000000000e+00 0.000000000000000000e+00
1.837732160312805507e-01 1.000000000000000000e+00 0.000000000000000000e+00
1.847507331378299145e-01 1.000000000000000000e+00 0.000000000000000000e+00
1.857282502443792782e-01 1.000000000000000000e+00 0.000000000000000000e+00
1.867057673509286420e-01 1.000000000000000000e+00 0.000000000000000000e+00
1.876832844574780057e-01 1.000000000000000000e+00 0.000000000000000000e+00
1.886608015640273694e-01 1.000000000000000000e+00 0.000000000000000000e+00
1.896383186705767332e-01 1.000000000000000000e+00 0.000000000000000000e+00
1.906158357771260969e-01 1.000000000000000000e+00 0.000000000000000000e+00
1.915933528836754607e-01 1.000000000000000000e+00 0.000000000000000000e+00
1.925708699902248244e-01 1.000000000000000000e+00 0.000000000000000000e+00
1.935483870967741882e-01 1.000000000000000000e+00 0.000000000000000000e+00
1.945259042033235519e-01 1.000000000000000000e+00 0.000000000000000000e+00
1.955034213098729157e-01 1.000000000000000000e+00 0.000000000000000000e+00
1.964809384164222794e-01 1.000000000000000000e+00 0.000000000000000000e+00
1.974584555229716432e-01 1.000000000000000000e+00 0.000000000000000000e+00
1.984359726295210069e-01 1.000000000000000000e+00 0.000000000000000000e+00
1.994134897360703707e-01 1.000000000000000000e+00 0.000000000000000000e+00
2.003910068426197344e-01 1.000000000000000000e+00 0.000000000000000000e+00
2.013685239491690981e-01 1.000000000000000000e+00 0.000000000000000000e+00
2.023460410557184619e-01 1.000000000000000000e+00 0.000000000000000000e+00
2.033235581622678534e-01 1.000000000000000000e+00 0.000000000000000000e+00
2.043010752688172171e-01 1.000000000000000000e+00 0.000000000000000000e+00
2.052785923753665809e-01 1.000000000000000000e+00 0.000000000000000000e+00
2.062561094819159446e-01 1.000000000000000000e+00 0.000000000000000000e+00
2.072336265884653084e-01 1.000000000000000000e+00 0.000000000000000000e+00
2.082111436950146721e-01 1.000000000000000000e+00 0.000000000000000000e+00
2.091886608015640359e-01 1.000000000000000000e+00 0.000000000000000000e+00
2.101661779081133996e-01 1.000000000000000000e+00 0.000000000000000000e+00
2.111436950146627634e-01 1.000000000000000000e+00 0.000000000000000000e+00
2.121212121212121271e-01 1.000000000000000000e+00 0.000000000000000000e+00
2.130987292277614908e-01 1.000000000000000000e+00 0.000000000000000000e+00
2.140762463343108546e-01 1.000000000000000000e+00 0.000000000000000000e+00
2.150537634408602183e-01 1.000000000000000000e+00 0.000000000000000000e+00
2.160312805474095821e-01 1.000000000000000000e+00 0.000000000000000000e+00
2.170087976539589458e-01 1.000000000000000000e+00 0.000000000000000000e+00
2.179863147605083096e-01 1.000000000000000000e+00 0.000000000000000000e+00
2.189638318670576733e-01 1.000000000000000000e+00 0.000000000000000000e+00
2.199413489736070371e-01 1.000000000000000000e+00 0.000000000000000000e+00
2.209188660801564008e-01 1.000000000000000000e+00 0.000000000000000000e+00
2.218963831867057646e-01 1.000000000000000000e+00 0.000000000000000000e+00
2.228739002932551283e-01 1.000000000000000000e+00 0.000000000000000000e+00
2.238514173998044920e-01 1.000000000000000000e+00 0.000000000000000000e+00
2.248289345063538558e-01 1.000000000000000000e+00 0.000000000000000000e+00
2.258064516129032195e-01 1.000000000000000000e+00 0.000000000000000000e+00
2.267839687194525833e-01 1.000000000000000000e+00 0.000000000000000000e+00
2.277614858260019470e-01 1.000000000000000000e+00 0.000000000000000000e+00
2.287390029325513108e-01 1.000000000000000000e+00 0.000000000000000000e+00
2.297165200391006745e-01 1.000000000000000000e+00 0.000000000000000000e+00
2.306940371456500383e-01 1.000000000000000000e+00 0.000000000000000000e+00
2.316715542521994020e-01 1.000000000000000000e+00 0.000000000000000000e+00
2.326490713587487658e-01 1.000000000000000000e+00 0.000000000000000000e+00
2.336265884652981295e-01 1.000000000000000000e+00 0.000000000000000000e+00
2.346041055718475210e-01 1.000000000000000000e+00 0.000000000000000000e+00
2.355816226783968848e-01 1.000000000000000000e+00 0.000000000000000000e+00
2.365591397849462485e-01 1.000000000000000000e+00 0.000000000000000000e+00
2.375366568914956122e-01 1.000000000000000000e+00 0.000000000000000000e+00
2.385141739980449760e-01 1.000000000000000000e+00 0.000000000000000000e+00
2.394916911045943397e-01 1.000000000000000000e+00 0.000000000000000000e+00
2.404692082111437035e-01 1.000000000000000000e+00 0.000000000000000000e+00
2.414467253176930672e-01 1.000000000000000000e+00 0.000000000000000000e+00
2.424242424242424310e-01 1.000000000000000000e+00 0.000000000000000000e+00
2.434017595307917947e-01 1.000000000000000000e+00 0.000000000000000000e+00
2.443792766373411585e-01 1.000000000000000000e+00 0.000000000000000000e+00
2.453567937438905222e-01 1.000000000000000000e+00 0.000000000000000000e+00
2.463343108504398860e-01 1.000000000000000000e+00 0.000000000000000000e+00
2.473118279569892497e-01 1.000000000000000000e+00 0.000000000000000000e+00
2.482893450635386134e-01 1.000000000000000000e+00 0.000000000000000000e+00
2.492668621700879772e-01 1.000000000000000000e+00 0.000000000000000000e+00
2.502443792766373409e-01 1.000000000000000000e+00 0.000000000000000000e+00
2.512218963831867047e-01 1.000000000000000000e+00 0.000000000000000000e+00
2.521994134897360684e-01 1.000000000000000000e+00 0.000000000000000000e+00
2.531769305962854322e-01 1.000000000000000000e+00 0.000000000000000000e+00
2.541544477028347959e-01 1.000000000000000000e+00 0.000000000000000000e+00
2.551319648093841597e-01 1.000000000000000000e+00 0.000000000000000000e+00
2.561094819159335234e-01 1.000000000000000000e+00 0.000000000000000000e+00
2.570869990224828872e-01 1.000000000000000000e+00 0.000000000000000000e+00
2.580645161290322509e-01 1.000000000000000000e+00 0.000000000000000000e+00
2.590420332355816146e-01 1.000000000000000000e+00 0.000000000000000000e+00
2.600195503421309784e-01 1.000000000000000000e+00 0.000000000000000000e+00
2.609970674486803421e-01 1.000000000000000000e+00 0.000000000000000000e+00
2.619745845552297059e-01 1.000000000000000000e+00 0.000000000000000000e+00
2.629521016617790696e-01 1.000000000000000000e+00 0.000000000000000000e+00
2.639296187683284334e-01 1.000000000000000000e+00 0.000000000000000000e+00
2.649071358748777971e-01 1.000000000000000000e+00 0.000000000000000000e+00
2.658846529814271609e-01 1.000000000000000000e+00 0.000000000000000000e+00
2.668621700879765246e-01 1.000000000000000000e+00 0.000000000000000000e+00
2.678396871945258884e-01 1.000000000000000000e+00 0.000000000000000000e+00
2.688172043010752521e-01 1.000000000000000000e+00 0.000000000000000000e+00
2.697947214076246158e-01 1.000000000000000000e+00 0.000000000000000000e+00
2.707722385141739796e-01 1.000000000000000000e+00 0.000000000000000000e+00
2.717497556207233433e-01 1.000000000000000000e+00 0.000000000000000000e+00
2.727272727272727071e-01 1.000000000000000000e+00 0.000000000000000000e+00
2.737047898338220708e-01 1.000000000000000000e+00 0.000000000000000000e+00
2.746823069403714346e-01 1.000000000000000000e+00 0.000000000000000000e+00
2.756598240469207983e-01 1.000000000000000000e+00 0.000000000000000000e+00
2.766373411534701621e-01 1.000000000000000000e+00 0.000000000000000000e+00
2.776148582600195258e-01 1.000000000000000000e+00 0.000000000000000000e+00
2.785923753665688896e-01 1.000000000000000000e+00 0.000000000000000000e+00
2.795698924731182533e-01 1.000000000000000000e+00 0.000000000000000000e+00
2.805474095796676171e-01 1.000000000000000000e+00 0.000000000000000000e+00
2.815249266862170363e-01 1.000000000000000000e+00 0.000000000000000000e+00
2.825024437927664001e-01 1.000000000000000000e+00 0.000000000000000000e+00
2.834799608993157638e-01 1.000000000000000000e+00 0.000000000000000000e+00
2.844574780058651275e-01 1.000000000000000000e+00 0.000000000000000000e+00
2.854349951124144913e-01 1.000000000000000000e+00 0.000000000000000000e+00
2.864125122189638550e-01 1.000000000000000000e+00 0.000000000000000000e+00
2.873900293255132188e-01 1.000000000000000000e+00 0.000000000000000000e+00
2.883675464320625825e-01 1.000000000000000000e+00 0.000000000000000000e+00
2.893450635386119463e-01 1.000000000000000000e+00 0.000000000000000000e+00
2.903225806451613100e-01 1.000000000000000000e+00 0.000000000000000000e+00
2.913000977517106738e-01 1.000000000000000000e+00 0.000000000000000000e+00
2.922776148582600375e-01 1.000000000000000000e+00 0.000000000000000000e+00
2.932551319648094013e-01 1.000000000000000000e+00 0.000000000000000000e+00
2.942326490713587650e-01 1.000000000000000000e+00 0.000000000000000000e+00
2.952101661779081287e-01 1.000000000000000000e+00 0.000000000000000000e+00
2.961876832844574925e-01 1.000000000000000000e+00 0.000000000000000000e+00
2.971652003910068562e-01 1.000000000000000000e+00 0.000000000000000000e+00
2.981427174975562200e-01 1.000000000000000000e+00 0.000000000000000000e+00
2.991202346041055837e-01 1.000000000000000000e+00 0.000000000000000000e+00
3.000977517106549475e-01 1.000000000000000000e+00 0.000000000000000000e+00
3.010752688172043112e-01 1.000000000000000000e+00 0.000000000000000000e+00
3.020527859237536750e-01 1.000000000000000000e+00 0.000000000000000000e+00
3.030303030303030387e-01 1.000000000000000000e+00 0.000000000000000000e+00
3.040078201368524025e-01 1.000000000000000000e+00 0.000000000000000000e+00
3.049853372434017662e-01 1.000000000000000000e+00 0.000000000000000000e+00
3.059628543499511300e-01 1.000000000000000000e+00 0.000000000000000000e+00
3.069403714565004937e-01 1.000000000000000000e+00 0.000000000000000000e+00
3.079178885630498574e-01 1.000000000000000000e+00 0.000000000000000000e+00
3.088954056695992212e-01 1.000000000000000000e+00 0.000000000000000000e+00
3.098729227761485849e-01 1.000000000000000000e+00 0.000000000000000000e+00
3.108504398826979487e-01 1.000000000000000000e+00 0.000000000000000000e+00
3.118279569892473124e-01 1.000000000000000000e+00 0.000000000000000000e+00
3.128054740957966762e-01 1.000000000000000000e+00 0.000000000000000000e+00
3.137829912023460399e-01 1.000000000000000000e+00 0.000000000000000000e+00
3.147605083088954037e-01 1.000000000000000000e+00 0.000000000000000000e+00
3.157380254154447674e-01 1.000000000000000000e+00 0.000000000000000000e+00
3.167155425219941312e-01 1.000000000000000000e+00 0.000000000000000000e+00
3.176930596285434949e-01 1.000000000000000000e+00 0.000000000000000000e+00
3.186705767350928586e-01 1.000000000000000000e+00 0.000000000000000000e+00
3.196480938416422224e-01 1.000000000000000000e+00 0.000000000000000000e+00
3.206256109481915861e-01 1.000000000000000000e+00 0.000000000000000000e+00
3.216031280547409499e-01 1.000000000000000000e+00 0.000000000000000000e+00
3.225806451612903136e-01 1.000000000000000000e+00 0.000000000000000000e+00
3.235581622678396774e-01 1.000000000000000000e+00 0.000000000000000000e+00
3.245356793743890411e-01 1.000000000000000000e+00 0.000000000000000000e+00
3.255131964809384049e-01 1.000000000000000000e+00 0.000000000000000000e+00
3.264907135874877686e-01 1.000000000000000000e+00 0.000000000000000000e+00
3.274682306940371324e-01 1.000000000000000000e+00 0.000000000000000000e+00
3.284457478005864961e-01 1.000000000000000000e+00 0.000000000000000000e+00
3.294232649071358598e-01 1.000000000000000000e+00 0.000000000000000000e+00
3.304007820136852236e-01 1.000000000000000000e+00 0.000000000000000000e+00
3.313782991202345873e-01 1.000000000000000000e+00 0.000000000000000000e+00
3.323558162267839511e-01 1.000000000000000000e+00 0.000000000000000000e+00
3.333333333333333148e-01 1.000000000000000000e+00 0.000000000000000000e+00
3.343108504398826786e-01 1.000000000000000000e+00 0.000000000000000000e+00
3.352883675464320423e-01 1.000000000000000000e+00 0.000000000000000000e+00
3.362658846529814061e-01 1.000000000000000000e+00 0.000000000000000000e+00
3.372434017595307698e-01 1.000000000000000000e+00 0.000000000000000000e+00
3.382209188660801336e-01 1.000000000000000000e+00 4.513128200232336244e-18
3.391984359726294973e-01 9.999999999999997780e-01 2.798218491394858148e-16
3.401759530791788610e-01 9.999999999999981126e-01 1.241163177581207764e-15
3.411534701857282248e-01 9.999999999999945599e-01 5.226524989740881541e-15
3.421309872922775885e-01 9.999999999999823475e-01 1.268733508285823326e-14
3.431085043988269523e-01 9.999999999999591438e-01 3.708751109401837031e-14
3.440860215053763715e-01 9.999999999998869793e-01 8.185294499430870885e-14
3.450635386119257353e-01 9.999999999997585265e-01 2.205144237821714698e-13
3.460410557184750990e-01 9.999999999993610666e-01 4.663059567838647578e-13
3.470185728250244628e-01 9.999999999986569632e-01 1.218035228797381415e-12
3.479960899315738265e-01 9.999999999965313302e-01 2.538929643196986506e-12
3.489736070381231903e-01 9.999999999928218530e-01 6.466108484010305271e-12
3.499511241446725540e-01 9.999999999819352281e-01 1.327586736949399479e-11
3.509286412512219178e-01 9.999999999631685732e-01 3.295477189515305607e-11
3.519061583577712815e-01 9.999999999096680359e-01 6.664103404640316944e-11
3.528836754643206453e-01 9.999999998186520633e-01 1.611598583303020829e-10
3.538611925708700090e-01 9.999999995668531483e-01 3.207989309321332977e-10
3.548387096774193727e-01 9.999999991442839464e-01 7.552165333312905780e-10
3.558162267839687365e-01 9.999999980111062836e-01 1.478837916534510561e-09
3.567937438905181002e-01 9.999999961360221956e-01 3.386367832066151806e-09
3.577712609970674640e-01 9.999999912680783698e-01 6.518470858447039781e-09
3.587487781036168277e-01 9.999999833299897389e-01 1.450595792432706498e-08
3.597262952101661915e-01 9.999999634070739774e-01 2.742686179483250706e-08
3.607038123167155552e-01 9.999999314096099656e-01 5.925637689573440897e-08
3.616813294232649190e-01 9.999998538964631756e-01 1.099506689814231712e-07
3.626588465298142827e-01 9.999997313667670085e-01 2.303770906765803857e-07
3.636363636363636465e-01 9.999994453848477516e-01 4.190838562305843675e-07
3.646138807429130102e-01 9.999990007767319833e-01 8.505343382400572831e-07
3.655913978494623739e-01 9.999980030609195714e-01 1.515158728564721645e-06
3.665689149560117377e-01 9.999964788858471954e-01 2.974375624897602023e-06
3.675464320625611014e-01 9.999931983930603341e-01 5.182006726215116452e-06
3.685239491691104652e-01 9.999882790874565774e-01 9.824114073083032317e-06
3.695014662756598289e-01 9.999781532971752096e-01 1.671355347743878092e-05
3.704789833822091927e-01 9.999632669816349573e-01 3.054400489899961312e-05
3.714565004887585564e-01 9.999340641461762491e-01 5.065153654214605991e-05
3.724340175953079202e-01 9.998920385771430386e-01 8.903996731939029094e-05
3.734115347018572839e-01 9.998137981081616221e-01 1.436182937179057977e-04
3.743890518084066477e-01 9.997037887600285222e-01 2.422477951543059924e-04
3.753665689149560114e-01 9.995104124759929265e-01 3.790744451881641885e-04
3.763440860215053752e-01 9.992453844208859515e-01 6.117925998035064501e-04
3.773216031280547389e-01 9.988081785376564659e-01 9.259421844018743235e-04
3.782991202346041026e-01 9.982257856810454744e-01 1.425512743473536081e-03
3.792766373411534664e-01 9.973301930651342628e-01 2.079498623973799649e-03
3.802541544477028301e-01 9.961746004780728247e-01 3.045114801388939824e-03
3.812316715542521939e-01 9.945286223934748371e-01 4.266155202121955231e-03
3.822091886608015576e-01 9.924791387651852315e-01 5.930387495159419181e-03
3.831867057673509214e-01 9.897860527991280133e-01 7.954823182114923591e-03
3.841642228739002851e-01 9.865622927352306615e-01 1.049675598298385748e-02
3.851417399804496489e-01 9.826488531700113827e-01 1.346052865411831619e-02
3.861192570869990126e-01 9.781587865776381063e-01 1.690610245566852299e-02
3.870967741935483764e-01 9.730760658298824861e-01 2.074887578892737824e-02
3.880742913000977401e-01 9.674912191128419714e-01 2.494165616307556302e-02
3.890518084066471038e-01 9.614971091513294654e-01 2.942053429119118393e-02
3.900293255131964676e-01 9.551662299609250395e-01 3.409462776028535091e-02
3.910068426197458313e-01 9.486034443667440419e-01 3.891033786131803396e-02
3.919843597262951951e-01 9.418758591387710322e-01 4.380110631123372567e-02
3.929618768328445588e-01 9.350441180039970046e-01 4.872073053511474100e-02
3.939393939393939226e-01 9.281601561917084409e-01 5.363805563310602292e-02
3.949169110459432863e-01 9.212520833004346210e-01 5.852568150880287784e-02
3.958944281524926501e-01 9.143449514886170526e-01 6.336787259966765451e-02
3.968719452590420138e-01 9.074543772687908572e-01 6.815545870699787900e-02
3.978494623655913776e-01 9.005891850794441877e-01 7.288010525199997702e-02
3.988269794721407413e-01 8.937559304893361034e-01 7.753870354794553665e-02
3.998044965786901050e-01 8.869594735035896127e-01 8.212882936573603909e-02
4.007820136852394688e-01 8.802015260635432936e-01 8.664896904528789079e-02
4.017595307917888325e-01 8.734844442864760916e-01 9.109831754559397088e-02
4.027370478983381963e-01 8.668092726455481900e-01 9.547697027013142546e-02
4.037145650048875600e-01 8.601769176614076917e-01 9.978455274201948610e-02
4.046920821114369238e-01 8.535877326061207526e-01 1.040214321488372173e-01
4.056695992179862875e-01 8.470423920461863654e-01 1.081878522129064712e-01
4.066471163245357068e-01 8.405409052920486124e-01 1.122842920457921417e-01
4.076246334310850705e-01 8.340835459328912460e-01 1.163111100507878970e-01
4.086021505376344343e-01 8.276702918391550812e-01 1.202689500685583807e-01
4.095796676441837980e-01 8.213012417446590163e-01 1.241583109377798894e-01
4.105571847507331618e-01 8.149762507990933047e-01 1.279798292402545834e-01
4.115347018572825255e-01 8.086953129657865613e-01 1.317340927344936019e-01
4.125122189638318893e-01 8.024582683994796461e-01 1.354217792355615069e-01
4.134897360703812530e-01 7.962650156297713666e-01 1.390435090056696688e-01
4.144672531769306167e-01 7.901153653471650884e-01 1.425999609242947219e-01
4.154447702834799805e-01 7.840091754684792580e-01 1.460917908749948257e-01
4.164222873900293442e-01 7.779462436453364882e-01 1.495196808311672620e-01
4.173998044965787080e-01 7.719263892053368492e-01 1.528842941165859115e-01
4.183773216031280717e-01 7.659494019793844366e-01 1.561863111498606183e-01
4.193548387096774355e-01 7.600150844354971458e-01 1.594264024024355519e-01
4.203323558162267992e-01 7.541232201359308052e-01 1.626052428397362914e-01
4.213098729227761630e-01 7.482735987432693747e-01 1.657235001313445422e-01
4.222873900293255267e-01 7.424660019794599997e-01 1.687818434433172310e-01
4.232649071358748905e-01 7.367002147267351919e-01 1.717809362418511454e-01
4.242424242424242542e-01 7.309760177384441171e-01 1.747214394861246189e-01
4.252199413489736179e-01 7.252931939628313174e-01 1.776040090550672357e-01
4.261974584555229817e-01 7.196515257826798795e-01 1.804292974277086348e-01
4.271749755620723454e-01 7.140507975091212600e-01 1.831979520613209733e-01
4.281524926686217092e-01 7.084907942329092823e-01 1.859106158389526864e-01
4.291300097751710729e-01 7.029713032974874709e-01 1.885679266142564758e-01
4.301075268817204367e-01 6.974921141028797011e-01 1.911705174441566402e-01
4.310850439882698004e-01 6.920530186992395194e-01 1.937190162592284937e-01
4.320625610948191642e-01 6.866538118234204457e-01 1.962140458658351294e-01
4.330400782013685279e-01 6.812942913441849546e-01 1.986562238877080944e-01
4.340175953079178917e-01 6.759742584692026712e-01 2.010461628003743506e-01
4.349951124144672554e-01 6.706935180154143250e-01 2.033844698806923368e-01
4.359726295210166191e-01 6.654518786137306741e-01 2.056717472004486735e-01
4.369501466275659829e-01 6.602491529746530308e-01 2.079085916416536783e-01
4.379276637341153466e-01 6.550851581350413122e-01 2.100955949310872872e-01
4.389051808406647104e-01 6.499597157034952000e-01 2.122333436630844117e-01
4.398826979472140741e-01 6.448726521033223413e-01 2.143224193274550216e-01
4.408602150537634379e-01 6.398237988345647498e-01 2.163633983506689784e-01
4.418377321603128016e-01 6.348129927486496626e-01 2.183568521471658808e-01
4.428152492668621654e-01 6.298400763325231466e-01 2.203033471716940861e-01
4.437927663734115291e-01 6.249048980047363644e-01 2.222034449732564754e-01
4.447702834799608929e-01 6.200073124307583505e-01 2.240577022550468700e-01
4.457478005865102566e-01 6.151471808602846369e-01 2.258666709411986107e-01
4.467253176930596203e-01 6.103243714865960179e-01 2.276308982476736020e-01
4.477028347996089841e-01 6.055387598294792451e-01 2.293509267560320808e-01
4.486803519061583478e-01 6.007902291456239663e-01 2.310272944913117077e-01
4.496578690127077116e-01 5.960786708703882386e-01 2.326605350053090882e-01
4.506353861192570753e-01 5.914039850936583242e-01 2.342511774651746814e-01
4.516129032258064391e-01 5.867660810724020237e-01 2.357997467468179176e-01
4.525904203323558028e-01 5.821648777834411703e-01 2.373067635333945269e-01
4.535679374389051666e-01 5.776003045207074305e-01 2.387727444197732529e-01
4.545454545454545303e-01 5.730723015413250465e-01 2.401982020237316828e-01
4.555229716520038941e-01 5.685808207648075374e-01 2.415836451042917554e-01
4.565004887585532578e-01 5.641258265300428398e-01 2.429295786876627672e-01
4.574780058651026216e-01 5.597072964153565477e-01 2.442365042015930132e-01
4.584555229716519853e-01 5.553252221274815881e-01 2.455049196191616545e-01
4.594330400782013490e-01 5.509796104656380367e-01 2.467353196130514792e-01
4.604105571847507128e-01 5.466704843673231284e-01 2.479281957213430032e-01
4.613880742913000765e-01 5.423978840429699577e-01 2.490840365260043598e-01
4.623655913978494403e-01 5.381618682072663029e-01 2.502033278454652288e-01
4.633431085043988040e-01 5.339625154155545061e-01 2.512865529428590650e-01
4.643206256109481678e-01 5.297999255143295283e-01 2.523341927516482563e-01
4.652981427174975315e-01 5.256742212154617011e-01 2.533467261204914722e-01
4.662756598240468953e-01 5.215855498044226213e-01 2.543246300794010928e-01
4.672531769305962590e-01 5.175340849934716436e-01 2.552683801294787780e-01
4.682306940371456228e-01 5.135200289313914812e-01 2.561784505587532124e-01
4.692082111436950420e-01 5.095436143819473962e-01 2.570553147868661625e-01
4.701857282502444058e-01 5.056051070837459527e-01 2.578994457415968444e-01
4.711632453567937695e-01 5.017048083045771989e-01 2.587113162704600677e-01
4.721407624633431332e-01 4.978430576035832722e-01 2.594913995908860183e-01
4.731182795698924970e-01 4.940202358146456585e-01 2.602401697827603777e-01
4.740957966764418607e-01 4.902367682641276536e-01 2.609581023273429556e-01
4.750733137829912245e-01 4.864931282354805764e-01 2.616456746968220393e-01
4.760508308895405882e-01 4.827898406920990704e-01 2.623033669989480732e-01
4.770283479960899520e-01 4.791274862680596214e-01 2.629316626813394953e-01
4.780058651026393157e-01 4.755067055338314530e-01 2.635310493001296606e-01
4.789833822091886795e-01 4.719282035404963049e-01 2.641020193575823738e-01
4.799608993157380432e-01 4.683927546412254839e-01 2.646450712131299676e-01
4.809384164222874070e-01 4.649012075824465740e-01 2.651607100719191590e-01
4.819159335288367707e-01 4.614544908489677799e-01 2.656494490543440112e-01
4.828934506353861345e-01 4.580536182369218112e-01 2.661118103491287856e-01
4.838709677419354982e-01 4.546996946153246677e-01 2.665483264512295558e-01
4.848484848484848619e-01 4.513939218208234960e-01 2.669595414840411629e-01
4.858260019550342257e-01 4.481376046103155431e-01 2.673460126030495210e-01
4.868035190615835894e-01 4.449321565720109062e-01 2.677083114750241633e-01
4.877810361681329532e-01 4.417791058666246662e-01 2.680470258229951663e-01
4.887585532746823169e-01 4.386801006362236466e-01 2.683627610224812998e-01
4.897360703812316807e-01 4.356369138783695583e-01 2.686561417286003617e-01
4.907135874877810444e-01 4.326514475373743340e-01 2.689278135067258435e-01
4.916911045943304082e-01 4.297257355127115930e-01 2.691784444311688951e-01
4.926686217008797719e-01 4.268619452273726966e-01 2.694087266069807862e-01
4.936461388074291357e-01 4.240623773372258487e-01 2.696193775594679654e-01
4.946236559139784994e-01 4.213294630980715105e-01 2.698111414245998874e-01
4.956011730205278631e-01 4.186657588429372190e-01 2.699847898615685970e-01
4.965786901270772269e-01 4.160739369623818740e-01 2.701411225969031493e-01
4.975562072336265906e-01 4.135567727309027442e-01 2.702809674986304533e-01
4.985337243401759544e-01 4.111171262904573798e-01 2.704051800701374741e-01
4.995112414467253181e-01 4.087579190969924392e-01 2.705146422481002344e-01
5.004887585532746819e-01 4.064821041689756775e-01 2.706102603888367319e-01
5.014662756598240456e-01 4.042926295609550746e-01 2.706929623346836511e-01
5.024437927663734094e-01 4.021923946336742328e-01 2.707636934685316299e-01
5.034213098729227731e-01 4.001841989183344550e-01 2.708234116923630697e-01
5.043988269794721369e-01 3.982706836870302247e-01 2.708730813059306852e-01
5.053763440860215006e-01 3.964542667503202500e-01 2.709136658151491961e-01
5.063538611925708643e-01 3.947370715047189837e-01 2.709461197655235742e-01
5.073313782991202281e-01 3.931208518349754155e-01 2.709713797714632944e-01
5.083088954056695918e-01 3.916069151115986191e-01 2.709903549929452704e-01
5.092864125122189556e-01 3.901960461699898741e-01 2.710039173898330378e-01
5.102639296187683193e-01 3.888884357536891434e-01 2.710128921524722068e-01
5.112414467253176831e-01 3.876836173758774762e-01 2.710180487550423178e-01
5.122189638318670468e-01 3.865804168168314736e-01 2.710200930957389898e-01
5.131964809384164106e-01 3.855769184478041733e-01 2.710196611671848443e-01
5.141739980449657743e-01 3.846704521852911118e-01 2.710173146371120390e-01
5.151515151515151381e-01 3.838576040946164447e-01 2.710135386142084601e-01
5.161290322580645018e-01 3.831342524829228213e-01 2.710087417341552340e-01
5.171065493646138655e-01 3.824956298078677208e-01 2.710032585394966942e-01
5.180840664711632293e-01 3.819364089954054853e-01 2.709973539619249805e-01
5.190615835777125930e-01 3.814508109728206864e-01 2.709912295666908055e-01
5.200391006842619568e-01 3.810327285767621808e-01 2.709850311046531623e-01
5.210166177908113205e-01 3.806758606877190809e-01 2.709788568516480201e-01
5.219941348973606843e-01 3.803738496395449031e-01 2.709727662036943707e-01
5.229716520039100480e-01 3.801204147629069774e-01 2.709667880379904026e-01
5.239491691104594118e-01 3.799094753722939699e-01 2.709609284338498902e-01
5.249266862170087755e-01 3.797352575385133377e-01 2.709551774595082008e-01
5.259042033235581393e-01 3.795923804672261537e-01 2.709495148527071295e-01
5.268817204301075030e-01 3.794759200414121181e-01 2.709439145389059278e-01
5.278592375366568668e-01 3.793814488741093505e-01 2.709383480283577006e-01
5.288367546432062305e-01 3.793050538630174939e-01 2.709327868047704535e-01
5.298142717497555942e-01 3.792433335871891464e-01 2.709272038617412393e-01
5.307917888563049580e-01 3.791933788425108642e-01 2.709215745608602455e-01
5.317693059628543217e-01 3.791527401440092926e-01 2.709158769824205892e-01
5.327468230694036855e-01 3.791193861523836639e-01 2.709100919224082249e-01
5.337243401759530492e-01 3.790916567748000010e-01 2.709042026641130252e-01
5.347018572825024130e-01 3.790682142355442652e-01 2.708981946245647143e-01
5.356793743890517767e-01 3.790479948074935712e-01 2.708920549488683105e-01
5.366568914956011405e-01 3.790301632305735358e-01 2.708857721017722819e-01
5.376344086021505042e-01 3.790140711922588279e-01 2.708793354865459135e-01
5.386119257086998680e-01 3.789992206608486791e-01 2.708727351066794187e-01
5.395894428152492317e-01 3.789852323766239595e-01 2.708659612756324497e-01
5.405669599217985954e-01 3.789718194322758138e-01 2.708590043731520236e-01
5.415444770283479592e-01 3.789587656107826774e-01 2.708518546427458040e-01
5.425219941348973229e-01 3.789459079848433443e-01 2.708445020229747757e-01
5.434995112414466867e-01 3.789331232000147098e-01 2.708369360046496421e-01
5.444770283479960504e-01 3.789203168447961567e-01 2.708291455062634134e-01
5.454545454545454142e-01 3.789074153365035169e-01 2.708211187606728299e-01
5.464320625610947779e-01 3.788943598055471429e-01 2.708128432068687141e-01
5.474095796676441417e-01 3.788811015293693241e-01 2.708043053814779832e-01
5.483870967741935054e-01 3.788675985407298219e-01 2.707954908052846998e-01
5.493646138807428692e-01 3.788538131062195724e-01 2.707863838604843143e-01
5.503421309872922329e-01 3.788397098353669112e-01 2.707769676545221937e-01
5.513196480938415966e-01 3.788252542360532327e-01 2.707672238661931186e-01
5.522971652003909604e-01 3.788104115772281677e-01 2.707571325691029984e-01
5.532746823069403241e-01 3.787951459551374134e-01 2.707466720265441218e-01
5.542521994134896879e-01 3.787794194850684359e-01 2.707358184501549303e-01
5.552297165200390516e-01 3.787631915578130171e-01 2.707245457121964516e-01
5.562072336265884154e-01 3.787464181094942761e-01 2.707128249975536693e-01
5.571847507331377791e-01 3.787290508557068502e-01 2.707006243761654329e-01
5.581622678396871429e-01 3.787110364363664439e-01 2.706879082688411486e-01
5.591397849462365066e-01 3.786923154060113927e-01 2.706746367684133014e-01
5.601173020527858704e-01 3.786728209847842752e-01 2.706607647627257696e-01
5.610948191593352341e-01 3.786524774565593332e-01 2.706462407845769969e-01
5.620723362658845979e-01 3.786311980607087180e-01 2.706310054846609026e-01
5.630498533724340726e-01 3.786088821703911256e-01 2.706149895847854148e-01
5.640273704789834364e-01 3.785854114803869352e-01 2.705981111182015897e-01
5.650048875855328001e-01 3.785606448389958190e-01 2.705802716999480273e-01
5.659824046920821639e-01 3.785344112498801317e-01 2.705613514916895279e-01
5.669599217986315276e-01 3.785065004413349365e-01 2.705412024328691656e-01
5.679374389051808913e-01 3.784766502556162759e-01 2.705196392055769783e-01
5.689149560117302551e-01 3.784445299573792054e-01 2.704964272899235689e-01
5.698924731182796188e-01 3.784097184113881518e-01 2.704712673595658923e-01
5.708699902248289826e-01 3.783716759559364040e-01 2.704437751780337518e-01
5.718475073313783463e-01 3.783297087280785287e-01 2.704134561058456621e-01
5.728250244379277101e-01 3.782829242157730310e-01 2.703796733417654363e-01
5.738025415444770738e-01 3.782301769626474353e-01 2.703416091291506729e-01
5.747800586510264376e-01 3.781700036789296115e-01 2.702982183927331583e-01
5.757575757575758013e-01 3.781005475611266542e-01 2.702481746637602766e-01
5.767350928641251651e-01 3.780194724286892738e-01 2.701898087274769988e-01
5.777126099706745288e-01 3.779238683664836729e-01 2.701210411995073057e-01
5.786901270772238925e-01 3.778101519090948934e-01 2.700393112008103169e-01
5.796676441837732563e-01 3.776739653727028134e-01 2.699415044230160654e-01
5.806451612903226200e-01 3.775100816453002550e-01 2.698238850947301537e-01
5.816226783968719838e-01 3.773123224524932984e-01 2.696820375791479374e-01
5.826001955034213475e-01 3.770734996455167853e-01 2.695108244264456387e-01
5.835777126099707113e-01 3.767853901963861274e-01 2.693043685179353774e-01
5.845552297165200750e-01 3.764387560996322879e-01 2.690560673066106911e-01
5.855327468230694388e-01 3.760234200440317753e-01 2.687586469183702031e-01
5.865102639296188025e-01 3.755284063404725758e-01 2.684042628936380015e-01
5.874877810361681663e-01 3.749421540520989082e-01 2.679846525334612650e-01
5.884652981427175300e-01 3.742528055493994921e-01 2.674913411526784190e-01
5.894428152492668938e-01 3.734485689110912388e-01 2.669159011105694534e-01
5.904203323558162575e-01 3.725181469559855074e-01 2.662502584612970180e-01
5.913978494623656212e-01 3.714512196031503621e-01 2.654870377152298011e-01
5.923753665689149850e-01 3.702389602156330728e-01 2.646199308838706465e-01
5.933528836754643487e-01 3.688745611619144160e-01 2.636440731066802545e-01
5.943304007820137125e-01 3.673537396259953791e-01 2.625564041541922355e-01
5.953079178885630762e-01 3.656751922641186536e-01 2.613559933633590737e-01
5.962854349951124400e-01 3.638409670829302889e-01 2.600443054020359912e-01
5.972629521016618037e-01 3.618567231636641290e-01 2.586253858680329087e-01
5.982404692082111675e-01 3.597318536193969130e-01 2.571059491325646262e-01
5.992179863147605312e-01 3.574794542392781826e-01 2.554953558892968379e-01
6.001955034213098950e-01 3.551161291923942143e-01 2.538054742450408519e-01
6.011730205278592587e-01 3.526616352713044522e-01 2.520504254123908106e-01
6.021505376344086224e-01 3.501383766377407780e-01 2.502462225567255727e-01
6.031280547409579862e-01 3.475707720075927876e-01 2.484103184789624164e-01
6.041055718475073499e-01 3.449845248186487190e-01 2.465610839662612797e-01
6.050830889540567137e-01 3.424058334157717987e-01 2.447172432817694976e-01
6.060606060606060774e-01 3.398605821102225755e-01 2.428972959955210398e-01
6.070381231671554412e-01 3.373735548186641564e-01 2.411189549645323116e-01
6.080156402737048049e-01 3.349677108374166101e-01 2.393986287327379281e-01
6.089931573802541687e-01 3.326635574082050795e-01 2.377509731190450837e-01
6.099706744868035324e-01 3.304786465736183620e-01 2.361885316451911576e-01
6.109481915933528962e-01 3.284272150764801501e-01 2.347214782051174897e-01
6.119257086999022599e-01 3.265199765060808335e-01 2.333574685508479352e-01
6.129032258064516236e-01 3.247640653374126996e-01 2.321016003393815696e-01
6.138807429130009874e-01 3.231631236919935701e-01 2.309564751831722496e-01
6.148582600195503511e-01 3.217175141908567015e-01 2.299223508167147767e-01
6.158357771260997149e-01 3.204246366191099149e-01 2.289973674532019277e-01
6.168132942326490786e-01 3.192793225255564082e-01 2.281778298356872958e-01
6.177908113391984424e-01 3.182742803874584747e-01 2.274585254203832507e-01
6.187683284457478061e-01 3.174005644442216556e-01 2.268330594688259538e-01
6.197458455522971699e-01 3.166480424616252565e-01 2.262941893683775574e-01
6.207233626588465336e-01 3.160058411451793781e-01 2.258341429716763105e-01
6.217008797653958974e-01 3.154627522395882511e-01 2.254449088323634554e-01
6.226783968719452611e-01 3.150075870883409235e-01 2.251184896002302593e-01
6.236559139784946248e-01 3.146294721759284596e-01 2.248471132328017374e-01
6.246334310850439886e-01 3.143180825940456447e-01 2.246233998385647190e-01
6.256109481915933523e-01 3.140638142064453575e-01 2.244404847066574227e-01
6.265884652981427161e-01 3.138578983713976589e-01 2.242921002820486842e-01
6.275659824046920798e-01 3.136924653420502529e-01 2.241726214612450030e-01
6.285434995112414436e-01 3.135605639081049389e-01 2.240770796147617538e-01
6.295210166177908073e-01 3.134561455343171654e-01 2.240011512370332081e-01
6.304985337243401711e-01 3.133740213033157640e-01 2.239411271613973575e-01
6.314760508308895348e-01 3.133097995179806583e-01 2.238938679543960864e-01
6.324535679374388986e-01 3.132598110058948948e-01 2.238567505226393139e-01
6.334310850439882623e-01 3.132210281330808366e-01 2.238276102254344591e-01
6.344086021505376261e-01 3.131909823981951502e-01 2.238046819743849947e-01
6.353861192570869898e-01 3.131676843413043199e-01 2.237865429884568214e-01
6.363636363636363535e-01 3.131495484381081607e-01 2.237720591130995251e-01
6.373411534701857173e-01 3.131353247112487193e-01 2.237603359407762671e-01
6.383186705767350810e-01 3.131240380030320125e-01 2.237506754075949955e-01
6.392961876832844448e-01 3.131149352277813880e-01 2.237425380931794272e-01
6.402737047898338085e-01 3.131074404522761756e-01 2.237355111148938702e-01
6.412512218963831723e-01 3.131011173250990431e-01 2.237292812731779268e-01
6.422287390029325360e-01 3.130956381710173764e-01 2.237236129592384271e-01
6.432062561094818998e-01 3.130907589627630050e-01 2.237183302648739214e-01
6.441837732160312635e-01 3.130862993536552841e-01 2.237133027162011290e-01
6.451612903225806273e-01 3.130821269682367292e-01 2.237084340575946628e-01
6.461388074291299910e-01 3.130781451748456123e-01 2.237036535087555400e-01
6.471163245356793547e-01 3.130742836100616766e-01 2.236989089235095485e-01
6.480938416422287185e-01 3.130704908718550117e-01 2.236941614183282079e-01
6.490713587487780822e-01 3.130667291530942475e-01 2.236893814807310865e-01
6.500488758553274460e-01 3.130629710082052930e-01 2.236845471376221473e-01
6.510263929618768097e-01 3.130591981515992717e-01 2.236796443555420233e-01
6.520039100684261735e-01 3.130554000402671067e-01 2.236746667577989844e-01
6.529814271749755372e-01 3.130515667554074066e-01 2.236696068580529273e-01
6.539589442815249010e-01 3.130476727648460189e-01 2.236644333371984872e-01
6.549364613880742647e-01 3.130436663343603154e-01 2.236590744659964491e-01
6.559139784946236285e-01 3.130395106563909069e-01 2.236534741109660884e-01
6.568914956011729922e-01 3.130353155207733495e-01 2.236477815632008925e-01
6.578690127077223559e-01 3.130314520950873702e-01 2.236425319403683720e-01
6.588465298142717197e-01 3.130282537110259944e-01 2.236382483064359439e-01
6.598240469208210834e-01 3.130248817512115700e-01 2.236338182540937303e-01
6.608015640273704472e-01 3.130180917098389082e-01 2.236246011066367334e-01
6.617790811339198109e-01 3.130042634087787934e-01 2.236050576143429058e-01
6.627565982404691747e-01 3.129889895663133248e-01 2.235823977033602750e-01
6.637341153470185384e-01 3.129995868543491988e-01 2.235954729455257306e-01
6.647116324535679022e-01 3.130724897930353134e-01 2.236992181303970872e-01
6.656891495601172659e-01 3.131734463429419191e-01 2.238517290349865130e-01
6.666666666666666297e-01 3.130752012760640857e-01 2.237316777066142293e-01
6.676441837732159934e-01 3.124236626331327038e-01 2.228118621161413460e-01
6.686217008797653572e-01 3.113929387153848150e-01 2.212802522452652909e-01
6.695992179863147209e-01 3.118238502725830807e-01 2.217190085131320876e-01
6.705767350928640846e-01 3.170399050364771654e-01 2.290727301895270074e-01
6.715542521994134484e-01 3.267657229135622066e-01 2.436083981546323662e-01
6.725317693059628121e-01 3.252455779463445662e-01 2.430637114434500146e-01
6.735092864125121759e-01 2.796270664905558534e-01 1.819143736203082951e-01
6.744868035190615396e-01 1.974616319775766016e-01 7.782656066937120032e-02
6.754643206256109034e-01 1.441570312850788682e-01 1.780654278581064731e-02
6.764418377321602671e-01 1.283726134296599153e-01 2.842728039796351639e-03
6.774193548387096309e-01 1.255000671868293505e-01 4.099374272605899473e-04
6.783968719452589946e-01 1.250710994270380350e-01 5.800041582450436679e-05
6.793743890518083584e-01 1.250100378428441461e-01 8.181847887217544237e-06
6.803519061583577221e-01 1.250014156157090717e-01 1.153749795001333616e-06
6.813294232649070858e-01 1.250001996105115365e-01 1.626847325641203806e-07
6.823069403714564496e-01 1.250000281459196783e-01 2.293908780440350194e-08
6.832844574780058133e-01 1.250000039686771647e-01 3.234494315468453427e-09
6.842619745845551771e-01 1.250000005595979236e-01 4.560756340852708862e-10
6.852394916911045408e-01 1.250000000789054655e-01 6.430835063912842811e-11
6.862170087976539046e-01 1.250000000111259890e-01 9.067700083061107984e-12
6.871945259042032683e-01 1.250000000015686619e-01 1.278596822056728216e-12
6.881720430107527431e-01 1.250000000002211842e-01 1.802108191066423387e-13
6.891495601173021068e-01 1.250000000000311418e-01 2.540058760398502797e-14
6.901270772238514706e-01 1.250000000000043854e-01 3.579008345123338456e-15
6.911045943304008343e-01 1.250000000000005829e-01 4.958925599154681210e-16
6.920821114369501981e-01 1.250000000000000555e-01 5.415849643575114322e-17
6.930596285434995618e-01 1.250000000000000000e-01 2.820719507148501577e-18
6.940371456500489256e-01 1.250000000000000000e-01 8.280067033518462552e-37
6.950146627565982893e-01 1.250000000000000000e-01 7.045980326380376162e-137
6.959921798631476531e-01 1.250000000000000000e-01 4.960001730887260609e-278
6.969696969696970168e-01 1.250000000000000000e-01 0.000000000000000000e+00
6.979472140762463805e-01 1.250000000000000000e-01 0.000000000000000000e+00
6.989247311827957443e-01 1.250000000000000000e-01 0.000000000000000000e+00
6.999022482893451080e-01 1.250000000000000000e-01 0.000000000000000000e+00
7.008797653958944718e-01 1.250000000000000000e-01 0.000000000000000000e+00
7.018572825024438355e-01 1.250000000000000000e-01 0.000000000000000000e+00
7.028347996089931993e-01 1.250000000000000000e-01 0.000000000000000000e+00
7.038123167155425630e-01 1.250000000000000000e-01 0.000000000000000000e+00
7.047898338220919268e-01 1.250000000000000000e-01 0.000000000000000000e+00
7.057673509286412905e-01 1.250000000000000000e-01 0.000000000000000000e+00
7.067448680351906543e-01 1.250000000000000000e-01 0.000000000000000000e+00
7.077223851417400180e-01 1.250000000000000000e-01 0.000000000000000000e+00
7.086999022482893817e-01 1.250000000000000000e-01 0.000000000000000000e+00
7.096774193548387455e-01 1.250000000000000000e-01 0.000000000000000000e+00
7.106549364613881092e-01 1.250000000000000000e-01 0.000000000000000000e+00
7.116324535679374730e-01 1.250000000000000000e-01 0.000000000000000000e+00
7.126099706744868367e-01 1.250000000000000000e-01 0.000000000000000000e+00
7.135874877810362005e-01 1.250000000000000000e-01 0.000000000000000000e+00
7.145650048875855642e-01 1.250000000000000000e-01 0.000000000000000000e+00
7.155425219941349280e-01 1.250000000000000000e-01 0.000000000000000000e+00
7.165200391006842917e-01 1.250000000000000000e-01 0.000000000000000000e+00
7.174975562072336555e-01 1.250000000000000000e-01 0.000000000000000000e+00
7.184750733137830192e-01 1.250000000000000000e-01 0.000000000000000000e+00
7.194525904203323829e-01 1.250000000000000000e-01 0.000000000000000000e+00
7.204301075268817467e-01 1.250000000000000000e-01 0.000000000000000000e+00
7.214076246334311104e-01 1.250000000000000000e-01 0.000000000000000000e+00
7.223851417399804742e-01 1.250000000000000000e-01 0.000000000000000000e+00
7.233626588465298379e-01 1.250000000000000000e-01 0.000000000000000000e+00
7.243401759530792017e-01 1.250000000000000000e-01 0.000000000000000000e+00
7.253176930596285654e-01 1.250000000000000000e-01 0.000000000000000000e+00
7.262952101661779292e-01 1.250000000000000000e-01 0.000000000000000000e+00
7.272727272727272929e-01 1.250000000000000000e-01 0.000000000000000000e+00
7.282502443792766567e-01 1.250000000000000000e-01 0.000000000000000000e+00
7.292277614858260204e-01 1.250000000000000000e-01 0.000000000000000000e+00
7.302052785923753842e-01 1.250000000000000000e-01 0.000000000000000000e+00
7.311827956989247479e-01 1.250000000000000000e-01 0.000000000000000000e+00
7.321603128054741116e-01 1.250000000000000000e-01 0.000000000000000000e+00
7.331378299120234754e-01 1.250000000000000000e-01 0.000000000000000000e+00
7.341153470185728391e-01 1.250000000000000000e-01 0.000000000000000000e+00
7.350928641251222029e-01 1.250000000000000000e-01 0.000000000000000000e+00
7.360703812316715666e-01 1.250000000000000000e-01 0.000000000000000000e+00
7.370478983382209304e-01 1.250000000000000000e-01 0.000000000000000000e+00
7.380254154447702941e-01 1.250000000000000000e-01 0.000000000000000000e+00
7.390029325513196579e-01 1.250000000000000000e-01 0.000000000000000000e+00
7.399804496578690216e-01 1.250000000000000000e-01 0.000000000000000000e+00
7.409579667644183854e-01 1.250000000000000000e-01 0.000000000000000000e+00
7.419354838709677491e-01 1.250000000000000000e-01 0.000000000000000000e+00
7.429130009775171128e-01 1.250000000000000000e-01 0.000000000000000000e+00
7.438905180840664766e-01 1.250000000000000000e-01 0.000000000000000000e+00
7.448680351906158403e-01 1.250000000000000000e-01 0.000000000000000000e+00
7.458455522971652041e-01 1.250000000000000000e-01 0.000000000000000000e+00
7.468230694037145678e-01 1.250000000000000000e-01 0.000000000000000000e+00
7.478005865102639316e-01 1.250000000000000000e-01 0.000000000000000000e+00
7.487781036168132953e-01 1.250000000000000000e-01 0.000000000000000000e+00
7.497556207233626591e-01 1.250000000000000000e-01 0.000000000000000000e+00
7.507331378299120228e-01 1.250000000000000000e-01 0.000000000000000000e+00
7.517106549364613866e-01 1.250000000000000000e-01 0.000000000000000000e+00
7.526881720430107503e-01 1.250000000000000000e-01 0.000000000000000000e+00
7.536656891495601140e-01 1.250000000000000000e-01 0.000000000000000000e+00
7.546432062561094778e-01 1.250000000000000000e-01 0.000000000000000000e+00
7.556207233626588415e-01 1.250000000000000000e-01 0.000000000000000000e+00
7.565982404692082053e-01 1.250000000000000000e-01 0.000000000000000000e+00
7.575757575757575690e-01 1.250000000000000000e-01 0.000000000000000000e+00
7.585532746823069328e-01 1.250000000000000000e-01 0.000000000000000000e+00
7.595307917888562965e-01 1.250000000000000000e-01 0.000000000000000000e+00
7.605083088954056603e-01 1.250000000000000000e-01 0.000000000000000000e+00
7.614858260019550240e-01 1.250000000000000000e-01 0.000000000000000000e+00
7.624633431085043878e-01 1.250000000000000000e-01 0.000000000000000000e+00
7.634408602150537515e-01 1.250000000000000000e-01 0.000000000000000000e+00
7.644183773216031152e-01 1.250000000000000000e-01 0.000000000000000000e+00
7.653958944281524790e-01 1.250000000000000000e-01 0.000000000000000000e+00
7.663734115347018427e-01 1.250000000000000000e-01 0.000000000000000000e+00
7.673509286412512065e-01 1.250000000000000000e-01 0.000000000000000000e+00
7.683284457478005702e-01 1.250000000000000000e-01 0.000000000000000000e+00
7.693059628543499340e-01 1.250000000000000000e-01 0.000000000000000000e+00
7.702834799608992977e-01 1.250000000000000000e-01 0.000000000000000000e+00
7.712609970674486615e-01 1.250000000000000000e-01 0.000000000000000000e+00
7.722385141739980252e-01 1.250000000000000000e-01 0.000000000000000000e+00
7.732160312805473890e-01 1.250000000000000000e-01 0.000000000000000000e+00
7.741935483870967527e-01 1.250000000000000000e-01 0.000000000000000000e+00
7.751710654936461165e-01 1.250000000000000000e-01 0.000000000000000000e+00
7.761485826001954802e-01 1.250000000000000000e-01 0.000000000000000000e+00
7.771260997067448439e-01 1.250000000000000000e-01 0.000000000000000000e+00
7.781036168132942077e-01 1.250000000000000000e-01 0.000000000000000000e+00
7.790811339198435714e-01 1.250000000000000000e-01 0.000000000000000000e+00
7.800586510263929352e-01 1.250000000000000000e-01 0.000000000000000000e+00
7.810361681329422989e-01 1.250000000000000000e-01 0.000000000000000000e+00
7.820136852394916627e-01 1.250000000000000000e-01 0.000000000000000000e+00
7.829912023460410264e-01 1.250000000000000000e-01 0.000000000000000000e+00
7.839687194525903902e-01 1.250000000000000000e-01 0.000000000000000000e+00
7.849462365591397539e-01 1.250000000000000000e-01 0.000000000000000000e+00
7.859237536656891177e-01 1.250000000000000000e-01 0.000000000000000000e+00
7.869012707722384814e-01 1.250000000000000000e-01 0.000000000000000000e+00
7.878787878787878451e-01 1.250000000000000000e-01 0.000000000000000000e+00
7.888563049853372089e-01 1.250000000000000000e-01 0.000000000000000000e+00
7.898338220918865726e-01 1.250000000000000000e-01 0.000000000000000000e+00
7.908113391984359364e-01 1.250000000000000000e-01 0.000000000000000000e+00
7.917888563049853001e-01 1.250000000000000000e-01 0.000000000000000000e+00
7.927663734115346639e-01 1.250000000000000000e-01 0.000000000000000000e+00
7.937438905180840276e-01 1.250000000000000000e-01 0.000000000000000000e+00
7.947214076246333914e-01 1.250000000000000000e-01 0.000000000000000000e+00
7.956989247311827551e-01 1.250000000000000000e-01 0.000000000000000000e+00
7.966764418377321189e-01 1.250000000000000000e-01 0.000000000000000000e+00
7.976539589442814826e-01 1.250000000000000000e-01 0.000000000000000000e+00
7.986314760508308463e-01 1.250000000000000000e-01 0.000000000000000000e+00
7.996089931573802101e-01 1.250000000000000000e-01 0.000000000000000000e+00
8.005865102639295738e-01 1.250000000000000000e-01 0.000000000000000000e+00
8.015640273704789376e-01 1.250000000000000000e-01 0.000000000000000000e+00
8.025415444770283013e-01 1.250000000000000000e-01 0.000000000000000000e+00
8.035190615835776651e-01 1.250000000000000000e-01 0.000000000000000000e+00
8.044965786901270288e-01 1.250000000000000000e-01 0.000000000000000000e+00
8.054740957966763926e-01 1.250000000000000000e-01 0.000000000000000000e+00
8.064516129032257563e-01 1.250000000000000000e-01 0.000000000000000000e+00
8.074291300097751201e-01 1.250000000000000000e-01 0.000000000000000000e+00
8.084066471163244838e-01 1.250000000000000000e-01 0.000000000000000000e+00
8.093841642228738475e-01 1.250000000000000000e-01 0.000000000000000000e+00
8.103616813294232113e-01 1.250000000000000000e-01 0.000000000000000000e+00
8.113391984359725750e-01 1.250000000000000000e-01 0.000000000000000000e+00
8.123167155425219388e-01 1.250000000000000000e-01 0.000000000000000000e+00
8.132942326490714136e-01 1.250000000000000000e-01 0.000000000000000000e+00
8.142717497556207773e-01 1.250000000000000000e-01 0.000000000000000000e+00
8.152492668621701410e-01 1.250000000000000000e-01 0.000000000000000000e+00
8.162267839687195048e-01 1.250000000000000000e-01 0.000000000000000000e+00
8.172043010752688685e-01 1.250000000000000000e-01 0.000000000000000000e+00
8.181818181818182323e-01 1.250000000000000000e-01 0.000000000000000000e+00
8.191593352883675960e-01 1.250000000000000000e-01 0.000000000000000000e+00
8.201368523949169598e-01 1.250000000000000000e-01 0.000000000000000000e+00
8.211143695014663235e-01 1.250000000000000000e-01 0.000000000000000000e+00
8.220918866080156873e-01 1.250000000000000000e-01 0.000000000000000000e+00
8.230694037145650510e-01 1.250000000000000000e-01 0.000000000000000000e+00
8.240469208211144148e-01 1.250000000000000000e-01 0.000000000000000000e+00
8.250244379276637785e-01 1.250000000000000000e-01 0.000000000000000000e+00
8.260019550342131422e-01 1.250000000000000000e-01 0.000000000000000000e+00
8.269794721407625060e-01 1.250000000000000000e-01 0.000000000000000000e+00
8.279569892473118697e-01 1.250000000000000000e-01 0.000000000000000000e+00
8.289345063538612335e-01 1.250000000000000000e-01 0.000000000000000000e+00
8.299120234604105972e-01 1.250000000000000000e-01 0.000000000000000000e+00
8.308895405669599610e-01 1.250000000000000000e-01 0.000000000000000000e+00
8.318670576735093247e-01 1.250000000000000000e-01 0.000000000000000000e+00
8.328445747800586885e-01 1.250000000000000000e-01 0.000000000000000000e+00
8.338220918866080522e-01 1.250000000000000000e-01 0.000000000000000000e+00
8.347996089931574160e-01 1.250000000000000000e-01 0.000000000000000000e+00
8.357771260997067797e-01 1.250000000000000000e-01 0.000000000000000000e+00
8.367546432062561435e-01 1.250000000000000000e-01 0.000000000000000000e+00
8.377321603128055072e-01 1.250000000000000000e-01 0.000000000000000000e+00
8.387096774193548709e-01 1.250000000000000000e-01 0.000000000000000000e+00
8.396871945259042347e-01 1.250000000000000000e-01 0.000000000000000000e+00
8.406647116324535984e-01 1.250000000000000000e-01 0.000000000000000000e+00
8.416422287390029622e-01 1.250000000000000000e-01 0.000000000000000000e+00
8.426197458455523259e-01 1.250000000000000000e-01 0.000000000000000000e+00
8.435972629521016897e-01 1.250000000000000000e-01 0.000000000000000000e+00
8.445747800586510534e-01 1.250000000000000000e-01 0.000000000000000000e+00
8.455522971652004172e-01 1.250000000000000000e-01 0.000000000000000000e+00
8.465298142717497809e-01 1.250000000000000000e-01 0.000000000000000000e+00
8.475073313782991447e-01 1.250000000000000000e-01 0.000000000000000000e+00
8.484848484848485084e-01 1.250000000000000000e-01 0.000000000000000000e+00
8.494623655913978721e-01 1.250000000000000000e-01 0.000000000000000000e+00
8.504398826979472359e-01 1.250000000000000000e-01 0.000000000000000000e+00
8.514173998044965996e-01 1.250000000000000000e-01 0.000000000000000000e+00
8.523949169110459634e-01 1.250000000000000000e-01 0.000000000000000000e+00
8.533724340175953271e-01 1.250000000000000000e-01 0.000000000000000000e+00
8.543499511241446909e-01 1.250000000000000000e-01 0.000000000000000000e+00
8.553274682306940546e-01 1.250000000000000000e-01 0.000000000000000000e+00
8.563049853372434184e-01 1.250000000000000000e-01 0.000000000000000000e+00
8.572825024437927821e-01 1.250000000000000000e-01 0.000000000000000000e+00
8.582600195503421459e-01 1.250000000000000000e-01 0.000000000000000000e+00
8.592375366568915096e-01 1.250000000000000000e-01 0.000000000000000000e+00
8.602150537634408733e-01 1.250000000000000000e-01 0.000000000000000000e+00
8.611925708699902371e-01 1.250000000000000000e-01 0.000000000000000000e+00
8.621700879765396008e-01 1.250000000000000000e-01 0.000000000000000000e+00
8.631476050830889646e-01 1.250000000000000000e-01 0.000000000000000000e+00
8.641251221896383283e-01 1.250000000000000000e-01 0.000000000000000000e+00
8.651026392961876921e-01 1.250000000000000000e-01 0.000000000000000000e+00
8.660801564027370558e-01 1.250000000000000000e-01 0.000000000000000000e+00
8.670576735092864196e-01 1.250000000000000000e-01 0.000000000000000000e+00
8.680351906158357833e-01 1.250000000000000000e-01 0.000000000000000000e+00
8.690127077223851471e-01 1.250000000000000000e-01 0.000000000000000000e+00
8.699902248289345108e-01 1.250000000000000000e-01 0.000000000000000000e+00
8.709677419354838745e-01 1.250000000000000000e-01 0.000000000000000000e+00
8.719452590420332383e-01 1.250000000000000000e-01 0.000000000000000000e+00
8.729227761485826020e-01 1.250000000000000000e-01 0.000000000000000000e+00
8.739002932551319658e-01 1.250000000000000000e-01 0.000000000000000000e+00
8.748778103616813295e-01 1.250000000000000000e-01 0.000000000000000000e+00
8.758553274682306933e-01 1.250000000000000000e-01 0.000000000000000000e+00
8.768328445747800570e-01 1.250000000000000000e-01 0.000000000000000000e+00
8.778103616813294208e-01 1.250000000000000000e-01 0.000000000000000000e+00
8.787878787878787845e-01 1.250000000000000000e-01 0.000000000000000000e+00
8.797653958944281483e-01 1.250000000000000000e-01 0.000000000000000000e+00
8.807429130009775120e-01 1.250000000000000000e-01 0.000000000000000000e+00
8.817204301075268758e-01 1.250000000000000000e-01 0.000000000000000000e+00
8.826979472140762395e-01 1.250000000000000000e-01 0.000000000000000000e+00
8.836754643206256032e-01 1.250000000000000000e-01 0.000000000000000000e+00
8.846529814271749670e-01 1.250000000000000000e-01 0.000000000000000000e+00
8.856304985337243307e-01 1.250000000000000000e-01 0.000000000000000000e+00
8.866080156402736945e-01 1.250000000000000000e-01 0.000000000000000000e+00
8.875855327468230582e-01 1.250000000000000000e-01 0.000000000000000000e+00
8.885630498533724220e-01 1.250000000000000000e-01 0.000000000000000000e+00
8.895405669599217857e-01 1.250000000000000000e-01 0.000000000000000000e+00
8.905180840664711495e-01 1.250000000000000000e-01 0.000000000000000000e+00
8.914956011730205132e-01 1.250000000000000000e-01 0.000000000000000000e+00
8.924731182795698770e-01 1.250000000000000000e-01 0.000000000000000000e+00
8.934506353861192407e-01 1.250000000000000000e-01 0.000000000000000000e+00
8.944281524926686044e-01 1.250000000000000000e-01 0.000000000000000000e+00
8.954056695992179682e-01 1.250000000000000000e-01 0.000000000000000000e+00
8.963831867057673319e-01 1.250000000000000000e-01 0.000000000000000000e+00
8.973607038123166957e-01 1.250000000000000000e-01 0.000000000000000000e+00
8.983382209188660594e-01 1.250000000000000000e-01 0.000000000000000000e+00
8.993157380254154232e-01 1.250000000000000000e-01 0.000000000000000000e+00
9.002932551319647869e-01 1.250000000000000000e-01 0.000000000000000000e+00
9.012707722385141507e-01 1.250000000000000000e-01 0.000000000000000000e+00
9.022482893450635144e-01 1.250000000000000000e-01 0.000000000000000000e+00
9.032258064516128782e-01 1.250000000000000000e-01 0.000000000000000000e+00
9.042033235581622419e-01 1.250000000000000000e-01 0.000000000000000000e+00
9.051808406647116056e-01 1.250000000000000000e-01 0.000000000000000000e+00
9.061583577712609694e-01 1.250000000000000000e-01 0.000000000000000000e+00
9.071358748778103331e-01 1.250000000000000000e-01 0.000000000000000000e+00
9.081133919843596969e-01 1.250000000000000000e-01 0.000000000000000000e+00
9.090909090909090606e-01 1.250000000000000000e-01 0.000000000000000000e+00
9.100684261974584244e-01 1.250000000000000000e-01 0.000000000000000000e+00
9.110459433040077881e-01 1.250000000000000000e-01 0.000000000000000000e+00
9.120234604105571519e-01 1.250000000000000000e-01 0.000000000000000000e+00
9.130009775171065156e-01 1.250000000000000000e-01 0.000000000000000000e+00
9.139784946236558794e-01 1.250000000000000000e-01 0.000000000000000000e+00
9.149560117302052431e-01 1.250000000000000000e-01 0.000000000000000000e+00
9.159335288367546068e-01 1.250000000000000000e-01 0.000000000000000000e+00
9.169110459433039706e-01 1.250000000000000000e-01 0.000000000000000000e+00
9.178885630498533343e-01 1.250000000000000000e-01 0.000000000000000000e+00
9.188660801564026981e-01 1.250000000000000000e-01 0.000000000000000000e+00
9.198435972629520618e-01 1.250000000000000000e-01 0.000000000000000000e+00
9.208211143695014256e-01 1.250000000000000000e-01 0.000000000000000000e+00
9.217986314760507893e-01 1.250000000000000000e-01 0.000000000000000000e+00
9.227761485826001531e-01 1.250000000000000000e-01 0.000000000000000000e+00
9.237536656891495168e-01 1.250000000000000000e-01 0.000000000000000000e+00
9.247311827956988806e-01 1.250000000000000000e-01 0.000000000000000000e+00
9.257086999022482443e-01 1.250000000000000000e-01 0.000000000000000000e+00
9.266862170087976081e-01 1.250000000000000000e-01 0.000000000000000000e+00
9.276637341153469718e-01 1.250000000000000000e-01 0.000000000000000000e+00
9.286412512218963355e-01 1.250000000000000000e-01 0.000000000000000000e+00
9.296187683284456993e-01 1.250000000000000000e-01 0.000000000000000000e+00
9.305962854349950630e-01 1.250000000000000000e-01 0.000000000000000000e+00
9.315738025415444268e-01 1.250000000000000000e-01 0.000000000000000000e+00
9.325513196480937905e-01 1.250000000000000000e-01 0.000000000000000000e+00
9.335288367546431543e-01 1.250000000000000000e-01 0.000000000000000000e+00
9.345063538611925180e-01 1.250000000000000000e-01 0.000000000000000000e+00
9.354838709677418818e-01 1.250000000000000000e-01 0.000000000000000000e+00
9.364613880742912455e-01 1.250000000000000000e-01 0.000000000000000000e+00
9.374389051808406093e-01 1.250000000000000000e-01 0.000000000000000000e+00
9.384164222873900840e-01 1.250000000000000000e-01 0.000000000000000000e+00
9.393939393939394478e-01 1.250000000000000000e-01 0.000000000000000000e+00
9.403714565004888115e-01 1.250000000000000000e-01 0.000000000000000000e+00
9.413489736070381753e-01 1.250000000000000000e-01 0.000000000000000000e+00
9.423264907135875390e-01 1.250000000000000000e-01 0.000000000000000000e+00
9.433040078201369028e-01 1.250000000000000000e-01 0.000000000000000000e+00
9.442815249266862665e-01 1.250000000000000000e-01 0.000000000000000000e+00
9.452590420332356302e-01 1.250000000000000000e-01 0.000000000000000000e+00
9.462365591397849940e-01 1.250000000000000000e-01 0.000000000000000000e+00
9.472140762463343577e-01 1.250000000000000000e-01 0.000000000000000000e+00
9.481915933528837215e-01 1.250000000000000000e-01 0.000000000000000000e+00
9.491691104594330852e-01 1.250000000000000000e-01 0.000000000000000000e+00
9.501466275659824490e-01 1.250000000000000000e-01 0.000000000000000000e+00
9.511241446725318127e-01 1.250000000000000000e-01 0.000000000000000000e+00
9.521016617790811765e-01 1.250000000000000000e-01 0.000000000000000000e+00
9.530791788856305402e-01 1.250000000000000000e-01 0.000000000000000000e+00
9.540566959921799040e-01 1.250000000000000000e-01 0.000000000000000000e+00
9.550342130987292677e-01 1.250000000000000000e-01 0.000000000000000000e+00
9.560117302052786314e-01 1.250000000000000000e-01 0.000000000000000000e+00
9.569892473118279952e-01 1.250000000000000000e-01 0.000000000000000000e+00
9.579667644183773589e-01 1.250000000000000000e-01 0.000000000000000000e+00
9.589442815249267227e-01 1.250000000000000000e-01 0.000000000000000000e+00
9.599217986314760864e-01 1.250000000000000000e-01 0.000000000000000000e+00
9.608993157380254502e-01 1.250000000000000000e-01 0.000000000000000000e+00
9.618768328445748139e-01 1.250000000000000000e-01 0.000000000000000000e+00
9.628543499511241777e-01 1.250000000000000000e-01 0.000000000000000000e+00
9.638318670576735414e-01 1.250000000000000000e-01 0.000000000000000000e+00
9.648093841642229052e-01 1.250000000000000000e-01 0.000000000000000000e+00
9.657869012707722689e-01 1.250000000000000000e-01 0.000000000000000000e+00
9.667644183773216326e-01 1.250000000000000000e-01 0.000000000000000000e+00
9.677419354838709964e-01 1.250000000000000000e-01 0.000000000000000000e+00
9.687194525904203601e-01 1.250000000000000000e-01 0.000000000000000000e+00
9.696969696969697239e-01 1.250000000000000000e-01 0.000000000000000000e+00
9.706744868035190876e-01 1.250000000000000000e-01 0.000000000000000000e+00
9.716520039100684514e-01 1.250000000000000000e-01 0.000000000000000000e+00
9.726295210166178151e-01 1.250000000000000000e-01 0.000000000000000000e+00
9.736070381231671789e-01 1.250000000000000000e-01 0.000000000000000000e+00
9.745845552297165426e-01 1.250000000000000000e-01 0.000000000000000000e+00
9.755620723362659064e-01 1.250000000000000000e-01 0.000000000000000000e+00
9.765395894428152701e-01 1.250000000000000000e-01 0.000000000000000000e+00
9.775171065493646338e-01 1.250000000000000000e-01 0.000000000000000000e+00
9.784946236559139976e-01 1.250000000000000000e-01 0.000000000000000000e+00
9.794721407624633613e-01 1.250000000000000000e-01 0.000000000000000000e+00
9.804496578690127251e-01 1.250000000000000000e-01 0.000000000000000000e+00
9.814271749755620888e-01 1.250000000000000000e-01 0.000000000000000000e+00
9.824046920821114526e-01 1.250000000000000000e-01 0.000000000000000000e+00
9.833822091886608163e-01 1.250000000000000000e-01 0.000000000000000000e+00
9.843597262952101801e-01 1.250000000000000000e-01 0.000000000000000000e+00
9.853372434017595438e-01 1.250000000000000000e-01 0.000000000000000000e+00
9.863147605083089076e-01 1.250000000000000000e-01 0.000000000000000000e+00
9.872922776148582713e-01 1.250000000000000000e-01 0.000000000000000000e+00
9.882697947214076351e-01 1.250000000000000000e-01 0.000000000000000000e+00
9.892473118279569988e-01 1.250000000000000000e-01 0.000000000000000000e+00
9.902248289345063625e-01 1.250000000000000000e-01 0.000000000000000000e+00
9.912023460410557263e-01 1.250000000000000000e-01 0.000000000000000000e+00
9.921798631476050900e-01 1.250000000000000000e-01 0.000000000000000000e+00
9.931573802541544538e-01 1.250000000000000000e-01 0.000000000000000000e+00
9.941348973607038175e-01 1.250000000000000000e-01 0.000000000000000000e+00
9.951124144672531813e-01 1.250000000000000000e-01 0.000000000000000000e+00
9.960899315738025450e-01 1.250000000000000000e-01 0.000000000000000000e+00
9.970674486803519088e-01 1.250000000000000000e-01 0.000000000000000000e+00
9.980449657869012725e-01 1.250000000000000000e-01 0.000000000000000000e+00
9.990224828934506363e-01 1.250000000000000000e-01 -0.000000000000000000e+00
1.000000000000000000e+00 1.250000000000000000e-01 -0.000000000000000000e+00
