# 0.10706138803613101
0.000000000000000000e+00 1.000000000000000000e+00 -0.000000000000000000e+00
9.775171065493646130e-04 1.000000000000000000e+00 -0.000000000000000000e+00
1.955034213098729226e-03 1.000000000000000000e+00 0.000000000000000000e+00
2.932551319648093839e-03 1.000000000000000000e+00 0.000000000000000000e+00
3.910068426197458452e-03 1.000000000000000000e+00 0.000000000000000000e+00
4.887585532746823065e-03 1.000000000000000000e+00 0.000000000000000000e+00
5.865102639296187678e-03 1.000000000000000000e+00 0.000000000000000000e+00
6.842619745845552291e-03 1.000000000000000000e+00 0.000000000000000000e+00
7.820136852394916904e-03 1.000000000000000000e+00 0.000000000000000000e+00
8.797653958944282385e-03 1.000000000000000000e+00 0.000000000000000000e+00
9.775171065493646130e-03 1.000000000000000000e+00 0.000000000000000000e+00
1.075268817204301161e-02 1.000000000000000000e+00 0.000000000000000000e+00
1.173020527859237536e-02 1.000000000000000000e+00 0.000000000000000000e+00
1.270772238514174084e-02 1.000000000000000000e+00 0.000000000000000000e+00
1.368523949169110458e-02 1.000000000000000000e+00 0.000000000000000000e+00
1.466275659824047006e-02 1.000000000000000000e+00 0.000000000000000000e+00
1.564027370478983381e-02 1.000000000000000000e+00 0.000000000000000000e+00
1.661779081133919755e-02 1.000000000000000000e+00 0.000000000000000000e+00
1.759530791788856477e-02 1.000000000000000000e+00 0.000000000000000000e+00
1.857282502443792851e-02 1.000000000000000000e+00 0.000000000000000000e+00
1.955034213098729226e-02 1.000000000000000000e+00 0.000000000000000000e+00
2.052785923753665601e-02 1.000000000000000000e+00 0.000000000000000000e+00
2.150537634408602322e-02 1.000000000000000000e+00 0.000000000000000000e+00
2.248289345063538697e-02 1.000000000000000000e+00 0.000000000000000000e+00
2.346041055718475071e-02 1.000000000000000000e+00 0.000000000000000000e+00
2.443792766373411446e-02 1.000000000000000000e+00 0.000000000000000000e+00
2.541544477028348167e-02 1.000000000000000000e+00 0.000000000000000000e+00
2.639296187683284542e-02 1.000000000000000000e+00 0.000000000000000000e+00
2.737047898338220916e-02 1.000000000000000000e+00 0.000000000000000000e+00
2.834799608993157291e-02 1.000000000000000000e+00 0.000000000000000000e+00
2.932551319648094013e-02 1.000000000000000000e+00 0.000000000000000000e+00
3.030303030303030387e-02 1.000000000000000000e+00 0.000000000000000000e+00
3.128054740957966762e-02 1.000000000000000000e+00 0.000000000000000000e+00
3.225806451612903136e-02 1.000000000000000000e+00 0.000000000000000000e+00
3.323558162267839511e-02 1.000000000000000000e+00 0.000000000000000000e+00
3.421309872922775885e-02 1.000000000000000000e+00 0.000000000000000000e+00
3.519061583577712954e-02 1.000000000000000000e+00 0.000000000000000000e+00
3.616813294232649328e-02 1.000000000000000000e+00 0.000000000000000000e+00
3.714565004887585703e-02 1.000000000000000000e+00 0.000000000000000000e+00
3.812316715542522078e-02 1.000000000000000000e+00 0.000000000000000000e+00
3.910068426197458452e-02 1.000000000000000000e+00 0.000000000000000000e+00
4.007820136852394827e-02 1.000000000000000000e+00 0.000000000000000000e+00
4.105571847507331201e-02 1.000000000000000000e+00 0.000000000000000000e+00
4.203323558162267576e-02 1.000000000000000000e+00 0.000000000000000000e+00
4.301075268817204644e-02 1.000000000000000000e+00 0.000000000000000000e+00
4.398826979472141019e-02 1.000000000000000000e+00 0.000000000000000000e+00
4.496578690127077393e-02 1.000000000000000000e+00 0.000000000000000000e+00
4.594330400782013768e-02 1.000000000000000000e+00 0.000000000000000000e+00
4.692082111436950143e-02 1.000000000000000000e+00 0.000000000000000000e+00
4.789833822091886517e-02 1.000000000000000000e+00 0.000000000000000000e+00
4.887585532746822892e-02 1.000000000000000000e+00 0.000000000000000000e+00
4.985337243401759266e-02 1.000000000000000000e+00 0.000000000000000000e+00
5.083088954056696335e-02 1.000000000000000000e+00 0.000000000000000000e+00
5.180840664711632709e-02 1.000000000000000000e+00 0.000000000000000000e+00
5.278592375366569084e-02 1.000000000000000000e+00 0.000000000000000000e+00
5.376344086021505458e-02 1.000000000000000000e+00 0.000000000000000000e+00
5.474095796676441833e-02 1.000000000000000000e+00 0.000000000000000000e+00
5.571847507331378208e-02 1.000000000000000000e+00 0.000000000000000000e+00
5.669599217986314582e-02 1.000000000000000000e+00 0.000000000000000000e+00
5.767350928641250957e-02 1.000000000000000000e+00 0.000000000000000000e+00
5.865102639296188025e-02 1.000000000000000000e+00 0.000000000000000000e+00
5.962854349951124400e-02 1.000000000000000000e+00 0.000000000000000000e+00
6.060606060606060774e-02 1.000000000000000000e+00 0.000000000000000000e+00
6.158357771260997149e-02 1.000000000000000000e+00 0.000000000000000000e+00
6.256109481915933523e-02 1.000000000000000000e+00 0.000000000000000000e+00
6.353861192570869898e-02 1.000000000000000000e+00 0.000000000000000000e+00
6.451612903225806273e-02 1.000000000000000000e+00 0.000000000000000000e+00
6.549364613880742647e-02 1.000000000000000000e+00 0.000000000000000000e+00
6.647116324535679022e-02 1.000000000000000000e+00 0.000000000000000000e+00
6.744868035190615396e-02 1.000000000000000000e+00 0.000000000000000000e+00
6.842619745845551771e-02 1.000000000000000000e+00 0.000000000000000000e+00
6.940371456500488145e-02 1.000000000000000000e+00 0.000000000000000000e+00
7.038123167155425908e-02 1.000000000000000000e+00 0.000000000000000000e+00
7.135874877810362282e-02 1.000000000000000000e+00 0.000000000000000000e+00
7.233626588465298657e-02 1.000000000000000000e+00 0.000000000000000000e+00
7.331378299120235031e-02 1.000000000000000000e+00 0.000000000000000000e+00
7.429130009775171406e-02 1.000000000000000000e+00 0.000000000000000000e+00
7.526881720430107781e-02 1.000000000000000000e+00 0.000000000000000000e+00
7.624633431085044155e-02 1.000000000000000000e+00 0.000000000000000000e+00
7.722385141739980530e-02 1.000000000000000000e+00 0.000000000000000000e+00
7.820136852394916904e-02 1.000000000000000000e+00 0.000000000000000000e+00
7.917888563049853279e-02 1.000000000000000000e+00 0.000000000000000000e+00
8.015640273704789653e-02 1.000000000000000000e+00 0.000000000000000000e+00
8.113391984359726028e-02 1.000000000000000000e+00 0.000000000000000000e+00
8.211143695014662403e-02 1.000000000000000000e+00 0.000000000000000000e+00
8.308895405669598777e-02 1.000000000000000000e+00 0.000000000000000000e+00
8.406647116324535152e-02 1.000000000000000000e+00 0.000000000000000000e+00
8.504398826979471526e-02 1.000000000000000000e+00 0.000000000000000000e+00
8.602150537634409289e-02 1.000000000000000000e+00 0.000000000000000000e+00
8.699902248289345663e-02 1.000000000000000000e+00 0.000000000000000000e+00
8.797653958944282038e-02 1.000000000000000000e+00 0.000000000000000000e+00
8.895405669599218412e-02 1.000000000000000000e+00 0.000000000000000000e+00
8.993157380254154787e-02 1.000000000000000000e+00 0.000000000000000000e+00
9.090909090909091161e-02 1.000000000000000000e+00 0.000000000000000000e+00
9.188660801564027536e-02 1.000000000000000000e+00 0.000000000000000000e+00
9.286412512218963911e-02 1.000000000000000000e+00 0.000000000000000000e+00
9.384164222873900285e-02 1.000000000000000000e+00 0.000000000000000000e+00
9.481915933528836660e-02 1.000000000000000000e+00 0.000000000000000000e+00
9.579667644183773034e-02 1.000000000000000000e+00 0.000000000000000000e+00
9.677419354838709409e-02 1.000000000000000000e+00 0.000000000000000000e+00
9.775171065493645783e-02 1.000000000000000000e+00 0.000000000000000000e+00
9.872922776148582158e-02 1.000000000000000000e+00 0.000000000000000000e+00
9.970674486803518533e-02 1.000000000000000000e+00 0.000000000000000000e+00
1.006842619745845491e-01 1.000000000000000000e+00 0.000000000000000000e+00
1.016617790811339267e-01 1.000000000000000000e+00 0.000000000000000000e+00
1.026392961876832904e-01 1.000000000000000000e+00 0.000000000000000000e+00
1.036168132942326542e-01 1.000000000000000000e+00 0.000000000000000000e+00
1.045943304007820179e-01 1.000000000000000000e+00 0.000000000000000000e+00
1.055718475073313817e-01 1.000000000000000000e+00 0.000000000000000000e+00
1.065493646138807454e-01 1.000000000000000000e+00 0.000000000000000000e+00
1.075268817204301092e-01 1.000000000000000000e+00 0.000000000000000000e+00
1.085043988269794729e-01 1.000000000000000000e+00 0.000000000000000000e+00
1.094819159335288367e-01 1.000000000000000000e+00 0.000000000000000000e+00
1.104594330400782004e-01 1.000000000000000000e+00 0.000000000000000000e+00
1.114369501466275642e-01 1.000000000000000000e+00 0.000000000000000000e+00
1.124144672531769279e-01 1.000000000000000000e+00 0.000000000000000000e+00
1.133919843597262916e-01 1.000000000000000000e+00 0.000000000000000000e+00
1.143695014662756554e-01 1.000000000000000000e+00 0.000000000000000000e+00
1.153470185728250191e-01 1.000000000000000000e+00 0.000000000000000000e+00
1.163245356793743829e-01 1.000000000000000000e+00 0.000000000000000000e+00
1.173020527859237605e-01 1.000000000000000000e+00 0.000000000000000000e+00
1.182795698924731242e-01 1.000000000000000000e+00 0.000000000000000000e+00
1.192570869990224880e-01 1.000000000000000000e+00 0.000000000000000000e+00
1.202346041055718517e-01 1.000000000000000000e+00 0.000000000000000000e+00
1.212121212121212155e-01 1.000000000000000000e+00 0.000000000000000000e+00
1.221896383186705792e-01 1.000000000000000000e+00 0.000000000000000000e+00
1.231671554252199430e-01 1.000000000000000000e+00 0.000000000000000000e+00
1.241446725317693067e-01 1.000000000000000000e+00 0.000000000000000000e+00
1.251221896383186705e-01 1.000000000000000000e+00 0.000000000000000000e+00
1.260997067448680342e-01 1.000000000000000000e+00 0.000000000000000000e+00
1.270772238514173980e-01 1.000000000000000000e+00 0.000000000000000000e+00
1.280547409579667617e-01 1.000000000000000000e+00 0.000000000000000000e+00
1.290322580645161255e-01 1.000000000000000000e+00 0.000000000000000000e+00
1.300097751710654892e-01 1.000000000000000000e+00 0.000000000000000000e+00
1.309872922776148529e-01 1.000000000000000000e+00 0.000000000000000000e+00
1.319648093841642167e-01 1.000000000000000000e+00 0.000000000000000000e+00
1.329423264907135804e-01 1.000000000000000000e+00 0.000000000000000000e+00
1.339198435972629442e-01 1.000000000000000000e+00 0.000000000000000000e+00
1.348973607038123079e-01 1.000000000000000000e+00 0.000000000000000000e+00
1.358748778103616717e-01 1.000000000000000000e+00 0.000000000000000000e+00
1.368523949169110354e-01 1.000000000000000000e+00 0.000000000000000000e+00
1.378299120234603992e-01 1.000000000000000000e+00 0.000000000000000000e+00
1.388074291300097629e-01 1.000000000000000000e+00 0.000000000000000000e+00
1.397849462365591267e-01 1.000000000000000000e+00 0.000000000000000000e+00
1.407624633431085182e-01 1.000000000000000000e+00 0.000000000000000000e+00
1.417399804496578819e-01 1.000000000000000000e+00 0.000000000000000000e+00
1.427174975562072456e-01 1.000000000000000000e+00 0.000000000000000000e+00
1.436950146627566094e-01 1.000000000000000000e+00 0.000000000000000000e+00
1.446725317693059731e-01 1.000000000000000000e+00 0.000000000000000000e+00
1.456500488758553369e-01 1.000000000000000000e+00 0.000000000000000000e+00
1.466275659824047006e-01 1.000000000000000000e+00 0.000000000000000000e+00
1.476050830889540644e-01 1.000000000000000000e+00 0.000000000000000000e+00
1.485826001955034281e-01 1.000000000000000000e+00 0.000000000000000000e+00
1.495601173020527919e-01 1.000000000000000000e+00 0.000000000000000000e+00
1.505376344086021556e-01 1.000000000000000000e+00 0.000000000000000000e+00
1.515151515151515194e-01 1.000000000000000000e+00 0.000000000000000000e+00
1.524926686217008831e-01 1.000000000000000000e+00 0.000000000000000000e+00
1.534701857282502468e-01 1.000000000000000000e+00 0.000000000000000000e+00
1.544477028347996106e-01 1.000000000000000000e+00 0.000000000000000000e+00
1.554252199413489743e-01 1.000000000000000000e+00 0.000000000000000000e+00
1.564027370478983381e-01 1.000000000000000000e+00 0.000000000000000000e+00
1.573802541544477018e-01 1.000000000000000000e+00 0.000000000000000000e+00
1.583577712609970656e-01 1.000000000000000000e+00 0.000000000000000000e+00
1.593352883675464293e-01 1.000000000000000000e+00 0.000000000000000000e+00
1.603128054740957931e-01 1.000000000000000000e+00 0.000000000000000000e+00
1.612903225806451568e-01 1.000000000000000000e+00 0.000000000000000000e+00
1.622678396871945206e-01 1.000000000000000000e+00 0.000000000000000000e+00
1.632453567937438843e-01 1.000000000000000000e+00 0.000000000000000000e+00
1.642228739002932481e-01 1.000000000000000000e+00 0.000000000000000000e+00
1.652003910068426118e-01 1.000000000000000000e+00 0.000000000000000000e+00
1.661779081133919755e-01 1.000000000000000000e+00 0.000000000000000000e+00
1.671554252199413393e-01 1.000000000000000000e+00 0.000000000000000000e+00
1.681329423264907030e-01 1.000000000000000000e+00 0.000000000000000000e+00
1.691104594330400668e-01 1.000000000000000000e+00 0.000000000000000000e+00
1.700879765395894305e-01 1.000000000000000000e+00 0.000000000000000000e+00
1.710654936461387943e-01 1.000000000000000000e+00 0.000000000000000000e+00
1.720430107526881858e-01 1.000000000000000000e+00 0.000000000000000000e+00
1.730205278592375495e-01 1.000000000000000000e+00 0.000000000000000000e+00
1.739980449657869133e-01 1.000000000000000000e+00 0.000000000000000000e+00
1.749755620723362770e-01 1.000000000000000000e+00 0.000000000000000000e+00
1.759530791788856408e-01 1.000000000000000000e+00 0.000000000000000000e+00
1.769305962854350045e-01 1.000000000000000000e+00 0.000000000000000000e+00
1.779081133919843682e-01 1.000000000000000000e+00 0.000000000000000000e+00
1.788856304985337320e-01 1.000000000000000000e+00 0.000000000000000000e+00
1.798631476050830957e-01 1.000000000000000000e+00 0.000000000000000000e+00
1.808406647116324595e-01 1.000000000000000000e+00 0.000000000000000000e+00
1.818181818181818232e-01 1.000000000000000000e+00 0.000000000000000000e+00
1.827956989247311870e-01 1.000000000000000000e+00 0.000000000000000000e+00
1.837732160312805507e-01 1.000000000000000000e+00 0.000000000000000000e+00
1.847507331378299145e-01 1.000000000000000000e+00 0.000000000000000000e+00
1.857282502443792782e-01 1.000000000000000000e+00 0.000000000000000000e+00
1.867057673509286420e-01 1.000000000000000000e+00 0.000000000000000000e+00
1.876832844574780057e-01 1.000000000000000000e+00 0.000000000000000000e+00
1.886608015640273694e-01 1.000000000000000000e+00 0.000000000000000000e+00
1.896383186705767332e-01 1.000000000000000000e+00 0.000000000000000000e+00
1.906158357771260969e-01 1.000000000000000000e+00 0.000000000000000000e+00
1.915933528836754607e-01 1.000000000000000000e+00 0.000000000000000000e+00
1.925708699902248244e-01 1.000000000000000000e+00 0.000000000000000000e+00
1.935483870967741882e-01 1.000000000000000000e+00 0.000000000000000000e+00
1.945259042033235519e-01 1.000000000000000000e+00 0.000000000000000000e+00
1.955034213098729157e-01 1.000000000000000000e+00 0.000000000000000000e+00
1.964809384164222794e-01 1.000000000000000000e+00 0.000000000000000000e+00
1.974584555229716432e-01 1.000000000000000000e+00 0.000000000000000000e+00
1.984359726295210069e-01 1.000000000000000000e+00 0.000000000000000000e+00
1.994134897360703707e-01 1.000000000000000000e+00 0.000000000000000000e+00
2.003910068426197344e-01 1.000000000000000000e+00 0.000000000000000000e+00
2.013685239491690981e-01 1.000000000000000000e+00 0.000000000000000000e+00
2.023460410557184619e-01 1.000000000000000000e+00 0.000000000000000000e+00
2.033235581622678534e-01 1.000000000000000000e+00 0.000000000000000000e+00
2.043010752688172171e-01 1.000000000000000000e+00 0.000000000000000000e+00
2.052785923753665809e-01 1.000000000000000000e+00 0.000000000000000000e+00
2.062561094819159446e-01 1.000000000000000000e+00 0.000000000000000000e+00
2.072336265884653084e-01 1.000000000000000000e+00 0.000000000000000000e+00
2.082111436950146721e-01 1.000000000000000000e+00 0.000000000000000000e+00
2.091886608015640359e-01 1.000000000000000000e+00 0.000000000000000000e+00
2.101661779081133996e-01 1.000000000000000000e+00 0.000000000000000000e+00
2.111436950146627634e-01 1.000000000000000000e+00 0.000000000000000000e+00
2.121212121212121271e-01 1.000000000000000000e+00 0.000000000000000000e+00
2.130987292277614908e-01 1.000000000000000000e+00 0.000000000000000000e+00
2.140762463343108546e-01 1.000000000000000000e+00 0.000000000000000000e+00
2.150537634408602183e-01 1.000000000000000000e+00 0.000000000000000000e+00
2.160312805474095821e-01 1.000000000000000000e+00 0.000000000000000000e+00
2.170087976539589458e-01 1.000000000000000000e+00 0.000000000000000000e+00
2.179863147605083096e-01 1.000000000000000000e+00 0.000000000000000000e+00
2.189638318670576733e-01 1.000000000000000000e+00 0.000000000000000000e+00
2.199413489736070371e-01 1.000000000000000000e+00 0.000000000000000000e+00
2.209188660801564008e-01 1.000000000000000000e+00 0.000000000000000000e+00
2.218963831867057646e-01 1.000000000000000000e+00 0.000000000000000000e+00
2.228739002932551283e-01 1.000000000000000000e+00 0.000000000000000000e+00
2.238514173998044920e-01 1.000000000000000000e+00 0.000000000000000000e+00
2.248289345063538558e-01 1.000000000000000000e+00 0.000000000000000000e+00
2.258064516129032195e-01 1.000000000000000000e+00 0.000000000000000000e+00
2.267839687194525833e-01 1.000000000000000000e+00 0.000000000000000000e+00
2.277614858260019470e-01 1.000000000000000000e+00 0.000000000000000000e+00
2.287390029325513108e-01 1.000000000000000000e+00 0.000000000000000000e+00
2.297165200391006745e-01 1.000000000000000000e+00 0.000000000000000000e+00
2.306940371456500383e-01 1.000000000000000000e+00 0.000000000000000000e+00
2.316715542521994020e-01 1.000000000000000000e+00 0.000000000000000000e+00
2.326490713587487658e-01 1.000000000000000000e+00 0.000000000000000000e+00
2.336265884652981295e-01 1.000000000000000000e+00 0.000000000000000000e+00
2.346041055718475210e-01 1.000000000000000000e+00 0.000000000000000000e+00
2.355816226783968848e-01 1.000000000000000000e+00 0.000000000000000000e+00
2.365591397849462485e-01 1.000000000000000000e+00 0.000000000000000000e+00
2.375366568914956122e-01 1.000000000000000000e+00 0.000000000000000000e+00
2.385141739980449760e-01 1.000000000000000000e+00 0.000000000000000000e+00
2.394916911045943397e-01 1.000000000000000000e+00 0.000000000000000000e+00
2.404692082111437035e-01 1.000000000000000000e+00 0.000000000000000000e+00
2.414467253176930672e-01 1.000000000000000000e+00 0.000000000000000000e+00
2.424242424242424310e-01 1.000000000000000000e+00 0.000000000000000000e+00
2.434017595307917947e-01 1.000000000000000000e+00 0.000000000000000000e+00
2.443792766373411585e-01 1.000000000000000000e+00 0.000000000000000000e+00
2.453567937438905222e-01 1.000000000000000000e+00 0.000000000000000000e+00
2.463343108504398860e-01 1.000000000000000000e+00 0.000000000000000000e+00
2.473118279569892497e-01 1.000000000000000000e+00 0.000000000000000000e+00
2.482893450635386134e-01 1.000000000000000000e+00 0.000000000000000000e+00
2.492668621700879772e-01 1.000000000000000000e+00 0.000000000000000000e+00
2.502443792766373409e-01 1.000000000000000000e+00 0.000000000000000000e+00
2.512218963831867047e-01 1.000000000000000000e+00 0.000000000000000000e+00
2.521994134897360684e-01 1.000000000000000000e+00 0.000000000000000000e+00
2.531769305962854322e-01 1.000000000000000000e+00 0.000000000000000000e+00
2.541544477028347959e-01 1.000000000000000000e+00 0.000000000000000000e+00
2.551319648093841597e-01 1.000000000000000000e+00 0.000000000000000000e+00
2.561094819159335234e-01 1.000000000000000000e+00 0.000000000000000000e+00
2.570869990224828872e-01 1.000000000000000000e+00 0.000000000000000000e+00
2.580645161290322509e-01 1.000000000000000000e+00 0.000000000000000000e+00
2.590420332355816146e-01 1.000000000000000000e+00 0.000000000000000000e+00
2.600195503421309784e-01 1.000000000000000000e+00 0.000000000000000000e+00
2.609970674486803421e-01 1.000000000000000000e+00 0.000000000000000000e+00
2.619745845552297059e-01 1.000000000000000000e+00 0.000000000000000000e+00
2.629521016617790696e-01 1.000000000000000000e+00 0.000000000000000000e+00
2.639296187683284334e-01 1.000000000000000000e+00 0.000000000000000000e+00
2.649071358748777971e-01 1.000000000000000000e+00 0.000000000000000000e+00
2.658846529814271609e-01 1.000000000000000000e+00 0.000000000000000000e+00
2.668621700879765246e-01 1.000000000000000000e+00 0.000000000000000000e+00
2.678396871945258884e-01 1.000000000000000000e+00 0.000000000000000000e+00
2.688172043010752521e-01 1.000000000000000000e+00 0.000000000000000000e+00
2.697947214076246158e-01 1.000000000000000000e+00 0.000000000000000000e+00
2.707722385141739796e-01 1.000000000000000000e+00 0.000000000000000000e+00
2.717497556207233433e-01 1.000000000000000000e+00 0.000000000000000000e+00
2.727272727272727071e-01 1.000000000000000000e+00 0.000000000000000000e+00
2.737047898338220708e-01 1.000000000000000000e+00 0.000000000000000000e+00
2.746823069403714346e-01 1.000000000000000000e+00 0.000000000000000000e+00
2.756598240469207983e-01 1.000000000000000000e+00 0.000000000000000000e+00
2.766373411534701621e-01 1.000000000000000000e+00 0.000000000000000000e+00
2.776148582600195258e-01 1.000000000000000000e+00 0.000000000000000000e+00
2.785923753665688896e-01 1.000000000000000000e+00 0.000000000000000000e+00
2.795698924731182533e-01 1.000000000000000000e+00 0.000000000000000000e+00
2.805474095796676171e-01 1.000000000000000000e+00 0.000000000000000000e+00
2.815249266862170363e-01 1.000000000000000000e+00 0.000000000000000000e+00
2.825024437927664001e-01 1.000000000000000000e+00 0.000000000000000000e+00
2.834799608993157638e-01 1.000000000000000000e+00 0.000000000000000000e+00
2.844574780058651275e-01 1.000000000000000000e+00 0.000000000000000000e+00
2.854349951124144913e-01 1.000000000000000000e+00 0.000000000000000000e+00
2.864125122189638550e-01 1.000000000000000000e+00 0.000000000000000000e+00
2.873900293255132188e-01 1.000000000000000000e+00 0.000000000000000000e+00
2.883675464320625825e-01 1.000000000000000000e+00 0.000000000000000000e+00
2.893450635386119463e-01 1.000000000000000000e+00 0.000000000000000000e+00
2.903225806451613100e-01 1.000000000000000000e+00 0.000000000000000000e+00
2.913000977517106738e-01 1.000000000000000000e+00 0.000000000000000000e+00
2.922776148582600375e-01 1.000000000000000000e+00 0.000000000000000000e+00
2.932551319648094013e-01 1.000000000000000000e+00 0.000000000000000000e+00
2.942326490713587650e-01 1.000000000000000000e+00 0.000000000000000000e+00
2.952101661779081287e-01 1.000000000000000000e+00 0.000000000000000000e+00
2.961876832844574925e-01 1.000000000000000000e+00 0.000000000000000000e+00
2.971652003910068562e-01 1.000000000000000000e+00 0.000000000000000000e+00
2.981427174975562200e-01 1.000000000000000000e+00 0.000000000000000000e+00
2.991202346041055837e-01 1.000000000000000000e+00 0.000000000000000000e+00
3.000977517106549475e-01 1.000000000000000000e+00 0.000000000000000000e+00
3.010752688172043112e-01 1.000000000000000000e+00 0.000000000000000000e+00
3.020527859237536750e-01 1.000000000000000000e+00 0.000000000000000000e+00
3.030303030303030387e-01 1.000000000000000000e+00 0.000000000000000000e+00
3.040078201368524025e-01 1.000000000000000000e+00 0.000000000000000000e+00
3.049853372434017662e-01 1.000000000000000000e+00 0.000000000000000000e+00
3.059628543499511300e-01 1.000000000000000000e+00 0.000000000000000000e+00
3.069403714565004937e-01 1.000000000000000000e+00 0.000000000000000000e+00
3.079178885630498574e-01 1.000000000000000000e+00 0.000000000000000000e+00
3.088954056695992212e-01 1.000000000000000000e+00 0.000000000000000000e+00
3.098729227761485849e-01 1.000000000000000000e+00 0.000000000000000000e+00
3.108504398826979487e-01 1.000000000000000000e+00 0.000000000000000000e+00
3.118279569892473124e-01 1.000000000000000000e+00 0.000000000000000000e+00
3.128054740957966762e-01 1.000000000000000000e+00 0.000000000000000000e+00
3.137829912023460399e-01 1.000000000000000000e+00 0.000000000000000000e+00
3.147605083088954037e-01 1.000000000000000000e+00 0.000000000000000000e+00
3.157380254154447674e-01 1.000000000000000000e+00 0.000000000000000000e+00
3.167155425219941312e-01 1.000000000000000000e+00 0.000000000000000000e+00
3.176930596285434949e-01 1.000000000000000000e+00 0.000000000000000000e+00
3.186705767350928586e-01 1.000000000000000000e+00 0.000000000000000000e+00
3.196480938416422224e-01 1.000000000000000000e+00 0.000000000000000000e+00
3.206256109481915861e-01 1.000000000000000000e+00 0.000000000000000000e+00
3.216031280547409499e-01 1.000000000000000000e+00 0.000000000000000000e+00
3.225806451612903136e-01 1.000000000000000000e+00 0.000000000000000000e+00
3.235581622678396774e-01 1.000000000000000000e+00 0.000000000000000000e+00
3.245356793743890411e-01 1.000000000000000000e+00 0.000000000000000000e+00
3.255131964809384049e-01 1.000000000000000000e+00 0.000000000000000000e+00
3.264907135874877686e-01 1.000000000000000000e+00 0.000000000000000000e+00
3.274682306940371324e-01 1.000000000000000000e+00 0.000000000000000000e+00
3.284457478005864961e-01 1.000000000000000000e+00 0.000000000000000000e+00
3.294232649071358598e-01 1.000000000000000000e+00 0.000000000000000000e+00
3.304007820136852236e-01 1.000000000000000000e+00 0.000000000000000000e+00
3.313782991202345873e-01 1.000000000000000000e+00 0.000000000000000000e+00
3.323558162267839511e-01 1.000000000000000000e+00 0.000000000000000000e+00
3.333333333333333148e-01 1.000000000000000000e+00 0.000000000000000000e+00
3.343108504398826786e-01 1.000000000000000000e+00 0.000000000000000000e+00
3.352883675464320423e-01 1.000000000000000000e+00 0.000000000000000000e+00
3.362658846529814061e-01 1.000000000000000000e+00 0.000000000000000000e+00
3.372434017595307698e-01 1.000000000000000000e+00 0.000000000000000000e+00
3.382209188660801336e-01 1.000000000000000000e+00 0.000000000000000000e+00
3.391984359726294973e-01 1.000000000000000000e+00 0.000000000000000000e+00
3.401759530791788610e-01 1.000000000000000000e+00 0.000000000000000000e+00
3.411534701857282248e-01 1.000000000000000000e+00 0.000000000000000000e+00
3.421309872922775885e-01 1.000000000000000000e+00 0.000000000000000000e+00
3.431085043988269523e-01 1.000000000000000000e+00 0.000000000000000000e+00
3.440860215053763715e-01 1.000000000000000000e+00 0.000000000000000000e+00
3.450635386119257353e-01 1.000000000000000000e+00 0.000000000000000000e+00
3.460410557184750990e-01 1.000000000000000000e+00 0.000000000000000000e+00
3.470185728250244628e-01 1.000000000000000000e+00 0.000000000000000000e+00
3.479960899315738265e-01 1.000000000000000000e+00 0.000000000000000000e+00
3.489736070381231903e-01 1.000000000000000000e+00 0.000000000000000000e+00
3.499511241446725540e-01 1.000000000000000000e+00 0.000000000000000000e+00
3.509286412512219178e-01 1.000000000000000000e+00 0.000000000000000000e+00
3.519061583577712815e-01 1.000000000000000000e+00 0.000000000000000000e+00
3.528836754643206453e-01 1.000000000000000000e+00 0.000000000000000000e+00
3.538611925708700090e-01 1.000000000000000000e+00 0.000000000000000000e+00
3.548387096774193727e-01 1.000000000000000000e+00 0.000000000000000000e+00
3.558162267839687365e-01 1.000000000000000000e+00 0.000000000000000000e+00
3.567937438905181002e-01 1.000000000000000000e+00 0.000000000000000000e+00
3.577712609970674640e-01 1.000000000000000000e+00 0.000000000000000000e+00
3.587487781036168277e-01 1.000000000000000000e+00 0.000000000000000000e+00
3.597262952101661915e-01 1.000000000000000000e+00 0.000000000000000000e+00
3.607038123167155552e-01 1.000000000000000000e+00 0.000000000000000000e+00
3.616813294232649190e-01 1.000000000000000000e+00 0.000000000000000000e+00
3.626588465298142827e-01 1.000000000000000000e+00 0.000000000000000000e+00
3.636363636363636465e-01 1.000000000000000000e+00 0.000000000000000000e+00
3.646138807429130102e-01 1.000000000000000000e+00 0.000000000000000000e+00
3.655913978494623739e-01 1.000000000000000000e+00 0.000000000000000000e+00
3.665689149560117377e-01 1.000000000000000000e+00 0.000000000000000000e+00
3.675464320625611014e-01 1.000000000000000000e+00 0.000000000000000000e+00
3.685239491691104652e-01 1.000000000000000000e+00 0.000000000000000000e+00
3.695014662756598289e-01 1.000000000000000000e+00 0.000000000000000000e+00
3.704789833822091927e-01 1.000000000000000000e+00 0.000000000000000000e+00
3.714565004887585564e-01 1.000000000000000000e+00 0.000000000000000000e+00
3.724340175953079202e-01 1.000000000000000000e+00 0.000000000000000000e+00
3.734115347018572839e-01 1.000000000000000000e+00 9.062600884497162674e-18
3.743890518084066477e-01 9.999999999999996669e-01 3.715812693121263890e-16
3.753665689149560114e-01 9.999999999999976685e-01 1.549799358039644142e-15
3.763440860215053752e-01 9.999999999999933387e-01 6.620812073422966883e-15
3.773216031280547389e-01 9.999999999999769074e-01 1.605601813000855014e-14
3.782991202346041026e-01 9.999999999999459321e-01 5.149958792686150574e-14
3.792766373411534664e-01 9.999999999998321343e-01 1.195409127679040905e-13
3.802541544477028301e-01 9.999999999996169731e-01 3.596673345735437411e-13
3.812316715542521939e-01 9.999999999988711252e-01 8.101057394674200382e-13
3.822091886608015576e-01 9.999999999974752418e-01 2.357103381642877930e-12
3.831867057673509214e-01 9.999999999927621230e-01 5.216347029625637184e-12
3.841642228739002851e-01 9.999999999841121534e-01 1.470547021710390358e-11
3.851417399804496489e-01 9.999999999558489838e-01 3.197683164925589986e-11
3.861192570869990126e-01 9.999999999047926025e-01 8.734260571921816576e-11
3.870967741935483764e-01 9.999999997438208110e-01 1.864857716657011683e-10
3.880742913000977401e-01 9.999999994577841722e-01 4.929861864507124958e-10
3.890518084066471038e-01 9.999999985887171317e-01 1.032698125815195575e-09
3.900293255131964676e-01 9.999999970705959473e-01 2.639228051255870681e-09
3.910068426197458313e-01 9.999999926330435107e-01 5.419251431530887806e-09
3.919843597262951951e-01 9.999999850179454031e-01 1.337304678267878345e-08
3.929618768328445588e-01 9.999999636425404015e-01 2.688876170056535668e-08
3.939393939393939226e-01 9.999999276360286293e-01 6.398298063684326144e-08
3.949169110459432863e-01 9.999998307841581058e-01 1.258285578367527357e-07
3.958944281524926501e-01 9.999996707847679245e-01 2.882834828832550567e-07
3.968719452590420138e-01 9.999992593716616751e-01 5.537760233701078162e-07
3.978494623655913776e-01 9.999985935149912075e-01 1.219492891564480836e-06
3.988269794721407413e-01 9.999969614468222634e-01 2.284703721251680768e-06
3.998044965786901050e-01 9.999943767889079016e-01 4.826466687379679387e-06
4.007820136852394688e-01 9.999883582877679977e-01 8.803182991099920747e-06
4.017595307917888325e-01 9.999790454908926707e-01 1.779944918429329014e-05
4.027370478983381963e-01 9.999585286208000356e-01 3.153942113215315451e-05
4.037145650048875600e-01 9.999275649487986417e-01 6.087342946752192737e-05
4.046920821114369238e-01 9.998633507725412928e-01 1.045192067219397574e-04
4.056695992179862875e-01 9.997690422627417695e-01 1.919564936369005514e-04
4.066471163245357068e-01 9.995860900761344148e-01 3.183658540043668764e-04
4.076246334310850705e-01 9.993253493506618623e-01 5.543057015814897891e-04
4.086021505376344343e-01 9.988558647747461938e-01 8.846177459361405241e-04
4.095796676441837980e-01 9.982088679352033589e-01 1.454024205700608398e-03
4.105571847507331618e-01 9.971374427368762117e-01 2.222647468683601815e-03
4.115347018572825255e-01 9.957158175917725229e-01 3.434352496313889183e-03
4.125122189638318893e-01 9.935710650161374557e-01 5.003356268780631035e-03
4.134897360703812530e-01 9.908442719613369531e-01 7.244656030521389595e-03
4.144672531769306167e-01 9.871224229828988728e-01 1.001369533499655955e-02
4.154447702834799805e-01 9.826096817852306708e-01 1.358190252549576656e-02
4.164222873900293442e-01 9.770343472314938493e-01 1.776925868731297695e-02
4.173998044965787080e-01 9.706100366171829252e-01 2.266553103916052817e-02
4.183773216031280717e-01 9.633332968179231237e-01 2.811214365965338663e-02
4.193548387096774355e-01 9.553683053938395453e-01 3.400543299369530870e-02
4.203323558162267992e-01 9.468927616505722344e-01 4.023659663806022913e-02
4.213098729227761630e-01 9.380264320092622787e-01 4.665122103637178025e-02
4.222873900293255267e-01 9.289290139893404685e-01 5.316701912831608284e-02
4.232649071358748905e-01 9.197016752441439236e-01 5.969752266144174452e-02
4.242424242424242542e-01 9.104135185927733076e-01 6.618110670109529636e-02
4.252199413489736179e-01 9.011278229000692086e-01 7.258685105982609631e-02
4.261974584555229817e-01 8.918729968140646225e-01 7.888988651770738325e-02
4.271749755620723454e-01 8.826692090883184738e-01 8.507428118370731485e-02
4.281524926686217092e-01 8.735308126809656626e-01 9.113620154271694085e-02
4.291300097751710729e-01 8.644649137299429409e-01 9.707041477057411216e-02
4.301075268817204367e-01 8.554740765395016933e-01 1.028752226491207178e-01
4.310850439882698004e-01 8.465626420239376060e-01 1.085506770512848634e-01
4.320625610948191642e-01 8.377313531289882764e-01 1.140976242488277864e-01
4.330400782013685279e-01 8.289811235600280659e-01 1.195161405880700023e-01
4.340175953079178917e-01 8.203121935444379620e-01 1.248079119704907508e-01
4.349951124144672554e-01 8.117252260913939699e-01 1.299741803329126921e-01
4.359726295210166191e-01 8.032196849701060959e-01 1.350164568265897203e-01
4.369501466275659829e-01 7.947956167985905651e-01 1.399361313525280259e-01
4.379276637341153466e-01 7.864526411557748453e-01 1.447350286021032717e-01
4.389051808406647104e-01 7.781905203900588708e-01 1.494146993249718114e-01
4.398826979472140741e-01 7.700086777338076560e-01 1.539768413192158514e-01
4.408602150537634379e-01 7.619067603146507661e-01 1.584231127142885498e-01
4.418377321603128016e-01 7.538842424810913156e-01 1.627552620704577346e-01
4.428152492668621654e-01 7.459406486185420349e-01 1.669749446269720716e-01
4.437927663734115291e-01 7.380754204462541823e-01 1.710838530163076299e-01
4.447702834799608929e-01 7.302880632909248826e-01 1.750836606883144075e-01
4.457478005865102566e-01 7.225780397566663460e-01 1.789760452734287244e-01
4.467253176930596203e-01 7.149448275165829481e-01 1.827626490963387140e-01
4.477028347996089841e-01 7.073878946170222282e-01 1.864451092283511413e-01
4.486803519061583478e-01 6.999067305856592203e-01 1.900250471631640681e-01
4.496578690127077116e-01 6.925008255389037970e-01 1.935040697831197920e-01
4.506353861192570753e-01 6.851696805119997791e-01 1.968837619456498267e-01
4.516129032258064391e-01 6.779128064167554424e-01 2.001656923162805912e-01
4.525904203323558028e-01 6.707297303988759563e-01 2.033514129729979969e-01
4.535679374389051666e-01 6.636199933551245600e-01 2.064424585172777715e-01
4.545454545454545303e-01 6.565831515666317175e-01 2.094403445732608005e-01
4.555229716520038941e-01 6.496187783061089238e-01 2.123465689837948089e-01
4.565004887585532578e-01 6.427264661767303489e-01 2.151626125647964349e-01
4.574780058651026216e-01 6.359058279486095033e-01 2.178899390402627700e-01
4.584555229716519853e-01 6.291564976291721401e-01 2.205299947803258942e-01
4.594330400782013490e-01 6.224781320672541085e-01 2.230842092130003729e-01
4.604105571847507128e-01 6.158704128872714012e-01 2.255539954794079371e-01
4.613880742913000765e-01 6.093330482333928488e-01 2.279407508514634806e-01
4.623655913978494403e-01 6.028657744846660504e-01 2.302458569719653403e-01
4.633431085043988040e-01 5.964683582420737817e-01 2.324706802378190551e-01
4.643206256109481678e-01 5.901405986437329165e-01 2.346165723787639601e-01
4.652981427174975315e-01 5.838823298685051899e-01 2.366848710660078570e-01
4.662756598240468953e-01 5.776934237831895524e-01 2.386769004648029713e-01
4.672531769305962590e-01 5.715737928299748916e-01 2.405939718034685315e-01
4.682306940371456228e-01 5.655233932516648965e-01 2.424373840427778981e-01
4.692082111436950420e-01 5.595422286713921389e-01 2.442084246413578630e-01
4.701857282502444058e-01 5.536303540138087786e-01 2.459083703716337110e-01
4.711632453567937695e-01 5.477878797930754162e-01 2.475384881779110202e-01
4.721407624633431332e-01 5.420149768302212623e-01 2.491000361104229732e-01
4.731182795698924970e-01 5.363118814589130645e-01 2.505942643669541448e-01
4.740957966764418607e-01 5.306789012571297981e-01 2.520224164480726614e-01
4.750733137829912245e-01 5.251164213362828903e-01 2.533857304223544604e-01
4.760508308895405882e-01 5.196249112312758545e-01 2.546854403104231723e-01
4.770283479960899520e-01 5.142049324456582360e-01 2.559227776104965879e-01
4.780058651026393157e-01 5.088571467038682794e-01 2.570989729890232334e-01
4.789833822091886795e-01 5.035823249526597545e-01 2.582152581529716384e-01
4.799608993157380432e-01 4.983813571453054037e-01 2.592728679168608275e-01
4.809384164222874070e-01 4.932552628362079084e-01 2.602730424808618048e-01
4.819159335288367707e-01 4.882052026042460469e-01 2.612170299407537977e-01
4.828934506353861345e-01 4.832324903051349874e-01 2.621060890507493912e-01
4.838709677419354982e-01 4.783386061253777077e-01 2.629414922561951196e-01
4.848484848484848619e-01 4.735252103740834606e-01 2.637245290079843207e-01
4.858260019550342257e-01 4.687941579033034212e-01 2.644565093657584853e-01
4.868035190615835894e-01 4.641475129891105555e-01 2.651387678911721890e-01
4.877810361681329532e-01 4.595875644300363994e-01 2.657726678231018269e-01
4.887585532746823169e-01 4.551168405231811320e-01 2.663596055122966488e-01
4.897360703812316807e-01 4.507381234589000751e-01 2.669010150736037534e-01
4.907135874877810444e-01 4.464544625302972469e-01 2.673983731897490168e-01
4.916911045943304082e-01 4.422691853816265728e-01 2.678532039711615242e-01
4.926686217008797719e-01 4.381859063186652192e-01 2.682670837403985931e-01
4.936461388074291357e-01 4.342085304749920827e-01 2.686416455666422731e-01
4.946236559139784994e-01 4.303412523754895913e-01 2.689785833258725445e-01
4.956011730205278631e-01 4.265885471720606281e-01 2.692796550073044415e-01
4.965786901270772269e-01 4.229551525630209641e-01 2.695466849294063660e-01
4.975562072336265906e-01 4.194460391719367909e-01 2.697815644735689911e-01
4.985337243401759544e-01 4.160663669895518502e-01 2.699862508964775420e-01
4.995112414467253181e-01 4.128214254218897650e-01 2.701627637519996017e-01
5.004887585532746819e-01 4.097165545993279867e-01 2.703131784509877900e-01
5.014662756598240456e-01 4.067570459568663477e-01 2.704396165257007545e-01
5.024437927663734094e-01 4.039480207719159388e-01 2.705442322580079439e-01
5.034213098729227731e-01 4.012942864153784539e-01 2.706291954888770945e-01
5.043988269794721369e-01 3.988001715877558806e-01 2.706966706578278758e-01
5.053763440860215006e-01 3.964693437874719506e-01 2.707487924234762700e-01
5.063538611925708643e-01 3.943046146412830799e-01 2.707876385758291038e-01
5.073313782991202281e-01 3.923077413741427044e-01 2.708152013376360912e-01
5.083088954056695918e-01 3.904792353568620755e-01 2.708333585191976534e-01
5.092864125122189556e-01 3.888181909816599280e-01 2.708438462782162270e-01
5.102639296187683193e-01 3.873221496275990883e-01 2.708482353777538210e-01
5.112414467253176831e-01 3.859870137090686826e-01 2.708479127730620273e-01
5.122189638318670468e-01 3.848070243317884276e-01 2.708440700579367033e-01
5.131964809384164106e-01 3.837748126706285179e-01 2.708376997683972220e-01
5.141739980449657743e-01 3.828815298816915513e-01 2.708295998287942319e-01
5.151515151515151381e-01 3.821170535852939643e-01 2.708203856306658497e-01
5.161290322580645018e-01 3.814702614938215719e-01 2.708105084838938748e-01
5.171065493646138655e-01 3.809293556682398219e-01 2.708002785998513962e-01
5.180840664711632293e-01 3.804822153093642689e-01 2.707898904537144325e-01
5.190615835777125930e-01 3.801167528990060940e-01 2.707794483692307352e-01
5.200391006842619568e-01 3.798212484751443685e-01 2.707689904505610756e-01
5.210166177908113205e-01 3.795846398766193897e-01 2.707585094732400943e-01
5.219941348973606843e-01 3.793967523831188182e-01 2.707479699292246189e-01
5.229716520039100480e-01 3.792484583254183694e-01 2.707373209875513220e-01
5.239491691104594118e-01 3.791317647648068112e-01 2.707265055954011235e-01
5.249266862170087755e-01 3.790398341152251271e-01 2.707154662568548864e-01
5.259042033235581393e-01 3.789669477625828287e-01 2.707041481813295958e-01
5.268817204301075030e-01 3.789084258812604467e-01 2.706925005143859808e-01
5.278592375366568668e-01 3.788605177292068138e-01 2.706804762904885808e-01
5.288367546432062305e-01 3.788202760227926125e-01 2.706680316231998562e-01
5.298142717497555942e-01 3.787854270519683264e-01 2.706551245090577651e-01
5.307917888563049580e-01 3.787542455564150146e-01 2.706417134915478084e-01
5.317693059628543217e-01 3.787254405531946255e-01 2.706277563240706008e-01
5.327468230694036855e-01 3.786980556738706039e-01 2.706132086893178190e-01
5.337243401759530492e-01 3.786713853763120641e-01 2.705980229744678334e-01
5.347018572825024130e-01 3.786449067487489550e-01 2.705821470612238544e-01
5.356793743890517767e-01 3.786182255191079538e-01 2.705655230595985783e-01
5.366568914956011405e-01 3.785910342483226332e-01 2.705480858867524430e-01
5.376344086021505042e-01 3.785630804127932403e-01 2.705297615592921479e-01
5.386119257086998680e-01 3.785341420493787967e-01 2.705104650210882200e-01
5.395894428152492317e-01 3.785040087351643767e-01 2.704900972601266274e-01
5.405669599217985954e-01 3.784724658101673023e-01 2.704685413675608774e-01
5.415444770283479592e-01 3.784392798514787382e-01 2.704456570497011381e-01
5.425219941348973229e-01 3.784041834204812105e-01 2.704212729092440037e-01
5.434995112414466867e-01 3.783668569995344289e-01 2.703951755580825123e-01
5.444770283479960504e-01 3.783269058004759544e-01 2.703670943089528933e-01
5.454545454545454142e-01 3.782838287776372210e-01 2.703366798263311943e-01
5.464320625610947779e-01 3.782369767548648953e-01 2.703034747250327441e-01
5.474095796676441417e-01 3.781854961570511597e-01 2.702668737386600961e-01
5.483870967741935054e-01 3.781282545418807595e-01 2.702260708201730255e-01
5.493646138807428692e-01 3.780637441217635231e-01 2.701799904969497401e-01
5.503421309872922329e-01 3.779899599540246791e-01 2.701272011258057382e-01
5.513196480938415966e-01 3.779042506872127283e-01 2.700658085400760577e-01
5.522971652003909604e-01 3.778031419018134662e-01 2.699933301060817858e-01
5.532746823069403241e-01 3.776821353371342949e-01 2.699065515252400682e-01
5.542521994134896879e-01 3.775354916981056852e-01 2.698013718625196233e-01
5.552297165200390516e-01 3.773560101497631103e-01 2.696726461535757235e-01
5.562072336265884154e-01 3.771348236583489943e-01 2.695140392727818357e-01
5.571847507331377791e-01 3.768612353819155714e-01 2.693179090707008561e-01
5.581622678396871429e-01 3.765226264480389107e-01 2.690752404662809516e-01
5.591397849462365066e-01 3.761044685914621266e-01 2.687756544256784119e-01
5.601173020527858704e-01 3.755904751136584507e-01 2.684075157557103686e-01
5.610948191593352341e-01 3.749629194545312516e-01 2.679581606597202792e-01
5.620723362658845979e-01 3.742031416713257341e-01 2.674142585737273037e-01
5.630498533724340726e-01 3.732922492083392552e-01 2.667623128553191503e-01
5.640273704789834364e-01 3.722120001565054070e-01 2.659892918975121923e-01
5.650048875855328001e-01 3.709458361938746118e-01 2.650833672217262071e-01
5.659824046920821639e-01 3.694800107585541893e-01 2.640347196356857551e-01
5.669599217986315276e-01 3.678047384574114065e-01 2.628363605698518235e-01
5.679374389051808913e-01 3.659152771626796308e-01 2.614849053068734608e-01
5.689149560117302551e-01 3.638128473458026590e-01 2.599812298871040928e-01
5.698924731182796188e-01 3.615052958816448170e-01 2.583309453940990652e-01
5.708699902248289826e-01 3.590074246566299920e-01 2.565446326896976825e-01
5.718475073313783463e-01 3.563409273026528212e-01 2.546377971000907681e-01
5.728250244379277101e-01 3.535339083211480604e-01 2.526305246696963214e-01
5.738025415444770738e-01 3.506199946042154458e-01 2.505468471440015499e-01
5.747800586510264376e-01 3.476370859234482191e-01 2.484138489721816334e-01
5.757575757575758013e-01 3.446258240875395007e-01 2.462605732948365267e-01
5.767350928641251651e-01 3.416278862470126243e-01 2.441168023005873267e-01
5.777126099706745288e-01 3.386842232311544909e-01 2.420117983416765484e-01
5.786901270772238925e-01 3.358333671515759677e-01 2.399730945881858313e-01
5.796676441837732563e-01 3.331099236597190871e-01 2.380254176741919137e-01
5.806451612903226200e-01 3.305433445860525565e-01 2.361898107366784683e-01
5.816226783968719838e-01 3.281570488701017752e-01 2.344830053659036906e-01
5.826001955034213475e-01 3.259679272061107302e-01 2.329170677708055637e-01
5.835777126099707113e-01 3.239862324870325661e-01 2.314993206362335465e-01
5.845552297165200750e-01 3.222158275227274271e-01 2.302325202778749969e-01
5.855327468230694388e-01 3.206547365644023539e-01 2.291152508776319874e-01
5.865102639296188025e-01 3.192959298399731249e-01 2.281424852025710215e-01
5.874877810361681663e-01 3.181282614376569895e-01 2.273062548768124969e-01
5.884652981427175300e-01 3.171374802376017432e-01 2.265963728230480090e-01
5.894428152492668938e-01 3.163072400595766109e-01 2.260011551151618892e-01
5.904203323558162575e-01 3.156200470252889523e-01 2.255080979395971963e-01
5.913978494623656212e-01 3.150580972784014500e-01 2.251044761867146693e-01
5.923753665689149850e-01 3.146039746118450831e-01 2.247778419179438103e-01
5.933528836754643487e-01 3.142411934122198991e-01 2.245164122878383073e-01
5.943304007820137125e-01 3.139545862485369487e-01 2.243093464450217900e-01
5.953079178885630762e-01 3.137305465034150309e-01 2.241469188478481533e-01
5.962854349951124400e-01 3.135571442560567967e-01 2.240206020146728039e-01
5.972629521016618037e-01 3.134241381888916433e-01 2.239230749886446104e-01
5.982404692082111675e-01 3.133229079359358682e-01 2.238481749600763904e-01
5.992179863147605312e-01 3.132463305738628634e-01 2.237908089465175110e-01
6.001955034213098950e-01 3.131886225790492251e-01 2.237468407168368423e-01
6.011730205278592587e-01 3.131451653105469801e-01 2.237129659059713116e-01
6.021505376344086224e-01 3.131123285709362936e-01 2.236865860202537359e-01
6.031280547409579862e-01 3.130873031293400777e-01 2.236656895935480449e-01
6.041055718475073499e-01 3.130679485135403617e-01 2.236487447958289687e-01
6.050830889540567137e-01 3.130526563120957784e-01 2.236346012074764966e-01
6.060606060606060774e-01 3.130402245566016317e-01 2.236223930801040094e-01
6.070381231671554412e-01 3.130297448246200931e-01 2.236114456349214408e-01
6.080156402737048049e-01 3.130205292199549350e-01 2.236012234050256953e-01
6.089931573802541687e-01 3.130121295064967613e-01 2.235913991660211653e-01
6.099706744868035324e-01 3.130044457246516920e-01 2.235820498646922949e-01
6.109481915933528962e-01 3.129976950114003453e-01 2.235736624464822186e-01
6.119257086999022599e-01 3.129917443777516795e-01 2.235662258075766795e-01
6.129032258064516236e-01 3.129846714728664603e-01 2.235571437474925260e-01
6.138807429130009874e-01 3.129723159996339321e-01 2.235403988385142870e-01
6.148582600195503511e-01 3.129532313027704737e-01 2.235133731067995011e-01
6.158357771260997149e-01 3.129413186259554780e-01 2.234951891340099250e-01
6.168132942326490786e-01 3.129727647821295977e-01 2.235383402717407153e-01
6.177908113391984424e-01 3.130685636186510967e-01 2.236777113497127045e-01
6.187683284457478061e-01 3.131236008243496460e-01 2.237705174071839831e-01
6.197458455522971699e-01 3.128203950360145535e-01 2.233591330673092012e-01
6.207233626588465336e-01 3.119046113357719641e-01 2.220415755621115705e-01
6.217008797653958974e-01 3.111395124565821679e-01 2.208381012424309175e-01
6.226783968719452611e-01 3.132306614460971805e-01 2.236281268883135442e-01
6.236559139784946248e-01 3.210109201847179961e-01 2.348645413931558512e-01
6.246334310850439886e-01 3.292259501220149986e-01 2.477106610858580971e-01
6.256109481915933523e-01 3.125392677713112466e-01 2.259846875945191735e-01
6.265884652981427161e-01 2.448388808372592429e-01 1.366838927980857377e-01
6.275659824046920798e-01 1.684939931461231777e-01 4.403190804280489312e-02
6.285434995112414436e-01 1.343741052884922238e-01 8.258684453530357877e-03
6.295210166177908073e-01 1.264937093273135749e-01 1.238663246302508644e-03
6.304985337243401711e-01 1.252157363111595367e-01 1.763888406165290009e-04
6.314760508308895348e-01 1.250305330370698464e-01 2.490955662299120717e-05
6.324535679374388986e-01 1.250043076806444386e-01 3.513268559379781489e-06
6.334310850439882623e-01 1.250006074799313860e-01 4.954181017653994773e-07
6.344086021505376261e-01 1.250000856621866774e-01 6.985981672773128067e-08
6.353861192570869898e-01 1.250000120793371694e-01 9.851028631279731484e-09
6.363636363636363535e-01 1.250000017033265631e-01 1.389107072343143303e-09
6.373411534701857173e-01 1.250000002401890631e-01 1.958803111387955091e-10
6.383186705767350810e-01 1.250000000338694905e-01 2.762142082660709816e-11
6.392961876832844448e-01 1.250000000047759852e-01 3.894948255205876410e-12
6.402737047898338085e-01 1.250000000006734613e-01 5.492626961860650431e-13
6.412512218963831723e-01 1.250000000000950073e-01 7.743009107973902640e-14
6.422287390029325360e-01 1.250000000000133504e-01 1.092136788679193048e-14
6.432062561094818998e-01 1.250000000000018596e-01 1.513501297022568368e-15
6.441837732160312635e-01 1.250000000000002220e-01 1.937177459398773623e-16
6.451612903225806273e-01 1.250000000000000000e-01 1.755901453160504982e-17
6.461388074291299910e-01 1.250000000000000000e-01 9.491297343780156470e-35
6.471163245356793547e-01 1.250000000000000000e-01 5.016642557733467035e-70
6.480938416422287185e-01 1.250000000000000000e-01 3.944388945677256784e-142
6.490713587487780822e-01 1.250000000000000000e-01 1.234031407201948449e-290
6.500488758553274460e-01 1.250000000000000000e-01 0.000000000000000000e+00
6.510263929618768097e-01 1.250000000000000000e-01 0.000000000000000000e+00
6.520039100684261735e-01 1.250000000000000000e-01 0.000000000000000000e+00
6.529814271749755372e-01 1.250000000000000000e-01 0.000000000000000000e+00
6.539589442815249010e-01 1.250000000000000000e-01 0.000000000000000000e+00
6.549364613880742647e-01 1.250000000000000000e-01 0.000000000000000000e+00
6.559139784946236285e-01 1.250000000000000000e-01 0.000000000000000000e+00
6.568914956011729922e-01 1.250000000000000000e-01 0.000000000000000000e+00
6.578690127077223559e-01 1.250000000000000000e-01 0.000000000000000000e+00
6.588465298142717197e-01 1.250000000000000000e-01 0.000000000000000000e+00
6.598240469208210834e-01 1.250000000000000000e-01 0.000000000000000000e+00
6.608015640273704472e-01 1.250000000000000000e-01 0.000000000000000000e+00
6.617790811339198109e-01 1.250000000000000000e-01 0.000000000000000000e+00
6.627565982404691747e-01 1.250000000000000000e-01 0.000000000000000000e+00
6.637341153470185384e-01 1.250000000000000000e-01 0.000000000000000000e+00
6.647116324535679022e-01 1.250000000000000000e-01 0.000000000000000000e+00
6.656891495601172659e-01 1.250000000000000000e-01 0.000000000000000000e+00
6.666666666666666297e-01 1.250000000000000000e-01 0.000000000000000000e+00
6.676441837732159934e-01 1.250000000000000000e-01 0.000000000000000000e+00
6.686217008797653572e-01 1.250000000000000000e-01 0.000000000000000000e+00
6.695992179863147209e-01 1.250000000000000000e-01 0.000000000000000000e+00
6.705767350928640846e-01 1.250000000000000000e-01 0.000000000000000000e+00
6.715542521994134484e-01 1.250000000000000000e-01 0.000000000000000000e+00
6.725317693059628121e-01 1.250000000000000000e-01 0.000000000000000000e+00
6.735092864125121759e-01 1.250000000000000000e-01 0.000000000000000000e+00
6.744868035190615396e-01 1.250000000000000000e-01 0.000000000000000000e+00
6.754643206256109034e-01 1.250000000000000000e-01 0.000000000000000000e+00
6.764418377321602671e-01 1.250000000000000000e-01 0.000000000000000000e+00
6.774193548387096309e-01 1.250000000000000000e-01 0.000000000000000000e+00
6.783968719452589946e-01 1.250000000000000000e-01 0.000000000000000000e+00
6.793743890518083584e-01 1.250000000000000000e-01 0.000000000000000000e+00
6.803519061583577221e-01 1.250000000000000000e-01 0.000000000000000000e+00
6.813294232649070858e-01 1.250000000000000000e-01 0.000000000000000000e+00
6.823069403714564496e-01 1.250000000000000000e-01 0.000000000000000000e+00
6.832844574780058133e-01 1.250000000000000000e-01 0.000000000000000000e+00
6.842619745845551771e-01 1.250000000000000000e-01 0.000000000000000000e+00
6.852394916911045408e-01 1.250000000000000000e-01 0.000000000000000000e+00
6.862170087976539046e-01 1.250000000000000000e-01 0.000000000000000000e+00
6.871945259042032683e-01 1.250000000000000000e-01 0.000000000000000000e+00
6.881720430107527431e-01 1.250000000000000000e-01 0.000000000000000000e+00
6.891495601173021068e-01 1.250000000000000000e-01 0.000000000000000000e+00
6.901270772238514706e-01 1.250000000000000000e-01 0.000000000000000000e+00
6.911045943304008343e-01 1.250000000000000000e-01 0.000000000000000000e+00
6.920821114369501981e-01 1.250000000000000000e-01 0.000000000000000000e+00
6.930596285434995618e-01 1.250000000000000000e-01 0.000000000000000000e+00
6.940371456500489256e-01 1.250000000000000000e-01 0.000000000000000000e+00
6.950146627565982893e-01 1.250000000000000000e-01 0.000000000000000000e+00
6.959921798631476531e-01 1.250000000000000000e-01 0.000000000000000000e+00
6.969696969696970168e-01 1.250000000000000000e-01 0.000000000000000000e+00
6.979472140762463805e-01 1.250000000000000000e-01 0.000000000000000000e+00
6.989247311827957443e-01 1.250000000000000000e-01 0.000000000000000000e+00
6.999022482893451080e-01 1.250000000000000000e-01 0.000000000000000000e+00
7.008797653958944718e-01 1.250000000000000000e-01 0.000000000000000000e+00
7.018572825024438355e-01 1.250000000000000000e-01 0.000000000000000000e+00
7.028347996089931993e-01 1.250000000000000000e-01 0.000000000000000000e+00
7.038123167155425630e-01 1.250000000000000000e-01 0.000000000000000000e+00
7.047898338220919268e-01 1.250000000000000000e-01 0.000000000000000000e+00
7.057673509286412905e-01 1.250000000000000000e-01 0.000000000000000000e+00
7.067448680351906543e-01 1.250000000000000000e-01 0.000000000000000000e+00
7.077223851417400180e-01 1.250000000000000000e-01 0.000000000000000000e+00
7.086999022482893817e-01 1.250000000000000000e-01 0.000000000000000000e+00
7.096774193548387455e-01 1.250000000000000000e-01 0.000000000000000000e+00
7.106549364613881092e-01 1.250000000000000000e-01 0.000000000000000000e+00
7.116324535679374730e-01 1.250000000000000000e-01 0.000000000000000000e+00
7.126099706744868367e-01 1.250000000000000000e-01 0.000000000000000000e+00
7.135874877810362005e-01 1.250000000000000000e-01 0.000000000000000000e+00
7.145650048875855642e-01 1.250000000000000000e-01 0.000000000000000000e+00
7.155425219941349280e-01 1.250000000000000000e-01 0.000000000000000000e+00
7.165200391006842917e-01 1.250000000000000000e-01 0.000000000000000000e+00
7.174975562072336555e-01 1.250000000000000000e-01 0.000000000000000000e+00
7.184750733137830192e-01 1.250000000000000000e-01 0.000000000000000000e+00
7.194525904203323829e-01 1.250000000000000000e-01 0.000000000000000000e+00
7.204301075268817467e-01 1.250000000000000000e-01 0.000000000000000000e+00
7.214076246334311104e-01 1.250000000000000000e-01 0.000000000000000000e+00
7.223851417399804742e-01 1.250000000000000000e-01 0.000000000000000000e+00
7.233626588465298379e-01 1.250000000000000000e-01 0.000000000000000000e+00
7.243401759530792017e-01 1.250000000000000000e-01 0.000000000000000000e+00
7.253176930596285654e-01 1.250000000000000000e-01 0.000000000000000000e+00
7.262952101661779292e-01 1.250000000000000000e-01 0.000000000000000000e+00
7.272727272727272929e-01 1.250000000000000000e-01 0.000000000000000000e+00
7.282502443792766567e-01 1.250000000000000000e-01 0.000000000000000000e+00
7.292277614858260204e-01 1.250000000000000000e-01 0.000000000000000000e+00
7.302052785923753842e-01 1.250000000000000000e-01 0.000000000000000000e+00
7.311827956989247479e-01 1.250000000000000000e-01 0.000000000000000000e+00
7.321603128054741116e-01 1.250000000000000000e-01 0.000000000000000000e+00
7.331378299120234754e-01 1.250000000000000000e-01 0.000000000000000000e+00
7.341153470185728391e-01 1.250000000000000000e-01 0.000000000000000000e+00
7.350928641251222029e-01 1.250000000000000000e-01 0.000000000000000000e+00
7.360703812316715666e-01 1.250000000000000000e-01 0.000000000000000000e+00
7.370478983382209304e-01 1.250000000000000000e-01 0.000000000000000000e+00
7.380254154447702941e-01 1.250000000000000000e-01 0.000000000000000000e+00
7.390029325513196579e-01 1.250000000000000000e-01 0.000000000000000000e+00
7.399804496578690216e-01 1.250000000000000000e-01 0.000000000000000000e+00
7.409579667644183854e-01 1.250000000000000000e-01 0.000000000000000000e+00
7.419354838709677491e-01 1.250000000000000000e-01 0.000000000000000000e+00
7.429130009775171128e-01 1.250000000000000000e-01 0.000000000000000000e+00
7.438905180840664766e-01 1.250000000000000000e-01 0.000000000000000000e+00
7.448680351906158403e-01 1.250000000000000000e-01 0.000000000000000000e+00
7.458455522971652041e-01 1.250000000000000000e-01 0.000000000000000000e+00
7.468230694037145678e-01 1.250000000000000000e-01 0.000000000000000000e+00
7.478005865102639316e-01 1.250000000000000000e-01 0.000000000000000000e+00
7.487781036168132953e-01 1.250000000000000000e-01 0.000000000000000000e+00
7.497556207233626591e-01 1.250000000000000000e-01 0.000000000000000000e+00
7.507331378299120228e-01 1.250000000000000000e-01 0.000000000000000000e+00
7.517106549364613866e-01 1.250000000000000000e-01 0.000000000000000000e+00
7.526881720430107503e-01 1.250000000000000000e-01 0.000000000000000000e+00
7.536656891495601140e-01 1.250000000000000000e-01 0.000000000000000000e+00
7.546432062561094778e-01 1.250000000000000000e-01 0.000000000000000000e+00
7.556207233626588415e-01 1.250000000000000000e-01 0.000000000000000000e+00
7.565982404692082053e-01 1.250000000000000000e-01 0.000000000000000000e+00
7.575757575757575690e-01 1.250000000000000000e-01 0.000000000000000000e+00
7.585532746823069328e-01 1.250000000000000000e-01 0.000000000000000000e+00
7.595307917888562965e-01 1.250000000000000000e-01 0.000000000000000000e+00
7.605083088954056603e-01 1.250000000000000000e-01 0.000000000000000000e+00
7.614858260019550240e-01 1.250000000000000000e-01 0.000000000000000000e+00
7.624633431085043878e-01 1.250000000000000000e-01 0.000000000000000000e+00
7.634408602150537515e-01 1.250000000000000000e-01 0.000000000000000000e+00
7.644183773216031152e-01 1.250000000000000000e-01 0.000000000000000000e+00
7.653958944281524790e-01 1.250000000000000000e-01 0.000000000000000000e+00
7.663734115347018427e-01 1.250000000000000000e-01 0.000000000000000000e+00
7.673509286412512065e-01 1.250000000000000000e-01 0.000000000000000000e+00
7.683284457478005702e-01 1.250000000000000000e-01 0.000000000000000000e+00
7.693059628543499340e-01 1.250000000000000000e-01 0.000000000000000000e+00
7.702834799608992977e-01 1.250000000000000000e-01 0.000000000000000000e+00
7.712609970674486615e-01 1.250000000000000000e-01 0.000000000000000000e+00
7.722385141739980252e-01 1.250000000000000000e-01 0.000000000000000000e+00
7.732160312805473890e-01 1.250000000000000000e-01 0.000000000000000000e+00
7.741935483870967527e-01 1.250000000000000000e-01 0.000000000000000000e+00
7.751710654936461165e-01 1.250000000000000000e-01 0.000000000000000000e+00
7.761485826001954802e-01 1.250000000000000000e-01 0.000000000000000000e+00
7.771260997067448439e-01 1.250000000000000000e-01 0.000000000000000000e+00
7.781036168132942077e-01 1.250000000000000000e-01 0.000000000000000000e+00
7.790811339198435714e-01 1.250000000000000000e-01 0.000000000000000000e+00
7.800586510263929352e-01 1.250000000000000000e-01 0.000000000000000000e+00
7.810361681329422989e-01 1.250000000000000000e-01 0.000000000000000000e+00
7.820136852394916627e-01 1.250000000000000000e-01 0.000000000000000000e+00
7.829912023460410264e-01 1.250000000000000000e-01 0.000000000000000000e+00
7.839687194525903902e-01 1.250000000000000000e-01 0.000000000000000000e+00
7.849462365591397539e-01 1.250000000000000000e-01 0.000000000000000000e+00
7.859237536656891177e-01 1.250000000000000000e-01 0.000000000000000000e+00
7.869012707722384814e-01 1.250000000000000000e-01 0.000000000000000000e+00
7.878787878787878451e-01 1.250000000000000000e-01 0.000000000000000000e+00
7.888563049853372089e-01 1.250000000000000000e-01 0.000000000000000000e+00
7.898338220918865726e-01 1.250000000000000000e-01 0.000000000000000000e+00
7.908113391984359364e-01 1.250000000000000000e-01 0.000000000000000000e+00
7.917888563049853001e-01 1.250000000000000000e-01 0.000000000000000000e+00
7.927663734115346639e-01 1.250000000000000000e-01 0.000000000000000000e+00
7.937438905180840276e-01 1.250000000000000000e-01 0.000000000000000000e+00
7.947214076246333914e-01 1.250000000000000000e-01 0.000000000000000000e+00
7.956989247311827551e-01 1.250000000000000000e-01 0.000000000000000000e+00
7.966764418377321189e-01 1.250000000000000000e-01 0.000000000000000000e+00
7.976539589442814826e-01 1.250000000000000000e-01 0.000000000000000000e+00
7.986314760508308463e-01 1.250000000000000000e-01 0.000000000000000000e+00
7.996089931573802101e-01 1.250000000000000000e-01 0.000000000000000000e+00
8.005865102639295738e-01 1.250000000000000000e-01 0.000000000000000000e+00
8.015640273704789376e-01 1.250000000000000000e-01 0.000000000000000000e+00
8.025415444770283013e-01 1.250000000000000000e-01 0.000000000000000000e+00
8.035190615835776651e-01 1.250000000000000000e-01 0.000000000000000000e+00
8.044965786901270288e-01 1.250000000000000000e-01 0.000000000000000000e+00
8.054740957966763926e-01 1.250000000000000000e-01 0.000000000000000000e+00
8.064516129032257563e-01 1.250000000000000000e-01 0.000000000000000000e+00
8.074291300097751201e-01 1.250000000000000000e-01 0.000000000000000000e+00
8.084066471163244838e-01 1.250000000000000000e-01 0.000000000000000000e+00
8.093841642228738475e-01 1.250000000000000000e-01 0.000000000000000000e+00
8.103616813294232113e-01 1.250000000000000000e-01 0.000000000000000000e+00
8.113391984359725750e-01 1.250000000000000000e-01 0.000000000000000000e+00
8.123167155425219388e-01 1.250000000000000000e-01 0.000000000000000000e+00
8.132942326490714136e-01 1.250000000000000000e-01 0.000000000000000000e+00
8.142717497556207773e-01 1.250000000000000000e-01 0.000000000000000000e+00
8.152492668621701410e-01 1.250000000000000000e-01 0.000000000000000000e+00
8.162267839687195048e-01 1.250000000000000000e-01 0.000000000000000000e+00
8.172043010752688685e-01 1.250000000000000000e-01 0.000000000000000000e+00
8.181818181818182323e-01 1.250000000000000000e-01 0.000000000000000000e+00
8.191593352883675960e-01 1.250000000000000000e-01 0.000000000000000000e+00
8.201368523949169598e-01 1.250000000000000000e-01 0.000000000000000000e+00
8.211143695014663235e-01 1.250000000000000000e-01 0.000000000000000000e+00
8.220918866080156873e-01 1.250000000000000000e-01 0.000000000000000000e+00
8.230694037145650510e-01 1.250000000000000000e-01 0.000000000000000000e+00
8.240469208211144148e-01 1.250000000000000000e-01 0.000000000000000000e+00
8.250244379276637785e-01 1.250000000000000000e-01 0.000000000000000000e+00
8.260019550342131422e-01 1.250000000000000000e-01 0.000000000000000000e+00
8.269794721407625060e-01 1.250000000000000000e-01 0.000000000000000000e+00
8.279569892473118697e-01 1.250000000000000000e-01 0.000000000000000000e+00
8.289345063538612335e-01 1.250000000000000000e-01 0.000000000000000000e+00
8.299120234604105972e-01 1.250000000000000000e-01 0.000000000000000000e+00
8.308895405669599610e-01 1.250000000000000000e-01 0.000000000000000000e+00
8.318670576735093247e-01 1.250000000000000000e-01 0.000000000000000000e+00
8.328445747800586885e-01 1.250000000000000000e-01 0.000000000000000000e+00
8.338220918866080522e-01 1.250000000000000000e-01 0.000000000000000000e+00
8.347996089931574160e-01 1.250000000000000000e-01 0.000000000000000000e+00
8.357771260997067797e-01 1.250000000000000000e-01 0.000000000000000000e+00
8.367546432062561435e-01 1.250000000000000000e-01 0.000000000000000000e+00
8.377321603128055072e-01 1.250000000000000000e-01 0.000000000000000000e+00
8.387096774193548709e-01 1.250000000000000000e-01 0.000000000000000000e+00
8.396871945259042347e-01 1.250000000000000000e-01 0.000000000000000000e+00
8.406647116324535984e-01 1.250000000000000000e-01 0.000000000000000000e+00
8.416422287390029622e-01 1.250000000000000000e-01 0.000000000000000000e+00
8.426197458455523259e-01 1.250000000000000000e-01 0.000000000000000000e+00
8.435972629521016897e-01 1.250000000000000000e-01 0.000000000000000000e+00
8.445747800586510534e-01 1.250000000000000000e-01 0.000000000000000000e+00
8.455522971652004172e-01 1.250000000000000000e-01 0.000000000000000000e+00
8.465298142717497809e-01 1.250000000000000000e-01 0.000000000000000000e+00
8.475073313782991447e-01 1.250000000000000000e-01 0.000000000000000000e+00
8.484848484848485084e-01 1.250000000000000000e-01 0.000000000000000000e+00
8.494623655913978721e-01 1.250000000000000000e-01 0.000000000000000000e+00
8.504398826979472359e-01 1.250000000000000000e-01 0.000000000000000000e+00
8.514173998044965996e-01 1.250000000000000000e-01 0.000000000000000000e+00
8.523949169110459634e-01 1.250000000000000000e-01 0.000000000000000000e+00
8.533724340175953271e-01 1.250000000000000000e-01 0.000000000000000000e+00
8.543499511241446909e-01 1.250000000000000000e-01 0.000000000000000000e+00
8.553274682306940546e-01 1.250000000000000000e-01 0.000000000000000000e+00
8.563049853372434184e-01 1.250000000000000000e-01 0.000000000000000000e+00
8.572825024437927821e-01 1.250000000000000000e-01 0.000000000000000000e+00
8.582600195503421459e-01 1.250000000000000000e-01 0.000000000000000000e+00
8.592375366568915096e-01 1.250000000000000000e-01 0.000000000000000000e+00
8.602150537634408733e-01 1.250000000000000000e-01 0.000000000000000000e+00
8.611925708699902371e-01 1.250000000000000000e-01 0.000000000000000000e+00
8.621700879765396008e-01 1.250000000000000000e-01 0.000000000000000000e+00
8.631476050830889646e-01 1.250000000000000000e-01 0.000000000000000000e+00
8.641251221896383283e-01 1.250000000000000000e-01 0.000000000000000000e+00
8.651026392961876921e-01 1.250000000000000000e-01 0.000000000000000000e+00
8.660801564027370558e-01 1.250000000000000000e-01 0.000000000000000000e+00
8.670576735092864196e-01 1.250000000000000000e-01 0.000000000000000000e+00
8.680351906158357833e-01 1.250000000000000000e-01 0.000000000000000000e+00
8.690127077223851471e-01 1.250000000000000000e-01 0.000000000000000000e+00
8.699902248289345108e-01 1.250000000000000000e-01 0.000000000000000000e+00
8.709677419354838745e-01 1.250000000000000000e-01 0.000000000000000000e+00
8.719452590420332383e-01 1.250000000000000000e-01 0.000000000000000000e+00
8.729227761485826020e-01 1.250000000000000000e-01 0.000000000000000000e+00
8.739002932551319658e-01 1.250000000000000000e-01 0.000000000000000000e+00
8.748778103616813295e-01 1.250000000000000000e-01 0.000000000000000000e+00
8.758553274682306933e-01 1.250000000000000000e-01 0.000000000000000000e+00
8.768328445747800570e-01 1.250000000000000000e-01 0.000000000000000000e+00
8.778103616813294208e-01 1.250000000000000000e-01 0.000000000000000000e+00
8.787878787878787845e-01 1.250000000000000000e-01 0.000000000000000000e+00
8.797653958944281483e-01 1.250000000000000000e-01 0.000000000000000000e+00
8.807429130009775120e-01 1.250000000000000000e-01 0.000000000000000000e+00
8.817204301075268758e-01 1.250000000000000000e-01 0.000000000000000000e+00
8.826979472140762395e-01 1.250000000000000000e-01 0.000000000000000000e+00
8.836754643206256032e-01 1.250000000000000000e-01 0.000000000000000000e+00
8.846529814271749670e-01 1.250000000000000000e-01 0.000000000000000000e+00
8.856304985337243307e-01 1.250000000000000000e-01 0.000000000000000000e+00
8.866080156402736945e-01 1.250000000000000000e-01 0.000000000000000000e+00
8.875855327468230582e-01 1.250000000000000000e-01 0.000000000000000000e+00
8.885630498533724220e-01 1.250000000000000000e-01 0.000000000000000000e+00
8.895405669599217857e-01 1.250000000000000000e-01 0.000000000000000000e+00
8.905180840664711495e-01 1.250000000000000000e-01 0.000000000000000000e+00
8.914956011730205132e-01 1.250000000000000000e-01 0.000000000000000000e+00
8.924731182795698770e-01 1.250000000000000000e-01 0.000000000000000000e+00
8.934506353861192407e-01 1.250000000000000000e-01 0.000000000000000000e+00
8.944281524926686044e-01 1.250000000000000000e-01 0.000000000000000000e+00
8.954056695992179682e-01 1.250000000000000000e-01 0.000000000000000000e+00
8.963831867057673319e-01 1.250000000000000000e-01 0.000000000000000000e+00
8.973607038123166957e-01 1.250000000000000000e-01 0.000000000000000000e+00
8.983382209188660594e-01 1.250000000000000000e-01 0.000000000000000000e+00
8.993157380254154232e-01 1.250000000000000000e-01 0.000000000000000000e+00
9.002932551319647869e-01 1.250000000000000000e-01 0.000000000000000000e+00
9.012707722385141507e-01 1.250000000000000000e-01 0.000000000000000000e+00
9.022482893450635144e-01 1.250000000000000000e-01 0.000000000000000000e+00
9.032258064516128782e-01 1.250000000000000000e-01 0.000000000000000000e+00
9.042033235581622419e-01 1.250000000000000000e-01 0.000000000000000000e+00
9.051808406647116056e-01 1.250000000000000000e-01 0.000000000000000000e+00
9.061583577712609694e-01 1.250000000000000000e-01 0.000000000000000000e+00
9.071358748778103331e-01 1.250000000000000000e-01 0.000000000000000000e+00
9.081133919843596969e-01 1.250000000000000000e-01 0.000000000000000000e+00
9.090909090909090606e-01 1.250000000000000000e-01 0.000000000000000000e+00
9.100684261974584244e-01 1.250000000000000000e-01 0.000000000000000000e+00
9.110459433040077881e-01 1.250000000000000000e-01 0.000000000000000000e+00
9.120234604105571519e-01 1.250000000000000000e-01 0.000000000000000000e+00
9.130009775171065156e-01 1.250000000000000000e-01 0.000000000000000000e+00
9.139784946236558794e-01 1.250000000000000000e-01 0.000000000000000000e+00
9.149560117302052431e-01 1.250000000000000000e-01 0.000000000000000000e+00
9.159335288367546068e-01 1.250000000000000000e-01 0.000000000000000000e+00
9.169110459433039706e-01 1.250000000000000000e-01 0.000000000000000000e+00
9.178885630498533343e-01 1.250000000000000000e-01 0.000000000000000000e+00
9.188660801564026981e-01 1.250000000000000000e-01 0.000000000000000000e+00
9.198435972629520618e-01 1.250000000000000000e-01 0.000000000000000000e+00
9.208211143695014256e-01 1.250000000000000000e-01 0.000000000000000000e+00
9.217986314760507893e-01 1.250000000000000000e-01 0.000000000000000000e+00
9.227761485826001531e-01 1.250000000000000000e-01 0.000000000000000000e+00
9.237536656891495168e-01 1.250000000000000000e-01 0.000000000000000000e+00
9.247311827956988806e-01 1.250000000000000000e-01 0.000000000000000000e+00
9.257086999022482443e-01 1.250000000000000000e-01 0.000000000000000000e+00
9.266862170087976081e-01 1.250000000000000000e-01 0.000000000000000000e+00
9.276637341153469718e-01 1.250000000000000000e-01 0.000000000000000000e+00
9.286412512218963355e-01 1.250000000000000000e-01 0.000000000000000000e+00
9.296187683284456993e-01 1.250000000000000000e-01 0.000000000000000000e+00
9.305962854349950630e-01 1.250000000000000000e-01 0.000000000000000000e+00
9.315738025415444268e-01 1.250000000000000000e-01 0.000000000000000000e+00
9.325513196480937905e-01 1.250000000000000000e-01 0.000000000000000000e+00
9.335288367546431543e-01 1.250000000000000000e-01 0.000000000000000000e+00
9.345063538611925180e-01 1.250000000000000000e-01 0.000000000000000000e+00
9.354838709677418818e-01 1.250000000000000000e-01 0.000000000000000000e+00
9.364613880742912455e-01 1.250000000000000000e-01 0.000000000000000000e+00
9.374389051808406093e-01 1.250000000000000000e-01 0.000000000000000000e+00
9.384164222873900840e-01 1.250000000000000000e-01 0.000000000000000000e+00
9.393939393939394478e-01 1.250000000000000000e-01 0.000000000000000000e+00
9.403714565004888115e-01 1.250000000000000000e-01 0.000000000000000000e+00
9.413489736070381753e-01 1.250000000000000000e-01 0.000000000000000000e+00
9.423264907135875390e-01 1.250000000000000000e-01 0.000000000000000000e+00
9.433040078201369028e-01 1.250000000000000000e-01 0.000000000000000000e+00
9.442815249266862665e-01 1.250000000000000000e-01 0.000000000000000000e+00
9.452590420332356302e-01 1.250000000000000000e-01 0.000000000000000000e+00
9.462365591397849940e-01 1.250000000000000000e-01 0.000000000000000000e+00
9.472140762463343577e-01 1.250000000000000000e-01 0.000000000000000000e+00
9.481915933528837215e-01 1.250000000000000000e-01 0.000000000000000000e+00
9.491691104594330852e-01 1.250000000000000000e-01 0.000000000000000000e+00
9.501466275659824490e-01 1.250000000000000000e-01 0.000000000000000000e+00
9.511241446725318127e-01 1.250000000000000000e-01 0.000000000000000000e+00
9.521016617790811765e-01 1.250000000000000000e-01 0.000000000000000000e+00
9.530791788856305402e-01 1.250000000000000000e-01 0.000000000000000000e+00
9.540566959921799040e-01 1.250000000000000000e-01 0.000000000000000000e+00
9.550342130987292677e-01 1.250000000000000000e-01 0.000000000000000000e+00
9.560117302052786314e-01 1.250000000000000000e-01 0.000000000000000000e+00
9.569892473118279952e-01 1.250000000000000000e-01 0.000000000000000000e+00
9.579667644183773589e-01 1.250000000000000000e-01 0.000000000000000000e+00
9.589442815249267227e-01 1.250000000000000000e-01 0.000000000000000000e+00
9.599217986314760864e-01 1.250000000000000000e-01 0.000000000000000000e+00
9.608993157380254502e-01 1.250000000000000000e-01 0.000000000000000000e+00
9.618768328445748139e-01 1.250000000000000000e-01 0.000000000000000000e+00
9.628543499511241777e-01 1.250000000000000000e-01 0.000000000000000000e+00
9.638318670576735414e-01 1.250000000000000000e-01 0.000000000000000000e+00
9.648093841642229052e-01 1.250000000000000000e-01 0.000000000000000000e+00
9.657869012707722689e-01 1.250000000000000000e-01 0.000000000000000000e+00
9.667644183773216326e-01 1.250000000000000000e-01 0.000000000000000000e+00
9.677419354838709964e-01 1.250000000000000000e-01 0.000000000000000000e+00
9.687194525904203601e-01 1.250000000000000000e-01 0.000000000000000000e+00
9.696969696969697239e-01 1.250000000000000000e-01 0.000000000000000000e+00
9.706744868035190876e-01 1.250000000000000000e-01 0.000000000000000000e+00
9.716520039100684514e-01 1.250000000000000000e-01 0.000000000000000000e+00
9.726295210166178151e-01 1.250000000000000000e-01 0.000000000000000000e+00
9.736070381231671789e-01 1.250000000000000000e-01 0.000000000000000000e+00
9.745845552297165426e-01 1.250000000000000000e-01 0.000000000000000000e+00
9.755620723362659064e-01 1.250000000000000000e-01 0.000000000000000000e+00
9.765395894428152701e-01 1.250000000000000000e-01 0.000000000000000000e+00
9.775171065493646338e-01 1.250000000000000000e-01 0.000000000000000000e+00
9.784946236559139976e-01 1.250000000000000000e-01 0.000000000000000000e+00
9.794721407624633613e-01 1.250000000000000000e-01 0.000000000000000000e+00
9.804496578690127251e-01 1.250000000000000000e-01 0.000000000000000000e+00
9.814271749755620888e-01 1.250000000000000000e-01 0.000000000000000000e+00
9.824046920821114526e-01 1.250000000000000000e-01 0.000000000000000000e+00
9.833822091886608163e-01 1.250000000000000000e-01 0.000000000000000000e+00
9.843597262952101801e-01 1.250000000000000000e-01 0.000000000000000000e+00
9.853372434017595438e-01 1.250000000000000000e-01 0.000000000000000000e+00
9.863147605083089076e-01 1.250000000000000000e-01 0.000000000000000000e+00
9.872922776148582713e-01 1.250000000000000000e-01 0.000000000000000000e+00
9.882697947214076351e-01 1.250000000000000000e-01 0.000000000000000000e+00
9.892473118279569988e-01 1.250000000000000000e-01 0.000000000000000000e+00
9.902248289345063625e-01 1.250000000000000000e-01 0.000000000000000000e+00
9.912023460410557263e-01 1.250000000000000000e-01 0.000000000000000000e+00
9.921798631476050900e-01 1.250000000000000000e-01 0.000000000000000000e+00
9.931573802541544538e-01 1.250000000000000000e-01 0.000000000000000000e+00
9.941348973607038175e-01 1.250000000000000000e-01 0.000000000000000000e+00
9.951124144672531813e-01 1.250000000000000000e-01 0.000000000000000000e+00
9.960899315738025450e-01 1.250000000000000000e-01 0.000000000000000000e+00
9.970674486803519088e-01 1.250000000000000000e-01 0.000000000000000000e+00
9.980449657869012725e-01 1.250000000000000000e-01 0.000000000000000000e+00
9.990224828934506363e-01 1.250000000000000000e-01 -0.000000000000000000e+00
1.000000000000000000e+00 1.250000000000000000e-01 -0.000000000000000000e+00
