# 0.21823034716012868
0.000000000000000000e+00 1.000000000000000000e+00 -0.000000000000000000e+00
9.775171065493646130e-04 1.000000000000000000e+00 -0.000000000000000000e+00
1.955034213098729226e-03 1.000000000000000000e+00 0.000000000000000000e+00
2.932551319648093839e-03 1.000000000000000000e+00 0.000000000000000000e+00
3.910068426197458452e-03 1.000000000000000000e+00 0.000000000000000000e+00
4.887585532746823065e-03 1.000000000000000000e+00 0.000000000000000000e+00
5.865102639296187678e-03 1.000000000000000000e+00 0.000000000000000000e+00
6.842619745845552291e-03 1.000000000000000000e+00 0.000000000000000000e+00
7.820136852394916904e-03 1.000000000000000000e+00 0.000000000000000000e+00
8.797653958944282385e-03 1.000000000000000000e+00 0.000000000000000000e+00
9.775171065493646130e-03 1.000000000000000000e+00 0.000000000000000000e+00
1.075268817204301161e-02 1.000000000000000000e+00 0.000000000000000000e+00
1.173020527859237536e-02 1.000000000000000000e+00 0.000000000000000000e+00
1.270772238514174084e-02 1.000000000000000000e+00 0.000000000000000000e+00
1.368523949169110458e-02 1.000000000000000000e+00 0.000000000000000000e+00
1.466275659824047006e-02 1.000000000000000000e+00 0.000000000000000000e+00
1.564027370478983381e-02 1.000000000000000000e+00 0.000000000000000000e+00
1.661779081133919755e-02 1.000000000000000000e+00 0.000000000000000000e+00
1.759530791788856477e-02 1.000000000000000000e+00 0.000000000000000000e+00
1.857282502443792851e-02 1.000000000000000000e+00 0.000000000000000000e+00
1.955034213098729226e-02 1.000000000000000000e+00 0.000000000000000000e+00
2.052785923753665601e-02 1.000000000000000000e+00 0.000000000000000000e+00
2.150537634408602322e-02 1.000000000000000000e+00 0.000000000000000000e+00
2.248289345063538697e-02 1.000000000000000000e+00 0.000000000000000000e+00
2.346041055718475071e-02 1.000000000000000000e+00 0.000000000000000000e+00
2.443792766373411446e-02 1.000000000000000000e+00 0.000000000000000000e+00
2.541544477028348167e-02 1.000000000000000000e+00 0.000000000000000000e+00
2.639296187683284542e-02 1.000000000000000000e+00 0.000000000000000000e+00
2.737047898338220916e-02 1.000000000000000000e+00 0.000000000000000000e+00
2.834799608993157291e-02 1.000000000000000000e+00 0.000000000000000000e+00
2.932551319648094013e-02 1.000000000000000000e+00 0.000000000000000000e+00
3.030303030303030387e-02 1.000000000000000000e+00 0.000000000000000000e+00
3.128054740957966762e-02 1.000000000000000000e+00 0.000000000000000000e+00
3.225806451612903136e-02 1.000000000000000000e+00 0.000000000000000000e+00
3.323558162267839511e-02 1.000000000000000000e+00 0.000000000000000000e+00
3.421309872922775885e-02 1.000000000000000000e+00 0.000000000000000000e+00
3.519061583577712954e-02 1.000000000000000000e+00 0.000000000000000000e+00
3.616813294232649328e-02 1.000000000000000000e+00 0.000000000000000000e+00
3.714565004887585703e-02 1.000000000000000000e+00 0.000000000000000000e+00
3.812316715542522078e-02 1.000000000000000000e+00 0.000000000000000000e+00
3.910068426197458452e-02 1.000000000000000000e+00 0.000000000000000000e+00
4.007820136852394827e-02 1.000000000000000000e+00 0.000000000000000000e+00
4.105571847507331201e-02 1.000000000000000000e+00 0.000000000000000000e+00
4.203323558162267576e-02 1.000000000000000000e+00 0.000000000000000000e+00
4.301075268817204644e-02 1.000000000000000000e+00 0.000000000000000000e+00
4.398826979472141019e-02 1.000000000000000000e+00 0.000000000000000000e+00
4.496578690127077393e-02 1.000000000000000000e+00 0.000000000000000000e+00
4.594330400782013768e-02 1.000000000000000000e+00 0.000000000000000000e+00
4.692082111436950143e-02 1.000000000000000000e+00 0.000000000000000000e+00
4.789833822091886517e-02 1.000000000000000000e+00 0.000000000000000000e+00
4.887585532746822892e-02 1.000000000000000000e+00 0.000000000000000000e+00
4.985337243401759266e-02 1.000000000000000000e+00 0.000000000000000000e+00
5.083088954056696335e-02 1.000000000000000000e+00 0.000000000000000000e+00
5.180840664711632709e-02 1.000000000000000000e+00 0.000000000000000000e+00
5.278592375366569084e-02 1.000000000000000000e+00 0.000000000000000000e+00
5.376344086021505458e-02 1.000000000000000000e+00 0.000000000000000000e+00
5.474095796676441833e-02 1.000000000000000000e+00 0.000000000000000000e+00
5.571847507331378208e-02 1.000000000000000000e+00 0.000000000000000000e+00
5.669599217986314582e-02 1.000000000000000000e+00 0.000000000000000000e+00
5.767350928641250957e-02 1.000000000000000000e+00 0.000000000000000000e+00
5.865102639296188025e-02 1.000000000000000000e+00 0.000000000000000000e+00
5.962854349951124400e-02 1.000000000000000000e+00 0.000000000000000000e+00
6.060606060606060774e-02 1.000000000000000000e+00 0.000000000000000000e+00
6.158357771260997149e-02 1.000000000000000000e+00 0.000000000000000000e+00
6.256109481915933523e-02 1.000000000000000000e+00 0.000000000000000000e+00
6.353861192570869898e-02 1.000000000000000000e+00 0.000000000000000000e+00
6.451612903225806273e-02 1.000000000000000000e+00 0.000000000000000000e+00
6.549364613880742647e-02 1.000000000000000000e+00 0.000000000000000000e+00
6.647116324535679022e-02 1.000000000000000000e+00 0.000000000000000000e+00
6.744868035190615396e-02 1.000000000000000000e+00 0.000000000000000000e+00
6.842619745845551771e-02 1.000000000000000000e+00 0.000000000000000000e+00
6.940371456500488145e-02 1.000000000000000000e+00 0.000000000000000000e+00
7.038123167155425908e-02 1.000000000000000000e+00 0.000000000000000000e+00
7.135874877810362282e-02 1.000000000000000000e+00 0.000000000000000000e+00
7.233626588465298657e-02 1.000000000000000000e+00 0.000000000000000000e+00
7.331378299120235031e-02 1.000000000000000000e+00 0.000000000000000000e+00
7.429130009775171406e-02 1.000000000000000000e+00 0.000000000000000000e+00
7.526881720430107781e-02 1.000000000000000000e+00 0.000000000000000000e+00
7.624633431085044155e-02 1.000000000000000000e+00 0.000000000000000000e+00
7.722385141739980530e-02 1.000000000000000000e+00 0.000000000000000000e+00
7.820136852394916904e-02 1.000000000000000000e+00 0.000000000000000000e+00
7.917888563049853279e-02 1.000000000000000000e+00 0.000000000000000000e+00
8.015640273704789653e-02 1.000000000000000000e+00 0.000000000000000000e+00
8.113391984359726028e-02 1.000000000000000000e+00 0.000000000000000000e+00
8.211143695014662403e-02 1.000000000000000000e+00 0.000000000000000000e+00
8.308895405669598777e-02 1.000000000000000000e+00 0.000000000000000000e+00
8.406647116324535152e-02 1.000000000000000000e+00 0.000000000000000000e+00
8.504398826979471526e-02 1.000000000000000000e+00 0.000000000000000000e+00
8.602150537634409289e-02 1.000000000000000000e+00 0.000000000000000000e+00
8.699902248289345663e-02 1.000000000000000000e+00 0.000000000000000000e+00
8.797653958944282038e-02 1.000000000000000000e+00 0.000000000000000000e+00
8.895405669599218412e-02 1.000000000000000000e+00 0.000000000000000000e+00
8.993157380254154787e-02 1.000000000000000000e+00 0.000000000000000000e+00
9.090909090909091161e-02 1.000000000000000000e+00 0.000000000000000000e+00
9.188660801564027536e-02 1.000000000000000000e+00 0.000000000000000000e+00
9.286412512218963911e-02 1.000000000000000000e+00 0.000000000000000000e+00
9.384164222873900285e-02 1.000000000000000000e+00 0.000000000000000000e+00
9.481915933528836660e-02 1.000000000000000000e+00 0.000000000000000000e+00
9.579667644183773034e-02 1.000000000000000000e+00 0.000000000000000000e+00
9.677419354838709409e-02 1.000000000000000000e+00 0.000000000000000000e+00
9.775171065493645783e-02 1.000000000000000000e+00 0.000000000000000000e+00
9.872922776148582158e-02 1.000000000000000000e+00 0.000000000000000000e+00
9.970674486803518533e-02 1.000000000000000000e+00 0.000000000000000000e+00
1.006842619745845491e-01 1.000000000000000000e+00 0.000000000000000000e+00
1.016617790811339267e-01 1.000000000000000000e+00 0.000000000000000000e+00
1.026392961876832904e-01 1.000000000000000000e+00 0.000000000000000000e+00
1.036168132942326542e-01 1.000000000000000000e+00 0.000000000000000000e+00
1.045943304007820179e-01 1.000000000000000000e+00 0.000000000000000000e+00
1.055718475073313817e-01 1.000000000000000000e+00 0.000000000000000000e+00
1.065493646138807454e-01 1.000000000000000000e+00 0.000000000000000000e+00
1.075268817204301092e-01 1.000000000000000000e+00 0.000000000000000000e+00
1.085043988269794729e-01 1.000000000000000000e+00 0.000000000000000000e+00
1.094819159335288367e-01 1.000000000000000000e+00 0.000000000000000000e+00
1.104594330400782004e-01 1.000000000000000000e+00 0.000000000000000000e+00
1.114369501466275642e-01 1.000000000000000000e+00 0.000000000000000000e+00
1.124144672531769279e-01 1.000000000000000000e+00 0.000000000000000000e+00
1.133919843597262916e-01 1.000000000000000000e+00 0.000000000000000000e+00
1.143695014662756554e-01 1.000000000000000000e+00 0.000000000000000000e+00
1.153470185728250191e-01 1.000000000000000000e+00 0.000000000000000000e+00
1.163245356793743829e-01 1.000000000000000000e+00 0.000000000000000000e+00
1.173020527859237605e-01 1.000000000000000000e+00 0.000000000000000000e+00
1.182795698924731242e-01 1.000000000000000000e+00 0.000000000000000000e+00
1.192570869990224880e-01 1.000000000000000000e+00 0.000000000000000000e+00
1.202346041055718517e-01 1.000000000000000000e+00 0.000000000000000000e+00
1.212121212121212155e-01 1.000000000000000000e+00 0.000000000000000000e+00
1.221896383186705792e-01 1.000000000000000000e+00 0.000000000000000000e+00
1.231671554252199430e-01 1.000000000000000000e+00 0.000000000000000000e+00
1.241446725317693067e-01 1.000000000000000000e+00 0.000000000000000000e+00
1.251221896383186705e-01 1.000000000000000000e+00 0.000000000000000000e+00
1.260997067448680342e-01 1.000000000000000000e+00 0.000000000000000000e+00
1.270772238514173980e-01 1.000000000000000000e+00 0.000000000000000000e+00
1.280547409579667617e-01 1.000000000000000000e+00 0.000000000000000000e+00
1.290322580645161255e-01 1.000000000000000000e+00 0.000000000000000000e+00
1.300097751710654892e-01 1.000000000000000000e+00 0.000000000000000000e+00
1.309872922776148529e-01 1.000000000000000000e+00 0.000000000000000000e+00
1.319648093841642167e-01 1.000000000000000000e+00 0.000000000000000000e+00
1.329423264907135804e-01 1.000000000000000000e+00 0.000000000000000000e+00
1.339198435972629442e-01 1.000000000000000000e+00 0.000000000000000000e+00
1.348973607038123079e-01 1.000000000000000000e+00 0.000000000000000000e+00
1.358748778103616717e-01 1.000000000000000000e+00 0.000000000000000000e+00
1.368523949169110354e-01 1.000000000000000000e+00 0.000000000000000000e+00
1.378299120234603992e-01 1.000000000000000000e+00 0.000000000000000000e+00
1.388074291300097629e-01 1.000000000000000000e+00 0.000000000000000000e+00
1.397849462365591267e-01 1.000000000000000000e+00 0.000000000000000000e+00
1.407624633431085182e-01 1.000000000000000000e+00 0.000000000000000000e+00
1.417399804496578819e-01 1.000000000000000000e+00 0.000000000000000000e+00
1.427174975562072456e-01 1.000000000000000000e+00 0.000000000000000000e+00
1.436950146627566094e-01 1.000000000000000000e+00 0.000000000000000000e+00
1.446725317693059731e-01 1.000000000000000000e+00 0.000000000000000000e+00
1.456500488758553369e-01 1.000000000000000000e+00 0.000000000000000000e+00
1.466275659824047006e-01 1.000000000000000000e+00 0.000000000000000000e+00
1.476050830889540644e-01 1.000000000000000000e+00 0.000000000000000000e+00
1.485826001955034281e-01 1.000000000000000000e+00 0.000000000000000000e+00
1.495601173020527919e-01 1.000000000000000000e+00 0.000000000000000000e+00
1.505376344086021556e-01 1.000000000000000000e+00 0.000000000000000000e+00
1.515151515151515194e-01 1.000000000000000000e+00 0.000000000000000000e+00
1.524926686217008831e-01 1.000000000000000000e+00 0.000000000000000000e+00
1.534701857282502468e-01 1.000000000000000000e+00 0.000000000000000000e+00
1.544477028347996106e-01 1.000000000000000000e+00 0.000000000000000000e+00
1.554252199413489743e-01 1.000000000000000000e+00 0.000000000000000000e+00
1.564027370478983381e-01 1.000000000000000000e+00 0.000000000000000000e+00
1.573802541544477018e-01 1.000000000000000000e+00 0.000000000000000000e+00
1.583577712609970656e-01 1.000000000000000000e+00 0.000000000000000000e+00
1.593352883675464293e-01 1.000000000000000000e+00 0.000000000000000000e+00
1.603128054740957931e-01 1.000000000000000000e+00 0.000000000000000000e+00
1.612903225806451568e-01 1.000000000000000000e+00 0.000000000000000000e+00
1.622678396871945206e-01 1.000000000000000000e+00 0.000000000000000000e+00
1.632453567937438843e-01 1.000000000000000000e+00 0.000000000000000000e+00
1.642228739002932481e-01 1.000000000000000000e+00 0.000000000000000000e+00
1.652003910068426118e-01 1.000000000000000000e+00 0.000000000000000000e+00
1.661779081133919755e-01 1.000000000000000000e+00 0.000000000000000000e+00
1.671554252199413393e-01 1.000000000000000000e+00 0.000000000000000000e+00
1.681329423264907030e-01 1.000000000000000000e+00 0.000000000000000000e+00
1.691104594330400668e-01 1.000000000000000000e+00 0.000000000000000000e+00
1.700879765395894305e-01 1.000000000000000000e+00 0.000000000000000000e+00
1.710654936461387943e-01 1.000000000000000000e+00 0.000000000000000000e+00
1.720430107526881858e-01 1.000000000000000000e+00 0.000000000000000000e+00
1.730205278592375495e-01 1.000000000000000000e+00 0.000000000000000000e+00
1.739980449657869133e-01 1.000000000000000000e+00 0.000000000000000000e+00
1.749755620723362770e-01 1.000000000000000000e+00 0.000000000000000000e+00
1.759530791788856408e-01 1.000000000000000000e+00 0.000000000000000000e+00
1.769305962854350045e-01 1.000000000000000000e+00 0.000000000000000000e+00
1.779081133919843682e-01 1.000000000000000000e+00 0.000000000000000000e+00
1.788856304985337320e-01 1.000000000000000000e+00 0.000000000000000000e+00
1.798631476050830957e-01 1.000000000000000000e+00 0.000000000000000000e+00
1.808406647116324595e-01 1.000000000000000000e+00 0.000000000000000000e+00
1.818181818181818232e-01 1.000000000000000000e+00 0.000000000000000000e+00
1.827956989247311870e-01 1.000000000000000000e+00 0.000000000000000000e+00
1.837732160312805507e-01 1.000000000000000000e+00 0.000000000000000000e+00
1.847507331378299145e-01 1.000000000000000000e+00 0.000000000000000000e+00
1.857282502443792782e-01 1.000000000000000000e+00 0.000000000000000000e+00
1.867057673509286420e-01 1.000000000000000000e+00 0.000000000000000000e+00
1.876832844574780057e-01 1.000000000000000000e+00 0.000000000000000000e+00
1.886608015640273694e-01 1.000000000000000000e+00 0.000000000000000000e+00
1.896383186705767332e-01 1.000000000000000000e+00 0.000000000000000000e+00
1.906158357771260969e-01 1.000000000000000000e+00 0.000000000000000000e+00
1.915933528836754607e-01 1.000000000000000000e+00 0.000000000000000000e+00
1.925708699902248244e-01 1.000000000000000000e+00 0.000000000000000000e+00
1.935483870967741882e-01 1.000000000000000000e+00 0.000000000000000000e+00
1.945259042033235519e-01 1.000000000000000000e+00 0.000000000000000000e+00
1.955034213098729157e-01 1.000000000000000000e+00 0.000000000000000000e+00
1.964809384164222794e-01 1.000000000000000000e+00 0.000000000000000000e+00
1.974584555229716432e-01 1.000000000000000000e+00 0.000000000000000000e+00
1.984359726295210069e-01 1.000000000000000000e+00 0.000000000000000000e+00
1.994134897360703707e-01 1.000000000000000000e+00 0.000000000000000000e+00
2.003910068426197344e-01 1.000000000000000000e+00 0.000000000000000000e+00
2.013685239491690981e-01 1.000000000000000000e+00 0.000000000000000000e+00
2.023460410557184619e-01 1.000000000000000000e+00 0.000000000000000000e+00
2.033235581622678534e-01 1.000000000000000000e+00 0.000000000000000000e+00
2.043010752688172171e-01 1.000000000000000000e+00 0.000000000000000000e+00
2.052785923753665809e-01 1.000000000000000000e+00 0.000000000000000000e+00
2.062561094819159446e-01 1.000000000000000000e+00 0.000000000000000000e+00
2.072336265884653084e-01 1.000000000000000000e+00 0.000000000000000000e+00
2.082111436950146721e-01 1.000000000000000000e+00 0.000000000000000000e+00
2.091886608015640359e-01 1.000000000000000000e+00 0.000000000000000000e+00
2.101661779081133996e-01 1.000000000000000000e+00 0.000000000000000000e+00
2.111436950146627634e-01 1.000000000000000000e+00 0.000000000000000000e+00
2.121212121212121271e-01 1.000000000000000000e+00 0.000000000000000000e+00
2.130987292277614908e-01 1.000000000000000000e+00 0.000000000000000000e+00
2.140762463343108546e-01 1.000000000000000000e+00 0.000000000000000000e+00
2.150537634408602183e-01 1.000000000000000000e+00 0.000000000000000000e+00
2.160312805474095821e-01 1.000000000000000000e+00 0.000000000000000000e+00
2.170087976539589458e-01 1.000000000000000000e+00 0.000000000000000000e+00
2.179863147605083096e-01 1.000000000000000000e+00 0.000000000000000000e+00
2.189638318670576733e-01 1.000000000000000000e+00 0.000000000000000000e+00
2.199413489736070371e-01 1.000000000000000000e+00 0.000000000000000000e+00
2.209188660801564008e-01 1.000000000000000000e+00 0.000000000000000000e+00
2.218963831867057646e-01 1.000000000000000000e+00 0.000000000000000000e+00
2.228739002932551283e-01 1.000000000000000000e+00 0.000000000000000000e+00
2.238514173998044920e-01 1.000000000000000000e+00 0.000000000000000000e+00
2.248289345063538558e-01 1.000000000000000000e+00 0.000000000000000000e+00
2.258064516129032195e-01 1.000000000000000000e+00 0.000000000000000000e+00
2.267839687194525833e-01 1.000000000000000000e+00 0.000000000000000000e+00
2.277614858260019470e-01 1.000000000000000000e+00 0.000000000000000000e+00
2.287390029325513108e-01 1.000000000000000000e+00 0.000000000000000000e+00
2.297165200391006745e-01 1.000000000000000000e+00 0.000000000000000000e+00
2.306940371456500383e-01 1.000000000000000000e+00 0.000000000000000000e+00
2.316715542521994020e-01 1.000000000000000000e+00 0.000000000000000000e+00
2.326490713587487658e-01 1.000000000000000000e+00 0.000000000000000000e+00
2.336265884652981295e-01 1.000000000000000000e+00 0.000000000000000000e+00
2.346041055718475210e-01 1.000000000000000000e+00 0.000000000000000000e+00
2.355816226783968848e-01 1.000000000000000000e+00 0.000000000000000000e+00
2.365591397849462485e-01 1.000000000000000000e+00 0.000000000000000000e+00
2.375366568914956122e-01 1.000000000000000000e+00 0.000000000000000000e+00
2.385141739980449760e-01 1.000000000000000000e+00 0.000000000000000000e+00
2.394916911045943397e-01 1.000000000000000000e+00 0.000000000000000000e+00
2.404692082111437035e-01 1.000000000000000000e+00 0.000000000000000000e+00
2.414467253176930672e-01 1.000000000000000000e+00 0.000000000000000000e+00
2.424242424242424310e-01 1.000000000000000000e+00 0.000000000000000000e+00
2.434017595307917947e-01 1.000000000000000000e+00 0.000000000000000000e+00
2.443792766373411585e-01 1.000000000000000000e+00 0.000000000000000000e+00
2.453567937438905222e-01 1.000000000000000000e+00 0.000000000000000000e+00
2.463343108504398860e-01 1.000000000000000000e+00 0.000000000000000000e+00
2.473118279569892497e-01 1.000000000000000000e+00 0.000000000000000000e+00
2.482893450635386134e-01 1.000000000000000000e+00 0.000000000000000000e+00
2.492668621700879772e-01 1.000000000000000000e+00 0.000000000000000000e+00
2.502443792766373409e-01 1.000000000000000000e+00 0.000000000000000000e+00
2.512218963831867047e-01 1.000000000000000000e+00 0.000000000000000000e+00
2.521994134897360684e-01 1.000000000000000000e+00 0.000000000000000000e+00
2.531769305962854322e-01 1.000000000000000000e+00 0.000000000000000000e+00
2.541544477028347959e-01 1.000000000000000000e+00 0.000000000000000000e+00
2.551319648093841597e-01 1.000000000000000000e+00 0.000000000000000000e+00
2.561094819159335234e-01 1.000000000000000000e+00 0.000000000000000000e+00
2.570869990224828872e-01 1.000000000000000000e+00 0.000000000000000000e+00
2.580645161290322509e-01 1.000000000000000000e+00 0.000000000000000000e+00
2.590420332355816146e-01 1.000000000000000000e+00 0.000000000000000000e+00
2.600195503421309784e-01 1.000000000000000000e+00 0.000000000000000000e+00
2.609970674486803421e-01 1.000000000000000000e+00 0.000000000000000000e+00
2.619745845552297059e-01 1.000000000000000000e+00 0.000000000000000000e+00
2.629521016617790696e-01 1.000000000000000000e+00 0.000000000000000000e+00
2.639296187683284334e-01 1.000000000000000000e+00 0.000000000000000000e+00
2.649071358748777971e-01 1.000000000000000000e+00 0.000000000000000000e+00
2.658846529814271609e-01 1.000000000000000000e+00 0.000000000000000000e+00
2.668621700879765246e-01 1.000000000000000000e+00 0.000000000000000000e+00
2.678396871945258884e-01 1.000000000000000000e+00 0.000000000000000000e+00
2.688172043010752521e-01 1.000000000000000000e+00 0.000000000000000000e+00
2.697947214076246158e-01 1.000000000000000000e+00 0.000000000000000000e+00
2.707722385141739796e-01 1.000000000000000000e+00 0.000000000000000000e+00
2.717497556207233433e-01 1.000000000000000000e+00 0.000000000000000000e+00
2.727272727272727071e-01 1.000000000000000000e+00 0.000000000000000000e+00
2.737047898338220708e-01 1.000000000000000000e+00 0.000000000000000000e+00
2.746823069403714346e-01 1.000000000000000000e+00 0.000000000000000000e+00
2.756598240469207983e-01 1.000000000000000000e+00 0.000000000000000000e+00
2.766373411534701621e-01 1.000000000000000000e+00 0.000000000000000000e+00
2.776148582600195258e-01 1.000000000000000000e+00 1.033623216787455997e-16
2.785923753665688896e-01 9.999999999999991118e-01 8.314049589886600604e-16
2.795698924731182533e-01 9.999999999999962252e-01 2.745904575024998483e-15
2.805474095796676171e-01 9.999999999999898970e-01 8.619802888865168009e-15
2.815249266862170363e-01 9.999999999999735767e-01 1.938347306657537459e-14
2.825024437927664001e-01 9.999999999999458211e-01 4.773315007892153542e-14
2.834799608993157638e-01 9.999999999998694378e-01 9.679242149931559025e-14
2.844574780058651275e-01 9.999999999997417621e-01 2.282674955019273529e-13
2.854349951124144913e-01 9.999999999993993693e-01 4.469360511659190037e-13
2.864125122189638550e-01 9.999999999988286037e-01 1.027532974441507548e-12
2.873900293255132188e-01 9.999999999973340215e-01 1.985573089002974001e-12
2.883675464320625825e-01 9.999999999948794294e-01 4.473381781508231092e-12
2.893450635386119463e-01 9.999999999885672564e-01 8.542231068740270181e-12
2.903225806451613100e-01 9.999999999782929194e-01 1.887052413424531350e-11
2.913000977517106738e-01 9.999999999524911143e-01 3.559084270443236510e-11
2.922776148582600375e-01 9.999999999109161486e-01 7.707187911887958408e-11
2.932551319648094013e-01 9.999999998089055264e-01 1.435397115140425486e-10
2.942326490713587650e-01 9.999999996462494156e-01 3.045676676970420368e-10
2.952101661779081287e-01 9.999999992566425133e-01 5.598796930568205164e-10
2.961876832844574925e-01 9.999999986420300413e-01 1.163425040722127242e-09
2.971652003910068562e-01 9.999999972061250908e-01 2.109999872724173343e-09
2.981427174975562200e-01 9.999999949658184839e-01 4.291555750057852500e-09
2.991202346041055837e-01 9.999999898653080255e-01 7.674807477165524425e-09
3.000977517106549475e-01 9.999999819977812843e-01 1.526945323280824112e-08
3.010752688172043112e-01 9.999999645598340869e-01 2.691146585792450839e-08
3.020527859237536750e-01 9.999999379780172282e-01 5.233922243518209028e-08
3.030303030303030387e-01 9.999998806834756726e-01 9.085080869760027057e-08
3.040078201368524025e-01 9.999997944121116200e-01 1.725973812423129909e-07
3.049853372434017662e-01 9.999996138074238594e-01 2.948623447396049901e-07
3.059628543499511300e-01 9.999993453226415641e-01 5.467487539764608771e-07
3.069403714565004937e-01 9.999988001846975560e-01 9.185775877076970786e-07
3.079178885630498574e-01 9.999980005810258366e-01 1.660941730937248757e-06
3.088954056695992212e-01 9.999964284510238777e-01 2.741830080584646711e-06
3.098729227761485849e-01 9.999941547480217796e-01 4.829556566471598815e-06
3.108504398826979487e-01 9.999898339195527619e-01 7.825511438676047556e-06
3.118279569892473124e-01 9.999836773917240018e-01 1.341240444188141997e-05
3.128054740957966762e-01 9.999723938939781842e-01 2.130720071880295183e-05
3.137829912023460399e-01 9.999565699322353618e-01 3.548752143070420489e-05
3.147605083088954037e-01 9.999286713904892432e-01 5.519798421620773337e-05
3.157380254154447674e-01 9.998902079474392135e-01 8.920177557205838706e-05
3.167155425219941312e-01 9.998251725178298743e-01 1.356325450818038358e-04
3.176930596285434949e-01 9.997371497602629553e-01 2.123104439904325051e-04
3.186705767350928586e-01 9.995949241151453890e-01 3.149966736555280121e-04
3.196480938416422224e-01 9.994062766949581844e-01 4.766995004243351330e-04
3.206256109481915861e-01 9.991161813732679642e-01 6.886620750170682282e-04
3.216031280547409499e-01 9.987398776241157572e-01 1.005557090663030707e-03
3.225806451612903136e-01 9.981915518252060249e-01 1.411174406960218628e-03
3.235581622678396774e-01 9.974976457910005312e-01 1.984362982994247130e-03
3.245356793743890411e-01 9.965434416312441979e-01 2.698783213368514435e-03
3.255131964809384049e-01 9.953686157743920626e-01 3.649495735652259591e-03
3.264907135874877686e-01 9.938481725696097779e-01 4.799908859473208181e-03
3.274682306940371324e-01 9.920321569789817273e-01 6.239178425630348412e-03
3.284457478005864961e-01 9.898200111881841901e-01 7.925044080921223727e-03
3.294232649071358598e-01 9.872635928700732588e-01 9.911867723062081983e-03
3.304007820136852236e-01 9.843198948458455888e-01 1.215953185660306399e-02
3.313782991202345873e-01 9.810339196580514232e-01 1.467144021348679682e-02
3.323558162267839511e-01 9.774255427349842762e-01 1.741429414870318201e-02
3.333333333333333148e-01 9.735324012616068945e-01 2.035230917547488014e-02
3.343108504398826786e-01 9.694080875618740212e-01 2.345635110949188806e-02
3.352883675464320423e-01 9.650891729662536278e-01 2.668165743135034879e-02
3.362658846529814061e-01 9.606256750742674377e-01 2.999935245606777032e-02
3.372434017595307698e-01 9.560540770362342400e-01 3.337748271777143255e-02
3.382209188660801336e-01 9.514054613039600872e-01 3.679055877975755812e-02
3.391984359726294973e-01 9.467082895420159128e-01 4.022072589374425799e-02
3.401759530791788610e-01 9.419801465466296486e-01 4.365187800586363409e-02
3.411534701857282248e-01 9.372365688290431596e-01 4.707348972353292416e-02
3.421309872922775885e-01 9.324882163307230964e-01 5.047841400421618913e-02
3.431085043988269523e-01 9.277420137130883981e-01 5.386057822985175492e-02
3.440860215053763715e-01 9.230033530934995678e-01 5.721684665429357941e-02
3.450635386119257353e-01 9.182759952165416850e-01 6.054461748750066680e-02
3.460410557184750990e-01 9.135620388942788939e-01 6.384218389349788358e-02
3.470185728250244628e-01 9.088635949819071636e-01 6.710845093818972040e-02
3.479960899315738265e-01 9.041817493964561248e-01 7.034276337856423811e-02
3.489736070381231903e-01 8.995174952806759272e-01 7.354445233470645327e-02
3.499511241446725540e-01 8.948714715583839796e-01 7.671333669078092554e-02
3.509286412512219178e-01 8.902443085413219714e-01 7.984912070567515285e-02
3.519061583577712815e-01 8.856362838892574141e-01 8.295173551589128669e-02
3.528836754643206453e-01 8.810478277846208739e-01 8.602108642781154668e-02
3.538611925708700090e-01 8.764791063831416373e-01 8.905723246667342219e-02
3.548387096774193727e-01 8.719303682195629346e-01 9.206015582764447147e-02
3.558162267839687365e-01 8.674017069282196069e-01 9.502997951072798821e-02
3.567937438905181002e-01 8.628932891450225018e-01 9.796676929380812582e-02
3.577712609970674640e-01 8.584051464467943315e-01 1.008706731060045325e-01
3.587487781036168277e-01 8.539373777216315853e-01 1.037418038012395266e-01
3.597262952101661915e-01 8.494899898871791644e-01 1.065803375825329913e-01
3.607038123167155552e-01 8.450630307319926260e-01 1.093864181210945363e-01
3.616813294232649190e-01 8.406564839245062037e-01 1.121602338416462230e-01
3.626588465298142827e-01 8.362703655014628312e-01 1.149019540046236076e-01
3.636363636363636465e-01 8.319046443497346566e-01 1.176117763405019889e-01
3.646138807429130102e-01 8.275593101110741978e-01 1.202898849634078393e-01
3.655913978494623739e-01 8.232343217906580302e-01 1.229364842641273298e-01
3.665689149560117377e-01 8.189296513896520135e-01 1.255517698116248859e-01
3.675464320625611014e-01 8.146452495664191495e-01 1.281359495674634086e-01
3.685239491691104652e-01 8.103810751385586153e-01 1.306892263251002162e-01
3.695014662756598289e-01 8.061370731379261523e-01 1.332118108745887763e-01
3.704789833822091927e-01 8.019131928668232767e-01 1.357039106197262535e-01
3.714565004887585564e-01 7.977093746443295608e-01 1.381657376888753563e-01
3.724340175953079202e-01 7.935255610825453498e-01 1.405975022921190365e-01
3.734115347018572839e-01 7.893616890398682528e-01 1.429994172708823064e-01
3.743890518084066477e-01 7.852176962647786640e-01 1.453716941479478442e-01
3.753665689149560114e-01 7.810935169161244973e-01 1.477145457650378690e-01
3.763440860215053752e-01 7.769890854091378030e-01 1.500281840456811067e-01
3.773216031280547389e-01 7.729043339057889428e-01 1.523128213474471138e-01
3.782991202346041026e-01 7.688391944913834930e-01 1.545686692269727658e-01
3.792766373411534664e-01 7.647935978995555883e-01 1.567959391516312029e-01
3.802541544477028301e-01 7.607674747012818095e-01 1.589948418192715374e-01
3.812316715542521939e-01 7.567607546700440002e-01 1.611655874806788846e-01
3.822091886608015576e-01 7.527733674372294459e-01 1.633083855812763330e-01
3.831867057673509214e-01 7.488052422179697354e-01 1.654234449040792310e-01
3.841642228739002851e-01 7.448563081631526250e-01 1.675109733728376016e-01
3.851417399804496489e-01 7.409264942570409351e-01 1.695711780987665951e-01
3.861192570869990126e-01 7.370157295172347078e-01 1.716042652762670984e-01
3.870967741935483764e-01 7.331239429774341065e-01 1.736104401914297934e-01
3.880742913000977401e-01 7.292510638034388482e-01 1.755899071616245088e-01
3.890518084066471038e-01 7.253970213104389275e-01 1.775428695274447466e-01
3.900293255131964676e-01 7.215617450385938270e-01 1.794695296182276523e-01
3.910068426197458313e-01 7.177451647837261861e-01 1.813700887406360929e-01
3.919843597262951951e-01 7.139472106501347781e-01 1.832447471568617592e-01
3.929618768328445588e-01 7.101678130839188530e-01 1.850937040736830019e-01
3.939393939393939226e-01 7.064069029144601775e-01 1.869171576290663550e-01
3.949169110459432863e-01 7.026644113870014197e-01 1.887153048838296210e-01
3.958944281524926501e-01 6.989402701971710874e-01 1.904883418130702000e-01
3.968719452590420138e-01 6.952344115214929010e-01 1.922364633003976198e-01
3.978494623655913776e-01 6.915467680481074408e-01 1.939598631330349821e-01
3.988269794721407413e-01 6.878772730054928397e-01 1.956587339985932927e-01
3.998044965786901050e-01 6.842258601907502680e-01 1.973332674827171229e-01
4.007820136852394688e-01 6.805924639969285206e-01 1.989836540679066346e-01
4.017595307917888325e-01 6.769770194400570595e-01 2.006100831332325585e-01
4.027370478983381963e-01 6.733794621857689400e-01 2.022127429549344657e-01
4.037145650048875600e-01 6.697997285758058306e-01 2.037918207077349664e-01
4.046920821114369238e-01 6.662377556545019397e-01 2.053475024668497129e-01
4.056695992179862875e-01 6.626934811954424687e-01 2.068799732106222367e-01
4.066471163245357068e-01 6.591668437284137205e-01 2.083894168237346856e-01
4.076246334310850705e-01 6.556577825667831982e-01 2.098760161009257663e-01
4.086021505376344343e-01 6.521662378354402545e-01 2.113399527511817255e-01
4.095796676441837980e-01 6.486921504994314081e-01 2.127814074023652302e-01
4.105571847507331618e-01 6.452354623934259958e-01 2.142005596062517558e-01
4.115347018572825255e-01 6.417961162521339524e-01 2.155975878439401749e-01
4.125122189638318893e-01 6.383740557418017270e-01 2.169726695316142040e-01
4.134897360703812530e-01 6.349692254929241164e-01 2.183259810266369449e-01
4.144672531769306167e-01 6.315815711343051309e-01 2.196576976339620069e-01
4.154447702834799805e-01 6.282110393286005623e-01 2.209679936128471078e-01
4.164222873900293442e-01 6.248575778094856981e-01 2.222570421838604426e-01
4.173998044965787080e-01 6.215211354205908423e-01 2.235250155361710456e-01
4.183773216031280717e-01 6.182016621563596326e-01 2.247720848351214551e-01
4.193548387096774355e-01 6.148991092049858054e-01 2.259984202300783229e-01
4.203323558162267992e-01 6.116134289935942769e-01 2.272041908625621331e-01
4.213098729227761630e-01 6.083445752358397352e-01 2.283895648746598339e-01
4.222873900293255267e-01 6.050925029821068168e-01 2.295547094177240455e-01
4.232649071358748905e-01 6.018571686725058267e-01 2.306997906613691696e-01
4.242424242424242542e-01 5.986385301928673908e-01 2.318249738027721440e-01
4.252199413489736179e-01 5.954365469339550909e-01 2.329304230762927197e-01
4.261974584555229817e-01 5.922511798541255645e-01 2.340163017634261100e-01
4.271749755620723454e-01 5.890823915456832038e-01 2.350827722031085254e-01
4.281524926686217092e-01 5.859301463051922454e-01 2.361299958023944101e-01
4.291300097751710729e-01 5.827944102080238054e-01 2.371581330475285854e-01
4.301075268817204367e-01 5.796751511874369545e-01 2.381673435154399443e-01
4.310850439882698004e-01 5.765723391185140212e-01 2.391577858856864802e-01
4.320625610948191642e-01 5.734859459072906285e-01 2.401296179528835673e-01
4.330400782013685279e-01 5.704159455854461713e-01 2.410829966396520752e-01
4.340175953079178917e-01 5.673623144109452010e-01 2.420180780101260920e-01
4.349951124144672554e-01 5.643250309750511562e-01 2.429350172840643307e-01
4.359726295210166191e-01 5.613040763161576407e-01 2.438339688516138470e-01
4.369501466275659829e-01 5.582994340409240808e-01 2.447150862887782219e-01
4.379276637341153466e-01 5.553110904532279068e-01 2.455785223736497158e-01
4.389051808406647104e-01 5.523390346914911486e-01 2.464244291034682621e-01
4.398826979472140741e-01 5.493832588749741896e-01 2.472529577125761324e-01
4.408602150537634379e-01 5.464437582596740617e-01 2.480642586913456571e-01
4.418377321603128016e-01 5.435205314045150615e-01 2.488584818061628512e-01
4.428152492668621654e-01 5.406135803485633273e-01 2.496357761205565962e-01
4.437927663734115291e-01 5.377229108000540769e-01 2.503962900175736861e-01
4.447702834799608929e-01 5.348485323380786083e-01 2.511401712235065697e-01
4.457478005865102566e-01 5.319904586278352276e-01 2.518675668330920270e-01
4.467253176930596203e-01 5.291487076504166609e-01 2.525786233363082611e-01
4.477028347996089841e-01 5.263233019481758923e-01 2.532734866469125157e-01
4.486803519061583478e-01 5.235142688867849836e-01 2.539523021328685681e-01
4.496578690127077116e-01 5.207216409351805853e-01 2.546152146488315227e-01
4.506353861192570753e-01 5.179454559646718970e-01 2.552623685708705903e-01
4.516129032258064391e-01 5.151857575685768742e-01 2.558939078336260886e-01
4.525904203323558028e-01 5.124425954038410724e-01 2.565099759701147120e-01
4.535679374389051666e-01 5.097160255561931086e-01 2.571107161544144981e-01
4.545454545454545303e-01 5.070061109304894176e-01 2.576962712474822892e-01
4.555229716520038941e-01 5.043129216680070082e-01 2.582667838463793553e-01
4.565004887585532578e-01 5.016365355925487268e-01 2.588223963372001113e-01
4.574780058651026216e-01 4.989770386873381147e-01 2.593632509520265028e-01
4.584555229716519853e-01 4.963345256047902998e-01 2.598894898302579470e-01
4.594330400782013490e-01 4.937091002113580540e-01 2.604012550846924734e-01
4.604105571847507128e-01 4.911008761697627789e-01 2.608986888727660158e-01
4.613880742913000765e-01 4.885099775610272088e-01 2.613819334733885058e-01
4.623655913978494403e-01 4.859365395488265960e-01 2.618511313698476672e-01
4.633431085043988040e-01 4.833807090887645708e-01 2.623064253392874412e-01
4.643206256109481678e-01 4.808426456852595288e-01 2.627479585493009973e-01
4.652981427174975315e-01 4.783225221987846276e-01 2.631758746622170908e-01
4.662756598240468953e-01 4.758205257062401716e-01 2.635903179476943858e-01
4.672531769305962590e-01 4.733368584172366056e-01 2.639914334042736122e-01
4.682306940371456228e-01 4.708717386490327006e-01 2.643793668905748961e-01
4.692082111436950420e-01 4.684254018627823091e-01 2.647542652668595786e-01
4.701857282502444058e-01 4.659981017635925760e-01 2.651162765477051986e-01
4.711632453567937695e-01 4.635901114666660661e-01 2.654655500665691337e-01
4.721407624633431332e-01 4.612017247314800228e-01 2.658022366530328195e-01
4.731182795698924970e-01 4.588332572655148822e-01 2.661264888235316817e-01
4.740957966764418607e-01 4.564850480984712355e-01 2.664384609863654774e-01
4.750733137829912245e-01 4.541574610271763013e-01 2.667383096617767513e-01
4.760508308895405882e-01 4.518508861304456059e-01 2.670261937178384226e-01
4.770283479960899520e-01 4.495657413520064982e-01 2.673022746228355673e-01
4.780058651026393157e-01 4.473024741481538280e-01 2.675667167147375292e-01
4.789833822091886795e-01 4.450615631950667894e-01 2.678196874882238232e-01
4.799608993157380432e-01 4.428435201486071171e-01 2.680613578995676427e-01
4.809384164222874070e-01 4.406488914468967288e-01 2.682919026894530212e-01
4.819159335288367707e-01 4.384782601429756954e-01 2.685115007235256424e-01
4.828934506353861345e-01 4.363322477513131847e-01 2.687203353501251279e-01
4.838709677419354982e-01 4.342115160878119440e-01 2.689185947742159244e-01
4.848484848484848619e-01 4.321167690781627657e-01 2.691064724460084934e-01
4.858260019550342257e-01 4.300487545038989001e-01 2.692841674621356818e-01
4.868035190615835894e-01 4.280082656492201765e-01 2.694518849765059065e-01
4.877810361681329532e-01 4.259961428045729859e-01 2.696098366170832650e-01
4.887585532746823169e-01 4.240132745750496146e-01 2.697582409038438156e-01
4.897360703812316807e-01 4.220605989329404562e-01 2.698973236620144101e-01
4.907135874877810444e-01 4.201391039442591291e-01 2.700273184234166512e-01
4.916911045943304082e-01 4.182498280888861664e-01 2.701484668073224626e-01
4.926686217008797719e-01 4.163938600832992054e-01 2.702610188706944805e-01
4.936461388074291357e-01 4.145723381039394528e-01 2.703652334160488446e-01
4.946236559139784994e-01 4.127864482984582306e-01 2.704613782435034142e-01
4.956011730205278631e-01 4.110374224618948413e-01 2.705497303318913915e-01
4.965786901270772269e-01 4.093265347458686088e-01 2.706305759322232829e-01
4.975562072336265906e-01 4.076550972619348845e-01 2.707042105553658651e-01
4.985337243401759544e-01 4.060244544363141306e-01 2.707709388346914992e-01
4.995112414467253181e-01 4.044359759734040272e-01 2.708310742437907703e-01
5.004887585532746819e-01 4.028910482911293167e-01 2.708849386492958589e-01
5.014662756598240456e-01 4.013910643037294501e-01 2.709328616796253253e-01
5.024437927663734094e-01 3.999374114485454990e-01 2.709751798922206967e-01
5.034213098729227731e-01 3.985314578842723554e-01 2.710122357247901070e-01
5.043988269794721369e-01 3.971745368303838952e-01 2.710443762203762486e-01
5.053763440860215006e-01 3.958679290721124899e-01 2.710719515218326658e-01
5.063538611925708643e-01 3.946128437230931318e-01 2.710953131385844261e-01
5.073313782991202281e-01 3.934103974184466335e-01 2.711148119973018633e-01
5.083088954056695918e-01 3.922615922035915803e-01 2.711307962981466257e-01
5.092864125122189556e-01 3.911672924861325229e-01 2.711436092092190386e-01
5.102639296187683193e-01 3.901282015260262304e-01 2.711535864432282894e-01
5.112414467253176831e-01 3.891448380475822644e-01 2.711610537715489766e-01
5.122189638318670468e-01 3.882175136588307818e-01 2.711663245408900691e-01
5.131964809384164106e-01 3.873463118511569214e-01 2.711696972658537708e-01
5.141739980449657743e-01 3.865310694156123827e-01 2.711714533757520473e-01
5.151515151515151381e-01 3.857713611424258837e-01 2.711718551953043455e-01
5.161290322580645018e-01 3.850664886579256430e-01 2.711711442355461688e-01
5.171065493646138655e-01 3.844154741909883155e-01 2.711695398630647458e-01
5.180840664711632293e-01 3.838170599446594777e-01 2.711672384025536342e-01
5.190615835777125930e-01 3.832697135770960495e-01 2.711644127101298096e-01
5.200391006842619568e-01 3.827716400735884372e-01 2.711612122338866171e-01
5.210166177908113205e-01 3.823208000275506446e-01 2.711577635551667420e-01
5.219941348973606843e-01 3.819149340575560547e-01 2.711541713808016674e-01
5.229716520039100480e-01 3.815515927886440894e-01 2.711505199349296680e-01
5.239491691104594118e-01 3.812281715409474026e-01 2.711468746808105568e-01
5.249266862170087755e-01 3.809419486196891635e-01 2.711432842897772977e-01
5.259042033235581393e-01 3.806901259086152289e-01 2.711397827671229166e-01
5.268817204301075030e-01 3.804698703507513602e-01 2.711363916437070087e-01
5.278592375366568668e-01 3.802783548666487934e-01 2.711331221471125486e-01
5.288367546432062305e-01 3.801127973141457672e-01 2.711299772764329541e-01
5.298142717497555942e-01 3.799704962302732913e-01 2.711269537188953360e-01
5.307917888563049580e-01 3.798488623030117362e-01 2.711240435629569401e-01
5.317693059628543217e-01 3.797454447799499255e-01 2.711212357796111694e-01
5.327468230694036855e-01 3.796579523105274578e-01 2.711185174599268222e-01
5.337243401759530492e-01 3.795842680152516357e-01 2.711158748111491823e-01
5.347018572825024130e-01 3.795224588571036173e-01 2.711132939252213769e-01
5.356793743890517767e-01 3.794707796387403742e-01 2.711107613419630469e-01
5.366568914956011405e-01 3.794276721503634930e-01 2.711082644343663084e-01
5.376344086021505042e-01 3.793917601392579053e-01 2.711057916458330386e-01
5.386119257086998680e-01 3.793618408606024284e-01 2.711033326091492057e-01
5.395894428152492317e-01 3.793368740028641439e-01 2.711008781751781394e-01
5.405669599217985954e-01 3.793159687664814372e-01 2.710984203762241140e-01
5.415444770283479592e-01 3.792983698208466925e-01 2.710959523453229658e-01
5.425219941348973229e-01 3.792834427823401078e-01 2.710934682087973724e-01
5.434995112414466867e-01 3.792706597559917792e-01 2.710909629656046427e-01
5.444770283479960504e-01 3.792595853750752588e-01 2.710884323635397997e-01
5.454545454545454142e-01 3.792498636648825028e-01 2.710858727793568068e-01
5.464320625610947779e-01 3.792412059555846371e-01 2.710832811073973780e-01
5.474095796676441417e-01 3.792333799789665560e-01 2.710806546593647059e-01
5.483870967741935054e-01 3.792262002076355887e-01 2.710779910764043454e-01
5.493646138807428692e-01 3.792195194341398401e-01 2.710752882535973907e-01
5.503421309872922329e-01 3.792132215411024299e-01 2.710725442762650927e-01
5.513196480938415966e-01 3.792072153808765944e-01 2.710697573670427518e-01
5.522971652003909604e-01 3.792014296626389225e-01 2.710669258424581174e-01
5.532746823069403241e-01 3.791958087342345851e-01 2.710640480776719263e-01
5.542521994134896879e-01 3.791903091433629358e-01 2.710611224780640760e-01
5.552297165200390516e-01 3.791848968658290686e-01 2.710581474564435212e-01
5.562072336265884154e-01 3.791795450957801683e-01 2.710551214147868260e-01
5.571847507331377791e-01 3.791742325025572735e-01 2.710520427295536328e-01
5.581622678396871429e-01 3.791689418697877234e-01 2.710489097397721370e-01
5.591397849462365066e-01 3.791636590436771592e-01 2.710457207372257149e-01
5.601173020527858704e-01 3.791583721284520481e-01 2.710424739581881459e-01
5.610948191593352341e-01 3.791530708771136404e-01 2.710391675762639507e-01
5.620723362658845979e-01 3.791477462348255001e-01 2.710357996959804616e-01
5.630498533724340726e-01 3.791423900002576786e-01 2.710323683468424671e-01
5.640273704789834364e-01 3.791369945770434735e-01 2.710288714776283303e-01
5.650048875855328001e-01 3.791315527932289653e-01 2.710253069507443935e-01
5.659824046920821639e-01 3.791260577713097546e-01 2.710216725364927304e-01
5.669599217986315276e-01 3.791205028352887529e-01 2.710179659071340064e-01
5.679374389051808913e-01 3.791148814442735215e-01 2.710141846306436952e-01
5.689149560117302551e-01 3.791091871445910200e-01 2.710103261640777195e-01
5.698924731182796188e-01 3.791034135343441802e-01 2.710063878464695208e-01
5.708699902248289826e-01 3.790975542358628325e-01 2.710023668911895056e-01
5.718475073313783463e-01 3.790916028726988296e-01 2.709982603776966426e-01
5.728250244379277101e-01 3.790855530487393654e-01 2.709940652426147123e-01
5.738025415444770738e-01 3.790793983277309098e-01 2.709897782700639857e-01
5.747800586510264376e-01 3.790731322120471924e-01 2.709853960811712814e-01
5.757575757575758013e-01 3.790667481199405664e-01 2.709809151226782453e-01
5.767350928641251651e-01 3.790602393608116794e-01 2.709763316545558132e-01
5.777126099706745288e-01 3.790535991082363276e-01 2.709716417365241048e-01
5.786901270772238925e-01 3.790468203706229278e-01 2.709668412133616755e-01
5.796676441837732563e-01 3.790398959594429296e-01 2.709619256988720082e-01
5.806451612903226200e-01 3.790328184550121327e-01 2.709568905583569220e-01
5.816226783968719838e-01 3.790255801697785532e-01 2.709517308894209831e-01
5.826001955034213475e-01 3.790181731090427886e-01 2.709464415009059657e-01
5.835777126099707113e-01 3.790105889289650531e-01 2.709410168897187221e-01
5.845552297165200750e-01 3.790028188916333973e-01 2.709354512152797878e-01
5.855327468230694388e-01 3.789948538168650960e-01 2.709297382712665958e-01
5.865102639296188025e-01 3.789866840302947293e-01 2.709238714542702153e-01
5.874877810361681663e-01 3.789782993071645345e-01 2.709178437289057051e-01
5.884652981427175300e-01 3.789696888110694051e-01 2.709116475888220243e-01
5.894428152492668938e-01 3.789608410267131244e-01 2.709052750129372633e-01
5.904203323558162575e-01 3.789517436854849541e-01 2.708987174160595868e-01
5.913978494623656212e-01 3.789423836823583303e-01 2.708919655928470061e-01
5.923753665689149850e-01 3.789327469822064143e-01 2.708850096537773200e-01
5.933528836754643487e-01 3.789228185130903426e-01 2.708778389514160945e-01
5.943304007820137125e-01 3.789125820433618119e-01 2.708704419947634556e-01
5.953079178885630762e-01 3.789020200384478065e-01 2.708628063487659166e-01
5.962854349951124400e-01 3.788911134918804824e-01 2.708549185151433170e-01
5.972629521016618037e-01 3.788798417233663618e-01 2.708467637894158564e-01
5.982404692082111675e-01 3.788681821343206635e-01 2.708383260873187259e-01
5.992179863147605312e-01 3.788561099081250716e-01 2.708295877315266553e-01
6.001955034213098950e-01 3.788435976381781534e-01 2.708205291866103148e-01
6.011730205278592587e-01 3.788306148613190261e-01 2.708111287262206512e-01
6.021505376344086224e-01 3.788171274670915079e-01 2.708013620114099740e-01
6.031280547409579862e-01 3.788030969442298668e-01 2.707912015524993610e-01
6.041055718475073499e-01 3.787884794142987177e-01 2.707806160187166133e-01
6.050830889540567137e-01 3.787732243882352412e-01 2.707695693496853240e-01
6.060606060606060774e-01 3.787572731642837032e-01 2.707580196105097148e-01
6.070381231671554412e-01 3.787405567652495919e-01 2.707459175174962707e-01
6.080156402737048049e-01 3.787229932890535111e-01 2.707332045444361124e-01
6.089931573802541687e-01 3.787044845194428855e-01 2.707198104999794519e-01
6.099706744868035324e-01 3.786849116139768268e-01 2.707056504453773660e-01
6.109481915933528962e-01 3.786641296551098157e-01 2.706906207994918545e-01
6.119257086999022599e-01 3.786419608190145780e-01 2.706745944556875338e-01
6.129032258064516236e-01 3.786181858881248474e-01 2.706574147147305931e-01
6.138807429130009874e-01 3.785925338104494942e-01 2.706388878214291416e-01
6.148582600195503511e-01 3.785646689955871058e-01 2.706187738833707446e-01
6.158357771260997149e-01 3.785341760389556165e-01 2.705967759512508120e-01
6.168132942326490786e-01 3.785005415876420698e-01 2.705725270559310447e-01
6.177908113391984424e-01 3.784631331095156814e-01 2.705455750318573327e-01
6.187683284457478061e-01 3.784211744079548634e-01 2.705153650141583488e-01
6.197458455522971699e-01 3.783737178433566051e-01 2.704812195816884701e-01
6.207233626588465336e-01 3.783196133840611708e-01 2.704423166337023288e-01
6.217008797653958974e-01 3.782574748160300593e-01 2.703976652356103183e-01
6.226783968719452611e-01 3.781856436924329046e-01 2.703460798492783312e-01
6.236559139784946248e-01 3.781021518974709839e-01 2.702861535729063625e-01
6.246334310850439886e-01 3.780046840251906626e-01 2.702162312488623486e-01
6.256109481915933523e-01 3.778905411207031384e-01 2.701343835456522791e-01
6.265884652981427161e-01 3.777566076799417361e-01 2.700383833694788294e-01
6.275659824046920798e-01 3.775993241316826232e-01 2.699256861950078412e-01
6.285434995112414436e-01 3.774146673045452038e-01 2.697934161043873402e-01
6.295210166177908073e-01 3.771981415815289229e-01 2.696383594663944727e-01
6.304985337243401711e-01 3.769447835335599795e-01 2.694569682511385733e-01
6.314760508308895348e-01 3.766491827708836060e-01 2.692453749380892547e-01
6.324535679374388986e-01 3.763055215302040790e-01 2.689994208172503121e-01
6.334310850439882623e-01 3.759076351064233878e-01 2.687146991908647142e-01
6.344086021505376261e-01 3.754490946307326160e-01 2.683866145490421129e-01
6.353861192570869898e-01 3.749233128942436322e-01 2.680104582189671847e-01
6.363636363636363535e-01 3.743236729354940118e-01 2.675815002861838265e-01
6.373411534701857173e-01 3.736436779838357425e-01 2.670950967812987242e-01
6.383186705767350810e-01 3.728771201272911839e-01 2.665468102508950499e-01
6.392961876832844448e-01 3.720182638154129195e-01 2.659325409321574019e-01
6.402737047898338085e-01 3.710620390886736342e-01 2.652486648793336843e-01
6.412512218963831723e-01 3.700042383265754187e-01 2.644921746043418787e-01
6.422287390029325360e-01 3.688417094092366622e-01 2.636608171523597832e-01
6.432062561094818998e-01 3.675725375694168795e-01 2.627532240916586326e-01
6.441837732160312635e-01 3.661962079405498560e-01 2.617690277030076396e-01
6.451612903225806273e-01 3.647137409311053680e-01 2.607089577432136762e-01
6.461388074291299910e-01 3.631277931038483509e-01 2.595749135493384263e-01
6.471163245356793547e-01 3.614427172114317299e-01 2.583700069456419390e-01
6.480938416422287185e-01 3.596645764100752096e-01 2.570985723949054114e-01
6.490713587487780822e-01 3.578011093855247293e-01 2.557661420599536828e-01
6.500488758553274460e-01 3.558616450989848246e-01 2.543793848519521061e-01
6.510263929618768097e-01 3.538569679930385070e-01 2.529460100663272204e-01
6.520039100684261735e-01 3.517991366718501989e-01 2.514746377614058281e-01
6.529814271749755372e-01 3.497012611625581746e-01 2.499746395307136104e-01
6.539589442815249010e-01 3.475772457539831883e-01 2.484559546703087041e-01
6.549364613880742647e-01 3.454415059835065915e-01 2.469288878681278054e-01
6.559139784946236285e-01 3.433086695107102071e-01 2.454038953769882569e-01
6.568914956011729922e-01 3.411932713098856373e-01 2.438913671285463936e-01
6.578690127077223559e-01 3.391094537954910115e-01 2.424014123755004191e-01
6.588465298142717197e-01 3.370706821600377712e-01 2.409436562100518431e-01
6.598240469208210834e-01 3.350894843798737921e-01 2.395270537175185066e-01
6.608015640273704472e-01 3.331772240876496594e-01 2.381597276256013362e-01
6.617790811339198109e-01 3.313439129025779195e-01 2.368488341605238801e-01
6.627565982404691747e-01 3.295980669510658045e-01 2.356004604926855983e-01
6.637341153470185384e-01 3.279466103120410314e-01 2.344195557260218832e-01
6.647116324535679022e-01 3.263948260973814075e-01 2.333098959385095650e-01
6.656891495601172659e-01 3.249463539375964105e-01 2.322740823943084398e-01
6.666666666666666297e-01 3.236032308838314719e-01 2.313135707906227578e-01
6.676441837732159934e-01 3.223659712394980614e-01 2.304287283317604240e-01
6.686217008797653572e-01 3.212336796571202413e-01 2.296189145810657029e-01
6.695992179863147209e-01 3.202041910135782210e-01 2.288825814535809244e-01
6.705767350928640846e-01 3.192742301212501688e-01 2.282173873866297498e-01
6.715542521994134484e-01 3.184395842327247816e-01 2.276203206542204149e-01
6.725317693059628121e-01 3.176952815224226012e-01 2.270878269525444249e-01
6.735092864125121759e-01 3.170357692337513189e-01 2.266159367450938378e-01
6.744868035190615396e-01 3.164550859085837886e-01 2.262003883764814038e-01
6.754643206256109034e-01 3.159470230040536953e-01 2.258367435989937222e-01
6.764418377321602671e-01 3.155052721857121711e-01 2.255204928593610714e-01
6.774193548387096309e-01 3.151235556045791641e-01 2.252471484212812680e-01
6.783968719452589946e-01 3.147957374633988947e-01 2.250123241124786233e-01
6.793743890518083584e-01 3.145159161081180765e-01 2.248118011503641989e-01
6.803519061583577221e-01 3.142784967082595249e-01 2.246415800919831784e-01
6.813294232649070858e-01 3.140782452895615751e-01 2.244979194540733525e-01
6.823069403714564496e-01 3.139103254398998288e-01 2.243773619476606140e-01
6.832844574780058133e-01 3.137703194210413882e-01 2.242767495657634058e-01
6.842619745845551771e-01 3.136542356886964922e-01 2.241932289556975155e-01
6.852394916911045408e-01 3.135585049629928678e-01 2.241242486072795859e-01
6.862170087976539046e-01 3.134799670172608299e-01 2.240675494066226847e-01
6.871945259042032683e-01 3.134158502843461536e-01 2.240211500561104241e-01
6.881720430107527431e-01 3.133637462374278537e-01 2.239833287594416300e-01
6.891495601173021068e-01 3.133215803072690320e-01 2.239526024312022690e-01
6.901270772238514706e-01 3.132875808694623454e-01 2.239277045271662048e-01
6.911045943304008343e-01 3.132602475908377038e-01 2.239075624168244127e-01
6.920821114369501981e-01 3.132383201783899285e-01 2.238912750439238653e-01
6.930596285434995618e-01 3.132207483384341073e-01 2.238780914523510746e-01
6.940371456500489256e-01 3.132066635368022656e-01 2.238673905996498292e-01
6.950146627565982893e-01 3.131953529584855511e-01 2.238586627429284270e-01
6.959921798631476531e-01 3.131862359003979024e-01 2.238514925641586495e-01
6.969696969696970168e-01 3.131788426949653759e-01 2.238455441046770522e-01
6.979472140762463805e-01 3.131727961543779859e-01 2.238405475015958213e-01
6.989247311827957443e-01 3.131677954436987155e-01 2.238362874604713226e-01
6.999022482893451080e-01 3.131636022328379565e-01 2.238325933569896564e-01
7.008797653958944718e-01 3.131600289394533276e-01 2.238293308333038079e-01
7.018572825024438355e-01 3.131569288536834028e-01 2.238263947395410514e-01
7.028347996089931993e-01 3.131541879278959550e-01 2.238237032654748215e-01
7.038123167155425630e-01 3.131517180171700110e-01 2.238211931091747542e-01
7.047898338220919268e-01 3.131494513662034795e-01 2.238188155365779808e-01
7.057673509286412905e-01 3.131473361533195221e-01 2.238165331966351645e-01
7.067448680351906543e-01 3.131453329202261160e-01 2.238143175695406772e-01
7.077223851417400180e-01 3.131434117355592628e-01 2.238121469394093455e-01
7.086999022482893817e-01 3.131415499598049212e-01 2.238100047967465922e-01
7.096774193548387455e-01 3.131397304980589325e-01 2.238078785895467326e-01
7.106549364613881092e-01 3.131379404446583692e-01 2.238057587544182436e-01
7.116324535679374730e-01 3.131361700396503855e-01 2.238036379705223289e-01
7.126099706744868367e-01 3.131344118711675839e-01 2.238015105891949796e-01
7.135874877810362005e-01 3.131326602700274520e-01 2.237993722008790876e-01
7.145650048875855642e-01 3.131309108533227858e-01 2.237972193084607764e-01
7.155425219941349280e-01 3.131291601825453297e-01 2.237950490823794325e-01
7.165200391006842917e-01 3.131274055090496056e-01 2.237928591780738996e-01
7.174975562072336555e-01 3.131256445856034354e-01 2.237906476005711853e-01
7.184750733137830192e-01 3.131238755275558283e-01 2.237884126044444866e-01
7.194525904203323829e-01 3.131220967109744624e-01 2.237861526200926043e-01
7.204301075268817467e-01 3.131203066981251837e-01 2.237838661994537848e-01
7.214076246334311104e-01 3.131185041830458204e-01 2.237815519759860650e-01
7.223851417399804742e-01 3.131166879518397783e-01 2.237792086351207410e-01
7.233626588465298379e-01 3.131148568537098220e-01 2.237768348923963313e-01
7.243401759530792017e-01 3.131130097796100409e-01 2.237744294769617448e-01
7.253176930596285654e-01 3.131111456457738584e-01 2.237719911180869881e-01
7.262952101661779292e-01 3.131092633798762681e-01 2.237695185325527802e-01
7.272727272727272929e-01 3.131073619096049199e-01 2.237670104132783166e-01
7.282502443792766567e-01 3.131054401575641966e-01 2.237644654253449217e-01
7.292277614858260204e-01 3.131034970485030433e-01 2.237618822188861267e-01
7.302052785923753842e-01 3.131015315230619711e-01 2.237592594520749489e-01
7.311827956989247479e-01 3.130995425185081893e-01 2.237565957685858642e-01
7.321603128054741116e-01 3.130975288528050071e-01 2.237538896350187712e-01
7.331378299120234754e-01 3.130954890366830501e-01 2.237511390628054431e-01
7.341153470185728391e-01 3.130934213328865900e-01 2.237483416624523047e-01
7.350928641251222029e-01 3.130913246585138032e-01 2.237454959087568362e-01
7.360703812316715666e-01 3.130892003033642346e-01 2.237426036722521272e-01
7.370478983382209304e-01 3.130870519165920851e-01 2.237396704692653504e-01
7.380254154447702941e-01 3.130848782915219841e-01 2.237366954255008145e-01
7.390029325513196579e-01 3.130826575988088223e-01 2.237336482231911672e-01
7.399804496578690216e-01 3.130803429515159886e-01 2.237304604757673065e-01
7.409579667644183854e-01 3.130779185172793966e-01 2.237271030781096959e-01
7.419354838709677491e-01 3.130755410112475712e-01 2.237237917422173206e-01
7.429130009775171128e-01 3.130736154710319075e-01 2.237211144424196552e-01
7.438905180840664766e-01 3.130723704007175590e-01 2.237194523473167440e-01
7.448680351906158403e-01 3.130706099711850210e-01 2.237171781711607688e-01
7.458455522971652041e-01 3.130647531967875041e-01 2.237091253792910794e-01
7.468230694037145678e-01 3.130519397128681547e-01 2.236907579501391796e-01
7.478005865102639316e-01 3.130408509287825880e-01 2.236737037576761178e-01
7.487781036168132953e-01 3.130624592614908996e-01 2.237023913604010150e-01
7.497556207233626591e-01 3.131484115746757668e-01 2.238256745809850956e-01
7.507331378299120228e-01 3.132386795038865079e-01 2.239650074871761820e-01
7.517106549364613866e-01 3.130691683806806069e-01 2.237437215792692780e-01
7.526881720430107503e-01 3.123124110783359608e-01 2.226660794427545442e-01
7.536656891495601140e-01 3.113532539575584734e-01 2.212170444697071914e-01
7.546432062561094778e-01 3.123823207741639463e-01 2.224993885526582171e-01
7.556207233626588415e-01 3.186442460369518503e-01 2.314237497323210491e-01
7.565982404692082053e-01 3.281604803650035040e-01 2.458492280374020011e-01
7.575757575757575690e-01 3.213659226244059974e-01 2.379073905793611665e-01
7.585532746823069328e-01 2.663905012346480250e-01 1.645045395344103545e-01
7.595307917888562965e-01 1.848627269851025601e-01 6.284556127362871114e-02
7.605083088954056603e-01 1.395232569885489493e-01 1.317842570872551980e-02
7.614858260019550240e-01 1.274438233769182027e-01 2.042131494240276290e-03
7.624633431085043878e-01 1.253578081049349924e-01 2.926335573672200741e-04
7.634408602150537515e-01 1.250507533489540191e-01 4.136341568507227761e-05
7.644183773216031152e-01 1.250071624972234063e-01 5.834067346723594515e-06
7.653958944281524790e-01 1.250010100369764454e-01 8.226319613346974141e-07
7.663734115347018427e-01 1.250001424158803387e-01 1.159914725247515232e-07
7.673509286412512065e-01 1.250000200805334860e-01 1.635465879953955848e-08
7.683284457478005702e-01 1.250000028313346390e-01 2.305987836623933581e-09
7.693059628543499340e-01 1.250000003992148279e-01 3.251417152431127918e-10
7.702834799608992977e-01 1.250000000562888069e-01 4.584463938519813576e-11
7.712609970674486615e-01 1.250000000079367068e-01 6.464059596592289310e-12
7.722385141739980252e-01 1.250000000011190215e-01 9.114144780624114588e-13
7.732160312805473890e-01 1.250000000001577072e-01 1.284655193689496517e-13
7.741935483870967527e-01 1.250000000000222045e-01 1.808064637880450725e-14
7.751710654936461165e-01 1.250000000000030809e-01 2.545311114480059543e-15
7.761485826001954802e-01 1.250000000000003886e-01 3.398611777477247570e-16
7.771260997067448439e-01 1.250000000000000278e-01 3.314333113616801738e-17
7.781036168132942077e-01 1.250000000000000000e-01 1.123492747806199496e-18
7.790811339198435714e-01 1.250000000000000000e-01 1.008128051494459505e-68
7.800586510263929352e-01 1.250000000000000000e-01 2.589700753147696406e-139
7.810361681329422989e-01 1.250000000000000000e-01 7.857808006600591864e-284
7.820136852394916627e-01 1.250000000000000000e-01 0.000000000000000000e+00
7.829912023460410264e-01 1.250000000000000000e-01 0.000000000000000000e+00
7.839687194525903902e-01 1.250000000000000000e-01 0.000000000000000000e+00
7.849462365591397539e-01 1.250000000000000000e-01 0.000000000000000000e+00
7.859237536656891177e-01 1.250000000000000000e-01 0.000000000000000000e+00
7.869012707722384814e-01 1.250000000000000000e-01 0.000000000000000000e+00
7.878787878787878451e-01 1.250000000000000000e-01 0.000000000000000000e+00
7.888563049853372089e-01 1.250000000000000000e-01 0.000000000000000000e+00
7.898338220918865726e-01 1.250000000000000000e-01 0.000000000000000000e+00
7.908113391984359364e-01 1.250000000000000000e-01 0.000000000000000000e+00
7.917888563049853001e-01 1.250000000000000000e-01 0.000000000000000000e+00
7.927663734115346639e-01 1.250000000000000000e-01 0.000000000000000000e+00
7.937438905180840276e-01 1.250000000000000000e-01 0.000000000000000000e+00
7.947214076246333914e-01 1.250000000000000000e-01 0.000000000000000000e+00
7.956989247311827551e-01 1.250000000000000000e-01 0.000000000000000000e+00
7.966764418377321189e-01 1.250000000000000000e-01 0.000000000000000000e+00
7.976539589442814826e-01 1.250000000000000000e-01 0.000000000000000000e+00
7.986314760508308463e-01 1.250000000000000000e-01 0.000000000000000000e+00
7.996089931573802101e-01 1.250000000000000000e-01 0.000000000000000000e+00
8.005865102639295738e-01 1.250000000000000000e-01 0.000000000000000000e+00
8.015640273704789376e-01 1.250000000000000000e-01 0.000000000000000000e+00
8.025415444770283013e-01 1.250000000000000000e-01 0.000000000000000000e+00
8.035190615835776651e-01 1.250000000000000000e-01 0.000000000000000000e+00
8.044965786901270288e-01 1.250000000000000000e-01 0.000000000000000000e+00
8.054740957966763926e-01 1.250000000000000000e-01 0.000000000000000000e+00
8.064516129032257563e-01 1.250000000000000000e-01 0.000000000000000000e+00
8.074291300097751201e-01 1.250000000000000000e-01 0.000000000000000000e+00
8.084066471163244838e-01 1.250000000000000000e-01 0.000000000000000000e+00
8.093841642228738475e-01 1.250000000000000000e-01 0.000000000000000000e+00
8.103616813294232113e-01 1.250000000000000000e-01 0.000000000000000000e+00
8.113391984359725750e-01 1.250000000000000000e-01 0.000000000000000000e+00
8.123167155425219388e-01 1.250000000000000000e-01 0.000000000000000000e+00
8.132942326490714136e-01 1.250000000000000000e-01 0.000000000000000000e+00
8.142717497556207773e-01 1.250000000000000000e-01 0.000000000000000000e+00
8.152492668621701410e-01 1.250000000000000000e-01 0.000000000000000000e+00
8.162267839687195048e-01 1.250000000000000000e-01 0.000000000000000000e+00
8.172043010752688685e-01 1.250000000000000000e-01 0.000000000000000000e+00
8.181818181818182323e-01 1.250000000000000000e-01 0.000000000000000000e+00
8.191593352883675960e-01 1.250000000000000000e-01 0.000000000000000000e+00
8.201368523949169598e-01 1.250000000000000000e-01 0.000000000000000000e+00
8.211143695014663235e-01 1.250000000000000000e-01 0.000000000000000000e+00
8.220918866080156873e-01 1.250000000000000000e-01 0.000000000000000000e+00
8.230694037145650510e-01 1.250000000000000000e-01 0.000000000000000000e+00
8.240469208211144148e-01 1.250000000000000000e-01 0.000000000000000000e+00
8.250244379276637785e-01 1.250000000000000000e-01 0.000000000000000000e+00
8.260019550342131422e-01 1.250000000000000000e-01 0.000000000000000000e+00
8.269794721407625060e-01 1.250000000000000000e-01 0.000000000000000000e+00
8.279569892473118697e-01 1.250000000000000000e-01 0.000000000000000000e+00
8.289345063538612335e-01 1.250000000000000000e-01 0.000000000000000000e+00
8.299120234604105972e-01 1.250000000000000000e-01 0.000000000000000000e+00
8.308895405669599610e-01 1.250000000000000000e-01 0.000000000000000000e+00
8.318670576735093247e-01 1.250000000000000000e-01 0.000000000000000000e+00
8.328445747800586885e-01 1.250000000000000000e-01 0.000000000000000000e+00
8.338220918866080522e-01 1.250000000000000000e-01 0.000000000000000000e+00
8.347996089931574160e-01 1.250000000000000000e-01 0.000000000000000000e+00
8.357771260997067797e-01 1.250000000000000000e-01 0.000000000000000000e+00
8.367546432062561435e-01 1.250000000000000000e-01 0.000000000000000000e+00
8.377321603128055072e-01 1.250000000000000000e-01 0.000000000000000000e+00
8.387096774193548709e-01 1.250000000000000000e-01 0.000000000000000000e+00
8.396871945259042347e-01 1.250000000000000000e-01 0.000000000000000000e+00
8.406647116324535984e-01 1.250000000000000000e-01 0.000000000000000000e+00
8.416422287390029622e-01 1.250000000000000000e-01 0.000000000000000000e+00
8.426197458455523259e-01 1.250000000000000000e-01 0.000000000000000000e+00
8.435972629521016897e-01 1.250000000000000000e-01 0.000000000000000000e+00
8.445747800586510534e-01 1.250000000000000000e-01 0.000000000000000000e+00
8.455522971652004172e-01 1.250000000000000000e-01 0.000000000000000000e+00
8.465298142717497809e-01 1.250000000000000000e-01 0.000000000000000000e+00
8.475073313782991447e-01 1.250000000000000000e-01 0.000000000000000000e+00
8.484848484848485084e-01 1.250000000000000000e-01 0.000000000000000000e+00
8.494623655913978721e-01 1.250000000000000000e-01 0.000000000000000000e+00
8.504398826979472359e-01 1.250000000000000000e-01 0.000000000000000000e+00
8.514173998044965996e-01 1.250000000000000000e-01 0.000000000000000000e+00
8.523949169110459634e-01 1.250000000000000000e-01 0.000000000000000000e+00
8.533724340175953271e-01 1.250000000000000000e-01 0.000000000000000000e+00
8.543499511241446909e-01 1.250000000000000000e-01 0.000000000000000000e+00
8.553274682306940546e-01 1.250000000000000000e-01 0.000000000000000000e+00
8.563049853372434184e-01 1.250000000000000000e-01 0.000000000000000000e+00
8.572825024437927821e-01 1.250000000000000000e-01 0.000000000000000000e+00
8.582600195503421459e-01 1.250000000000000000e-01 0.000000000000000000e+00
8.592375366568915096e-01 1.250000000000000000e-01 0.000000000000000000e+00
8.602150537634408733e-01 1.250000000000000000e-01 0.000000000000000000e+00
8.611925708699902371e-01 1.250000000000000000e-01 0.000000000000000000e+00
8.621700879765396008e-01 1.250000000000000000e-01 0.000000000000000000e+00
8.631476050830889646e-01 1.250000000000000000e-01 0.000000000000000000e+00
8.641251221896383283e-01 1.250000000000000000e-01 0.000000000000000000e+00
8.651026392961876921e-01 1.250000000000000000e-01 0.000000000000000000e+00
8.660801564027370558e-01 1.250000000000000000e-01 0.000000000000000000e+00
8.670576735092864196e-01 1.250000000000000000e-01 0.000000000000000000e+00
8.680351906158357833e-01 1.250000000000000000e-01 0.000000000000000000e+00
8.690127077223851471e-01 1.250000000000000000e-01 0.000000000000000000e+00
8.699902248289345108e-01 1.250000000000000000e-01 0.000000000000000000e+00
8.709677419354838745e-01 1.250000000000000000e-01 0.000000000000000000e+00
8.719452590420332383e-01 1.250000000000000000e-01 0.000000000000000000e+00
8.729227761485826020e-01 1.250000000000000000e-01 0.000000000000000000e+00
8.739002932551319658e-01 1.250000000000000000e-01 0.000000000000000000e+00
8.748778103616813295e-01 1.250000000000000000e-01 0.000000000000000000e+00
8.758553274682306933e-01 1.250000000000000000e-01 0.000000000000000000e+00
8.768328445747800570e-01 1.250000000000000000e-01 0.000000000000000000e+00
8.778103616813294208e-01 1.250000000000000000e-01 0.000000000000000000e+00
8.787878787878787845e-01 1.250000000000000000e-01 0.000000000000000000e+00
8.797653958944281483e-01 1.250000000000000000e-01 0.000000000000000000e+00
8.807429130009775120e-01 1.250000000000000000e-01 0.000000000000000000e+00
8.817204301075268758e-01 1.250000000000000000e-01 0.000000000000000000e+00
8.826979472140762395e-01 1.250000000000000000e-01 0.000000000000000000e+00
8.836754643206256032e-01 1.250000000000000000e-01 0.000000000000000000e+00
8.846529814271749670e-01 1.250000000000000000e-01 0.000000000000000000e+00
8.856304985337243307e-01 1.250000000000000000e-01 0.000000000000000000e+00
8.866080156402736945e-01 1.250000000000000000e-01 0.000000000000000000e+00
8.875855327468230582e-01 1.250000000000000000e-01 0.000000000000000000e+00
8.885630498533724220e-01 1.250000000000000000e-01 0.000000000000000000e+00
8.895405669599217857e-01 1.250000000000000000e-01 0.000000000000000000e+00
8.905180840664711495e-01 1.250000000000000000e-01 0.000000000000000000e+00
8.914956011730205132e-01 1.250000000000000000e-01 0.000000000000000000e+00
8.924731182795698770e-01 1.250000000000000000e-01 0.000000000000000000e+00
8.934506353861192407e-01 1.250000000000000000e-01 0.000000000000000000e+00
8.944281524926686044e-01 1.250000000000000000e-01 0.000000000000000000e+00
8.954056695992179682e-01 1.250000000000000000e-01 0.000000000000000000e+00
8.963831867057673319e-01 1.250000000000000000e-01 0.000000000000000000e+00
8.973607038123166957e-01 1.250000000000000000e-01 0.000000000000000000e+00
8.983382209188660594e-01 1.250000000000000000e-01 0.000000000000000000e+00
8.993157380254154232e-01 1.250000000000000000e-01 0.000000000000000000e+00
9.002932551319647869e-01 1.250000000000000000e-01 0.000000000000000000e+00
9.012707722385141507e-01 1.250000000000000000e-01 0.000000000000000000e+00
9.022482893450635144e-01 1.250000000000000000e-01 0.000000000000000000e+00
9.032258064516128782e-01 1.250000000000000000e-01 0.000000000000000000e+00
9.042033235581622419e-01 1.250000000000000000e-01 0.000000000000000000e+00
9.051808406647116056e-01 1.250000000000000000e-01 0.000000000000000000e+00
9.061583577712609694e-01 1.250000000000000000e-01 0.000000000000000000e+00
9.071358748778103331e-01 1.250000000000000000e-01 0.000000000000000000e+00
9.081133919843596969e-01 1.250000000000000000e-01 0.000000000000000000e+00
9.090909090909090606e-01 1.250000000000000000e-01 0.000000000000000000e+00
9.100684261974584244e-01 1.250000000000000000e-01 0.000000000000000000e+00
9.110459433040077881e-01 1.250000000000000000e-01 0.000000000000000000e+00
9.120234604105571519e-01 1.250000000000000000e-01 0.000000000000000000e+00
9.130009775171065156e-01 1.250000000000000000e-01 0.000000000000000000e+00
9.139784946236558794e-01 1.250000000000000000e-01 0.000000000000000000e+00
9.149560117302052431e-01 1.250000000000000000e-01 0.000000000000000000e+00
9.159335288367546068e-01 1.250000000000000000e-01 0.000000000000000000e+00
9.169110459433039706e-01 1.250000000000000000e-01 0.000000000000000000e+00
9.178885630498533343e-01 1.250000000000000000e-01 0.000000000000000000e+00
9.188660801564026981e-01 1.250000000000000000e-01 0.000000000000000000e+00
9.198435972629520618e-01 1.250000000000000000e-01 0.000000000000000000e+00
9.208211143695014256e-01 1.250000000000000000e-01 0.000000000000000000e+00
9.217986314760507893e-01 1.250000000000000000e-01 0.000000000000000000e+00
9.227761485826001531e-01 1.250000000000000000e-01 0.000000000000000000e+00
9.237536656891495168e-01 1.250000000000000000e-01 0.000000000000000000e+00
9.247311827956988806e-01 1.250000000000000000e-01 0.000000000000000000e+00
9.257086999022482443e-01 1.250000000000000000e-01 0.000000000000000000e+00
9.266862170087976081e-01 1.250000000000000000e-01 0.000000000000000000e+00
9.276637341153469718e-01 1.250000000000000000e-01 0.000000000000000000e+00
9.286412512218963355e-01 1.250000000000000000e-01 0.000000000000000000e+00
9.296187683284456993e-01 1.250000000000000000e-01 0.000000000000000000e+00
9.305962854349950630e-01 1.250000000000000000e-01 0.000000000000000000e+00
9.315738025415444268e-01 1.250000000000000000e-01 0.000000000000000000e+00
9.325513196480937905e-01 1.250000000000000000e-01 0.000000000000000000e+00
9.335288367546431543e-01 1.250000000000000000e-01 0.000000000000000000e+00
9.345063538611925180e-01 1.250000000000000000e-01 0.000000000000000000e+00
9.354838709677418818e-01 1.250000000000000000e-01 0.000000000000000000e+00
9.364613880742912455e-01 1.250000000000000000e-01 0.000000000000000000e+00
9.374389051808406093e-01 1.250000000000000000e-01 0.000000000000000000e+00
9.384164222873900840e-01 1.250000000000000000e-01 0.000000000000000000e+00
9.393939393939394478e-01 1.250000000000000000e-01 0.000000000000000000e+00
9.403714565004888115e-01 1.250000000000000000e-01 0.000000000000000000e+00
9.413489736070381753e-01 1.250000000000000000e-01 0.000000000000000000e+00
9.423264907135875390e-01 1.250000000000000000e-01 0.000000000000000000e+00
9.433040078201369028e-01 1.250000000000000000e-01 0.000000000000000000e+00
9.442815249266862665e-01 1.250000000000000000e-01 0.000000000000000000e+00
9.452590420332356302e-01 1.250000000000000000e-01 0.000000000000000000e+00
9.462365591397849940e-01 1.250000000000000000e-01 0.000000000000000000e+00
9.472140762463343577e-01 1.250000000000000000e-01 0.000000000000000000e+00
9.481915933528837215e-01 1.250000000000000000e-01 0.000000000000000000e+00
9.491691104594330852e-01 1.250000000000000000e-01 0.000000000000000000e+00
9.501466275659824490e-01 1.250000000000000000e-01 0.000000000000000000e+00
9.511241446725318127e-01 1.250000000000000000e-01 0.000000000000000000e+00
9.521016617790811765e-01 1.250000000000000000e-01 0.000000000000000000e+00
9.530791788856305402e-01 1.250000000000000000e-01 0.000000000000000000e+00
9.540566959921799040e-01 1.250000000000000000e-01 0.000000000000000000e+00
9.550342130987292677e-01 1.250000000000000000e-01 0.000000000000000000e+00
9.560117302052786314e-01 1.250000000000000000e-01 0.000000000000000000e+00
9.569892473118279952e-01 1.250000000000000000e-01 0.000000000000000000e+00
9.579667644183773589e-01 1.250000000000000000e-01 0.000000000000000000e+00
9.589442815249267227e-01 1.250000000000000000e-01 0.000000000000000000e+00
9.599217986314760864e-01 1.250000000000000000e-01 0.000000000000000000e+00
9.608993157380254502e-01 1.250000000000000000e-01 0.000000000000000000e+00
9.618768328445748139e-01 1.250000000000000000e-01 0.000000000000000000e+00
9.628543499511241777e-01 1.250000000000000000e-01 0.000000000000000000e+00
9.638318670576735414e-01 1.250000000000000000e-01 0.000000000000000000e+00
9.648093841642229052e-01 1.250000000000000000e-01 0.000000000000000000e+00
9.657869012707722689e-01 1.250000000000000000e-01 0.000000000000000000e+00
9.667644183773216326e-01 1.250000000000000000e-01 0.000000000000000000e+00
9.677419354838709964e-01 1.250000000000000000e-01 0.000000000000000000e+00
9.687194525904203601e-01 1.250000000000000000e-01 0.000000000000000000e+00
9.696969696969697239e-01 1.250000000000000000e-01 0.000000000000000000e+00
9.706744868035190876e-01 1.250000000000000000e-01 0.000000000000000000e+00
9.716520039100684514e-01 1.250000000000000000e-01 0.000000000000000000e+00
9.726295210166178151e-01 1.250000000000000000e-01 0.000000000000000000e+00
9.736070381231671789e-01 1.250000000000000000e-01 0.000000000000000000e+00
9.745845552297165426e-01 1.250000000000000000e-01 0.000000000000000000e+00
9.755620723362659064e-01 1.250000000000000000e-01 0.000000000000000000e+00
9.765395894428152701e-01 1.250000000000000000e-01 0.000000000000000000e+00
9.775171065493646338e-01 1.250000000000000000e-01 0.000000000000000000e+00
9.784946236559139976e-01 1.250000000000000000e-01 0.000000000000000000e+00
9.794721407624633613e-01 1.250000000000000000e-01 0.000000000000000000e+00
9.804496578690127251e-01 1.250000000000000000e-01 0.000000000000000000e+00
9.814271749755620888e-01 1.250000000000000000e-01 0.000000000000000000e+00
9.824046920821114526e-01 1.250000000000000000e-01 0.000000000000000000e+00
9.833822091886608163e-01 1.250000000000000000e-01 0.000000000000000000e+00
9.843597262952101801e-01 1.250000000000000000e-01 0.000000000000000000e+00
9.853372434017595438e-01 1.250000000000000000e-01 0.000000000000000000e+00
9.863147605083089076e-01 1.250000000000000000e-01 0.000000000000000000e+00
9.872922776148582713e-01 1.250000000000000000e-01 0.000000000000000000e+00
9.882697947214076351e-01 1.250000000000000000e-01 0.000000000000000000e+00
9.892473118279569988e-01 1.250000000000000000e-01 0.000000000000000000e+00
9.902248289345063625e-01 1.250000000000000000e-01 0.000000000000000000e+00
9.912023460410557263e-01 1.250000000000000000e-01 0.000000000000000000e+00
9.921798631476050900e-01 1.250000000000000000e-01 0.000000000000000000e+00
9.931573802541544538e-01 1.250000000000000000e-01 0.000000000000000000e+00
9.941348973607038175e-01 1.250000000000000000e-01 0.000000000000000000e+00
9.951124144672531813e-01 1.250000000000000000e-01 0.000000000000000000e+00
9.960899315738025450e-01 1.250000000000000000e-01 0.000000000000000000e+00
9.970674486803519088e-01 1.250000000000000000e-01 0.000000000000000000e+00
9.980449657869012725e-01 1.250000000000000000e-01 0.000000000000000000e+00
9.990224828934506363e-01 1.250000000000000000e-01 -0.000000000000000000e+00
1.000000000000000000e+00 1.250000000000000000e-01 -0.000000000000000000e+00
