# 0.14671236976499238
0.000000000000000000e+00 1.000000000000000000e+00 -0.000000000000000000e+00
9.775171065493646130e-04 1.000000000000000000e+00 -0.000000000000000000e+00
1.955034213098729226e-03 1.000000000000000000e+00 0.000000000000000000e+00
2.932551319648093839e-03 1.000000000000000000e+00 0.000000000000000000e+00
3.910068426197458452e-03 1.000000000000000000e+00 0.000000000000000000e+00
4.887585532746823065e-03 1.000000000000000000e+00 0.000000000000000000e+00
5.865102639296187678e-03 1.000000000000000000e+00 0.000000000000000000e+00
6.842619745845552291e-03 1.000000000000000000e+00 0.000000000000000000e+00
7.820136852394916904e-03 1.000000000000000000e+00 0.000000000000000000e+00
8.797653958944282385e-03 1.000000000000000000e+00 0.000000000000000000e+00
9.775171065493646130e-03 1.000000000000000000e+00 0.000000000000000000e+00
1.075268817204301161e-02 1.000000000000000000e+00 0.000000000000000000e+00
1.173020527859237536e-02 1.000000000000000000e+00 0.000000000000000000e+00
1.270772238514174084e-02 1.000000000000000000e+00 0.000000000000000000e+00
1.368523949169110458e-02 1.000000000000000000e+00 0.000000000000000000e+00
1.466275659824047006e-02 1.000000000000000000e+00 0.000000000000000000e+00
1.564027370478983381e-02 1.000000000000000000e+00 0.000000000000000000e+00
1.661779081133919755e-02 1.000000000000000000e+00 0.000000000000000000e+00
1.759530791788856477e-02 1.000000000000000000e+00 0.000000000000000000e+00
1.857282502443792851e-02 1.000000000000000000e+00 0.000000000000000000e+00
1.955034213098729226e-02 1.000000000000000000e+00 0.000000000000000000e+00
2.052785923753665601e-02 1.000000000000000000e+00 0.000000000000000000e+00
2.150537634408602322e-02 1.000000000000000000e+00 0.000000000000000000e+00
2.248289345063538697e-02 1.000000000000000000e+00 0.000000000000000000e+00
2.346041055718475071e-02 1.000000000000000000e+00 0.000000000000000000e+00
2.443792766373411446e-02 1.000000000000000000e+00 0.000000000000000000e+00
2.541544477028348167e-02 1.000000000000000000e+00 0.000000000000000000e+00
2.639296187683284542e-02 1.000000000000000000e+00 0.000000000000000000e+00
2.737047898338220916e-02 1.000000000000000000e+00 0.000000000000000000e+00
2.834799608993157291e-02 1.000000000000000000e+00 0.000000000000000000e+00
2.932551319648094013e-02 1.000000000000000000e+00 0.000000000000000000e+00
3.030303030303030387e-02 1.000000000000000000e+00 0.000000000000000000e+00
3.128054740957966762e-02 1.000000000000000000e+00 0.000000000000000000e+00
3.225806451612903136e-02 1.000000000000000000e+00 0.000000000000000000e+00
3.323558162267839511e-02 1.000000000000000000e+00 0.000000000000000000e+00
3.421309872922775885e-02 1.000000000000000000e+00 0.000000000000000000e+00
3.519061583577712954e-02 1.000000000000000000e+00 0.000000000000000000e+00
3.616813294232649328e-02 1.000000000000000000e+00 0.000000000000000000e+00
3.714565004887585703e-02 1.000000000000000000e+00 0.000000000000000000e+00
3.812316715542522078e-02 1.000000000000000000e+00 0.000000000000000000e+00
3.910068426197458452e-02 1.000000000000000000e+00 0.000000000000000000e+00
4.007820136852394827e-02 1.000000000000000000e+00 0.000000000000000000e+00
4.105571847507331201e-02 1.000000000000000000e+00 0.000000000000000000e+00
4.203323558162267576e-02 1.000000000000000000e+00 0.000000000000000000e+00
4.301075268817204644e-02 1.000000000000000000e+00 0.000000000000000000e+00
4.398826979472141019e-02 1.000000000000000000e+00 0.000000000000000000e+00
4.496578690127077393e-02 1.000000000000000000e+00 0.000000000000000000e+00
4.594330400782013768e-02 1.000000000000000000e+00 0.000000000000000000e+00
4.692082111436950143e-02 1.000000000000000000e+00 0.000000000000000000e+00
4.789833822091886517e-02 1.000000000000000000e+00 0.000000000000000000e+00
4.887585532746822892e-02 1.000000000000000000e+00 0.000000000000000000e+00
4.985337243401759266e-02 1.000000000000000000e+00 0.000000000000000000e+00
5.083088954056696335e-02 1.000000000000000000e+00 0.000000000000000000e+00
5.180840664711632709e-02 1.000000000000000000e+00 0.000000000000000000e+00
5.278592375366569084e-02 1.000000000000000000e+00 0.000000000000000000e+00
5.376344086021505458e-02 1.000000000000000000e+00 0.000000000000000000e+00
5.474095796676441833e-02 1.000000000000000000e+00 0.000000000000000000e+00
5.571847507331378208e-02 1.000000000000000000e+00 0.000000000000000000e+00
5.669599217986314582e-02 1.000000000000000000e+00 0.000000000000000000e+00
5.767350928641250957e-02 1.000000000000000000e+00 0.000000000000000000e+00
5.865102639296188025e-02 1.000000000000000000e+00 0.000000000000000000e+00
5.962854349951124400e-02 1.000000000000000000e+00 0.000000000000000000e+00
6.060606060606060774e-02 1.000000000000000000e+00 0.000000000000000000e+00
6.158357771260997149e-02 1.000000000000000000e+00 0.000000000000000000e+00
6.256109481915933523e-02 1.000000000000000000e+00 0.000000000000000000e+00
6.353861192570869898e-02 1.000000000000000000e+00 0.000000000000000000e+00
6.451612903225806273e-02 1.000000000000000000e+00 0.000000000000000000e+00
6.549364613880742647e-02 1.000000000000000000e+00 0.000000000000000000e+00
6.647116324535679022e-02 1.000000000000000000e+00 0.000000000000000000e+00
6.744868035190615396e-02 1.000000000000000000e+00 0.000000000000000000e+00
6.842619745845551771e-02 1.000000000000000000e+00 0.000000000000000000e+00
6.940371456500488145e-02 1.000000000000000000e+00 0.000000000000000000e+00
7.038123167155425908e-02 1.000000000000000000e+00 0.000000000000000000e+00
7.135874877810362282e-02 1.000000000000000000e+00 0.000000000000000000e+00
7.233626588465298657e-02 1.000000000000000000e+00 0.000000000000000000e+00
7.331378299120235031e-02 1.000000000000000000e+00 0.000000000000000000e+00
7.429130009775171406e-02 1.000000000000000000e+00 0.000000000000000000e+00
7.526881720430107781e-02 1.000000000000000000e+00 0.000000000000000000e+00
7.624633431085044155e-02 1.000000000000000000e+00 0.000000000000000000e+00
7.722385141739980530e-02 1.000000000000000000e+00 0.000000000000000000e+00
7.820136852394916904e-02 1.000000000000000000e+00 0.000000000000000000e+00
7.917888563049853279e-02 1.000000000000000000e+00 0.000000000000000000e+00
8.015640273704789653e-02 1.000000000000000000e+00 0.000000000000000000e+00
8.113391984359726028e-02 1.000000000000000000e+00 0.000000000000000000e+00
8.211143695014662403e-02 1.000000000000000000e+00 0.000000000000000000e+00
8.308895405669598777e-02 1.000000000000000000e+00 0.000000000000000000e+00
8.406647116324535152e-02 1.000000000000000000e+00 0.000000000000000000e+00
8.504398826979471526e-02 1.000000000000000000e+00 0.000000000000000000e+00
8.602150537634409289e-02 1.000000000000000000e+00 0.000000000000000000e+00
8.699902248289345663e-02 1.000000000000000000e+00 0.000000000000000000e+00
8.797653958944282038e-02 1.000000000000000000e+00 0.000000000000000000e+00
8.895405669599218412e-02 1.000000000000000000e+00 0.000000000000000000e+00
8.993157380254154787e-02 1.000000000000000000e+00 0.000000000000000000e+00
9.090909090909091161e-02 1.000000000000000000e+00 0.000000000000000000e+00
9.188660801564027536e-02 1.000000000000000000e+00 0.000000000000000000e+00
9.286412512218963911e-02 1.000000000000000000e+00 0.000000000000000000e+00
9.384164222873900285e-02 1.000000000000000000e+00 0.000000000000000000e+00
9.481915933528836660e-02 1.000000000000000000e+00 0.000000000000000000e+00
9.579667644183773034e-02 1.000000000000000000e+00 0.000000000000000000e+00
9.677419354838709409e-02 1.000000000000000000e+00 0.000000000000000000e+00
9.775171065493645783e-02 1.000000000000000000e+00 0.000000000000000000e+00
9.872922776148582158e-02 1.000000000000000000e+00 0.000000000000000000e+00
9.970674486803518533e-02 1.000000000000000000e+00 0.000000000000000000e+00
1.006842619745845491e-01 1.000000000000000000e+00 0.000000000000000000e+00
1.016617790811339267e-01 1.000000000000000000e+00 0.000000000000000000e+00
1.026392961876832904e-01 1.000000000000000000e+00 0.000000000000000000e+00
1.036168132942326542e-01 1.000000000000000000e+00 0.000000000000000000e+00
1.045943304007820179e-01 1.000000000000000000e+00 0.000000000000000000e+00
1.055718475073313817e-01 1.000000000000000000e+00 0.000000000000000000e+00
1.065493646138807454e-01 1.000000000000000000e+00 0.000000000000000000e+00
1.075268817204301092e-01 1.000000000000000000e+00 0.000000000000000000e+00
1.085043988269794729e-01 1.000000000000000000e+00 0.000000000000000000e+00
1.094819159335288367e-01 1.000000000000000000e+00 0.000000000000000000e+00
1.104594330400782004e-01 1.000000000000000000e+00 0.000000000000000000e+00
1.114369501466275642e-01 1.000000000000000000e+00 0.000000000000000000e+00
1.124144672531769279e-01 1.000000000000000000e+00 0.000000000000000000e+00
1.133919843597262916e-01 1.000000000000000000e+00 0.000000000000000000e+00
1.143695014662756554e-01 1.000000000000000000e+00 0.000000000000000000e+00
1.153470185728250191e-01 1.000000000000000000e+00 0.000000000000000000e+00
1.163245356793743829e-01 1.000000000000000000e+00 0.000000000000000000e+00
1.173020527859237605e-01 1.000000000000000000e+00 0.000000000000000000e+00
1.182795698924731242e-01 1.000000000000000000e+00 0.000000000000000000e+00
1.192570869990224880e-01 1.000000000000000000e+00 0.000000000000000000e+00
1.202346041055718517e-01 1.000000000000000000e+00 0.000000000000000000e+00
1.212121212121212155e-01 1.000000000000000000e+00 0.000000000000000000e+00
1.221896383186705792e-01 1.000000000000000000e+00 0.000000000000000000e+00
1.231671554252199430e-01 1.000000000000000000e+00 0.000000000000000000e+00
1.241446725317693067e-01 1.000000000000000000e+00 0.000000000000000000e+00
1.251221896383186705e-01 1.000000000000000000e+00 0.000000000000000000e+00
1.260997067448680342e-01 1.000000000000000000e+00 0.000000000000000000e+00
1.270772238514173980e-01 1.000000000000000000e+00 0.000000000000000000e+00
1.280547409579667617e-01 1.000000000000000000e+00 0.000000000000000000e+00
1.290322580645161255e-01 1.000000000000000000e+00 0.000000000000000000e+00
1.300097751710654892e-01 1.000000000000000000e+00 0.000000000000000000e+00
1.309872922776148529e-01 1.000000000000000000e+00 0.000000000000000000e+00
1.319648093841642167e-01 1.000000000000000000e+00 0.000000000000000000e+00
1.329423264907135804e-01 1.000000000000000000e+00 0.000000000000000000e+00
1.339198435972629442e-01 1.000000000000000000e+00 0.000000000000000000e+00
1.348973607038123079e-01 1.000000000000000000e+00 0.000000000000000000e+00
1.358748778103616717e-01 1.000000000000000000e+00 0.000000000000000000e+00
1.368523949169110354e-01 1.000000000000000000e+00 0.000000000000000000e+00
1.378299120234603992e-01 1.000000000000000000e+00 0.000000000000000000e+00
1.388074291300097629e-01 1.000000000000000000e+00 0.000000000000000000e+00
1.397849462365591267e-01 1.000000000000000000e+00 0.000000000000000000e+00
1.407624633431085182e-01 1.000000000000000000e+00 0.000000000000000000e+00
1.417399804496578819e-01 1.000000000000000000e+00 0.000000000000000000e+00
1.427174975562072456e-01 1.000000000000000000e+00 0.000000000000000000e+00
1.436950146627566094e-01 1.000000000000000000e+00 0.000000000000000000e+00
1.446725317693059731e-01 1.000000000000000000e+00 0.000000000000000000e+00
1.456500488758553369e-01 1.000000000000000000e+00 0.000000000000000000e+00
1.466275659824047006e-01 1.000000000000000000e+00 0.000000000000000000e+00
1.476050830889540644e-01 1.000000000000000000e+00 0.000000000000000000e+00
1.485826001955034281e-01 1.000000000000000000e+00 0.000000000000000000e+00
1.495601173020527919e-01 1.000000000000000000e+00 0.000000000000000000e+00
1.505376344086021556e-01 1.000000000000000000e+00 0.000000000000000000e+00
1.515151515151515194e-01 1.000000000000000000e+00 0.000000000000000000e+00
1.524926686217008831e-01 1.000000000000000000e+00 0.000000000000000000e+00
1.534701857282502468e-01 1.000000000000000000e+00 0.000000000000000000e+00
1.544477028347996106e-01 1.000000000000000000e+00 0.000000000000000000e+00
1.554252199413489743e-01 1.000000000000000000e+00 0.000000000000000000e+00
1.564027370478983381e-01 1.000000000000000000e+00 0.000000000000000000e+00
1.573802541544477018e-01 1.000000000000000000e+00 0.000000000000000000e+00
1.583577712609970656e-01 1.000000000000000000e+00 0.000000000000000000e+00
1.593352883675464293e-01 1.000000000000000000e+00 0.000000000000000000e+00
1.603128054740957931e-01 1.000000000000000000e+00 0.000000000000000000e+00
1.612903225806451568e-01 1.000000000000000000e+00 0.000000000000000000e+00
1.622678396871945206e-01 1.000000000000000000e+00 0.000000000000000000e+00
1.632453567937438843e-01 1.000000000000000000e+00 0.000000000000000000e+00
1.642228739002932481e-01 1.000000000000000000e+00 0.000000000000000000e+00
1.652003910068426118e-01 1.000000000000000000e+00 0.000000000000000000e+00
1.661779081133919755e-01 1.000000000000000000e+00 0.000000000000000000e+00
1.671554252199413393e-01 1.000000000000000000e+00 0.000000000000000000e+00
1.681329423264907030e-01 1.000000000000000000e+00 0.000000000000000000e+00
1.691104594330400668e-01 1.000000000000000000e+00 0.000000000000000000e+00
1.700879765395894305e-01 1.000000000000000000e+00 0.000000000000000000e+00
1.710654936461387943e-01 1.000000000000000000e+00 0.000000000000000000e+00
1.720430107526881858e-01 1.000000000000000000e+00 0.000000000000000000e+00
1.730205278592375495e-01 1.000000000000000000e+00 0.000000000000000000e+00
1.739980449657869133e-01 1.000000000000000000e+00 0.000000000000000000e+00
1.749755620723362770e-01 1.000000000000000000e+00 0.000000000000000000e+00
1.759530791788856408e-01 1.000000000000000000e+00 0.000000000000000000e+00
1.769305962854350045e-01 1.000000000000000000e+00 0.000000000000000000e+00
1.779081133919843682e-01 1.000000000000000000e+00 0.000000000000000000e+00
1.788856304985337320e-01 1.000000000000000000e+00 0.000000000000000000e+00
1.798631476050830957e-01 1.000000000000000000e+00 0.000000000000000000e+00
1.808406647116324595e-01 1.000000000000000000e+00 0.000000000000000000e+00
1.818181818181818232e-01 1.000000000000000000e+00 0.000000000000000000e+00
1.827956989247311870e-01 1.000000000000000000e+00 0.000000000000000000e+00
1.837732160312805507e-01 1.000000000000000000e+00 0.000000000000000000e+00
1.847507331378299145e-01 1.000000000000000000e+00 0.000000000000000000e+00
1.857282502443792782e-01 1.000000000000000000e+00 0.000000000000000000e+00
1.867057673509286420e-01 1.000000000000000000e+00 0.000000000000000000e+00
1.876832844574780057e-01 1.000000000000000000e+00 0.000000000000000000e+00
1.886608015640273694e-01 1.000000000000000000e+00 0.000000000000000000e+00
1.896383186705767332e-01 1.000000000000000000e+00 0.000000000000000000e+00
1.906158357771260969e-01 1.000000000000000000e+00 0.000000000000000000e+00
1.915933528836754607e-01 1.000000000000000000e+00 0.000000000000000000e+00
1.925708699902248244e-01 1.000000000000000000e+00 0.000000000000000000e+00
1.935483870967741882e-01 1.000000000000000000e+00 0.000000000000000000e+00
1.945259042033235519e-01 1.000000000000000000e+00 0.000000000000000000e+00
1.955034213098729157e-01 1.000000000000000000e+00 0.000000000000000000e+00
1.964809384164222794e-01 1.000000000000000000e+00 0.000000000000000000e+00
1.974584555229716432e-01 1.000000000000000000e+00 0.000000000000000000e+00
1.984359726295210069e-01 1.000000000000000000e+00 0.000000000000000000e+00
1.994134897360703707e-01 1.000000000000000000e+00 0.000000000000000000e+00
2.003910068426197344e-01 1.000000000000000000e+00 0.000000000000000000e+00
2.013685239491690981e-01 1.000000000000000000e+00 0.000000000000000000e+00
2.023460410557184619e-01 1.000000000000000000e+00 0.000000000000000000e+00
2.033235581622678534e-01 1.000000000000000000e+00 0.000000000000000000e+00
2.043010752688172171e-01 1.000000000000000000e+00 0.000000000000000000e+00
2.052785923753665809e-01 1.000000000000000000e+00 0.000000000000000000e+00
2.062561094819159446e-01 1.000000000000000000e+00 0.000000000000000000e+00
2.072336265884653084e-01 1.000000000000000000e+00 0.000000000000000000e+00
2.082111436950146721e-01 1.000000000000000000e+00 0.000000000000000000e+00
2.091886608015640359e-01 1.000000000000000000e+00 0.000000000000000000e+00
2.101661779081133996e-01 1.000000000000000000e+00 0.000000000000000000e+00
2.111436950146627634e-01 1.000000000000000000e+00 0.000000000000000000e+00
2.121212121212121271e-01 1.000000000000000000e+00 0.000000000000000000e+00
2.130987292277614908e-01 1.000000000000000000e+00 0.000000000000000000e+00
2.140762463343108546e-01 1.000000000000000000e+00 0.000000000000000000e+00
2.150537634408602183e-01 1.000000000000000000e+00 0.000000000000000000e+00
2.160312805474095821e-01 1.000000000000000000e+00 0.000000000000000000e+00
2.170087976539589458e-01 1.000000000000000000e+00 0.000000000000000000e+00
2.179863147605083096e-01 1.000000000000000000e+00 0.000000000000000000e+00
2.189638318670576733e-01 1.000000000000000000e+00 0.000000000000000000e+00
2.199413489736070371e-01 1.000000000000000000e+00 0.000000000000000000e+00
2.209188660801564008e-01 1.000000000000000000e+00 0.000000000000000000e+00
2.218963831867057646e-01 1.000000000000000000e+00 0.000000000000000000e+00
2.228739002932551283e-01 1.000000000000000000e+00 0.000000000000000000e+00
2.238514173998044920e-01 1.000000000000000000e+00 0.000000000000000000e+00
2.248289345063538558e-01 1.000000000000000000e+00 0.000000000000000000e+00
2.258064516129032195e-01 1.000000000000000000e+00 0.000000000000000000e+00
2.267839687194525833e-01 1.000000000000000000e+00 0.000000000000000000e+00
2.277614858260019470e-01 1.000000000000000000e+00 0.000000000000000000e+00
2.287390029325513108e-01 1.000000000000000000e+00 0.000000000000000000e+00
2.297165200391006745e-01 1.000000000000000000e+00 0.000000000000000000e+00
2.306940371456500383e-01 1.000000000000000000e+00 0.000000000000000000e+00
2.316715542521994020e-01 1.000000000000000000e+00 0.000000000000000000e+00
2.326490713587487658e-01 1.000000000000000000e+00 0.000000000000000000e+00
2.336265884652981295e-01 1.000000000000000000e+00 0.000000000000000000e+00
2.346041055718475210e-01 1.000000000000000000e+00 0.000000000000000000e+00
2.355816226783968848e-01 1.000000000000000000e+00 0.000000000000000000e+00
2.365591397849462485e-01 1.000000000000000000e+00 0.000000000000000000e+00
2.375366568914956122e-01 1.000000000000000000e+00 0.000000000000000000e+00
2.385141739980449760e-01 1.000000000000000000e+00 0.000000000000000000e+00
2.394916911045943397e-01 1.000000000000000000e+00 0.000000000000000000e+00
2.404692082111437035e-01 1.000000000000000000e+00 0.000000000000000000e+00
2.414467253176930672e-01 1.000000000000000000e+00 0.000000000000000000e+00
2.424242424242424310e-01 1.000000000000000000e+00 0.000000000000000000e+00
2.434017595307917947e-01 1.000000000000000000e+00 0.000000000000000000e+00
2.443792766373411585e-01 1.000000000000000000e+00 0.000000000000000000e+00
2.453567937438905222e-01 1.000000000000000000e+00 0.000000000000000000e+00
2.463343108504398860e-01 1.000000000000000000e+00 0.000000000000000000e+00
2.473118279569892497e-01 1.000000000000000000e+00 0.000000000000000000e+00
2.482893450635386134e-01 1.000000000000000000e+00 0.000000000000000000e+00
2.492668621700879772e-01 1.000000000000000000e+00 0.000000000000000000e+00
2.502443792766373409e-01 1.000000000000000000e+00 0.000000000000000000e+00
2.512218963831867047e-01 1.000000000000000000e+00 0.000000000000000000e+00
2.521994134897360684e-01 1.000000000000000000e+00 0.000000000000000000e+00
2.531769305962854322e-01 1.000000000000000000e+00 0.000000000000000000e+00
2.541544477028347959e-01 1.000000000000000000e+00 0.000000000000000000e+00
2.551319648093841597e-01 1.000000000000000000e+00 0.000000000000000000e+00
2.561094819159335234e-01 1.000000000000000000e+00 0.000000000000000000e+00
2.570869990224828872e-01 1.000000000000000000e+00 0.000000000000000000e+00
2.580645161290322509e-01 1.000000000000000000e+00 0.000000000000000000e+00
2.590420332355816146e-01 1.000000000000000000e+00 0.000000000000000000e+00
2.600195503421309784e-01 1.000000000000000000e+00 0.000000000000000000e+00
2.609970674486803421e-01 1.000000000000000000e+00 0.000000000000000000e+00
2.619745845552297059e-01 1.000000000000000000e+00 0.000000000000000000e+00
2.629521016617790696e-01 1.000000000000000000e+00 0.000000000000000000e+00
2.639296187683284334e-01 1.000000000000000000e+00 0.000000000000000000e+00
2.649071358748777971e-01 1.000000000000000000e+00 0.000000000000000000e+00
2.658846529814271609e-01 1.000000000000000000e+00 0.000000000000000000e+00
2.668621700879765246e-01 1.000000000000000000e+00 0.000000000000000000e+00
2.678396871945258884e-01 1.000000000000000000e+00 0.000000000000000000e+00
2.688172043010752521e-01 1.000000000000000000e+00 0.000000000000000000e+00
2.697947214076246158e-01 1.000000000000000000e+00 0.000000000000000000e+00
2.707722385141739796e-01 1.000000000000000000e+00 0.000000000000000000e+00
2.717497556207233433e-01 1.000000000000000000e+00 0.000000000000000000e+00
2.727272727272727071e-01 1.000000000000000000e+00 0.000000000000000000e+00
2.737047898338220708e-01 1.000000000000000000e+00 0.000000000000000000e+00
2.746823069403714346e-01 1.000000000000000000e+00 0.000000000000000000e+00
2.756598240469207983e-01 1.000000000000000000e+00 0.000000000000000000e+00
2.766373411534701621e-01 1.000000000000000000e+00 0.000000000000000000e+00
2.776148582600195258e-01 1.000000000000000000e+00 0.000000000000000000e+00
2.785923753665688896e-01 1.000000000000000000e+00 0.000000000000000000e+00
2.795698924731182533e-01 1.000000000000000000e+00 0.000000000000000000e+00
2.805474095796676171e-01 1.000000000000000000e+00 0.000000000000000000e+00
2.815249266862170363e-01 1.000000000000000000e+00 0.000000000000000000e+00
2.825024437927664001e-01 1.000000000000000000e+00 0.000000000000000000e+00
2.834799608993157638e-01 1.000000000000000000e+00 0.000000000000000000e+00
2.844574780058651275e-01 1.000000000000000000e+00 0.000000000000000000e+00
2.854349951124144913e-01 1.000000000000000000e+00 0.000000000000000000e+00
2.864125122189638550e-01 1.000000000000000000e+00 0.000000000000000000e+00
2.873900293255132188e-01 1.000000000000000000e+00 0.000000000000000000e+00
2.883675464320625825e-01 1.000000000000000000e+00 0.000000000000000000e+00
2.893450635386119463e-01 1.000000000000000000e+00 0.000000000000000000e+00
2.903225806451613100e-01 1.000000000000000000e+00 0.000000000000000000e+00
2.913000977517106738e-01 1.000000000000000000e+00 0.000000000000000000e+00
2.922776148582600375e-01 1.000000000000000000e+00 0.000000000000000000e+00
2.932551319648094013e-01 1.000000000000000000e+00 0.000000000000000000e+00
2.942326490713587650e-01 1.000000000000000000e+00 0.000000000000000000e+00
2.952101661779081287e-01 1.000000000000000000e+00 0.000000000000000000e+00
2.961876832844574925e-01 1.000000000000000000e+00 0.000000000000000000e+00
2.971652003910068562e-01 1.000000000000000000e+00 0.000000000000000000e+00
2.981427174975562200e-01 1.000000000000000000e+00 0.000000000000000000e+00
2.991202346041055837e-01 1.000000000000000000e+00 0.000000000000000000e+00
3.000977517106549475e-01 1.000000000000000000e+00 0.000000000000000000e+00
3.010752688172043112e-01 1.000000000000000000e+00 0.000000000000000000e+00
3.020527859237536750e-01 1.000000000000000000e+00 0.000000000000000000e+00
3.030303030303030387e-01 1.000000000000000000e+00 0.000000000000000000e+00
3.040078201368524025e-01 1.000000000000000000e+00 0.000000000000000000e+00
3.049853372434017662e-01 1.000000000000000000e+00 0.000000000000000000e+00
3.059628543499511300e-01 1.000000000000000000e+00 0.000000000000000000e+00
3.069403714565004937e-01 1.000000000000000000e+00 0.000000000000000000e+00
3.079178885630498574e-01 1.000000000000000000e+00 0.000000000000000000e+00
3.088954056695992212e-01 1.000000000000000000e+00 0.000000000000000000e+00
3.098729227761485849e-01 1.000000000000000000e+00 0.000000000000000000e+00
3.108504398826979487e-01 1.000000000000000000e+00 0.000000000000000000e+00
3.118279569892473124e-01 1.000000000000000000e+00 0.000000000000000000e+00
3.128054740957966762e-01 1.000000000000000000e+00 0.000000000000000000e+00
3.137829912023460399e-01 1.000000000000000000e+00 0.000000000000000000e+00
3.147605083088954037e-01 1.000000000000000000e+00 0.000000000000000000e+00
3.157380254154447674e-01 1.000000000000000000e+00 0.000000000000000000e+00
3.167155425219941312e-01 1.000000000000000000e+00 0.000000000000000000e+00
3.176930596285434949e-01 1.000000000000000000e+00 0.000000000000000000e+00
3.186705767350928586e-01 1.000000000000000000e+00 0.000000000000000000e+00
3.196480938416422224e-01 1.000000000000000000e+00 0.000000000000000000e+00
3.206256109481915861e-01 1.000000000000000000e+00 0.000000000000000000e+00
3.216031280547409499e-01 1.000000000000000000e+00 0.000000000000000000e+00
3.225806451612903136e-01 1.000000000000000000e+00 0.000000000000000000e+00
3.235581622678396774e-01 1.000000000000000000e+00 0.000000000000000000e+00
3.245356793743890411e-01 1.000000000000000000e+00 0.000000000000000000e+00
3.255131964809384049e-01 1.000000000000000000e+00 0.000000000000000000e+00
3.264907135874877686e-01 1.000000000000000000e+00 0.000000000000000000e+00
3.274682306940371324e-01 1.000000000000000000e+00 0.000000000000000000e+00
3.284457478005864961e-01 1.000000000000000000e+00 0.000000000000000000e+00
3.294232649071358598e-01 1.000000000000000000e+00 0.000000000000000000e+00
3.304007820136852236e-01 1.000000000000000000e+00 0.000000000000000000e+00
3.313782991202345873e-01 1.000000000000000000e+00 0.000000000000000000e+00
3.323558162267839511e-01 1.000000000000000000e+00 0.000000000000000000e+00
3.333333333333333148e-01 1.000000000000000000e+00 0.000000000000000000e+00
3.343108504398826786e-01 1.000000000000000000e+00 0.000000000000000000e+00
3.352883675464320423e-01 1.000000000000000000e+00 0.000000000000000000e+00
3.362658846529814061e-01 1.000000000000000000e+00 0.000000000000000000e+00
3.372434017595307698e-01 1.000000000000000000e+00 0.000000000000000000e+00
3.382209188660801336e-01 1.000000000000000000e+00 0.000000000000000000e+00
3.391984359726294973e-01 9.999999999999998890e-01 2.076117979357684472e-16
3.401759530791788610e-01 9.999999999999984457e-01 9.974542547686618950e-16
3.411534701857282248e-01 9.999999999999953371e-01 4.459293195701389786e-15
3.421309872922775885e-01 9.999999999999846789e-01 1.102650390517276733e-14
3.431085043988269523e-01 9.999999999999641398e-01 3.256986976558616871e-14
3.440860215053763715e-01 9.999999999999001910e-01 7.221290315861400636e-14
3.450635386119257353e-01 9.999999999997862821e-01 1.952770108864803572e-13
3.460410557184750990e-01 9.999999999994332311e-01 4.135520012513896513e-13
3.470185728250244628e-01 9.999999999988070654e-01 1.082555633354850619e-12
3.479960899315738265e-01 9.999999999969121367e-01 2.259400021860376471e-12
3.489736070381231903e-01 9.999999999936020068e-01 5.766641309904083584e-12
3.499511241446725540e-01 9.999999999838640186e-01 1.185466073363141756e-11
3.509286412512219178e-01 9.999999999670593498e-01 2.949000275785491005e-11
3.519061583577712815e-01 9.999999999190359867e-01 5.971096773623793552e-11
3.528836754643206453e-01 9.999999998372482990e-01 1.447150707316300360e-10
3.538611925708700090e-01 9.999999996104169675e-01 2.884429474044502347e-10
3.548387096774193727e-01 9.999999992293233664e-01 6.805463399293641769e-10
3.558162267839687365e-01 9.999999982047655944e-01 1.334421158720612803e-09
3.567937438905181002e-01 9.999999965074811703e-01 3.062542319537533296e-09
3.577712609970674640e-01 9.999999920895985550e-01 5.903340129803225692e-09
3.587487781036168277e-01 9.999999848769960398e-01 1.316718164794450139e-08
3.597262952101661915e-01 9.999999667261014746e-01 2.493140595139683301e-08
3.607038123167155552e-01 9.999999375396168011e-01 5.399097940468140576e-08
3.616813294232649190e-01 9.999998666389799951e-01 1.003300424792659249e-07
3.626588465298142827e-01 9.999997544234212610e-01 2.107230005966723489e-07
3.636363636363636465e-01 9.999994917569680064e-01 3.839251496328943920e-07
3.646138807429130102e-01 9.999990828740059623e-01 7.810965152355988101e-07
3.655913978494623739e-01 9.999981625587841538e-01 1.393714732238992851e-06
3.665689149560117377e-01 9.999967547539794221e-01 2.742906162292727112e-06
3.675464320625611014e-01 9.999937151365171362e-01 4.786862165717342610e-06
3.685239491691104652e-01 9.999891506863588519e-01 9.098786415682511602e-06
3.695014662756598289e-01 9.999797239059051712e-01 1.550736112026789742e-05
3.704789833822091927e-01 9.999658448542432243e-01 2.841691224510239192e-05
3.714565004887585564e-01 9.999385209800707441e-01 4.721411246429538949e-05
3.724340175953079202e-01 9.998991378155979159e-01 8.323365939434269737e-05
3.734115347018572839e-01 9.998255357983462099e-01 1.345276083394721751e-04
3.743890518084066477e-01 9.997218736819180052e-01 2.275927056920485920e-04
3.753665689149560114e-01 9.995388967566939398e-01 3.569291021029779524e-04
3.763440860215053752e-01 9.992876602214367798e-01 5.778673581479397197e-04
3.773216031280547389e-01 9.988713248629913499e-01 8.766982705546676191e-04
3.782991202346041026e-01 9.983156112300197726e-01 1.354174213780865279e-03
3.792766373411534664e-01 9.974568313080939275e-01 1.980594613028596220e-03
3.802541544477028301e-01 9.963462611890916421e-01 2.910276777691455773e-03
3.812316715542521939e-01 9.947561141481667812e-01 4.088716956875494690e-03
3.822091886608015576e-01 9.927712767747308709e-01 5.703541848877792184e-03
3.831867057673509214e-01 9.901492784829357685e-01 7.673077475932258383e-03
3.841642228739002851e-01 9.870022503487034804e-01 1.015911844919377242e-02
3.851417399804496489e-01 9.831630843424817856e-01 1.306589525299152454e-02
3.861192570869990126e-01 9.787459620722545051e-01 1.646085739644988569e-02
3.870967741935483764e-01 9.737256266215901235e-01 2.025795404486313914e-02
3.880742913000977401e-01 9.681944037852915352e-01 2.441537104041734477e-02
3.890518084066471038e-01 9.622411799688154188e-01 2.886795680636517272e-02
3.900293255131964676e-01 9.559392143628928640e-01 3.352497839959213410e-02
3.910068426197458313e-01 9.493953116596618447e-01 3.833240636051751110e-02
3.919843597262951951e-01 9.426770687388924541e-01 4.322107629044450589e-02
3.929618768328445588e-01 9.358481194546709458e-01 4.814394358636000376e-02
3.939393939393939226e-01 9.289619698868951669e-01 5.306816556623053516e-02
3.949169110459432863e-01 9.220480057651787575e-01 5.796492528613770429e-02
3.958944281524926501e-01 9.151328677007026791e-01 6.281792434969089844e-02
3.968719452590420138e-01 9.082327794125358844e-01 6.761721102731314825e-02
3.978494623655913776e-01 9.013570950321762032e-01 7.235399376473734823e-02
3.988269794721407413e-01 8.945128710364841362e-01 7.702503008090071102e-02
3.998044965786901050e-01 8.877051124651333947e-01 8.162765502512156490e-02
4.007820136852394688e-01 8.809356548967794964e-01 8.616024386937413959e-02
4.017595307917888325e-01 8.742070076756223163e-01 9.062197160553707442e-02
4.027370478983381963e-01 8.675202386294399437e-01 9.501287505781792764e-02
4.037145650048875600e-01 8.608762864130091730e-01 9.933253776885368758e-02
4.046920821114369238e-01 8.542755486969375589e-01 1.035813324849981371e-01
4.056695992179862875e-01 8.477187178260534584e-01 1.077594839160365275e-01
4.066471163245357068e-01 8.412058041427233901e-01 1.118674580956484366e-01
4.076246334310850705e-01 8.347371023895927555e-01 1.159056117751700449e-01
4.086021505376344343e-01 8.283125965865910656e-01 1.198745892127481699e-01
4.095796676441837980e-01 8.219323894568839606e-01 1.237748815007098518e-01
4.105571847507331618e-01 8.155963393610365930e-01 1.276071265368432239e-01
4.115347018572825255e-01 8.093044475066553112e-01 1.313719125687331790e-01
4.125122189638318893e-01 8.030565537228122608e-01 1.350699178748432649e-01
4.134897360703812530e-01 7.968525589409818366e-01 1.387017621457445060e-01
4.144672531769306167e-01 7.906922749768151570e-01 1.422681269853656449e-01
4.154447702834799805e-01 7.845755615777713077e-01 1.457696695215841276e-01
4.164222873900293442e-01 7.785022157658731956e-01 1.492070734656121833e-01
4.173998044965787080e-01 7.724720576699121155e-01 1.525810038284921566e-01
4.183773216031280717e-01 7.664848770449681492e-01 1.558921436197698573e-01
4.193548387096774355e-01 7.605404764416193730e-01 1.591411653036073348e-01
4.203323558162267992e-01 7.546386387847145993e-01 1.623287461246766539e-01
4.213098729227761630e-01 7.487791535519303654e-01 1.654555560600606545e-01
4.222873900293255267e-01 7.429618019243585669e-01 1.685222667987750500e-01
4.232649071358748905e-01 7.371863682513642990e-01 1.715295441502901197e-01
4.242424242424242542e-01 7.314526325545124275e-01 1.744780515067201887e-01
4.252199413489736179e-01 7.257603771545103610e-01 1.773684471984021960e-01
4.261974584555229817e-01 7.201093836950971383e-01 1.802013861927768412e-01
4.271749755620723454e-01 7.144994357250519235e-01 1.829775183787249182e-01
4.281524926686217092e-01 7.089303175197135820e-01 1.856974890800057454e-01
4.291300097751710729e-01 7.034018156238910358e-01 1.883619385904658494e-01
4.301075268817204367e-01 6.979137186096076029e-01 1.909715024000409600e-01
4.310850439882698004e-01 6.924658176833702328e-01 1.935268108424159361e-01
4.320625610948191642e-01 6.870579067248041572e-01 1.960284891109386751e-01
4.330400782013685279e-01 6.816897827484431627e-01 1.984771572020443409e-01
4.340175953079178917e-01 6.763612461031308642e-01 2.008734299451641336e-01
4.349951124144672554e-01 6.710721007428317453e-01 2.032179169455005097e-01
4.359726295210166191e-01 6.658221544343386755e-01 2.055112225799046177e-01
4.369501466275659829e-01 6.606112190280372110e-01 2.077539460141534511e-01
4.379276637341153466e-01 6.554391107043812115e-01 2.099466812361981682e-01
4.389051808406647104e-01 6.503056502188256927e-01 2.120900170765480097e-01
4.398826979472140741e-01 6.452106631460037267e-01 2.141845372362068678e-01
4.408602150537634379e-01 6.401539801438388411e-01 2.162308203288572095e-01
4.418377321603128016e-01 6.351354372290002326e-01 2.182294399322131928e-01
4.428152492668621654e-01 6.301548760610956590e-01 2.201809646396386266e-01
4.437927663734115291e-01 6.252121442392132300e-01 2.220859581138789618e-01
4.447702834799608929e-01 6.203070956181994111e-01 2.239449791474237006e-01
4.457478005865102566e-01 6.154395906467613475e-01 2.257585817296159925e-01
4.467253176930596203e-01 6.106094967272400753e-01 2.275273151175463415e-01
4.477028347996089841e-01 6.058166885989140216e-01 2.292517239098053605e-01
4.486803519061583478e-01 6.010610487489957965e-01 2.309323481245929566e-01
4.496578690127077116e-01 5.963424678550927061e-01 2.325697232833557060e-01
4.506353861192570753e-01 5.916608452616872738e-01 2.341643804996569045e-01
4.516129032258064391e-01 5.870160894932584528e-01 2.357168465727755569e-01
4.525904203323558028e-01 5.824081188076964954e-01 2.372276440864313218e-01
4.535679374389051666e-01 5.778368617943210328e-01 2.386972915135768536e-01
4.545454545454545303e-01 5.733022580207971508e-01 2.401263033279467385e-01
4.555229716520038941e-01 5.688042587332053923e-01 2.415151901227222675e-01
4.565004887585532578e-01 5.643428276139696997e-01 2.428644587367956298e-01
4.574780058651026216e-01 5.599179416029814726e-01 2.441746123894756593e-01
4.584555229716519853e-01 5.555295917877665079e-01 2.454461508246744417e-01
4.594330400782013490e-01 5.511777843688943079e-01 2.466795704655965482e-01
4.604105571847507128e-01 5.468625417072361383e-01 2.478753645809582129e-01
4.613880742913000765e-01 5.425839034602564226e-01 2.490340234639208949e-01
4.623655913978494403e-01 5.383419278151611032e-01 2.501560346251438527e-01
4.633431085043988040e-01 5.341366928273491022e-01 2.512418830015453186e-01
4.643206256109481678e-01 5.299682978732022098e-01 2.522920511824837675e-01
4.652981427174975315e-01 5.258368652268675669e-01 2.533070196552201225e-01
4.662756598240468953e-01 5.217425417713421609e-01 2.542872670717153949e-01
4.672531769305962590e-01 5.176855008548584269e-01 2.552332705390643608e-01
4.682306940371456228e-01 5.136659443041982076e-01 2.561455059360971953e-01
4.692082111436950420e-01 5.096841046071495240e-01 2.570244482589027490e-01
4.701857282502444058e-01 5.057402472768289803e-01 2.578705719982709588e-01
4.711632453567937695e-01 5.018346734110028518e-01 2.586843515523015169e-01
4.721407624633431332e-01 4.979677224598079710e-01 2.594662616777017039e-01
4.731182795698924970e-01 4.941397752153226519e-01 2.602167779835661277e-01
4.740957966764418607e-01 4.903512570361877598e-01 2.609363774716718098e-01
4.750733137829912245e-01 4.866026413198504819e-01 2.616255391275634778e-01
4.760508308895405882e-01 4.828944532338848017e-01 2.622847445668899380e-01
4.770283479960899520e-01 4.792272737160916951e-01 2.629144787416069495e-01
4.780058651026393157e-01 4.756017437505377643e-01 2.635152307107371250e-01
4.789833822091886795e-01 4.720185689231314874e-01 2.640874944803384694e-01
4.799608993157380432e-01 4.684785242555434270e-01 2.646317699171596982e-01
4.809384164222874070e-01 4.649824593099478043e-01 2.651485637400909368e-01
4.819159335288367707e-01 4.615313035488794458e-01 2.656383905929159961e-01
4.828934506353861345e-01 4.581260719240707879e-01 2.661017742009495479e-01
4.838709677419354982e-01 4.547678706550274952e-01 2.665392486128500549e-01
4.848484848484848619e-01 4.514579031418345378e-01 2.669513595271091888e-01
4.858260019550342257e-01 4.481974759367277072e-01 2.673386657003664069e-01
4.868035190615835894e-01 4.449880046747735074e-01 2.677017404316384130e-01
4.877810361681329532e-01 4.418310198350115514e-01 2.680411731126937647e-01
4.887585532746823169e-01 4.387281721691222436e-01 2.683575708300005025e-01
4.897360703812316807e-01 4.356812375946447213e-01 2.686515599978183122e-01
4.907135874877810444e-01 4.326921213037506764e-01 2.689237879950077681e-01
4.916911045943304082e-01 4.297628607865899841e-01 2.691749247699043446e-01
4.926686217008797719e-01 4.268956274107110205e-01 2.694056643681806973e-01
4.936461388074291357e-01 4.240927261360421530e-01 2.696167263280587756e-01
4.946236559139784994e-01 4.213565928802497362e-01 2.698088568757687211e-01
4.956011730205278631e-01 4.186897889848160137e-01 2.699828298421637074e-01
4.965786901270772269e-01 4.160949921721003864e-01 2.701394472094785781e-01
4.975562072336265906e-01 4.135749833337029058e-01 2.702795391862507501e-01
4.985337243401759544e-01 4.111326284581794388e-01 2.704039636995313467e-01
4.995112414467253181e-01 4.087708550009887531e-01 2.705136051881947834e-01
5.004887585532746819e-01 4.064926220328034523e-01 2.706093725811474227e-01
5.014662756598240456e-01 4.043008835867699102e-01 2.706921963515189211e-01
5.024437927663734094e-01 4.021985447745917708e-01 2.707630245545564196e-01
5.034213098729227731e-01 4.001884104685866084e-01 2.708228177848170382e-01
5.043988269794721369e-01 3.982731266630172295e-01 2.708725430287918789e-01
5.053763440860215006e-01 3.964551150391593670e-01 2.709131664428532926e-01
5.063538611925708643e-01 3.947365017631122575e-01 2.709456451525525389e-01
5.073313782991202281e-01 3.931190421305272298e-01 2.709709182452634257e-01
5.083088954056695918e-01 3.916040433112722430e-01 2.709898972092149028e-01
5.092864125122189556e-01 3.901922880960305706e-01 2.710034561512017492e-01
5.102639296187683193e-01 3.888839631454575896e-01 2.710124221938560729e-01
5.112414467253176831e-01 3.876785957155151063e-01 2.710175665013299096e-01
5.122189638318670468e-01 3.865750030958834960e-01 2.710195963997015234e-01
5.131964809384164106e-01 3.855712589687635417e-01 2.710191490373434764e-01
5.141739980449657743e-01 3.846646805041470940e-01 2.710167869664659723e-01
5.151515151515151381e-01 3.838518392155804704e-01 2.710129959210148543e-01
5.161290322580645018e-01 3.831285974126663052e-01 2.710081849252339858e-01
5.171065493646138655e-01 3.824901705627867243e-01 2.710026887048290201e-01
5.180840664711632293e-01 3.819312141317433573e-01 2.709967722067792018e-01
5.190615835777125930e-01 3.814459316774423958e-01 2.709906368844453017e-01
5.200391006842619568e-01 3.810281993188218697e-01 2.709844282902646451e-01
5.210166177908113205e-01 3.806717003922799880e-01 2.709782444527458201e-01
5.219941348973606843e-01 3.803700633077681803e-01 2.709721445039077747e-01
5.229716520039100480e-01 3.801169954338967094e-01 2.709661570655771401e-01
5.239491691104594118e-01 3.799064063023603333e-01 2.709602879880754767e-01
5.249266862170087755e-01 3.797325144663573626e-01 2.709545271474660399e-01
5.259042033235581393e-01 3.795899338385353428e-01 2.709488541301923181e-01
5.268817204301075030e-01 3.794737370821231748e-01 2.709432427503085106e-01
5.278592375366568668e-01 3.793794954253960072e-01 2.709376644420655178e-01
5.288367546432062305e-01 3.793032959194148068e-01 2.709320906420433772e-01
5.298142717497555942e-01 3.792417385085580239e-01 2.709264943182722596e-01
5.307917888563049580e-01 3.791919162375957386e-01 2.709208508211871647e-01
5.317693059628543217e-01 3.791513824457689030e-01 2.709151382279791909e-01
5.327468230694036855e-01 3.791181089217071087e-01 2.709093373343471889e-01
5.337243401759530492e-01 3.790904387792539132e-01 2.709034314220900019e-01
5.347018572825024130e-01 3.790670373538616578e-01 2.708974059026719727e-01
5.356793743890517767e-01 3.790468438096022408e-01 2.708912479096725612e-01
5.366568914956011405e-01 3.790290254783718060e-01 2.708849458892401696e-01
5.376344086021505042e-01 3.790129362994384410e-01 2.708784892184121218e-01
5.386119257086998680e-01 3.789980801420800294e-01 2.708718678666163227e-01
5.395894428152492317e-01 3.789840793083586457e-01 2.708650721054169375e-01
5.405669599217985954e-01 3.789706481400146321e-01 2.708580922648949341e-01
5.415444770283479592e-01 3.789575713913427291e-01 2.708509185311553380e-01
5.425219941348973229e-01 3.789446868671390578e-01 2.708435407775583448e-01
5.434995112414466867e-01 3.789318717441559348e-01 2.708359484217125468e-01
5.444770283479960504e-01 3.789190319767899995e-01 2.708281303005354856e-01
5.454545454545454142e-01 3.789060942143341326e-01 2.708200745563708600e-01
5.464320625610947779e-01 3.788929997116826653e-01 2.708117685279863296e-01
5.474095796676441417e-01 3.788796997845894632e-01 2.708031986410750491e-01
5.483870967741935054e-01 3.788661524343925890e-01 2.707943502935233338e-01
5.493646138807428692e-01 3.788523198385235768e-01 2.707852077311226346e-01
5.503421309872922329e-01 3.788381664676952476e-01 2.707757539095252408e-01
5.513196480938415966e-01 3.788236576460091154e-01 2.707659703380473903e-01
5.522971652003909604e-01 3.788087584154204990e-01 2.707558369003125187e-01
5.532746823069403241e-01 3.787934326010936603e-01 2.707453316456361336e-01
5.542521994134896879e-01 3.787776419997986310e-01 2.707344305433017073e-01
5.552297165200390516e-01 3.787613456304734783e-01 2.707231071892471364e-01
5.562072336265884154e-01 3.787444989952492014e-01 2.707113324508145236e-01
5.571847507331377791e-01 3.787270533011832252e-01 2.706990740296160713e-01
5.581622678396871429e-01 3.787089545879391284e-01 2.706862959145410752e-01
5.591397849462365066e-01 3.786901426943949933e-01 2.706729576855305131e-01
5.601173020527858704e-01 3.786705499768671102e-01 2.706590136127609014e-01
5.610948191593352341e-01 3.786500996618454296e-01 2.706444114737929785e-01
5.620723362658845979e-01 3.786287036748616219e-01 2.706290909812387735e-01
5.630498533724340726e-01 3.786062597318775036e-01 2.706129816735903248e-01
5.640273704789834364e-01 3.785826474077755854e-01 2.705960000700151080e-01
5.650048875855328001e-01 3.785577228058061294e-01 2.705780458244095854e-01
5.659824046920821639e-01 3.785313113408367292e-01 2.705589965338738301e-01
5.669599217986315276e-01 3.785031980185491474e-01 2.705387007624655005e-01
5.679374389051808913e-01 3.784731144460268260e-01 2.705169687353464192e-01
5.689149560117302551e-01 3.784407216547006070e-01 2.704935600471777835e-01
5.698924731182796188e-01 3.784055876684972453e-01 2.704681676220243580e-01
5.708699902248289826e-01 3.783671586295453970e-01 2.704403970753412323e-01
5.718475073313783463e-01 3.783247222300906154e-01 2.704097405826972889e-01
5.728250244379277101e-01 3.782773622291703552e-01 2.703755443810484937e-01
5.738025415444770738e-01 3.782239029991151247e-01 2.703369691473402892e-01
5.747800586510264376e-01 3.781628433960076974e-01 2.702929427487878455e-01
5.757575757575758013e-01 3.780922798235802906e-01 2.702421052705785698e-01
5.767350928641251651e-01 3.780098191959773146e-01 2.701827468244438757e-01
5.777126099706745288e-01 3.779124836175670188e-01 2.701127394371220514e-01
5.786901270772238925e-01 3.777966099760128316e-01 2.700294653028812442e-01
5.796676441837732563e-01 3.776577492397312219e-01 2.699297448244123987e-01
5.806451612903226200e-01 3.774905719703618989e-01 2.698097690955238992e-01
5.816226783968719838e-01 3.772887882656200120e-01 2.696650426975853443e-01
5.826001955034213475e-01 3.770450918542242458e-01 2.694903437583010541e-01
5.835777126099707113e-01 3.767511391544733357e-01 2.692797090003087312e-01
5.845552297165200750e-01 3.763975745468983725e-01 2.690264518206496591e-01
5.855327468230694388e-01 3.759741126734798544e-01 2.687232211289778960e-01
5.865102639296188025e-01 3.754696870751169646e-01 2.683621075995158978e-01
5.874877810361681663e-01 3.748726718023829285e-01 2.679348020784485529e-01
5.884652981427175300e-01 3.741711787734690042e-01 2.674328081285826109e-01
5.894428152492668938e-01 3.733534287277113228e-01 2.668477071725064431e-01
5.904203323558162575e-01 3.724081878940607715e-01 2.661714706006639841e-01
5.913978494623656212e-01 3.713252563588093080e-01 2.653968088258274460e-01
5.923753665689149850e-01 3.700959880870863805e-01 2.645175429558613844e-01
5.933528836754643487e-01 3.687138172116150026e-01 2.635289809394755212e-01
5.943304007820137125e-01 3.671747611485811635e-01 2.624282771427388083e-01
5.953079178885630762e-01 3.654778688807165943e-01 2.612147527280217485e-01
5.962854349951124400e-01 3.636255827870600865e-01 2.598901542356750749e-01
5.972629521016618037e-01 3.616239849393117489e-01 2.584588295850329120e-01
5.982404692082111675e-01 3.594829038393527187e-01 2.569278043245642462e-01
5.992179863147605312e-01 3.572158649039466893e-01 2.553067462014658173e-01
6.001955034213098950e-01 3.548398771301037313e-01 2.536078126449965442e-01
6.011730205278592587e-01 3.523750586107911031e-01 2.518453830741507748e-01
6.021505376344086224e-01 3.498441140854738896e-01 2.500356854554831032e-01
6.031280547409579862e-01 3.472716876135297781e-01 2.481963336150433685e-01
6.041055718475073499e-01 3.446836218943088448e-01 2.463457978372126655e-01
6.050830889540567137e-01 3.421061619930870212e-01 2.445028357393226881e-01
6.060606060606060774e-01 3.395651447368041032e-01 2.426859129151006378e-01
6.070381231671554412e-01 3.370852155430566488e-01 2.409126431962846648e-01
6.080156402737048049e-01 3.346891119474347254e-01 2.391992765953375177e-01
6.089931573802541687e-01 3.323970478792648287e-01 2.375602592641885835e-01
6.099706744868035324e-01 3.302262253223152144e-01 2.360078845047607898e-01
6.109481915933528962e-01 3.281904910780824580e-01 2.345520474920664566e-01
6.119257086999022599e-01 3.263001467149087009e-01 2.332001094845586875e-01
6.129032258064516236e-01 3.245619102396170019e-01 2.319568704732894726e-01
6.138807429130009874e-01 3.229790193066899850e-01 2.308246429880576878e-01
6.148582600195503511e-01 3.215514584882088744e-01 2.298034145674849593e-01
6.158357771260997149e-01 3.202762876923580526e-01 2.288910825156281748e-01
6.168132942326490786e-01 3.191480454642897646e-01 2.280837421711117974e-01
6.177908113391984424e-01 3.181591996544030354e-01 2.273760090228302277e-01
6.187683284457478061e-01 3.173006186392734462e-01 2.267613555072466314e-01
6.197458455522971699e-01 3.165620386299882183e-01 2.262324450020330169e-01
6.207233626588465336e-01 3.159325062051994704e-01 2.257814481059924883e-01
6.217008797653958974e-01 3.154007796187181523e-01 2.254003294491693787e-01
6.226783968719452611e-01 3.149556772111656855e-01 2.250810966933379509e-01
6.236559139784946248e-01 3.145863659995524197e-01 2.248160067739690682e-01
6.246334310850439886e-01 3.142825878946914342e-01 2.245977275623489144e-01
6.256109481915933523e-01 3.140348247582842589e-01 2.244194558151052232e-01
6.265884652981427161e-01 3.138344065066837607e-01 2.242749944189054989e-01
6.275659824046920798e-01 3.136735686331795780e-01 2.241587934851264896e-01
6.285434995112414436e-01 3.135454668688673618e-01 2.240659608126597813e-01
6.295210166177908073e-01 3.134441573079774779e-01 2.239922476697942810e-01
6.304985337243401711e-01 3.133645503027086554e-01 2.239340158310330620e-01
6.314760508308895348e-01 3.133023459236256580e-01 2.238881914407679086e-01
6.324535679374388986e-01 3.132539579290274379e-01 2.238522106662052813e-01
6.334310850439882623e-01 3.132164321273712138e-01 2.238239613447323417e-01
6.344086021505376261e-01 3.131873638707238783e-01 2.238017240117140261e-01
6.353861192570869898e-01 3.131648182813563941e-01 2.237841148828676185e-01
6.363636363636363535e-01 3.131472557598987683e-01 2.237700326122887273e-01
6.373411534701857173e-01 3.131334643992962907e-01 2.237586099867303335e-01
6.383186705767350810e-01 3.131225001594809543e-01 2.237491711669191974e-01
6.392961876832844448e-01 3.131136350503676558e-01 2.237411946525396100e-01
6.402737047898338085e-01 3.131063131191035298e-01 2.237342818243935327e-01
6.412512218963831723e-01 3.131001137263156875e-01 2.237281306947397075e-01
6.422287390029325360e-01 3.130947214056873928e-01 2.237225143618497836e-01
6.432062561094818998e-01 3.130899015089032567e-01 2.237172636018437133e-01
6.441837732160312635e-01 3.130854808163989755e-01 2.237122530173716317e-01
6.451612903225806273e-01 3.130813323101755419e-01 2.237073901659258901e-01
6.461388074291299910e-01 3.130773633318176263e-01 2.237026070840798520e-01
6.471163245356793547e-01 3.130735064050998995e-01 2.236978536417595365e-01
6.480938416422287185e-01 3.130697121837253682e-01 2.236930923483108069e-01
6.490713587487780822e-01 3.130659443790880236e-01 2.236882947344509265e-01
6.500488758553274460e-01 3.130621768909888081e-01 2.236834399368556325e-01
6.510263929618768097e-01 3.130583927896392060e-01 2.236785153066356835e-01
6.520039100684261735e-01 3.130545822576162318e-01 2.236735151860057558e-01
6.529814271749755372e-01 3.130507336685141029e-01 2.236684294764537395e-01
6.539589442815249010e-01 3.130468163508417501e-01 2.236632192023264021e-01
6.549364613880742647e-01 3.130427755354963648e-01 2.236578074429399765e-01
6.559139784946236285e-01 3.130385899046694842e-01 2.236521590106575197e-01
6.568914956011729922e-01 3.130344162025081589e-01 2.236464908215179404e-01
6.578690127077223559e-01 3.130306639296915883e-01 2.236413985787082392e-01
6.588465298142717197e-01 3.130275545357907307e-01 2.236372557610452338e-01
6.598240469208210834e-01 3.130238447440406580e-01 2.236323698561407669e-01
6.608015640273704472e-01 3.130158712866213944e-01 2.236214547070390080e-01
6.617790811339198109e-01 3.130007855456141130e-01 2.235999782447798123e-01
6.627565982404691747e-01 3.129876147666978969e-01 2.235800456851947948e-01
6.637341153470185384e-01 3.130079725843167293e-01 2.236070199855780816e-01
6.647116324535679022e-01 3.130933737212001078e-01 2.237296720992059396e-01
6.656891495601172659e-01 3.131808441599256976e-01 2.238653899212559029e-01
6.666666666666666297e-01 3.130007611392704447e-01 2.236294759915904706e-01
6.676441837732159934e-01 3.122265650702281126e-01 2.225266689517403362e-01
6.686217008797653572e-01 3.112678654657490829e-01 2.210760562573578225e-01
6.695992179863147209e-01 3.123622168551236089e-01 2.224485289664294985e-01
6.705767350928640846e-01 3.187515336412029554e-01 2.315601664356438383e-01
6.715542521994134484e-01 3.282445135427641825e-01 2.459735212589458930e-01
6.725317693059628121e-01 3.207946784476317093e-01 2.371286649349851061e-01
6.735092864125121759e-01 2.647311676413979242e-01 1.623524094606824675e-01
6.744868035190615396e-01 1.834197370029316820e-01 6.117364345407248077e-02
6.754643206256109034e-01 1.390279703792344779e-01 1.270133064188591100e-02
6.764418377321602671e-01 1.273485598535163132e-01 1.962157927367687814e-03
6.774193548387096309e-01 1.253434123959170921e-01 2.810039842296594087e-04
6.783968719452589946e-01 1.250487014297407828e-01 3.971698384224500836e-05
6.793743890518083584e-01 1.250068728735398427e-01 5.601962838796907213e-06
6.803519061583577221e-01 1.250009692215629520e-01 7.899269240474610482e-07
6.813294232649070858e-01 1.250001366652500334e-01 1.113836153419844369e-07
6.823069403714564496e-01 1.250000192703308866e-01 1.570547647452165794e-08
6.832844574780058133e-01 1.250000027171885297e-01 2.214528103225601156e-09
6.842619745845551771e-01 1.250000003831335804e-01 3.122567444839306409e-10
6.852394916911045408e-01 1.250000000540233414e-01 4.402936551357771825e-11
6.862170087976539046e-01 1.250000000076175177e-01 6.208279650381170397e-12
6.871945259042032683e-01 1.250000000010739465e-01 8.754052314404601299e-13
6.881720430107527431e-01 1.250000000001514344e-01 1.233628921549366497e-13
6.891495601173021068e-01 1.250000000000213163e-01 1.738583606138635760e-14
6.901270772238514706e-01 1.250000000000029976e-01 2.449033871989947755e-15
6.911045943304008343e-01 1.250000000000003886e-01 3.356765088072158853e-16
6.920821114369501981e-01 1.250000000000000278e-01 3.328527850967650845e-17
6.930596285434995618e-01 1.250000000000000000e-01 1.128296432061375004e-18
6.940371456500489256e-01 1.250000000000000000e-01 1.038781652626893035e-68
6.950146627565982893e-01 1.250000000000000000e-01 2.761511203815854017e-139
6.959921798631476531e-01 1.250000000000000000e-01 8.974447237004040749e-284
6.969696969696970168e-01 1.250000000000000000e-01 0.000000000000000000e+00
6.979472140762463805e-01 1.250000000000000000e-01 0.000000000000000000e+00
6.989247311827957443e-01 1.250000000000000000e-01 0.000000000000000000e+00
6.999022482893451080e-01 1.250000000000000000e-01 0.000000000000000000e+00
7.008797653958944718e-01 1.250000000000000000e-01 0.000000000000000000e+00
7.018572825024438355e-01 1.250000000000000000e-01 0.000000000000000000e+00
7.028347996089931993e-01 1.250000000000000000e-01 0.000000000000000000e+00
7.038123167155425630e-01 1.250000000000000000e-01 0.000000000000000000e+00
7.047898338220919268e-01 1.250000000000000000e-01 0.000000000000000000e+00
7.057673509286412905e-01 1.250000000000000000e-01 0.000000000000000000e+00
7.067448680351906543e-01 1.250000000000000000e-01 0.000000000000000000e+00
7.077223851417400180e-01 1.250000000000000000e-01 0.000000000000000000e+00
7.086999022482893817e-01 1.250000000000000000e-01 0.000000000000000000e+00
7.096774193548387455e-01 1.250000000000000000e-01 0.000000000000000000e+00
7.106549364613881092e-01 1.250000000000000000e-01 0.000000000000000000e+00
7.116324535679374730e-01 1.250000000000000000e-01 0.000000000000000000e+00
7.126099706744868367e-01 1.250000000000000000e-01 0.000000000000000000e+00
7.135874877810362005e-01 1.250000000000000000e-01 0.000000000000000000e+00
7.145650048875855642e-01 1.250000000000000000e-01 0.000000000000000000e+00
7.155425219941349280e-01 1.250000000000000000e-01 0.000000000000000000e+00
7.165200391006842917e-01 1.250000000000000000e-01 0.000000000000000000e+00
7.174975562072336555e-01 1.250000000000000000e-01 0.000000000000000000e+00
7.184750733137830192e-01 1.250000000000000000e-01 0.000000000000000000e+00
7.194525904203323829e-01 1.250000000000000000e-01 0.000000000000000000e+00
7.204301075268817467e-01 1.250000000000000000e-01 0.000000000000000000e+00
7.214076246334311104e-01 1.250000000000000000e-01 0.000000000000000000e+00
7.223851417399804742e-01 1.250000000000000000e-01 0.000000000000000000e+00
7.233626588465298379e-01 1.250000000000000000e-01 0.000000000000000000e+00
7.243401759530792017e-01 1.250000000000000000e-01 0.000000000000000000e+00
7.253176930596285654e-01 1.250000000000000000e-01 0.000000000000000000e+00
7.262952101661779292e-01 1.250000000000000000e-01 0.000000000000000000e+00
7.272727272727272929e-01 1.250000000000000000e-01 0.000000000000000000e+00
7.282502443792766567e-01 1.250000000000000000e-01 0.000000000000000000e+00
7.292277614858260204e-01 1.250000000000000000e-01 0.000000000000000000e+00
7.302052785923753842e-01 1.250000000000000000e-01 0.000000000000000000e+00
7.311827956989247479e-01 1.250000000000000000e-01 0.000000000000000000e+00
7.321603128054741116e-01 1.250000000000000000e-01 0.000000000000000000e+00
7.331378299120234754e-01 1.250000000000000000e-01 0.000000000000000000e+00
7.341153470185728391e-01 1.250000000000000000e-01 0.000000000000000000e+00
7.350928641251222029e-01 1.250000000000000000e-01 0.000000000000000000e+00
7.360703812316715666e-01 1.250000000000000000e-01 0.000000000000000000e+00
7.370478983382209304e-01 1.250000000000000000e-01 0.000000000000000000e+00
7.380254154447702941e-01 1.250000000000000000e-01 0.000000000000000000e+00
7.390029325513196579e-01 1.250000000000000000e-01 0.000000000000000000e+00
7.399804496578690216e-01 1.250000000000000000e-01 0.000000000000000000e+00
7.409579667644183854e-01 1.250000000000000000e-01 0.000000000000000000e+00
7.419354838709677491e-01 1.250000000000000000e-01 0.000000000000000000e+00
7.429130009775171128e-01 1.250000000000000000e-01 0.000000000000000000e+00
7.438905180840664766e-01 1.250000000000000000e-01 0.000000000000000000e+00
7.448680351906158403e-01 1.250000000000000000e-01 0.000000000000000000e+00
7.458455522971652041e-01 1.250000000000000000e-01 0.000000000000000000e+00
7.468230694037145678e-01 1.250000000000000000e-01 0.000000000000000000e+00
7.478005865102639316e-01 1.250000000000000000e-01 0.000000000000000000e+00
7.487781036168132953e-01 1.250000000000000000e-01 0.000000000000000000e+00
7.497556207233626591e-01 1.250000000000000000e-01 0.000000000000000000e+00
7.507331378299120228e-01 1.250000000000000000e-01 0.000000000000000000e+00
7.517106549364613866e-01 1.250000000000000000e-01 0.000000000000000000e+00
7.526881720430107503e-01 1.250000000000000000e-01 0.000000000000000000e+00
7.536656891495601140e-01 1.250000000000000000e-01 0.000000000000000000e+00
7.546432062561094778e-01 1.250000000000000000e-01 0.000000000000000000e+00
7.556207233626588415e-01 1.250000000000000000e-01 0.000000000000000000e+00
7.565982404692082053e-01 1.250000000000000000e-01 0.000000000000000000e+00
7.575757575757575690e-01 1.250000000000000000e-01 0.000000000000000000e+00
7.585532746823069328e-01 1.250000000000000000e-01 0.000000000000000000e+00
7.595307917888562965e-01 1.250000000000000000e-01 0.000000000000000000e+00
7.605083088954056603e-01 1.250000000000000000e-01 0.000000000000000000e+00
7.614858260019550240e-01 1.250000000000000000e-01 0.000000000000000000e+00
7.624633431085043878e-01 1.250000000000000000e-01 0.000000000000000000e+00
7.634408602150537515e-01 1.250000000000000000e-01 0.000000000000000000e+00
7.644183773216031152e-01 1.250000000000000000e-01 0.000000000000000000e+00
7.653958944281524790e-01 1.250000000000000000e-01 0.000000000000000000e+00
7.663734115347018427e-01 1.250000000000000000e-01 0.000000000000000000e+00
7.673509286412512065e-01 1.250000000000000000e-01 0.000000000000000000e+00
7.683284457478005702e-01 1.250000000000000000e-01 0.000000000000000000e+00
7.693059628543499340e-01 1.250000000000000000e-01 0.000000000000000000e+00
7.702834799608992977e-01 1.250000000000000000e-01 0.000000000000000000e+00
7.712609970674486615e-01 1.250000000000000000e-01 0.000000000000000000e+00
7.722385141739980252e-01 1.250000000000000000e-01 0.000000000000000000e+00
7.732160312805473890e-01 1.250000000000000000e-01 0.000000000000000000e+00
7.741935483870967527e-01 1.250000000000000000e-01 0.000000000000000000e+00
7.751710654936461165e-01 1.250000000000000000e-01 0.000000000000000000e+00
7.761485826001954802e-01 1.250000000000000000e-01 0.000000000000000000e+00
7.771260997067448439e-01 1.250000000000000000e-01 0.000000000000000000e+00
7.781036168132942077e-01 1.250000000000000000e-01 0.000000000000000000e+00
7.790811339198435714e-01 1.250000000000000000e-01 0.000000000000000000e+00
7.800586510263929352e-01 1.250000000000000000e-01 0.000000000000000000e+00
7.810361681329422989e-01 1.250000000000000000e-01 0.000000000000000000e+00
7.820136852394916627e-01 1.250000000000000000e-01 0.000000000000000000e+00
7.829912023460410264e-01 1.250000000000000000e-01 0.000000000000000000e+00
7.839687194525903902e-01 1.250000000000000000e-01 0.000000000000000000e+00
7.849462365591397539e-01 1.250000000000000000e-01 0.000000000000000000e+00
7.859237536656891177e-01 1.250000000000000000e-01 0.000000000000000000e+00
7.869012707722384814e-01 1.250000000000000000e-01 0.000000000000000000e+00
7.878787878787878451e-01 1.250000000000000000e-01 0.000000000000000000e+00
7.888563049853372089e-01 1.250000000000000000e-01 0.000000000000000000e+00
7.898338220918865726e-01 1.250000000000000000e-01 0.000000000000000000e+00
7.908113391984359364e-01 1.250000000000000000e-01 0.000000000000000000e+00
7.917888563049853001e-01 1.250000000000000000e-01 0.000000000000000000e+00
7.927663734115346639e-01 1.250000000000000000e-01 0.000000000000000000e+00
7.937438905180840276e-01 1.250000000000000000e-01 0.000000000000000000e+00
7.947214076246333914e-01 1.250000000000000000e-01 0.000000000000000000e+00
7.956989247311827551e-01 1.250000000000000000e-01 0.000000000000000000e+00
7.966764418377321189e-01 1.250000000000000000e-01 0.000000000000000000e+00
7.976539589442814826e-01 1.250000000000000000e-01 0.000000000000000000e+00
7.986314760508308463e-01 1.250000000000000000e-01 0.000000000000000000e+00
7.996089931573802101e-01 1.250000000000000000e-01 0.000000000000000000e+00
8.005865102639295738e-01 1.250000000000000000e-01 0.000000000000000000e+00
8.015640273704789376e-01 1.250000000000000000e-01 0.000000000000000000e+00
8.025415444770283013e-01 1.250000000000000000e-01 0.000000000000000000e+00
8.035190615835776651e-01 1.250000000000000000e-01 0.000000000000000000e+00
8.044965786901270288e-01 1.250000000000000000e-01 0.000000000000000000e+00
8.054740957966763926e-01 1.250000000000000000e-01 0.000000000000000000e+00
8.064516129032257563e-01 1.250000000000000000e-01 0.000000000000000000e+00
8.074291300097751201e-01 1.250000000000000000e-01 0.000000000000000000e+00
8.084066471163244838e-01 1.250000000000000000e-01 0.000000000000000000e+00
8.093841642228738475e-01 1.250000000000000000e-01 0.000000000000000000e+00
8.103616813294232113e-01 1.250000000000000000e-01 0.000000000000000000e+00
8.113391984359725750e-01 1.250000000000000000e-01 0.000000000000000000e+00
8.123167155425219388e-01 1.250000000000000000e-01 0.000000000000000000e+00
8.132942326490714136e-01 1.250000000000000000e-01 0.000000000000000000e+00
8.142717497556207773e-01 1.250000000000000000e-01 0.000000000000000000e+00
8.152492668621701410e-01 1.250000000000000000e-01 0.000000000000000000e+00
8.162267839687195048e-01 1.250000000000000000e-01 0.000000000000000000e+00
8.172043010752688685e-01 1.250000000000000000e-01 0.000000000000000000e+00
8.181818181818182323e-01 1.250000000000000000e-01 0.000000000000000000e+00
8.191593352883675960e-01 1.250000000000000000e-01 0.000000000000000000e+00
8.201368523949169598e-01 1.250000000000000000e-01 0.000000000000000000e+00
8.211143695014663235e-01 1.250000000000000000e-01 0.000000000000000000e+00
8.220918866080156873e-01 1.250000000000000000e-01 0.000000000000000000e+00
8.230694037145650510e-01 1.250000000000000000e-01 0.000000000000000000e+00
8.240469208211144148e-01 1.250000000000000000e-01 0.000000000000000000e+00
8.250244379276637785e-01 1.250000000000000000e-01 0.000000000000000000e+00
8.260019550342131422e-01 1.250000000000000000e-01 0.000000000000000000e+00
8.269794721407625060e-01 1.250000000000000000e-01 0.000000000000000000e+00
8.279569892473118697e-01 1.250000000000000000e-01 0.000000000000000000e+00
8.289345063538612335e-01 1.250000000000000000e-01 0.000000000000000000e+00
8.299120234604105972e-01 1.250000000000000000e-01 0.000000000000000000e+00
8.308895405669599610e-01 1.250000000000000000e-01 0.000000000000000000e+00
8.318670576735093247e-01 1.250000000000000000e-01 0.000000000000000000e+00
8.328445747800586885e-01 1.250000000000000000e-01 0.000000000000000000e+00
8.338220918866080522e-01 1.250000000000000000e-01 0.000000000000000000e+00
8.347996089931574160e-01 1.250000000000000000e-01 0.000000000000000000e+00
8.357771260997067797e-01 1.250000000000000000e-01 0.000000000000000000e+00
8.367546432062561435e-01 1.250000000000000000e-01 0.000000000000000000e+00
8.377321603128055072e-01 1.250000000000000000e-01 0.000000000000000000e+00
8.387096774193548709e-01 1.250000000000000000e-01 0.000000000000000000e+00
8.396871945259042347e-01 1.250000000000000000e-01 0.000000000000000000e+00
8.406647116324535984e-01 1.250000000000000000e-01 0.000000000000000000e+00
8.416422287390029622e-01 1.250000000000000000e-01 0.000000000000000000e+00
8.426197458455523259e-01 1.250000000000000000e-01 0.000000000000000000e+00
8.435972629521016897e-01 1.250000000000000000e-01 0.000000000000000000e+00
8.445747800586510534e-01 1.250000000000000000e-01 0.000000000000000000e+00
8.455522971652004172e-01 1.250000000000000000e-01 0.000000000000000000e+00
8.465298142717497809e-01 1.250000000000000000e-01 0.000000000000000000e+00
8.475073313782991447e-01 1.250000000000000000e-01 0.000000000000000000e+00
8.484848484848485084e-01 1.250000000000000000e-01 0.000000000000000000e+00
8.494623655913978721e-01 1.250000000000000000e-01 0.000000000000000000e+00
8.504398826979472359e-01 1.250000000000000000e-01 0.000000000000000000e+00
8.514173998044965996e-01 1.250000000000000000e-01 0.000000000000000000e+00
8.523949169110459634e-01 1.250000000000000000e-01 0.000000000000000000e+00
8.533724340175953271e-01 1.250000000000000000e-01 0.000000000000000000e+00
8.543499511241446909e-01 1.250000000000000000e-01 0.000000000000000000e+00
8.553274682306940546e-01 1.250000000000000000e-01 0.000000000000000000e+00
8.563049853372434184e-01 1.250000000000000000e-01 0.000000000000000000e+00
8.572825024437927821e-01 1.250000000000000000e-01 0.000000000000000000e+00
8.582600195503421459e-01 1.250000000000000000e-01 0.000000000000000000e+00
8.592375366568915096e-01 1.250000000000000000e-01 0.000000000000000000e+00
8.602150537634408733e-01 1.250000000000000000e-01 0.000000000000000000e+00
8.611925708699902371e-01 1.250000000000000000e-01 0.000000000000000000e+00
8.621700879765396008e-01 1.250000000000000000e-01 0.000000000000000000e+00
8.631476050830889646e-01 1.250000000000000000e-01 0.000000000000000000e+00
8.641251221896383283e-01 1.250000000000000000e-01 0.000000000000000000e+00
8.651026392961876921e-01 1.250000000000000000e-01 0.000000000000000000e+00
8.660801564027370558e-01 1.250000000000000000e-01 0.000000000000000000e+00
8.670576735092864196e-01 1.250000000000000000e-01 0.000000000000000000e+00
8.680351906158357833e-01 1.250000000000000000e-01 0.000000000000000000e+00
8.690127077223851471e-01 1.250000000000000000e-01 0.000000000000000000e+00
8.699902248289345108e-01 1.250000000000000000e-01 0.000000000000000000e+00
8.709677419354838745e-01 1.250000000000000000e-01 0.000000000000000000e+00
8.719452590420332383e-01 1.250000000000000000e-01 0.000000000000000000e+00
8.729227761485826020e-01 1.250000000000000000e-01 0.000000000000000000e+00
8.739002932551319658e-01 1.250000000000000000e-01 0.000000000000000000e+00
8.748778103616813295e-01 1.250000000000000000e-01 0.000000000000000000e+00
8.758553274682306933e-01 1.250000000000000000e-01 0.000000000000000000e+00
8.768328445747800570e-01 1.250000000000000000e-01 0.000000000000000000e+00
8.778103616813294208e-01 1.250000000000000000e-01 0.000000000000000000e+00
8.787878787878787845e-01 1.250000000000000000e-01 0.000000000000000000e+00
8.797653958944281483e-01 1.250000000000000000e-01 0.000000000000000000e+00
8.807429130009775120e-01 1.250000000000000000e-01 0.000000000000000000e+00
8.817204301075268758e-01 1.250000000000000000e-01 0.000000000000000000e+00
8.826979472140762395e-01 1.250000000000000000e-01 0.000000000000000000e+00
8.836754643206256032e-01 1.250000000000000000e-01 0.000000000000000000e+00
8.846529814271749670e-01 1.250000000000000000e-01 0.000000000000000000e+00
8.856304985337243307e-01 1.250000000000000000e-01 0.000000000000000000e+00
8.866080156402736945e-01 1.250000000000000000e-01 0.000000000000000000e+00
8.875855327468230582e-01 1.250000000000000000e-01 0.000000000000000000e+00
8.885630498533724220e-01 1.250000000000000000e-01 0.000000000000000000e+00
8.895405669599217857e-01 1.250000000000000000e-01 0.000000000000000000e+00
8.905180840664711495e-01 1.250000000000000000e-01 0.000000000000000000e+00
8.914956011730205132e-01 1.250000000000000000e-01 0.000000000000000000e+00
8.924731182795698770e-01 1.250000000000000000e-01 0.000000000000000000e+00
8.934506353861192407e-01 1.250000000000000000e-01 0.000000000000000000e+00
8.944281524926686044e-01 1.250000000000000000e-01 0.000000000000000000e+00
8.954056695992179682e-01 1.250000000000000000e-01 0.000000000000000000e+00
8.963831867057673319e-01 1.250000000000000000e-01 0.000000000000000000e+00
8.973607038123166957e-01 1.250000000000000000e-01 0.000000000000000000e+00
8.983382209188660594e-01 1.250000000000000000e-01 0.000000000000000000e+00
8.993157380254154232e-01 1.250000000000000000e-01 0.000000000000000000e+00
9.002932551319647869e-01 1.250000000000000000e-01 0.000000000000000000e+00
9.012707722385141507e-01 1.250000000000000000e-01 0.000000000000000000e+00
9.022482893450635144e-01 1.250000000000000000e-01 0.000000000000000000e+00
9.032258064516128782e-01 1.250000000000000000e-01 0.000000000000000000e+00
9.042033235581622419e-01 1.250000000000000000e-01 0.000000000000000000e+00
9.051808406647116056e-01 1.250000000000000000e-01 0.000000000000000000e+00
9.061583577712609694e-01 1.250000000000000000e-01 0.000000000000000000e+00
9.071358748778103331e-01 1.250000000000000000e-01 0.000000000000000000e+00
9.081133919843596969e-01 1.250000000000000000e-01 0.000000000000000000e+00
9.090909090909090606e-01 1.250000000000000000e-01 0.000000000000000000e+00
9.100684261974584244e-01 1.250000000000000000e-01 0.000000000000000000e+00
9.110459433040077881e-01 1.250000000000000000e-01 0.000000000000000000e+00
9.120234604105571519e-01 1.250000000000000000e-01 0.000000000000000000e+00
9.130009775171065156e-01 1.250000000000000000e-01 0.000000000000000000e+00
9.139784946236558794e-01 1.250000000000000000e-01 0.000000000000000000e+00
9.149560117302052431e-01 1.250000000000000000e-01 0.000000000000000000e+00
9.159335288367546068e-01 1.250000000000000000e-01 0.000000000000000000e+00
9.169110459433039706e-01 1.250000000000000000e-01 0.000000000000000000e+00
9.178885630498533343e-01 1.250000000000000000e-01 0.000000000000000000e+00
9.188660801564026981e-01 1.250000000000000000e-01 0.000000000000000000e+00
9.198435972629520618e-01 1.250000000000000000e-01 0.000000000000000000e+00
9.208211143695014256e-01 1.250000000000000000e-01 0.000000000000000000e+00
9.217986314760507893e-01 1.250000000000000000e-01 0.000000000000000000e+00
9.227761485826001531e-01 1.250000000000000000e-01 0.000000000000000000e+00
9.237536656891495168e-01 1.250000000000000000e-01 0.000000000000000000e+00
9.247311827956988806e-01 1.250000000000000000e-01 0.000000000000000000e+00
9.257086999022482443e-01 1.250000000000000000e-01 0.000000000000000000e+00
9.266862170087976081e-01 1.250000000000000000e-01 0.000000000000000000e+00
9.276637341153469718e-01 1.250000000000000000e-01 0.000000000000000000e+00
9.286412512218963355e-01 1.250000000000000000e-01 0.000000000000000000e+00
9.296187683284456993e-01 1.250000000000000000e-01 0.000000000000000000e+00
9.305962854349950630e-01 1.250000000000000000e-01 0.000000000000000000e+00
9.315738025415444268e-01 1.250000000000000000e-01 0.000000000000000000e+00
9.325513196480937905e-01 1.250000000000000000e-01 0.000000000000000000e+00
9.335288367546431543e-01 1.250000000000000000e-01 0.000000000000000000e+00
9.345063538611925180e-01 1.250000000000000000e-01 0.000000000000000000e+00
9.354838709677418818e-01 1.250000000000000000e-01 0.000000000000000000e+00
9.364613880742912455e-01 1.250000000000000000e-01 0.000000000000000000e+00
9.374389051808406093e-01 1.250000000000000000e-01 0.000000000000000000e+00
9.384164222873900840e-01 1.250000000000000000e-01 0.000000000000000000e+00
9.393939393939394478e-01 1.250000000000000000e-01 0.000000000000000000e+00
9.403714565004888115e-01 1.250000000000000000e-01 0.000000000000000000e+00
9.413489736070381753e-01 1.250000000000000000e-01 0.000000000000000000e+00
9.423264907135875390e-01 1.250000000000000000e-01 0.000000000000000000e+00
9.433040078201369028e-01 1.250000000000000000e-01 0.000000000000000000e+00
9.442815249266862665e-01 1.250000000000000000e-01 0.000000000000000000e+00
9.452590420332356302e-01 1.250000000000000000e-01 0.000000000000000000e+00
9.462365591397849940e-01 1.250000000000000000e-01 0.000000000000000000e+00
9.472140762463343577e-01 1.250000000000000000e-01 0.000000000000000000e+00
9.481915933528837215e-01 1.250000000000000000e-01 0.000000000000000000e+00
9.491691104594330852e-01 1.250000000000000000e-01 0.000000000000000000e+00
9.501466275659824490e-01 1.250000000000000000e-01 0.000000000000000000e+00
9.511241446725318127e-01 1.250000000000000000e-01 0.000000000000000000e+00
9.521016617790811765e-01 1.250000000000000000e-01 0.000000000000000000e+00
9.530791788856305402e-01 1.250000000000000000e-01 0.000000000000000000e+00
9.540566959921799040e-01 1.250000000000000000e-01 0.000000000000000000e+00
9.550342130987292677e-01 1.250000000000000000e-01 0.000000000000000000e+00
9.560117302052786314e-01 1.250000000000000000e-01 0.000000000000000000e+00
9.569892473118279952e-01 1.250000000000000000e-01 0.000000000000000000e+00
9.579667644183773589e-01 1.250000000000000000e-01 0.000000000000000000e+00
9.589442815249267227e-01 1.250000000000000000e-01 0.000000000000000000e+00
9.599217986314760864e-01 1.250000000000000000e-01 0.000000000000000000e+00
9.608993157380254502e-01 1.250000000000000000e-01 0.000000000000000000e+00
9.618768328445748139e-01 1.250000000000000000e-01 0.000000000000000000e+00
9.628543499511241777e-01 1.250000000000000000e-01 0.000000000000000000e+00
9.638318670576735414e-01 1.250000000000000000e-01 0.000000000000000000e+00
9.648093841642229052e-01 1.250000000000000000e-01 0.000000000000000000e+00
9.657869012707722689e-01 1.250000000000000000e-01 0.000000000000000000e+00
9.667644183773216326e-01 1.250000000000000000e-01 0.000000000000000000e+00
9.677419354838709964e-01 1.250000000000000000e-01 0.000000000000000000e+00
9.687194525904203601e-01 1.250000000000000000e-01 0.000000000000000000e+00
9.696969696969697239e-01 1.250000000000000000e-01 0.000000000000000000e+00
9.706744868035190876e-01 1.250000000000000000e-01 0.000000000000000000e+00
9.716520039100684514e-01 1.250000000000000000e-01 0.000000000000000000e+00
9.726295210166178151e-01 1.250000000000000000e-01 0.000000000000000000e+00
9.736070381231671789e-01 1.250000000000000000e-01 0.000000000000000000e+00
9.745845552297165426e-01 1.250000000000000000e-01 0.000000000000000000e+00
9.755620723362659064e-01 1.250000000000000000e-01 0.000000000000000000e+00
9.765395894428152701e-01 1.250000000000000000e-01 0.000000000000000000e+00
9.775171065493646338e-01 1.250000000000000000e-01 0.000000000000000000e+00
9.784946236559139976e-01 1.250000000000000000e-01 0.000000000000000000e+00
9.794721407624633613e-01 1.250000000000000000e-01 0.000000000000000000e+00
9.804496578690127251e-01 1.250000000000000000e-01 0.000000000000000000e+00
9.814271749755620888e-01 1.250000000000000000e-01 0.000000000000000000e+00
9.824046920821114526e-01 1.250000000000000000e-01 0.000000000000000000e+00
9.833822091886608163e-01 1.250000000000000000e-01 0.000000000000000000e+00
9.843597262952101801e-01 1.250000000000000000e-01 0.000000000000000000e+00
9.853372434017595438e-01 1.250000000000000000e-01 0.000000000000000000e+00
9.863147605083089076e-01 1.250000000000000000e-01 0.000000000000000000e+00
9.872922776148582713e-01 1.250000000000000000e-01 0.000000000000000000e+00
9.882697947214076351e-01 1.250000000000000000e-01 0.000000000000000000e+00
9.892473118279569988e-01 1.250000000000000000e-01 0.000000000000000000e+00
9.902248289345063625e-01 1.250000000000000000e-01 0.000000000000000000e+00
9.912023460410557263e-01 1.250000000000000000e-01 0.000000000000000000e+00
9.921798631476050900e-01 1.250000000000000000e-01 0.000000000000000000e+00
9.931573802541544538e-01 1.250000000000000000e-01 0.000000000000000000e+00
9.941348973607038175e-01 1.250000000000000000e-01 0.000000000000000000e+00
9.951124144672531813e-01 1.250000000000000000e-01 0.000000000000000000e+00
9.960899315738025450e-01 1.250000000000000000e-01 0.000000000000000000e+00
9.970674486803519088e-01 1.250000000000000000e-01 0.000000000000000000e+00
9.980449657869012725e-01 1.250000000000000000e-01 0.000000000000000000e+00
9.990224828934506363e-01 1.250000000000000000e-01 -0.000000000000000000e+00
1.000000000000000000e+00 1.250000000000000000e-01 -0.000000000000000000e+00
