# 0.1360581469130309
0.000000000000000000e+00 1.000000000000000000e+00 -0.000000000000000000e+00
9.775171065493646130e-04 1.000000000000000000e+00 -0.000000000000000000e+00
1.955034213098729226e-03 1.000000000000000000e+00 0.000000000000000000e+00
2.932551319648093839e-03 1.000000000000000000e+00 0.000000000000000000e+00
3.910068426197458452e-03 1.000000000000000000e+00 0.000000000000000000e+00
4.887585532746823065e-03 1.000000000000000000e+00 0.000000000000000000e+00
5.865102639296187678e-03 1.000000000000000000e+00 0.000000000000000000e+00
6.842619745845552291e-03 1.000000000000000000e+00 0.000000000000000000e+00
7.820136852394916904e-03 1.000000000000000000e+00 0.000000000000000000e+00
8.797653958944282385e-03 1.000000000000000000e+00 0.000000000000000000e+00
9.775171065493646130e-03 1.000000000000000000e+00 0.000000000000000000e+00
1.075268817204301161e-02 1.000000000000000000e+00 0.000000000000000000e+00
1.173020527859237536e-02 1.000000000000000000e+00 0.000000000000000000e+00
1.270772238514174084e-02 1.000000000000000000e+00 0.000000000000000000e+00
1.368523949169110458e-02 1.000000000000000000e+00 0.000000000000000000e+00
1.466275659824047006e-02 1.000000000000000000e+00 0.000000000000000000e+00
1.564027370478983381e-02 1.000000000000000000e+00 0.000000000000000000e+00
1.661779081133919755e-02 1.000000000000000000e+00 0.000000000000000000e+00
1.759530791788856477e-02 1.000000000000000000e+00 0.000000000000000000e+00
1.857282502443792851e-02 1.000000000000000000e+00 0.000000000000000000e+00
1.955034213098729226e-02 1.000000000000000000e+00 0.000000000000000000e+00
2.052785923753665601e-02 1.000000000000000000e+00 0.000000000000000000e+00
2.150537634408602322e-02 1.000000000000000000e+00 0.000000000000000000e+00
2.248289345063538697e-02 1.000000000000000000e+00 0.000000000000000000e+00
2.346041055718475071e-02 1.000000000000000000e+00 0.000000000000000000e+00
2.443792766373411446e-02 1.000000000000000000e+00 0.000000000000000000e+00
2.541544477028348167e-02 1.000000000000000000e+00 0.000000000000000000e+00
2.639296187683284542e-02 1.000000000000000000e+00 0.000000000000000000e+00
2.737047898338220916e-02 1.000000000000000000e+00 0.000000000000000000e+00
2.834799608993157291e-02 1.000000000000000000e+00 0.000000000000000000e+00
2.932551319648094013e-02 1.000000000000000000e+00 0.000000000000000000e+00
3.030303030303030387e-02 1.000000000000000000e+00 0.000000000000000000e+00
3.128054740957966762e-02 1.000000000000000000e+00 0.000000000000000000e+00
3.225806451612903136e-02 1.000000000000000000e+00 0.000000000000000000e+00
3.323558162267839511e-02 1.000000000000000000e+00 0.000000000000000000e+00
3.421309872922775885e-02 1.000000000000000000e+00 0.000000000000000000e+00
3.519061583577712954e-02 1.000000000000000000e+00 0.000000000000000000e+00
3.616813294232649328e-02 1.000000000000000000e+00 0.000000000000000000e+00
3.714565004887585703e-02 1.000000000000000000e+00 0.000000000000000000e+00
3.812316715542522078e-02 1.000000000000000000e+00 0.000000000000000000e+00
3.910068426197458452e-02 1.000000000000000000e+00 0.000000000000000000e+00
4.007820136852394827e-02 1.000000000000000000e+00 0.000000000000000000e+00
4.105571847507331201e-02 1.000000000000000000e+00 0.000000000000000000e+00
4.203323558162267576e-02 1.000000000000000000e+00 0.000000000000000000e+00
4.301075268817204644e-02 1.000000000000000000e+00 0.000000000000000000e+00
4.398826979472141019e-02 1.000000000000000000e+00 0.000000000000000000e+00
4.496578690127077393e-02 1.000000000000000000e+00 0.000000000000000000e+00
4.594330400782013768e-02 1.000000000000000000e+00 0.000000000000000000e+00
4.692082111436950143e-02 1.000000000000000000e+00 0.000000000000000000e+00
4.789833822091886517e-02 1.000000000000000000e+00 0.000000000000000000e+00
4.887585532746822892e-02 1.000000000000000000e+00 0.000000000000000000e+00
4.985337243401759266e-02 1.000000000000000000e+00 0.000000000000000000e+00
5.083088954056696335e-02 1.000000000000000000e+00 0.000000000000000000e+00
5.180840664711632709e-02 1.000000000000000000e+00 0.000000000000000000e+00
5.278592375366569084e-02 1.000000000000000000e+00 0.000000000000000000e+00
5.376344086021505458e-02 1.000000000000000000e+00 0.000000000000000000e+00
5.474095796676441833e-02 1.000000000000000000e+00 0.000000000000000000e+00
5.571847507331378208e-02 1.000000000000000000e+00 0.000000000000000000e+00
5.669599217986314582e-02 1.000000000000000000e+00 0.000000000000000000e+00
5.767350928641250957e-02 1.000000000000000000e+00 0.000000000000000000e+00
5.865102639296188025e-02 1.000000000000000000e+00 0.000000000000000000e+00
5.962854349951124400e-02 1.000000000000000000e+00 0.000000000000000000e+00
6.060606060606060774e-02 1.000000000000000000e+00 0.000000000000000000e+00
6.158357771260997149e-02 1.000000000000000000e+00 0.000000000000000000e+00
6.256109481915933523e-02 1.000000000000000000e+00 0.000000000000000000e+00
6.353861192570869898e-02 1.000000000000000000e+00 0.000000000000000000e+00
6.451612903225806273e-02 1.000000000000000000e+00 0.000000000000000000e+00
6.549364613880742647e-02 1.000000000000000000e+00 0.000000000000000000e+00
6.647116324535679022e-02 1.000000000000000000e+00 0.000000000000000000e+00
6.744868035190615396e-02 1.000000000000000000e+00 0.000000000000000000e+00
6.842619745845551771e-02 1.000000000000000000e+00 0.000000000000000000e+00
6.940371456500488145e-02 1.000000000000000000e+00 0.000000000000000000e+00
7.038123167155425908e-02 1.000000000000000000e+00 0.000000000000000000e+00
7.135874877810362282e-02 1.000000000000000000e+00 0.000000000000000000e+00
7.233626588465298657e-02 1.000000000000000000e+00 0.000000000000000000e+00
7.331378299120235031e-02 1.000000000000000000e+00 0.000000000000000000e+00
7.429130009775171406e-02 1.000000000000000000e+00 0.000000000000000000e+00
7.526881720430107781e-02 1.000000000000000000e+00 0.000000000000000000e+00
7.624633431085044155e-02 1.000000000000000000e+00 0.000000000000000000e+00
7.722385141739980530e-02 1.000000000000000000e+00 0.000000000000000000e+00
7.820136852394916904e-02 1.000000000000000000e+00 0.000000000000000000e+00
7.917888563049853279e-02 1.000000000000000000e+00 0.000000000000000000e+00
8.015640273704789653e-02 1.000000000000000000e+00 0.000000000000000000e+00
8.113391984359726028e-02 1.000000000000000000e+00 0.000000000000000000e+00
8.211143695014662403e-02 1.000000000000000000e+00 0.000000000000000000e+00
8.308895405669598777e-02 1.000000000000000000e+00 0.000000000000000000e+00
8.406647116324535152e-02 1.000000000000000000e+00 0.000000000000000000e+00
8.504398826979471526e-02 1.000000000000000000e+00 0.000000000000000000e+00
8.602150537634409289e-02 1.000000000000000000e+00 0.000000000000000000e+00
8.699902248289345663e-02 1.000000000000000000e+00 0.000000000000000000e+00
8.797653958944282038e-02 1.000000000000000000e+00 0.000000000000000000e+00
8.895405669599218412e-02 1.000000000000000000e+00 0.000000000000000000e+00
8.993157380254154787e-02 1.000000000000000000e+00 0.000000000000000000e+00
9.090909090909091161e-02 1.000000000000000000e+00 0.000000000000000000e+00
9.188660801564027536e-02 1.000000000000000000e+00 0.000000000000000000e+00
9.286412512218963911e-02 1.000000000000000000e+00 0.000000000000000000e+00
9.384164222873900285e-02 1.000000000000000000e+00 0.000000000000000000e+00
9.481915933528836660e-02 1.000000000000000000e+00 0.000000000000000000e+00
9.579667644183773034e-02 1.000000000000000000e+00 0.000000000000000000e+00
9.677419354838709409e-02 1.000000000000000000e+00 0.000000000000000000e+00
9.775171065493645783e-02 1.000000000000000000e+00 0.000000000000000000e+00
9.872922776148582158e-02 1.000000000000000000e+00 0.000000000000000000e+00
9.970674486803518533e-02 1.000000000000000000e+00 0.000000000000000000e+00
1.006842619745845491e-01 1.000000000000000000e+00 0.000000000000000000e+00
1.016617790811339267e-01 1.000000000000000000e+00 0.000000000000000000e+00
1.026392961876832904e-01 1.000000000000000000e+00 0.000000000000000000e+00
1.036168132942326542e-01 1.000000000000000000e+00 0.000000000000000000e+00
1.045943304007820179e-01 1.000000000000000000e+00 0.000000000000000000e+00
1.055718475073313817e-01 1.000000000000000000e+00 0.000000000000000000e+00
1.065493646138807454e-01 1.000000000000000000e+00 0.000000000000000000e+00
1.075268817204301092e-01 1.000000000000000000e+00 0.000000000000000000e+00
1.085043988269794729e-01 1.000000000000000000e+00 0.000000000000000000e+00
1.094819159335288367e-01 1.000000000000000000e+00 0.000000000000000000e+00
1.104594330400782004e-01 1.000000000000000000e+00 0.000000000000000000e+00
1.114369501466275642e-01 1.000000000000000000e+00 0.000000000000000000e+00
1.124144672531769279e-01 1.000000000000000000e+00 0.000000000000000000e+00
1.133919843597262916e-01 1.000000000000000000e+00 0.000000000000000000e+00
1.143695014662756554e-01 1.000000000000000000e+00 0.000000000000000000e+00
1.153470185728250191e-01 1.000000000000000000e+00 0.000000000000000000e+00
1.163245356793743829e-01 1.000000000000000000e+00 0.000000000000000000e+00
1.173020527859237605e-01 1.000000000000000000e+00 0.000000000000000000e+00
1.182795698924731242e-01 1.000000000000000000e+00 0.000000000000000000e+00
1.192570869990224880e-01 1.000000000000000000e+00 0.000000000000000000e+00
1.202346041055718517e-01 1.000000000000000000e+00 0.000000000000000000e+00
1.212121212121212155e-01 1.000000000000000000e+00 0.000000000000000000e+00
1.221896383186705792e-01 1.000000000000000000e+00 0.000000000000000000e+00
1.231671554252199430e-01 1.000000000000000000e+00 0.000000000000000000e+00
1.241446725317693067e-01 1.000000000000000000e+00 0.000000000000000000e+00
1.251221896383186705e-01 1.000000000000000000e+00 0.000000000000000000e+00
1.260997067448680342e-01 1.000000000000000000e+00 0.000000000000000000e+00
1.270772238514173980e-01 1.000000000000000000e+00 0.000000000000000000e+00
1.280547409579667617e-01 1.000000000000000000e+00 0.000000000000000000e+00
1.290322580645161255e-01 1.000000000000000000e+00 0.000000000000000000e+00
1.300097751710654892e-01 1.000000000000000000e+00 0.000000000000000000e+00
1.309872922776148529e-01 1.000000000000000000e+00 0.000000000000000000e+00
1.319648093841642167e-01 1.000000000000000000e+00 0.000000000000000000e+00
1.329423264907135804e-01 1.000000000000000000e+00 0.000000000000000000e+00
1.339198435972629442e-01 1.000000000000000000e+00 0.000000000000000000e+00
1.348973607038123079e-01 1.000000000000000000e+00 0.000000000000000000e+00
1.358748778103616717e-01 1.000000000000000000e+00 0.000000000000000000e+00
1.368523949169110354e-01 1.000000000000000000e+00 0.000000000000000000e+00
1.378299120234603992e-01 1.000000000000000000e+00 0.000000000000000000e+00
1.388074291300097629e-01 1.000000000000000000e+00 0.000000000000000000e+00
1.397849462365591267e-01 1.000000000000000000e+00 0.000000000000000000e+00
1.407624633431085182e-01 1.000000000000000000e+00 0.000000000000000000e+00
1.417399804496578819e-01 1.000000000000000000e+00 0.000000000000000000e+00
1.427174975562072456e-01 1.000000000000000000e+00 0.000000000000000000e+00
1.436950146627566094e-01 1.000000000000000000e+00 0.000000000000000000e+00
1.446725317693059731e-01 1.000000000000000000e+00 0.000000000000000000e+00
1.456500488758553369e-01 1.000000000000000000e+00 0.000000000000000000e+00
1.466275659824047006e-01 1.000000000000000000e+00 0.000000000000000000e+00
1.476050830889540644e-01 1.000000000000000000e+00 0.000000000000000000e+00
1.485826001955034281e-01 1.000000000000000000e+00 0.000000000000000000e+00
1.495601173020527919e-01 1.000000000000000000e+00 0.000000000000000000e+00
1.505376344086021556e-01 1.000000000000000000e+00 0.000000000000000000e+00
1.515151515151515194e-01 1.000000000000000000e+00 0.000000000000000000e+00
1.524926686217008831e-01 1.000000000000000000e+00 0.000000000000000000e+00
1.534701857282502468e-01 1.000000000000000000e+00 0.000000000000000000e+00
1.544477028347996106e-01 1.000000000000000000e+00 0.000000000000000000e+00
1.554252199413489743e-01 1.000000000000000000e+00 0.000000000000000000e+00
1.564027370478983381e-01 1.000000000000000000e+00 0.000000000000000000e+00
1.573802541544477018e-01 1.000000000000000000e+00 0.000000000000000000e+00
1.583577712609970656e-01 1.000000000000000000e+00 0.000000000000000000e+00
1.593352883675464293e-01 1.000000000000000000e+00 0.000000000000000000e+00
1.603128054740957931e-01 1.000000000000000000e+00 0.000000000000000000e+00
1.612903225806451568e-01 1.000000000000000000e+00 0.000000000000000000e+00
1.622678396871945206e-01 1.000000000000000000e+00 0.000000000000000000e+00
1.632453567937438843e-01 1.000000000000000000e+00 0.000000000000000000e+00
1.642228739002932481e-01 1.000000000000000000e+00 0.000000000000000000e+00
1.652003910068426118e-01 1.000000000000000000e+00 0.000000000000000000e+00
1.661779081133919755e-01 1.000000000000000000e+00 0.000000000000000000e+00
1.671554252199413393e-01 1.000000000000000000e+00 0.000000000000000000e+00
1.681329423264907030e-01 1.000000000000000000e+00 0.000000000000000000e+00
1.691104594330400668e-01 1.000000000000000000e+00 0.000000000000000000e+00
1.700879765395894305e-01 1.000000000000000000e+00 0.000000000000000000e+00
1.710654936461387943e-01 1.000000000000000000e+00 0.000000000000000000e+00
1.720430107526881858e-01 1.000000000000000000e+00 0.000000000000000000e+00
1.730205278592375495e-01 1.000000000000000000e+00 0.000000000000000000e+00
1.739980449657869133e-01 1.000000000000000000e+00 0.000000000000000000e+00
1.749755620723362770e-01 1.000000000000000000e+00 0.000000000000000000e+00
1.759530791788856408e-01 1.000000000000000000e+00 0.000000000000000000e+00
1.769305962854350045e-01 1.000000000000000000e+00 0.000000000000000000e+00
1.779081133919843682e-01 1.000000000000000000e+00 0.000000000000000000e+00
1.788856304985337320e-01 1.000000000000000000e+00 0.000000000000000000e+00
1.798631476050830957e-01 1.000000000000000000e+00 0.000000000000000000e+00
1.808406647116324595e-01 1.000000000000000000e+00 0.000000000000000000e+00
1.818181818181818232e-01 1.000000000000000000e+00 0.000000000000000000e+00
1.827956989247311870e-01 1.000000000000000000e+00 0.000000000000000000e+00
1.837732160312805507e-01 1.000000000000000000e+00 0.000000000000000000e+00
1.847507331378299145e-01 1.000000000000000000e+00 0.000000000000000000e+00
1.857282502443792782e-01 1.000000000000000000e+00 0.000000000000000000e+00
1.867057673509286420e-01 1.000000000000000000e+00 0.000000000000000000e+00
1.876832844574780057e-01 1.000000000000000000e+00 0.000000000000000000e+00
1.886608015640273694e-01 1.000000000000000000e+00 0.000000000000000000e+00
1.896383186705767332e-01 1.000000000000000000e+00 0.000000000000000000e+00
1.906158357771260969e-01 1.000000000000000000e+00 0.000000000000000000e+00
1.915933528836754607e-01 1.000000000000000000e+00 0.000000000000000000e+00
1.925708699902248244e-01 1.000000000000000000e+00 0.000000000000000000e+00
1.935483870967741882e-01 1.000000000000000000e+00 0.000000000000000000e+00
1.945259042033235519e-01 1.000000000000000000e+00 0.000000000000000000e+00
1.955034213098729157e-01 1.000000000000000000e+00 0.000000000000000000e+00
1.964809384164222794e-01 1.000000000000000000e+00 0.000000000000000000e+00
1.974584555229716432e-01 1.000000000000000000e+00 0.000000000000000000e+00
1.984359726295210069e-01 1.000000000000000000e+00 0.000000000000000000e+00
1.994134897360703707e-01 1.000000000000000000e+00 0.000000000000000000e+00
2.003910068426197344e-01 1.000000000000000000e+00 0.000000000000000000e+00
2.013685239491690981e-01 1.000000000000000000e+00 0.000000000000000000e+00
2.023460410557184619e-01 1.000000000000000000e+00 0.000000000000000000e+00
2.033235581622678534e-01 1.000000000000000000e+00 0.000000000000000000e+00
2.043010752688172171e-01 1.000000000000000000e+00 0.000000000000000000e+00
2.052785923753665809e-01 1.000000000000000000e+00 0.000000000000000000e+00
2.062561094819159446e-01 1.000000000000000000e+00 0.000000000000000000e+00
2.072336265884653084e-01 1.000000000000000000e+00 0.000000000000000000e+00
2.082111436950146721e-01 1.000000000000000000e+00 0.000000000000000000e+00
2.091886608015640359e-01 1.000000000000000000e+00 0.000000000000000000e+00
2.101661779081133996e-01 1.000000000000000000e+00 0.000000000000000000e+00
2.111436950146627634e-01 1.000000000000000000e+00 0.000000000000000000e+00
2.121212121212121271e-01 1.000000000000000000e+00 0.000000000000000000e+00
2.130987292277614908e-01 1.000000000000000000e+00 0.000000000000000000e+00
2.140762463343108546e-01 1.000000000000000000e+00 0.000000000000000000e+00
2.150537634408602183e-01 1.000000000000000000e+00 0.000000000000000000e+00
2.160312805474095821e-01 1.000000000000000000e+00 0.000000000000000000e+00
2.170087976539589458e-01 1.000000000000000000e+00 0.000000000000000000e+00
2.179863147605083096e-01 1.000000000000000000e+00 0.000000000000000000e+00
2.189638318670576733e-01 1.000000000000000000e+00 0.000000000000000000e+00
2.199413489736070371e-01 1.000000000000000000e+00 0.000000000000000000e+00
2.209188660801564008e-01 1.000000000000000000e+00 0.000000000000000000e+00
2.218963831867057646e-01 1.000000000000000000e+00 0.000000000000000000e+00
2.228739002932551283e-01 1.000000000000000000e+00 0.000000000000000000e+00
2.238514173998044920e-01 1.000000000000000000e+00 0.000000000000000000e+00
2.248289345063538558e-01 1.000000000000000000e+00 0.000000000000000000e+00
2.258064516129032195e-01 1.000000000000000000e+00 0.000000000000000000e+00
2.267839687194525833e-01 1.000000000000000000e+00 0.000000000000000000e+00
2.277614858260019470e-01 1.000000000000000000e+00 0.000000000000000000e+00
2.287390029325513108e-01 1.000000000000000000e+00 0.000000000000000000e+00
2.297165200391006745e-01 1.000000000000000000e+00 0.000000000000000000e+00
2.306940371456500383e-01 1.000000000000000000e+00 0.000000000000000000e+00
2.316715542521994020e-01 1.000000000000000000e+00 0.000000000000000000e+00
2.326490713587487658e-01 1.000000000000000000e+00 0.000000000000000000e+00
2.336265884652981295e-01 1.000000000000000000e+00 0.000000000000000000e+00
2.346041055718475210e-01 1.000000000000000000e+00 0.000000000000000000e+00
2.355816226783968848e-01 1.000000000000000000e+00 0.000000000000000000e+00
2.365591397849462485e-01 1.000000000000000000e+00 0.000000000000000000e+00
2.375366568914956122e-01 1.000000000000000000e+00 0.000000000000000000e+00
2.385141739980449760e-01 1.000000000000000000e+00 0.000000000000000000e+00
2.394916911045943397e-01 1.000000000000000000e+00 0.000000000000000000e+00
2.404692082111437035e-01 1.000000000000000000e+00 0.000000000000000000e+00
2.414467253176930672e-01 1.000000000000000000e+00 0.000000000000000000e+00
2.424242424242424310e-01 1.000000000000000000e+00 0.000000000000000000e+00
2.434017595307917947e-01 1.000000000000000000e+00 0.000000000000000000e+00
2.443792766373411585e-01 1.000000000000000000e+00 0.000000000000000000e+00
2.453567937438905222e-01 1.000000000000000000e+00 0.000000000000000000e+00
2.463343108504398860e-01 1.000000000000000000e+00 0.000000000000000000e+00
2.473118279569892497e-01 1.000000000000000000e+00 0.000000000000000000e+00
2.482893450635386134e-01 1.000000000000000000e+00 0.000000000000000000e+00
2.492668621700879772e-01 1.000000000000000000e+00 0.000000000000000000e+00
2.502443792766373409e-01 1.000000000000000000e+00 0.000000000000000000e+00
2.512218963831867047e-01 1.000000000000000000e+00 0.000000000000000000e+00
2.521994134897360684e-01 1.000000000000000000e+00 0.000000000000000000e+00
2.531769305962854322e-01 1.000000000000000000e+00 0.000000000000000000e+00
2.541544477028347959e-01 1.000000000000000000e+00 0.000000000000000000e+00
2.551319648093841597e-01 1.000000000000000000e+00 0.000000000000000000e+00
2.561094819159335234e-01 1.000000000000000000e+00 0.000000000000000000e+00
2.570869990224828872e-01 1.000000000000000000e+00 0.000000000000000000e+00
2.580645161290322509e-01 1.000000000000000000e+00 0.000000000000000000e+00
2.590420332355816146e-01 1.000000000000000000e+00 0.000000000000000000e+00
2.600195503421309784e-01 1.000000000000000000e+00 0.000000000000000000e+00
2.609970674486803421e-01 1.000000000000000000e+00 0.000000000000000000e+00
2.619745845552297059e-01 1.000000000000000000e+00 0.000000000000000000e+00
2.629521016617790696e-01 1.000000000000000000e+00 0.000000000000000000e+00
2.639296187683284334e-01 1.000000000000000000e+00 0.000000000000000000e+00
2.649071358748777971e-01 1.000000000000000000e+00 0.000000000000000000e+00
2.658846529814271609e-01 1.000000000000000000e+00 0.000000000000000000e+00
2.668621700879765246e-01 1.000000000000000000e+00 0.000000000000000000e+00
2.678396871945258884e-01 1.000000000000000000e+00 0.000000000000000000e+00
2.688172043010752521e-01 1.000000000000000000e+00 0.000000000000000000e+00
2.697947214076246158e-01 1.000000000000000000e+00 0.000000000000000000e+00
2.707722385141739796e-01 1.000000000000000000e+00 0.000000000000000000e+00
2.717497556207233433e-01 1.000000000000000000e+00 0.000000000000000000e+00
2.727272727272727071e-01 1.000000000000000000e+00 0.000000000000000000e+00
2.737047898338220708e-01 1.000000000000000000e+00 0.000000000000000000e+00
2.746823069403714346e-01 1.000000000000000000e+00 0.000000000000000000e+00
2.756598240469207983e-01 1.000000000000000000e+00 0.000000000000000000e+00
2.766373411534701621e-01 1.000000000000000000e+00 0.000000000000000000e+00
2.776148582600195258e-01 1.000000000000000000e+00 0.000000000000000000e+00
2.785923753665688896e-01 1.000000000000000000e+00 0.000000000000000000e+00
2.795698924731182533e-01 1.000000000000000000e+00 0.000000000000000000e+00
2.805474095796676171e-01 1.000000000000000000e+00 0.000000000000000000e+00
2.815249266862170363e-01 1.000000000000000000e+00 0.000000000000000000e+00
2.825024437927664001e-01 1.000000000000000000e+00 0.000000000000000000e+00
2.834799608993157638e-01 1.000000000000000000e+00 0.000000000000000000e+00
2.844574780058651275e-01 1.000000000000000000e+00 0.000000000000000000e+00
2.854349951124144913e-01 1.000000000000000000e+00 0.000000000000000000e+00
2.864125122189638550e-01 1.000000000000000000e+00 0.000000000000000000e+00
2.873900293255132188e-01 1.000000000000000000e+00 0.000000000000000000e+00
2.883675464320625825e-01 1.000000000000000000e+00 0.000000000000000000e+00
2.893450635386119463e-01 1.000000000000000000e+00 0.000000000000000000e+00
2.903225806451613100e-01 1.000000000000000000e+00 0.000000000000000000e+00
2.913000977517106738e-01 1.000000000000000000e+00 0.000000000000000000e+00
2.922776148582600375e-01 1.000000000000000000e+00 0.000000000000000000e+00
2.932551319648094013e-01 1.000000000000000000e+00 0.000000000000000000e+00
2.942326490713587650e-01 1.000000000000000000e+00 0.000000000000000000e+00
2.952101661779081287e-01 1.000000000000000000e+00 0.000000000000000000e+00
2.961876832844574925e-01 1.000000000000000000e+00 0.000000000000000000e+00
2.971652003910068562e-01 1.000000000000000000e+00 0.000000000000000000e+00
2.981427174975562200e-01 1.000000000000000000e+00 0.000000000000000000e+00
2.991202346041055837e-01 1.000000000000000000e+00 0.000000000000000000e+00
3.000977517106549475e-01 1.000000000000000000e+00 0.000000000000000000e+00
3.010752688172043112e-01 1.000000000000000000e+00 0.000000000000000000e+00
3.020527859237536750e-01 1.000000000000000000e+00 0.000000000000000000e+00
3.030303030303030387e-01 1.000000000000000000e+00 0.000000000000000000e+00
3.040078201368524025e-01 1.000000000000000000e+00 0.000000000000000000e+00
3.049853372434017662e-01 1.000000000000000000e+00 0.000000000000000000e+00
3.059628543499511300e-01 1.000000000000000000e+00 0.000000000000000000e+00
3.069403714565004937e-01 1.000000000000000000e+00 0.000000000000000000e+00
3.079178885630498574e-01 1.000000000000000000e+00 0.000000000000000000e+00
3.088954056695992212e-01 1.000000000000000000e+00 0.000000000000000000e+00
3.098729227761485849e-01 1.000000000000000000e+00 0.000000000000000000e+00
3.108504398826979487e-01 1.000000000000000000e+00 0.000000000000000000e+00
3.118279569892473124e-01 1.000000000000000000e+00 0.000000000000000000e+00
3.128054740957966762e-01 1.000000000000000000e+00 0.000000000000000000e+00
3.137829912023460399e-01 1.000000000000000000e+00 0.000000000000000000e+00
3.147605083088954037e-01 1.000000000000000000e+00 0.000000000000000000e+00
3.157380254154447674e-01 1.000000000000000000e+00 0.000000000000000000e+00
3.167155425219941312e-01 1.000000000000000000e+00 0.000000000000000000e+00
3.176930596285434949e-01 1.000000000000000000e+00 0.000000000000000000e+00
3.186705767350928586e-01 1.000000000000000000e+00 0.000000000000000000e+00
3.196480938416422224e-01 1.000000000000000000e+00 0.000000000000000000e+00
3.206256109481915861e-01 1.000000000000000000e+00 0.000000000000000000e+00
3.216031280547409499e-01 1.000000000000000000e+00 0.000000000000000000e+00
3.225806451612903136e-01 1.000000000000000000e+00 0.000000000000000000e+00
3.235581622678396774e-01 1.000000000000000000e+00 0.000000000000000000e+00
3.245356793743890411e-01 1.000000000000000000e+00 0.000000000000000000e+00
3.255131964809384049e-01 1.000000000000000000e+00 0.000000000000000000e+00
3.264907135874877686e-01 1.000000000000000000e+00 0.000000000000000000e+00
3.274682306940371324e-01 1.000000000000000000e+00 0.000000000000000000e+00
3.284457478005864961e-01 1.000000000000000000e+00 0.000000000000000000e+00
3.294232649071358598e-01 1.000000000000000000e+00 0.000000000000000000e+00
3.304007820136852236e-01 1.000000000000000000e+00 0.000000000000000000e+00
3.313782991202345873e-01 1.000000000000000000e+00 0.000000000000000000e+00
3.323558162267839511e-01 1.000000000000000000e+00 0.000000000000000000e+00
3.333333333333333148e-01 1.000000000000000000e+00 0.000000000000000000e+00
3.343108504398826786e-01 1.000000000000000000e+00 0.000000000000000000e+00
3.352883675464320423e-01 1.000000000000000000e+00 0.000000000000000000e+00
3.362658846529814061e-01 1.000000000000000000e+00 0.000000000000000000e+00
3.372434017595307698e-01 1.000000000000000000e+00 0.000000000000000000e+00
3.382209188660801336e-01 1.000000000000000000e+00 0.000000000000000000e+00
3.391984359726294973e-01 1.000000000000000000e+00 0.000000000000000000e+00
3.401759530791788610e-01 1.000000000000000000e+00 0.000000000000000000e+00
3.411534701857282248e-01 1.000000000000000000e+00 0.000000000000000000e+00
3.421309872922775885e-01 1.000000000000000000e+00 0.000000000000000000e+00
3.431085043988269523e-01 1.000000000000000000e+00 0.000000000000000000e+00
3.440860215053763715e-01 1.000000000000000000e+00 0.000000000000000000e+00
3.450635386119257353e-01 1.000000000000000000e+00 0.000000000000000000e+00
3.460410557184750990e-01 1.000000000000000000e+00 0.000000000000000000e+00
3.470185728250244628e-01 1.000000000000000000e+00 0.000000000000000000e+00
3.479960899315738265e-01 1.000000000000000000e+00 1.806925473900441294e-17
3.489736070381231903e-01 9.999999999999995559e-01 4.833655660884530336e-16
3.499511241446725540e-01 9.999999999999971134e-01 1.919938465405906480e-15
3.509286412512219178e-01 9.999999999999920064e-01 7.661832756893179000e-15
3.519061583577712815e-01 9.999999999999743538e-01 1.840036549458143087e-14
3.528836754643206453e-01 9.999999999999420464e-01 5.394128636109024087e-14
3.538611925708700090e-01 9.999999999998365752e-01 1.184274494220677765e-13
3.548387096774193727e-01 9.999999999996445066e-01 3.258690701151423217e-13
3.558162267839687365e-01 9.999999999990389909e-01 6.989953660637262176e-13
3.567937438905181002e-01 9.999999999979569676e-01 1.862985199052298988e-12
3.577712609970674640e-01 9.999999999946169726e-01 3.929031518929354950e-12
3.587487781036168277e-01 9.999999999887293489e-01 1.020470664955695646e-11
3.597262952101661915e-01 9.999999999710905696e-01 2.118758507830228532e-11
3.607038123167155552e-01 9.999999999404166617e-01 5.355970748067584876e-11
3.616813294232649190e-01 9.999999998512958399e-01 1.094403992871521468e-10
3.626588465298142827e-01 9.999999996984568762e-01 2.690822562808103695e-10
3.636363636363636465e-01 9.999999992682896410e-01 5.407712363136886535e-10
3.646138807429130102e-01 9.999999985411590631e-01 1.292189451652584950e-09
3.655913978494623739e-01 9.999999965611282571e-01 2.552296260609813112e-09
3.665689149560117377e-01 9.999999932640144529e-01 5.921790406691707731e-09
3.675464320625611014e-01 9.999999845895702899e-01 1.148656526644700097e-08
3.685239491691104652e-01 9.999999703684527841e-01 2.585153087678406421e-08
3.695014662756598289e-01 9.999999342771362931e-01 4.920075669332468407e-08
3.704789833822091927e-01 9.999998760618020732e-01 1.072901277183499158e-07
3.714565004887585564e-01 9.999997337998937086e-01 2.001529320621134526e-07
3.724340175953079202e-01 9.999995082004337066e-01 4.223800343787862703e-07
3.734115347018572839e-01 9.999989784425223904e-01 7.714934668904162358e-07
3.743890518084066477e-01 9.999981532342957502e-01 1.573331140829523003e-06
3.753665689149560114e-01 9.999962956390325841e-01 2.810046887805074882e-06
3.763440860215053752e-01 9.999934562108909741e-01 5.529123522779895970e-06
3.773216031280547389e-01 9.999873462467426810e-01 9.641875119384347149e-06
3.782991202346041026e-01 9.999781928168568479e-01 1.827098613720960345e-05
3.792766373411534664e-01 9.999594282249517629e-01 3.105350749191322120e-05
3.802541544477028301e-01 9.999319171281175755e-01 5.655107347659983955e-05
3.812316715542521939e-01 9.998784090023419280e-01 9.347955188710856751e-05
3.822091886608015576e-01 9.998017753909865801e-01 1.631889907106051434e-04
3.831867057673509214e-01 9.996610746882319543e-01 2.616921069116416500e-04
3.841642228739002851e-01 9.994646762389769457e-01 4.366672422073565054e-04
3.851417399804496489e-01 9.991263554294670390e-01 6.772506864999814366e-04
3.861192570869990126e-01 9.986673832753253377e-01 1.076692692875015796e-03
3.870967741935483764e-01 9.979307957660094042e-01 1.609308711530422738e-03
3.880742913000977401e-01 9.969629255264227385e-01 2.429634838157990456e-03
3.890518084066471038e-01 9.955263536200614771e-01 3.486142190338557649e-03
3.900293255131964676e-01 9.937051214938336097e-01 4.984860226365013351e-03
3.910068426197458313e-01 9.912194802784435321e-01 6.841065758511688695e-03
3.919843597262951951e-01 9.881914159825947452e-01 9.255913348403017535e-03
3.929618768328445588e-01 9.843956955699120215e-01 1.212028000625610391e-02
3.939393939393939226e-01 9.799681058867794059e-01 1.554540436157696333e-02
3.949169110459432863e-01 9.748354491130793997e-01 1.942526327376697601e-02
3.958944281524926501e-01 9.691131640683845472e-01 2.373941400559347048e-02
3.968719452590420138e-01 9.628801478177183570e-01 2.840670221985662491e-02
3.978494623655913776e-01 9.562240065646347986e-01 3.332787178691704738e-02
3.988269794721407413e-01 9.492708590857452666e-01 3.844024545513974322e-02
3.998044965786901050e-01 9.420977138215854696e-01 4.365643858192840010e-02
4.007820136852394688e-01 9.347869649483723231e-01 4.892185740188827875e-02
4.017595307917888325e-01 9.274028105888392215e-01 5.419393380379462777e-02
4.027370478983381963e-01 9.199818408309218265e-01 5.943650098393038483e-02
4.037145650048875600e-01 9.125584120830242396e-01 6.463025601450413105e-02
4.046920821114369238e-01 9.051516790216199704e-01 6.976216681437080736e-02
4.056695992179862875e-01 8.977732087670452499e-01 7.482158801129228098e-02
4.066471163245357068e-01 8.904318478096550082e-01 7.980498040843558849e-02
4.076246334310850705e-01 8.831332327528527149e-01 8.470901613675284325e-02
4.086021505376344343e-01 8.758794563002911815e-01 8.953188207671824994e-02
4.095796676441837980e-01 8.686735159228309300e-01 9.427282978232423560e-02
4.105571847507331618e-01 8.615164902320705531e-01 9.893196597915995816e-02
4.115347018572825255e-01 8.544093725757831992e-01 1.035088934461889515e-01
4.125122189638318893e-01 8.473525842132224595e-01 1.080041921125949045e-01
4.134897360703812530e-01 8.403468478721426438e-01 1.124182224532558616e-01
4.144672531769306167e-01 8.333920922659874275e-01 1.167516084096901774e-01
4.154447702834799805e-01 8.264886026112379103e-01 1.210048678575386255e-01
4.164222873900293442e-01 8.196363091427468772e-01 1.251788379493969927e-01
4.173998044965787080e-01 8.128352681043424788e-01 1.292741730110121001e-01
4.183773216031280717e-01 8.060852693490618837e-01 1.332916884595991280e-01
4.193548387096774355e-01 7.993862653732443091e-01 1.372321492195852088e-01
4.203323558162267992e-01 7.927380330322449931e-01 1.410964118959854574e-01
4.213098729227761630e-01 7.861404124390057868e-01 1.448852676392260452e-01
4.222873900293255267e-01 7.795931529782368363e-01 1.485995706473129674e-01
4.232649071358748905e-01 7.730960550587885338e-01 1.522401503847597981e-01
4.242424242424242542e-01 7.666488555656163495e-01 1.558078593677366674e-01
4.252199413489736179e-01 7.602513138135057469e-01 1.593035294562627491e-01
4.261974584555229817e-01 7.539031614944320392e-01 1.627280080829735520e-01
4.271749755620723454e-01 7.476041433660511881e-01 1.660821313906220009e-01
4.281524926686217092e-01 7.413539865799527728e-01 1.693667368316272293e-01
4.291300097751710729e-01 7.351524247862432082e-01 1.725826529093476558e-01
4.301075268817204367e-01 7.289991860189974915e-01 1.757307072874146892e-01
4.310850439882698004e-01 7.228940023168340945e-01 1.788117202449628906e-01
4.320625610948191642e-01 7.168366034499509265e-01 1.818265069561265102e-01
4.330400782013685279e-01 7.108267225317003168e-01 1.847758755984213741e-01
4.340175953079178917e-01 7.048640941897075241e-01 1.876606287816847407e-01
4.349951124144672554e-01 6.989484565310438713e-01 1.904815622024297050e-01
4.359726295210166191e-01 6.930795503803161006e-01 1.932394648133801407e-01
4.369501466275659829e-01 6.872571205765929392e-01 1.959351185752087054e-01
4.379276637341153466e-01 6.814809161155946926e-01 1.985692986836301854e-01
4.389051808406647104e-01 6.757506906896472154e-01 2.011427733378418625e-01
4.398826979472140741e-01 6.700662028677970561e-01 2.036563036988172370e-01
4.408602150537634379e-01 6.644272165855790169e-01 2.061106438947720165e-01
4.418377321603128016e-01 6.588335015207175127e-01 2.085065411041005234e-01
4.428152492668621654e-01 6.532848334662283429e-01 2.108447355627569575e-01
4.437927663734115291e-01 6.477809946634989213e-01 2.131259605804391721e-01
4.447702834799608929e-01 6.423217741959406091e-01 2.153509425956467160e-01
4.457478005865102566e-01 6.369069684021493316e-01 2.175204012608750459e-01
4.467253176930596203e-01 6.315363812938661336e-01 2.196350495189877960e-01
4.477028347996089841e-01 6.262098249816530071e-01 2.216955936750549250e-01
4.486803519061583478e-01 6.209271201339549018e-01 2.237027334820547719e-01
4.496578690127077116e-01 6.156880964742895701e-01 2.256571622439617619e-01
4.506353861192570753e-01 6.104925933107362424e-01 2.275595669250565500e-01
4.516129032258064391e-01 6.053404600977000394e-01 2.294106282604408409e-01
4.525904203323558028e-01 6.002315570395241329e-01 2.312110208727407024e-01
4.535679374389051666e-01 5.951657557446621283e-01 2.329614133998260395e-01
4.545454545454545303e-01 5.901429399338937731e-01 2.346624686324946529e-01
4.555229716520038941e-01 5.851630062051179637e-01 2.363148436593939528e-01
4.565004887585532578e-01 5.802258648605518321e-01 2.379191900195448683e-01
4.574780058651026216e-01 5.753314408044204464e-01 2.394761538651207777e-01
4.584555229716519853e-01 5.704796745187020734e-01 2.409863761363161550e-01
4.594330400782013490e-01 5.656705231235703568e-01 2.424504927485974515e-01
4.604105571847507128e-01 5.609039615298223591e-01 2.438691347926978670e-01
4.613880742913000765e-01 5.561799836921605955e-01 2.452429287488882004e-01
4.623655913978494403e-01 5.514986039732973078e-01 2.465724967177279903e-01
4.633431085043988040e-01 5.468598586292291452e-01 2.478584566693091962e-01
4.643206256109481678e-01 5.422638074264367614e-01 2.491014227127369418e-01
4.652981427174975315e-01 5.377105354026715522e-01 2.503020053878476370e-01
4.662756598240468953e-01 5.332001547841599409e-01 2.514608119817402510e-01
4.672531769305962590e-01 5.287328070730815677e-01 2.525784468731223642e-01
4.682306940371456228e-01 5.243086653199625635e-01 2.536555119076431830e-01
4.692082111436950420e-01 5.199279365963893618e-01 2.546926068075583416e-01
4.701857282502444058e-01 5.155908646842988219e-01 2.556903296194023012e-01
4.711632453567937695e-01 5.112977329989296660e-01 2.566492772038043713e-01
4.721407624633431332e-01 5.070488677631624919e-01 2.575700457720241365e-01
4.731182795698924970e-01 5.028446414513388918e-01 2.584532314741247450e-01
4.740957966764418607e-01 4.986854765206700235e-01 2.592994310440346339e-01
4.750733137829912245e-01 4.945718494480122462e-01 2.601092425070999914e-01
4.760508308895405882e-01 4.905042950889199060e-01 2.608832659560963441e-01
4.770283479960899520e-01 4.864834113742944610e-01 2.616221044019829689e-01
4.780058651026393157e-01 4.825098643573976775e-01 2.623263647058881598e-01
4.789833822091886795e-01 4.785843936202320292e-01 2.629966585988731675e-01
4.799608993157380432e-01 4.747078180430285843e-01 2.636336037959357004e-01
4.809384164222874070e-01 4.708810419334509834e-01 2.642378252104067848e-01
4.819159335288367707e-01 4.671050615026655084e-01 2.648099562742987079e-01
4.828934506353861345e-01 4.633809716631096531e-01 2.653506403691604509e-01
4.838709677419354982e-01 4.597099731070188877e-01 2.658605323704916756e-01
4.848484848484848619e-01 4.560933796048617372e-01 2.663403003066234787e-01
4.858260019550342257e-01 4.525326254380363511e-01 2.667906271300634069e-01
4.868035190615835894e-01 4.490292728496897978e-01 2.672122125954530802e-01
4.877810361681329532e-01 4.455850193604781184e-01 2.676057752332992035e-01
4.887585532746823169e-01 4.422017047516719201e-01 2.679720544023356799e-01
4.897360703812316807e-01 4.388813174655100680e-01 2.683118123955575141e-01
4.907135874877810444e-01 4.356260001115965785e-01 2.686258365654676239e-01
4.916911045943304082e-01 4.324380536982586065e-01 2.689149414227773316e-01
4.926686217008797719e-01 4.293199401295586526e-01 2.691799706496686428e-01
4.936461388074291357e-01 4.262742824232964578e-01 2.694217989538244540e-01
4.946236559139784994e-01 4.233038620152342890e-01 2.696413336730635879e-01
4.956011730205278631e-01 4.204116124238476693e-01 2.698395160230983025e-01
4.965786901270772269e-01 4.176006084640055960e-01 2.700173218635341654e-01
4.975562072336265906e-01 4.148740501253803670e-01 2.701757618410399187e-01
4.985337243401759544e-01 4.122352401830864377e-01 2.703158807553743270e-01
4.995112414467253181e-01 4.096875545980531164e-01 2.704387559859248169e-01
5.004887585532746819e-01 4.072344048098726632e-01 2.705454948163170115e-01
5.014662756598240456e-01 4.048791911446890102e-01 2.706372305055971261e-01
5.024437927663734094e-01 4.026252467756998854e-01 2.707151169796724322e-01
5.034213098729227731e-01 4.004757720038517044e-01 2.707803220590619397e-01
5.043988269794721369e-01 3.984337590872975010e-01 2.708340192006722380e-01
5.053763440860215006e-01 3.965019084481753997e-01 2.708773778128387710e-01
5.063538611925708643e-01 3.946825378192836409e-01 2.709115523025510397e-01
5.073313782991202281e-01 3.929774867378760250e-01 2.709376701268197407e-01
5.083088954056695918e-01 3.913880197023245078e-01 2.709568192382890706e-01
5.092864125122189556e-01 3.899147322065066312e-01 2.709700354266145750e-01
5.102639296187683193e-01 3.885574646570567059e-01 2.709782901472315153e-01
5.112414467253176831e-01 3.873152297399301003e-01 2.709824794820721583e-01
5.122189638318670468e-01 3.861861590062143357e-01 2.709834148779584062e-01
5.131964809384164106e-01 3.851674741736448859e-01 2.709818162474345038e-01
5.141739980449657743e-01 3.842554878040755906e-01 2.709783078906619624e-01
5.151515151515151381e-01 3.834456365908427977e-01 2.709734175122407440e-01
5.161290322580645018e-01 3.827325485256519166e-01 2.709675783803095483e-01
5.171065493646138655e-01 3.821101428544313450e-01 2.709611344327345628e-01
5.180840664711632293e-01 3.815717592021657945e-01 2.709543479073859285e-01
5.190615835777125930e-01 3.811103098345847151e-01 2.709474088908416234e-01
5.200391006842619568e-01 3.807184470344642246e-01 2.709404460664046610e-01
5.210166177908113205e-01 3.803887362731734889e-01 2.709335379109551467e-01
5.219941348973606843e-01 3.801138254401383310e-01 2.709267236400753065e-01
5.229716520039100480e-01 3.798866009178175074e-01 2.709200133182640413e-01
5.239491691104594118e-01 3.797003226843690404e-01 2.709133967126107212e-01
5.249266862170087755e-01 3.795487326934017247e-01 2.709068506466624227e-01
5.259042033235581393e-01 3.794261332367568351e-01 2.709003447806228038e-01
5.268817204301075030e-01 3.793274345252570234e-01 2.708938458847361952e-01
5.278592375366568668e-01 3.792481730282908359e-01 2.708873207735237876e-01
5.288367546432062305e-01 3.791845039668983453e-01 2.708807381267915315e-01
5.298142717497555942e-01 3.791331726207700648e-01 2.708740694433033336e-01
5.307917888563049580e-01 3.790914697502093533e-01 2.708672893632935175e-01
5.317693059628543217e-01 3.790571764987509806e-01 2.708603755667690072e-01
5.327468230694036855e-01 3.790285037412490787e-01 2.708533084154366444e-01
5.337243401759530492e-01 3.790040301182602267e-01 2.708460704647929207e-01
5.347018572825024130e-01 3.789826420973956278e-01 2.708386459347187358e-01
5.356793743890517767e-01 3.789634784564782088e-01 2.708310201947794482e-01
5.366568914956011405e-01 3.789458806930722234e-01 2.708231792954239325e-01
5.376344086021505042e-01 3.789293500975743911e-01 2.708151095582042589e-01
5.386119257086998680e-01 3.789135116174768836e-01 2.708067972260634892e-01
5.395894428152492317e-01 3.788980841967231616e-01 2.707982281673967373e-01
5.405669599217985954e-01 3.788828569849405081e-01 2.707893876237276731e-01
5.415444770283479592e-01 3.788676706535689664e-01 2.707802599893073259e-01
5.425219941348973229e-01 3.788524030009440824e-01 2.707708286108255202e-01
5.434995112414466867e-01 3.788369580472562559e-01 2.707610755960215831e-01
5.444770283479960504e-01 3.788212578868382363e-01 2.707509816207828712e-01
5.454545454545454142e-01 3.788052366578405494e-01 2.707405257249472785e-01
5.464320625610947779e-01 3.787888360915426245e-01 2.707296850872312755e-01
5.474095796676441417e-01 3.787720022037272538e-01 2.707184347692205284e-01
5.483870967741935054e-01 3.787546827811843486e-01 2.707067474169602694e-01
5.493646138807428692e-01 3.787368253932070217e-01 2.706945929060214917e-01
5.503421309872922329e-01 3.787183757187519983e-01 2.706819379115424362e-01
5.513196480938415966e-01 3.786992760239588640e-01 2.706687453779856312e-01
5.522971652003909604e-01 3.786794636517096801e-01 2.706549738532561533e-01
5.532746823069403241e-01 3.786588693946708606e-01 2.706405766371111632e-01
5.542521994134896879e-01 3.786374156151542936e-01 2.706255006727270596e-01
5.552297165200390516e-01 3.786150139479254051e-01 2.706096850807082066e-01
5.562072336265884154e-01 3.785915623737897140e-01 2.705930591941052010e-01
5.571847507331377791e-01 3.785669413798199989e-01 2.705755398982624405e-01
5.581622678396871429e-01 3.785410088236481063e-01 2.705570280075706435e-01
5.591397849462365066e-01 3.785135929919652975e-01 2.705374033200342310e-01
5.601173020527858704e-01 3.784844831864673798e-01 2.705165178787627411e-01
5.610948191593352341e-01 3.784534169861646924e-01 2.704941868382128023e-01
5.620723362658845979e-01 3.784200631304738827e-01 2.704701761870879073e-01
5.630498533724340726e-01 3.783839987571709917e-01 2.704441864293505859e-01
5.640273704789834364e-01 3.783446795368640148e-01 2.704158311867395081e-01
5.650048875855328001e-01 3.783014011060285564e-01 2.703846095855106935e-01
5.659824046920821639e-01 3.782532501606931108e-01 2.703498712604279208e-01
5.669599217986315276e-01 3.781990436903991393e-01 2.703107728917922281e-01
5.679374389051808913e-01 3.781372551725268316e-01 2.702662254334354808e-01
5.689149560117302551e-01 3.780659271770796526e-01 2.702148316388278126e-01
5.698924731182796188e-01 3.779825708095571613e-01 2.701548141902955780e-01
5.708699902248289826e-01 3.778840537812554468e-01 2.700839357090337733e-01
5.718475073313783463e-01 3.777664806426749289e-01 2.699994131714475443e-01
5.728250244379277101e-01 3.776250707959413200e-01 2.698978307440613733e-01
5.738025415444770738e-01 3.774540422016929853e-01 2.697750566928349136e-01
5.747800586510264376e-01 3.772465110292169133e-01 2.696261716905628547e-01
5.757575757575758013e-01 3.769944196108660495e-01 2.694454173558735177e-01
5.767350928641251651e-01 3.766885066417839933e-01 2.692261749867257969e-01
5.777126099706745288e-01 3.763183342721938551e-01 2.689609849561174770e-01
5.786901270772238925e-01 3.758723862385766057e-01 2.686416168796759707e-01
5.796676441837732563e-01 3.753382491948374922e-01 2.682591992458153163e-01
5.806451612903226200e-01 3.747028857667109580e-01 2.678044145989686431e-01
5.816226783968719838e-01 3.739530025522780909e-01 2.672677625779772415e-01
5.826001955034213475e-01 3.730755095149727030e-01 2.666398882683319038e-01
5.835777126099707113e-01 3.720580593632668576e-01 2.659119677148622518e-01
5.845552297165200750e-01 3.708896471883817436e-01 2.650761364931191744e-01
5.855327468230694388e-01 3.695612426072091283e-01 2.641259415029892921e-01
5.865102639296188025e-01 3.680664197955649253e-01 2.630567912441235112e-01
5.874877810361681663e-01 3.664019459600609263e-01 2.618663763764231267e-01
5.884652981427175300e-01 3.645682867403183258e-01 2.605550308997234277e-01
5.894428152492668938e-01 3.625699882970201404e-01 2.591260051908556017e-01
5.904203323558162575e-01 3.604159006602691284e-01 2.575856255812531415e-01
5.913978494623656212e-01 3.581192151578946326e-01 2.559433210518997637e-01
5.923753665689149850e-01 3.556972999061329133e-01 2.542115056011168828e-01
5.933528836754643487e-01 3.531713305699487604e-01 2.524053142929165716e-01
5.943304007820137125e-01 3.505657277643008940e-01 2.505422011168109697e-01
5.953079178885630762e-01 3.479074262984621635e-01 2.486414166746589716e-01
5.962854349951124400e-01 3.452250136824442928e-01 2.467233924410516810e-01
5.972629521016618037e-01 3.425477847745715398e-01 2.448090651039885324e-01
5.982404692082111675e-01 3.399047652777038575e-01 2.429191786571621992e-01
5.992179863147605312e-01 3.373237584803799316e-01 2.410736031209852748e-01
6.001955034213098950e-01 3.348304670989777354e-01 2.392907069528683872e-01
6.011730205278592587e-01 3.324477356382151139e-01 2.375868156044080581e-01
6.021505376344086224e-01 3.301949490502251727e-01 2.359757817946545044e-01
6.031280547409579862e-01 3.280876116158107370e-01 2.344686845941101883e-01
6.041055718475073499e-01 3.261371170330195635e-01 2.330736651667246473e-01
6.050830889540567137e-01 3.243507078439325508e-01 2.317958978302788464e-01
6.060606060606060774e-01 3.227316106304150556e-01 2.306376867338213177e-01
6.070381231671554412e-01 3.212793237341022290e-01 2.295986715363608488e-01
6.080156402737048049e-01 3.199900272051263705e-01 2.286761204326173136e-01
6.089931573802541687e-01 3.188570805541985909e-01 2.278652859208621928e-01
6.099706744868035324e-01 3.178715726699615773e-01 2.271597978420268893e-01
6.109481915933528962e-01 3.170228897013829816e-01 2.265520692476823972e-01
6.119257086999022599e-01 3.162992703246174098e-01 2.260336932421106448e-01
6.129032258064516236e-01 3.156883230187938483e-01 2.255958126642042261e-01
6.138807429130009874e-01 3.151774861188504917e-01 2.252294488660900318e-01
6.148582600195503511e-01 3.147544178693809092e-01 2.249257804594623489e-01
6.158357771260997149e-01 3.144073099223747558e-01 2.246763673452021326e-01
6.168132942326490786e-01 3.141251232709329488e-01 2.244733193076667299e-01
6.177908113391984424e-01 3.138977501939995141e-01 2.243094117301761004e-01
6.187683284457478061e-01 3.137161092456581812e-01 2.241781534596675174e-01
6.197458455522971699e-01 3.135721826241548160e-01 2.240738134930838066e-01
6.207233626588465336e-01 3.134590064711028079e-01 2.239914140262793951e-01
6.217008797653958974e-01 3.133706249254915588e-01 2.239266976018620126e-01
6.226783968719452611e-01 3.133020182803403220e-01 2.238760757513843236e-01
6.236559139784946248e-01 3.132490145698547668e-01 2.238365657981451762e-01
6.246334310850439886e-01 3.132081925542573586e-01 2.238057215142990608e-01
6.256109481915933523e-01 3.131767825485200496e-01 2.237815622389002224e-01
6.265884652981427161e-01 3.131525700078855445e-01 2.237625039674834559e-01
6.275659824046920798e-01 3.131338053481173556e-01 2.237472948979263576e-01
6.285434995112414436e-01 3.131191222161915366e-01 2.237349570151130340e-01
6.295210166177908073e-01 3.131074653793051166e-01 2.237247345491266137e-01
6.304985337243401711e-01 3.130980285799838669e-01 2.237160495585800712e-01
6.314760508308895348e-01 3.130902021002340274e-01 2.237084644606184836e-01
6.324535679374388986e-01 3.130835293535007002e-01 2.237016510184965112e-01
6.334310850439882623e-01 3.130776715399421484e-01 2.236953650699627649e-01
6.344086021505376261e-01 3.130723792551111662e-01 2.236894261519101756e-01
6.353861192570869898e-01 3.130674700064786098e-01 2.236837012758974841e-01
6.363636363636363535e-01 3.130628109387268432e-01 2.236780925723276803e-01
6.373411534701857173e-01 3.130583064587651454e-01 2.236725290494648855e-01
6.383186705767350810e-01 3.130538899731841740e-01 2.236669620195541330e-01
6.392961876832844448e-01 3.130495165297431659e-01 2.236613602046245985e-01
6.402737047898338085e-01 3.130451501788513724e-01 2.236556959205948658e-01
6.412512218963831723e-01 3.130407438066135084e-01 2.236499186525148786e-01
6.422287390029325360e-01 3.130362305408161960e-01 2.236439425489872845e-01
6.432062561094818998e-01 3.130315764272335599e-01 2.236377201689872252e-01
6.441837732160312635e-01 3.130269222778979676e-01 2.236314492418533528e-01
6.451612903225806273e-01 3.130226676695037069e-01 2.236257125663070056e-01
6.461388074291299910e-01 3.130190586391204954e-01 2.236209186271152227e-01
6.471163245356793547e-01 3.130149326365359030e-01 2.236154927857951502e-01
6.480938416422287185e-01 3.130066906056534481e-01 2.236042522118395492e-01
6.490713587487780822e-01 3.129912804599143117e-01 2.235823927998781269e-01
6.500488758553274460e-01 3.129770067673480760e-01 2.235609826865045668e-01
6.510263929618768097e-01 3.129947316102828503e-01 2.235842247996271404e-01
6.520039100684261735e-01 3.130773143092110966e-01 2.237026412115392104e-01
6.529814271749755372e-01 3.131678671175766038e-01 2.238423040465544189e-01
6.539589442815249010e-01 3.130045612798486032e-01 2.236303205773667868e-01
6.549364613880742647e-01 3.122525638895868316e-01 2.225610995447492857e-01
6.559139784946236285e-01 3.112712230609085418e-01 2.210826325930060621e-01
6.568914956011729922e-01 3.122224789651126819e-01 2.222523719111972884e-01
6.578690127077223559e-01 3.183841262853239762e-01 2.310194660636879782e-01
6.588465298142717197e-01 3.279811279001518254e-01 2.455396668839284480e-01
6.598240469208210834e-01 3.218102930311349530e-01 2.384886877322979215e-01
6.608015640273704472e-01 2.677418102225753715e-01 1.662867340845486930e-01
6.617790811339198109e-01 1.860230079390497449e-01 6.423100323405708800e-02
6.627565982404691747e-01 1.399204884939316273e-01 1.357703030266755803e-02
6.637341153470185384e-01 1.275206390443115179e-01 2.109462462227286710e-03
6.647116324535679022e-01 1.253694628685018408e-01 3.024547063236568043e-04
6.656891495601172659e-01 1.250524185962644530e-01 4.275679973630821179e-05
6.666666666666666297e-01 1.250073980325930867e-01 6.030903397603438632e-06
6.676441837732159934e-01 1.250010432993552967e-01 8.504244283691536176e-07
6.686217008797653572e-01 1.250001471122793029e-01 1.199153828564918781e-07
6.695992179863147209e-01 1.250000207436326449e-01 1.690866105636395512e-08
6.705767350928640846e-01 1.250000029249611622e-01 2.384207400499600524e-09
6.715542521994134484e-01 1.250000004124347530e-01 3.361858925770266532e-10
6.725317693059628121e-01 1.250000000581555637e-01 4.740398703664829533e-11
6.735092864125121759e-01 1.250000000082002460e-01 6.684231802845735480e-12
6.744868035190615396e-01 1.250000000011562973e-01 9.424849641911379214e-13
6.754643206256109034e-01 1.250000000001629530e-01 1.328902102516139659e-13
6.764418377321602671e-01 1.250000000000229539e-01 1.869866589646325468e-14
6.774193548387096309e-01 1.250000000000032196e-01 2.633645372963453567e-15
6.783968719452589946e-01 1.250000000000004441e-01 3.619559458475352543e-16
6.793743890518083584e-01 1.250000000000000278e-01 4.235025854387937533e-17
6.803519061583577221e-01 1.250000000000000000e-01 1.129316325098798584e-18
6.813294232649070858e-01 1.250000000000000000e-01 5.322425164161320967e-68
6.823069403714564496e-01 1.250000000000000000e-01 2.557499529924915317e-137
6.832844574780058133e-01 1.250000000000000000e-01 1.611030581170337026e-278
6.842619745845551771e-01 1.250000000000000000e-01 0.000000000000000000e+00
6.852394916911045408e-01 1.250000000000000000e-01 0.000000000000000000e+00
6.862170087976539046e-01 1.250000000000000000e-01 0.000000000000000000e+00
6.871945259042032683e-01 1.250000000000000000e-01 0.000000000000000000e+00
6.881720430107527431e-01 1.250000000000000000e-01 0.000000000000000000e+00
6.891495601173021068e-01 1.250000000000000000e-01 0.000000000000000000e+00
6.901270772238514706e-01 1.250000000000000000e-01 0.000000000000000000e+00
6.911045943304008343e-01 1.250000000000000000e-01 0.000000000000000000e+00
6.920821114369501981e-01 1.250000000000000000e-01 0.000000000000000000e+00
6.930596285434995618e-01 1.250000000000000000e-01 0.000000000000000000e+00
6.940371456500489256e-01 1.250000000000000000e-01 0.000000000000000000e+00
6.950146627565982893e-01 1.250000000000000000e-01 0.000000000000000000e+00
6.959921798631476531e-01 1.250000000000000000e-01 0.000000000000000000e+00
6.969696969696970168e-01 1.250000000000000000e-01 0.000000000000000000e+00
6.979472140762463805e-01 1.250000000000000000e-01 0.000000000000000000e+00
6.989247311827957443e-01 1.250000000000000000e-01 0.000000000000000000e+00
6.999022482893451080e-01 1.250000000000000000e-01 0.000000000000000000e+00
7.008797653958944718e-01 1.250000000000000000e-01 0.000000000000000000e+00
7.018572825024438355e-01 1.250000000000000000e-01 0.000000000000000000e+00
7.028347996089931993e-01 1.250000000000000000e-01 0.000000000000000000e+00
7.038123167155425630e-01 1.250000000000000000e-01 0.000000000000000000e+00
7.047898338220919268e-01 1.250000000000000000e-01 0.000000000000000000e+00
7.057673509286412905e-01 1.250000000000000000e-01 0.000000000000000000e+00
7.067448680351906543e-01 1.250000000000000000e-01 0.000000000000000000e+00
7.077223851417400180e-01 1.250000000000000000e-01 0.000000000000000000e+00
7.086999022482893817e-01 1.250000000000000000e-01 0.000000000000000000e+00
7.096774193548387455e-01 1.250000000000000000e-01 0.000000000000000000e+00
7.106549364613881092e-01 1.250000000000000000e-01 0.000000000000000000e+00
7.116324535679374730e-01 1.250000000000000000e-01 0.000000000000000000e+00
7.126099706744868367e-01 1.250000000000000000e-01 0.000000000000000000e+00
7.135874877810362005e-01 1.250000000000000000e-01 0.000000000000000000e+00
7.145650048875855642e-01 1.250000000000000000e-01 0.000000000000000000e+00
7.155425219941349280e-01 1.250000000000000000e-01 0.000000000000000000e+00
7.165200391006842917e-01 1.250000000000000000e-01 0.000000000000000000e+00
7.174975562072336555e-01 1.250000000000000000e-01 0.000000000000000000e+00
7.184750733137830192e-01 1.250000000000000000e-01 0.000000000000000000e+00
7.194525904203323829e-01 1.250000000000000000e-01 0.000000000000000000e+00
7.204301075268817467e-01 1.250000000000000000e-01 0.000000000000000000e+00
7.214076246334311104e-01 1.250000000000000000e-01 0.000000000000000000e+00
7.223851417399804742e-01 1.250000000000000000e-01 0.000000000000000000e+00
7.233626588465298379e-01 1.250000000000000000e-01 0.000000000000000000e+00
7.243401759530792017e-01 1.250000000000000000e-01 0.000000000000000000e+00
7.253176930596285654e-01 1.250000000000000000e-01 0.000000000000000000e+00
7.262952101661779292e-01 1.250000000000000000e-01 0.000000000000000000e+00
7.272727272727272929e-01 1.250000000000000000e-01 0.000000000000000000e+00
7.282502443792766567e-01 1.250000000000000000e-01 0.000000000000000000e+00
7.292277614858260204e-01 1.250000000000000000e-01 0.000000000000000000e+00
7.302052785923753842e-01 1.250000000000000000e-01 0.000000000000000000e+00
7.311827956989247479e-01 1.250000000000000000e-01 0.000000000000000000e+00
7.321603128054741116e-01 1.250000000000000000e-01 0.000000000000000000e+00
7.331378299120234754e-01 1.250000000000000000e-01 0.000000000000000000e+00
7.341153470185728391e-01 1.250000000000000000e-01 0.000000000000000000e+00
7.350928641251222029e-01 1.250000000000000000e-01 0.000000000000000000e+00
7.360703812316715666e-01 1.250000000000000000e-01 0.000000000000000000e+00
7.370478983382209304e-01 1.250000000000000000e-01 0.000000000000000000e+00
7.380254154447702941e-01 1.250000000000000000e-01 0.000000000000000000e+00
7.390029325513196579e-01 1.250000000000000000e-01 0.000000000000000000e+00
7.399804496578690216e-01 1.250000000000000000e-01 0.000000000000000000e+00
7.409579667644183854e-01 1.250000000000000000e-01 0.000000000000000000e+00
7.419354838709677491e-01 1.250000000000000000e-01 0.000000000000000000e+00
7.429130009775171128e-01 1.250000000000000000e-01 0.000000000000000000e+00
7.438905180840664766e-01 1.250000000000000000e-01 0.000000000000000000e+00
7.448680351906158403e-01 1.250000000000000000e-01 0.000000000000000000e+00
7.458455522971652041e-01 1.250000000000000000e-01 0.000000000000000000e+00
7.468230694037145678e-01 1.250000000000000000e-01 0.000000000000000000e+00
7.478005865102639316e-01 1.250000000000000000e-01 0.000000000000000000e+00
7.487781036168132953e-01 1.250000000000000000e-01 0.000000000000000000e+00
7.497556207233626591e-01 1.250000000000000000e-01 0.000000000000000000e+00
7.507331378299120228e-01 1.250000000000000000e-01 0.000000000000000000e+00
7.517106549364613866e-01 1.250000000000000000e-01 0.000000000000000000e+00
7.526881720430107503e-01 1.250000000000000000e-01 0.000000000000000000e+00
7.536656891495601140e-01 1.250000000000000000e-01 0.000000000000000000e+00
7.546432062561094778e-01 1.250000000000000000e-01 0.000000000000000000e+00
7.556207233626588415e-01 1.250000000000000000e-01 0.000000000000000000e+00
7.565982404692082053e-01 1.250000000000000000e-01 0.000000000000000000e+00
7.575757575757575690e-01 1.250000000000000000e-01 0.000000000000000000e+00
7.585532746823069328e-01 1.250000000000000000e-01 0.000000000000000000e+00
7.595307917888562965e-01 1.250000000000000000e-01 0.000000000000000000e+00
7.605083088954056603e-01 1.250000000000000000e-01 0.000000000000000000e+00
7.614858260019550240e-01 1.250000000000000000e-01 0.000000000000000000e+00
7.624633431085043878e-01 1.250000000000000000e-01 0.000000000000000000e+00
7.634408602150537515e-01 1.250000000000000000e-01 0.000000000000000000e+00
7.644183773216031152e-01 1.250000000000000000e-01 0.000000000000000000e+00
7.653958944281524790e-01 1.250000000000000000e-01 0.000000000000000000e+00
7.663734115347018427e-01 1.250000000000000000e-01 0.000000000000000000e+00
7.673509286412512065e-01 1.250000000000000000e-01 0.000000000000000000e+00
7.683284457478005702e-01 1.250000000000000000e-01 0.000000000000000000e+00
7.693059628543499340e-01 1.250000000000000000e-01 0.000000000000000000e+00
7.702834799608992977e-01 1.250000000000000000e-01 0.000000000000000000e+00
7.712609970674486615e-01 1.250000000000000000e-01 0.000000000000000000e+00
7.722385141739980252e-01 1.250000000000000000e-01 0.000000000000000000e+00
7.732160312805473890e-01 1.250000000000000000e-01 0.000000000000000000e+00
7.741935483870967527e-01 1.250000000000000000e-01 0.000000000000000000e+00
7.751710654936461165e-01 1.250000000000000000e-01 0.000000000000000000e+00
7.761485826001954802e-01 1.250000000000000000e-01 0.000000000000000000e+00
7.771260997067448439e-01 1.250000000000000000e-01 0.000000000000000000e+00
7.781036168132942077e-01 1.250000000000000000e-01 0.000000000000000000e+00
7.790811339198435714e-01 1.250000000000000000e-01 0.000000000000000000e+00
7.800586510263929352e-01 1.250000000000000000e-01 0.000000000000000000e+00
7.810361681329422989e-01 1.250000000000000000e-01 0.000000000000000000e+00
7.820136852394916627e-01 1.250000000000000000e-01 0.000000000000000000e+00
7.829912023460410264e-01 1.250000000000000000e-01 0.000000000000000000e+00
7.839687194525903902e-01 1.250000000000000000e-01 0.000000000000000000e+00
7.849462365591397539e-01 1.250000000000000000e-01 0.000000000000000000e+00
7.859237536656891177e-01 1.250000000000000000e-01 0.000000000000000000e+00
7.869012707722384814e-01 1.250000000000000000e-01 0.000000000000000000e+00
7.878787878787878451e-01 1.250000000000000000e-01 0.000000000000000000e+00
7.888563049853372089e-01 1.250000000000000000e-01 0.000000000000000000e+00
7.898338220918865726e-01 1.250000000000000000e-01 0.000000000000000000e+00
7.908113391984359364e-01 1.250000000000000000e-01 0.000000000000000000e+00
7.917888563049853001e-01 1.250000000000000000e-01 0.000000000000000000e+00
7.927663734115346639e-01 1.250000000000000000e-01 0.000000000000000000e+00
7.937438905180840276e-01 1.250000000000000000e-01 0.000000000000000000e+00
7.947214076246333914e-01 1.250000000000000000e-01 0.000000000000000000e+00
7.956989247311827551e-01 1.250000000000000000e-01 0.000000000000000000e+00
7.966764418377321189e-01 1.250000000000000000e-01 0.000000000000000000e+00
7.976539589442814826e-01 1.250000000000000000e-01 0.000000000000000000e+00
7.986314760508308463e-01 1.250000000000000000e-01 0.000000000000000000e+00
7.996089931573802101e-01 1.250000000000000000e-01 0.000000000000000000e+00
8.005865102639295738e-01 1.250000000000000000e-01 0.000000000000000000e+00
8.015640273704789376e-01 1.250000000000000000e-01 0.000000000000000000e+00
8.025415444770283013e-01 1.250000000000000000e-01 0.000000000000000000e+00
8.035190615835776651e-01 1.250000000000000000e-01 0.000000000000000000e+00
8.044965786901270288e-01 1.250000000000000000e-01 0.000000000000000000e+00
8.054740957966763926e-01 1.250000000000000000e-01 0.000000000000000000e+00
8.064516129032257563e-01 1.250000000000000000e-01 0.000000000000000000e+00
8.074291300097751201e-01 1.250000000000000000e-01 0.000000000000000000e+00
8.084066471163244838e-01 1.250000000000000000e-01 0.000000000000000000e+00
8.093841642228738475e-01 1.250000000000000000e-01 0.000000000000000000e+00
8.103616813294232113e-01 1.250000000000000000e-01 0.000000000000000000e+00
8.113391984359725750e-01 1.250000000000000000e-01 0.000000000000000000e+00
8.123167155425219388e-01 1.250000000000000000e-01 0.000000000000000000e+00
8.132942326490714136e-01 1.250000000000000000e-01 0.000000000000000000e+00
8.142717497556207773e-01 1.250000000000000000e-01 0.000000000000000000e+00
8.152492668621701410e-01 1.250000000000000000e-01 0.000000000000000000e+00
8.162267839687195048e-01 1.250000000000000000e-01 0.000000000000000000e+00
8.172043010752688685e-01 1.250000000000000000e-01 0.000000000000000000e+00
8.181818181818182323e-01 1.250000000000000000e-01 0.000000000000000000e+00
8.191593352883675960e-01 1.250000000000000000e-01 0.000000000000000000e+00
8.201368523949169598e-01 1.250000000000000000e-01 0.000000000000000000e+00
8.211143695014663235e-01 1.250000000000000000e-01 0.000000000000000000e+00
8.220918866080156873e-01 1.250000000000000000e-01 0.000000000000000000e+00
8.230694037145650510e-01 1.250000000000000000e-01 0.000000000000000000e+00
8.240469208211144148e-01 1.250000000000000000e-01 0.000000000000000000e+00
8.250244379276637785e-01 1.250000000000000000e-01 0.000000000000000000e+00
8.260019550342131422e-01 1.250000000000000000e-01 0.000000000000000000e+00
8.269794721407625060e-01 1.250000000000000000e-01 0.000000000000000000e+00
8.279569892473118697e-01 1.250000000000000000e-01 0.000000000000000000e+00
8.289345063538612335e-01 1.250000000000000000e-01 0.000000000000000000e+00
8.299120234604105972e-01 1.250000000000000000e-01 0.000000000000000000e+00
8.308895405669599610e-01 1.250000000000000000e-01 0.000000000000000000e+00
8.318670576735093247e-01 1.250000000000000000e-01 0.000000000000000000e+00
8.328445747800586885e-01 1.250000000000000000e-01 0.000000000000000000e+00
8.338220918866080522e-01 1.250000000000000000e-01 0.000000000000000000e+00
8.347996089931574160e-01 1.250000000000000000e-01 0.000000000000000000e+00
8.357771260997067797e-01 1.250000000000000000e-01 0.000000000000000000e+00
8.367546432062561435e-01 1.250000000000000000e-01 0.000000000000000000e+00
8.377321603128055072e-01 1.250000000000000000e-01 0.000000000000000000e+00
8.387096774193548709e-01 1.250000000000000000e-01 0.000000000000000000e+00
8.396871945259042347e-01 1.250000000000000000e-01 0.000000000000000000e+00
8.406647116324535984e-01 1.250000000000000000e-01 0.000000000000000000e+00
8.416422287390029622e-01 1.250000000000000000e-01 0.000000000000000000e+00
8.426197458455523259e-01 1.250000000000000000e-01 0.000000000000000000e+00
8.435972629521016897e-01 1.250000000000000000e-01 0.000000000000000000e+00
8.445747800586510534e-01 1.250000000000000000e-01 0.000000000000000000e+00
8.455522971652004172e-01 1.250000000000000000e-01 0.000000000000000000e+00
8.465298142717497809e-01 1.250000000000000000e-01 0.000000000000000000e+00
8.475073313782991447e-01 1.250000000000000000e-01 0.000000000000000000e+00
8.484848484848485084e-01 1.250000000000000000e-01 0.000000000000000000e+00
8.494623655913978721e-01 1.250000000000000000e-01 0.000000000000000000e+00
8.504398826979472359e-01 1.250000000000000000e-01 0.000000000000000000e+00
8.514173998044965996e-01 1.250000000000000000e-01 0.000000000000000000e+00
8.523949169110459634e-01 1.250000000000000000e-01 0.000000000000000000e+00
8.533724340175953271e-01 1.250000000000000000e-01 0.000000000000000000e+00
8.543499511241446909e-01 1.250000000000000000e-01 0.000000000000000000e+00
8.553274682306940546e-01 1.250000000000000000e-01 0.000000000000000000e+00
8.563049853372434184e-01 1.250000000000000000e-01 0.000000000000000000e+00
8.572825024437927821e-01 1.250000000000000000e-01 0.000000000000000000e+00
8.582600195503421459e-01 1.250000000000000000e-01 0.000000000000000000e+00
8.592375366568915096e-01 1.250000000000000000e-01 0.000000000000000000e+00
8.602150537634408733e-01 1.250000000000000000e-01 0.000000000000000000e+00
8.611925708699902371e-01 1.250000000000000000e-01 0.000000000000000000e+00
8.621700879765396008e-01 1.250000000000000000e-01 0.000000000000000000e+00
8.631476050830889646e-01 1.250000000000000000e-01 0.000000000000000000e+00
8.641251221896383283e-01 1.250000000000000000e-01 0.000000000000000000e+00
8.651026392961876921e-01 1.250000000000000000e-01 0.000000000000000000e+00
8.660801564027370558e-01 1.250000000000000000e-01 0.000000000000000000e+00
8.670576735092864196e-01 1.250000000000000000e-01 0.000000000000000000e+00
8.680351906158357833e-01 1.250000000000000000e-01 0.000000000000000000e+00
8.690127077223851471e-01 1.250000000000000000e-01 0.000000000000000000e+00
8.699902248289345108e-01 1.250000000000000000e-01 0.000000000000000000e+00
8.709677419354838745e-01 1.250000000000000000e-01 0.000000000000000000e+00
8.719452590420332383e-01 1.250000000000000000e-01 0.000000000000000000e+00
8.729227761485826020e-01 1.250000000000000000e-01 0.000000000000000000e+00
8.739002932551319658e-01 1.250000000000000000e-01 0.000000000000000000e+00
8.748778103616813295e-01 1.250000000000000000e-01 0.000000000000000000e+00
8.758553274682306933e-01 1.250000000000000000e-01 0.000000000000000000e+00
8.768328445747800570e-01 1.250000000000000000e-01 0.000000000000000000e+00
8.778103616813294208e-01 1.250000000000000000e-01 0.000000000000000000e+00
8.787878787878787845e-01 1.250000000000000000e-01 0.000000000000000000e+00
8.797653958944281483e-01 1.250000000000000000e-01 0.000000000000000000e+00
8.807429130009775120e-01 1.250000000000000000e-01 0.000000000000000000e+00
8.817204301075268758e-01 1.250000000000000000e-01 0.000000000000000000e+00
8.826979472140762395e-01 1.250000000000000000e-01 0.000000000000000000e+00
8.836754643206256032e-01 1.250000000000000000e-01 0.000000000000000000e+00
8.846529814271749670e-01 1.250000000000000000e-01 0.000000000000000000e+00
8.856304985337243307e-01 1.250000000000000000e-01 0.000000000000000000e+00
8.866080156402736945e-01 1.250000000000000000e-01 0.000000000000000000e+00
8.875855327468230582e-01 1.250000000000000000e-01 0.000000000000000000e+00
8.885630498533724220e-01 1.250000000000000000e-01 0.000000000000000000e+00
8.895405669599217857e-01 1.250000000000000000e-01 0.000000000000000000e+00
8.905180840664711495e-01 1.250000000000000000e-01 0.000000000000000000e+00
8.914956011730205132e-01 1.250000000000000000e-01 0.000000000000000000e+00
8.924731182795698770e-01 1.250000000000000000e-01 0.000000000000000000e+00
8.934506353861192407e-01 1.250000000000000000e-01 0.000000000000000000e+00
8.944281524926686044e-01 1.250000000000000000e-01 0.000000000000000000e+00
8.954056695992179682e-01 1.250000000000000000e-01 0.000000000000000000e+00
8.963831867057673319e-01 1.250000000000000000e-01 0.000000000000000000e+00
8.973607038123166957e-01 1.250000000000000000e-01 0.000000000000000000e+00
8.983382209188660594e-01 1.250000000000000000e-01 0.000000000000000000e+00
8.993157380254154232e-01 1.250000000000000000e-01 0.000000000000000000e+00
9.002932551319647869e-01 1.250000000000000000e-01 0.000000000000000000e+00
9.012707722385141507e-01 1.250000000000000000e-01 0.000000000000000000e+00
9.022482893450635144e-01 1.250000000000000000e-01 0.000000000000000000e+00
9.032258064516128782e-01 1.250000000000000000e-01 0.000000000000000000e+00
9.042033235581622419e-01 1.250000000000000000e-01 0.000000000000000000e+00
9.051808406647116056e-01 1.250000000000000000e-01 0.000000000000000000e+00
9.061583577712609694e-01 1.250000000000000000e-01 0.000000000000000000e+00
9.071358748778103331e-01 1.250000000000000000e-01 0.000000000000000000e+00
9.081133919843596969e-01 1.250000000000000000e-01 0.000000000000000000e+00
9.090909090909090606e-01 1.250000000000000000e-01 0.000000000000000000e+00
9.100684261974584244e-01 1.250000000000000000e-01 0.000000000000000000e+00
9.110459433040077881e-01 1.250000000000000000e-01 0.000000000000000000e+00
9.120234604105571519e-01 1.250000000000000000e-01 0.000000000000000000e+00
9.130009775171065156e-01 1.250000000000000000e-01 0.000000000000000000e+00
9.139784946236558794e-01 1.250000000000000000e-01 0.000000000000000000e+00
9.149560117302052431e-01 1.250000000000000000e-01 0.000000000000000000e+00
9.159335288367546068e-01 1.250000000000000000e-01 0.000000000000000000e+00
9.169110459433039706e-01 1.250000000000000000e-01 0.000000000000000000e+00
9.178885630498533343e-01 1.250000000000000000e-01 0.000000000000000000e+00
9.188660801564026981e-01 1.250000000000000000e-01 0.000000000000000000e+00
9.198435972629520618e-01 1.250000000000000000e-01 0.000000000000000000e+00
9.208211143695014256e-01 1.250000000000000000e-01 0.000000000000000000e+00
9.217986314760507893e-01 1.250000000000000000e-01 0.000000000000000000e+00
9.227761485826001531e-01 1.250000000000000000e-01 0.000000000000000000e+00
9.237536656891495168e-01 1.250000000000000000e-01 0.000000000000000000e+00
9.247311827956988806e-01 1.250000000000000000e-01 0.000000000000000000e+00
9.257086999022482443e-01 1.250000000000000000e-01 0.000000000000000000e+00
9.266862170087976081e-01 1.250000000000000000e-01 0.000000000000000000e+00
9.276637341153469718e-01 1.250000000000000000e-01 0.000000000000000000e+00
9.286412512218963355e-01 1.250000000000000000e-01 0.000000000000000000e+00
9.296187683284456993e-01 1.250000000000000000e-01 0.000000000000000000e+00
9.305962854349950630e-01 1.250000000000000000e-01 0.000000000000000000e+00
9.315738025415444268e-01 1.250000000000000000e-01 0.000000000000000000e+00
9.325513196480937905e-01 1.250000000000000000e-01 0.000000000000000000e+00
9.335288367546431543e-01 1.250000000000000000e-01 0.000000000000000000e+00
9.345063538611925180e-01 1.250000000000000000e-01 0.000000000000000000e+00
9.354838709677418818e-01 1.250000000000000000e-01 0.000000000000000000e+00
9.364613880742912455e-01 1.250000000000000000e-01 0.000000000000000000e+00
9.374389051808406093e-01 1.250000000000000000e-01 0.000000000000000000e+00
9.384164222873900840e-01 1.250000000000000000e-01 0.000000000000000000e+00
9.393939393939394478e-01 1.250000000000000000e-01 0.000000000000000000e+00
9.403714565004888115e-01 1.250000000000000000e-01 0.000000000000000000e+00
9.413489736070381753e-01 1.250000000000000000e-01 0.000000000000000000e+00
9.423264907135875390e-01 1.250000000000000000e-01 0.000000000000000000e+00
9.433040078201369028e-01 1.250000000000000000e-01 0.000000000000000000e+00
9.442815249266862665e-01 1.250000000000000000e-01 0.000000000000000000e+00
9.452590420332356302e-01 1.250000000000000000e-01 0.000000000000000000e+00
9.462365591397849940e-01 1.250000000000000000e-01 0.000000000000000000e+00
9.472140762463343577e-01 1.250000000000000000e-01 0.000000000000000000e+00
9.481915933528837215e-01 1.250000000000000000e-01 0.000000000000000000e+00
9.491691104594330852e-01 1.250000000000000000e-01 0.000000000000000000e+00
9.501466275659824490e-01 1.250000000000000000e-01 0.000000000000000000e+00
9.511241446725318127e-01 1.250000000000000000e-01 0.000000000000000000e+00
9.521016617790811765e-01 1.250000000000000000e-01 0.000000000000000000e+00
9.530791788856305402e-01 1.250000000000000000e-01 0.000000000000000000e+00
9.540566959921799040e-01 1.250000000000000000e-01 0.000000000000000000e+00
9.550342130987292677e-01 1.250000000000000000e-01 0.000000000000000000e+00
9.560117302052786314e-01 1.250000000000000000e-01 0.000000000000000000e+00
9.569892473118279952e-01 1.250000000000000000e-01 0.000000000000000000e+00
9.579667644183773589e-01 1.250000000000000000e-01 0.000000000000000000e+00
9.589442815249267227e-01 1.250000000000000000e-01 0.000000000000000000e+00
9.599217986314760864e-01 1.250000000000000000e-01 0.000000000000000000e+00
9.608993157380254502e-01 1.250000000000000000e-01 0.000000000000000000e+00
9.618768328445748139e-01 1.250000000000000000e-01 0.000000000000000000e+00
9.628543499511241777e-01 1.250000000000000000e-01 0.000000000000000000e+00
9.638318670576735414e-01 1.250000000000000000e-01 0.000000000000000000e+00
9.648093841642229052e-01 1.250000000000000000e-01 0.000000000000000000e+00
9.657869012707722689e-01 1.250000000000000000e-01 0.000000000000000000e+00
9.667644183773216326e-01 1.250000000000000000e-01 0.000000000000000000e+00
9.677419354838709964e-01 1.250000000000000000e-01 0.000000000000000000e+00
9.687194525904203601e-01 1.250000000000000000e-01 0.000000000000000000e+00
9.696969696969697239e-01 1.250000000000000000e-01 0.000000000000000000e+00
9.706744868035190876e-01 1.250000000000000000e-01 0.000000000000000000e+00
9.716520039100684514e-01 1.250000000000000000e-01 0.000000000000000000e+00
9.726295210166178151e-01 1.250000000000000000e-01 0.000000000000000000e+00
9.736070381231671789e-01 1.250000000000000000e-01 0.000000000000000000e+00
9.745845552297165426e-01 1.250000000000000000e-01 0.000000000000000000e+00
9.755620723362659064e-01 1.250000000000000000e-01 0.000000000000000000e+00
9.765395894428152701e-01 1.250000000000000000e-01 0.000000000000000000e+00
9.775171065493646338e-01 1.250000000000000000e-01 0.000000000000000000e+00
9.784946236559139976e-01 1.250000000000000000e-01 0.000000000000000000e+00
9.794721407624633613e-01 1.250000000000000000e-01 0.000000000000000000e+00
9.804496578690127251e-01 1.250000000000000000e-01 0.000000000000000000e+00
9.814271749755620888e-01 1.250000000000000000e-01 0.000000000000000000e+00
9.824046920821114526e-01 1.250000000000000000e-01 0.000000000000000000e+00
9.833822091886608163e-01 1.250000000000000000e-01 0.000000000000000000e+00
9.843597262952101801e-01 1.250000000000000000e-01 0.000000000000000000e+00
9.853372434017595438e-01 1.250000000000000000e-01 0.000000000000000000e+00
9.863147605083089076e-01 1.250000000000000000e-01 0.000000000000000000e+00
9.872922776148582713e-01 1.250000000000000000e-01 0.000000000000000000e+00
9.882697947214076351e-01 1.250000000000000000e-01 0.000000000000000000e+00
9.892473118279569988e-01 1.250000000000000000e-01 0.000000000000000000e+00
9.902248289345063625e-01 1.250000000000000000e-01 0.000000000000000000e+00
9.912023460410557263e-01 1.250000000000000000e-01 0.000000000000000000e+00
9.921798631476050900e-01 1.250000000000000000e-01 0.000000000000000000e+00
9.931573802541544538e-01 1.250000000000000000e-01 0.000000000000000000e+00
9.941348973607038175e-01 1.250000000000000000e-01 0.000000000000000000e+00
9.951124144672531813e-01 1.250000000000000000e-01 0.000000000000000000e+00
9.960899315738025450e-01 1.250000000000000000e-01 0.000000000000000000e+00
9.970674486803519088e-01 1.250000000000000000e-01 0.000000000000000000e+00
9.980449657869012725e-01 1.250000000000000000e-01 0.000000000000000000e+00
9.990224828934506363e-01 1.250000000000000000e-01 -0.000000000000000000e+00
1.000000000000000000e+00 1.250000000000000000e-01 -0.000000000000000000e+00
