# 0.30703065159295806
0.000000000000000000e+00 1.000000000000000000e+00 -0.000000000000000000e+00
9.775171065493646130e-04 1.000000000000000000e+00 -0.000000000000000000e+00
1.955034213098729226e-03 1.000000000000000000e+00 0.000000000000000000e+00
2.932551319648093839e-03 1.000000000000000000e+00 0.000000000000000000e+00
3.910068426197458452e-03 1.000000000000000000e+00 0.000000000000000000e+00
4.887585532746823065e-03 1.000000000000000000e+00 0.000000000000000000e+00
5.865102639296187678e-03 1.000000000000000000e+00 0.000000000000000000e+00
6.842619745845552291e-03 1.000000000000000000e+00 0.000000000000000000e+00
7.820136852394916904e-03 1.000000000000000000e+00 0.000000000000000000e+00
8.797653958944282385e-03 1.000000000000000000e+00 0.000000000000000000e+00
9.775171065493646130e-03 1.000000000000000000e+00 0.000000000000000000e+00
1.075268817204301161e-02 1.000000000000000000e+00 0.000000000000000000e+00
1.173020527859237536e-02 1.000000000000000000e+00 0.000000000000000000e+00
1.270772238514174084e-02 1.000000000000000000e+00 0.000000000000000000e+00
1.368523949169110458e-02 1.000000000000000000e+00 0.000000000000000000e+00
1.466275659824047006e-02 1.000000000000000000e+00 0.000000000000000000e+00
1.564027370478983381e-02 1.000000000000000000e+00 0.000000000000000000e+00
1.661779081133919755e-02 1.000000000000000000e+00 0.000000000000000000e+00
1.759530791788856477e-02 1.000000000000000000e+00 0.000000000000000000e+00
1.857282502443792851e-02 1.000000000000000000e+00 0.000000000000000000e+00
1.955034213098729226e-02 1.000000000000000000e+00 0.000000000000000000e+00
2.052785923753665601e-02 1.000000000000000000e+00 0.000000000000000000e+00
2.150537634408602322e-02 1.000000000000000000e+00 0.000000000000000000e+00
2.248289345063538697e-02 1.000000000000000000e+00 0.000000000000000000e+00
2.346041055718475071e-02 1.000000000000000000e+00 0.000000000000000000e+00
2.443792766373411446e-02 1.000000000000000000e+00 0.000000000000000000e+00
2.541544477028348167e-02 1.000000000000000000e+00 0.000000000000000000e+00
2.639296187683284542e-02 1.000000000000000000e+00 0.000000000000000000e+00
2.737047898338220916e-02 1.000000000000000000e+00 0.000000000000000000e+00
2.834799608993157291e-02 1.000000000000000000e+00 0.000000000000000000e+00
2.932551319648094013e-02 1.000000000000000000e+00 0.000000000000000000e+00
3.030303030303030387e-02 1.000000000000000000e+00 0.000000000000000000e+00
3.128054740957966762e-02 1.000000000000000000e+00 0.000000000000000000e+00
3.225806451612903136e-02 1.000000000000000000e+00 0.000000000000000000e+00
3.323558162267839511e-02 1.000000000000000000e+00 0.000000000000000000e+00
3.421309872922775885e-02 1.000000000000000000e+00 0.000000000000000000e+00
3.519061583577712954e-02 1.000000000000000000e+00 0.000000000000000000e+00
3.616813294232649328e-02 1.000000000000000000e+00 0.000000000000000000e+00
3.714565004887585703e-02 1.000000000000000000e+00 0.000000000000000000e+00
3.812316715542522078e-02 1.000000000000000000e+00 0.000000000000000000e+00
3.910068426197458452e-02 1.000000000000000000e+00 0.000000000000000000e+00
4.007820136852394827e-02 1.000000000000000000e+00 0.000000000000000000e+00
4.105571847507331201e-02 1.000000000000000000e+00 0.000000000000000000e+00
4.203323558162267576e-02 1.000000000000000000e+00 0.000000000000000000e+00
4.301075268817204644e-02 1.000000000000000000e+00 0.000000000000000000e+00
4.398826979472141019e-02 1.000000000000000000e+00 0.000000000000000000e+00
4.496578690127077393e-02 1.000000000000000000e+00 0.000000000000000000e+00
4.594330400782013768e-02 1.000000000000000000e+00 0.000000000000000000e+00
4.692082111436950143e-02 1.000000000000000000e+00 0.000000000000000000e+00
4.789833822091886517e-02 1.000000000000000000e+00 0.000000000000000000e+00
4.887585532746822892e-02 1.000000000000000000e+00 0.000000000000000000e+00
4.985337243401759266e-02 1.000000000000000000e+00 0.000000000000000000e+00
5.083088954056696335e-02 1.000000000000000000e+00 0.000000000000000000e+00
5.180840664711632709e-02 1.000000000000000000e+00 0.000000000000000000e+00
5.278592375366569084e-02 1.000000000000000000e+00 0.000000000000000000e+00
5.376344086021505458e-02 1.000000000000000000e+00 0.000000000000000000e+00
5.474095796676441833e-02 1.000000000000000000e+00 0.000000000000000000e+00
5.571847507331378208e-02 1.000000000000000000e+00 0.000000000000000000e+00
5.669599217986314582e-02 1.000000000000000000e+00 0.000000000000000000e+00
5.767350928641250957e-02 1.000000000000000000e+00 0.000000000000000000e+00
5.865102639296188025e-02 1.000000000000000000e+00 0.000000000000000000e+00
5.962854349951124400e-02 1.000000000000000000e+00 0.000000000000000000e+00
6.060606060606060774e-02 1.000000000000000000e+00 0.000000000000000000e+00
6.158357771260997149e-02 1.000000000000000000e+00 0.000000000000000000e+00
6.256109481915933523e-02 1.000000000000000000e+00 0.000000000000000000e+00
6.353861192570869898e-02 1.000000000000000000e+00 0.000000000000000000e+00
6.451612903225806273e-02 1.000000000000000000e+00 0.000000000000000000e+00
6.549364613880742647e-02 1.000000000000000000e+00 0.000000000000000000e+00
6.647116324535679022e-02 1.000000000000000000e+00 0.000000000000000000e+00
6.744868035190615396e-02 1.000000000000000000e+00 0.000000000000000000e+00
6.842619745845551771e-02 1.000000000000000000e+00 0.000000000000000000e+00
6.940371456500488145e-02 1.000000000000000000e+00 0.000000000000000000e+00
7.038123167155425908e-02 1.000000000000000000e+00 0.000000000000000000e+00
7.135874877810362282e-02 1.000000000000000000e+00 0.000000000000000000e+00
7.233626588465298657e-02 1.000000000000000000e+00 0.000000000000000000e+00
7.331378299120235031e-02 1.000000000000000000e+00 0.000000000000000000e+00
7.429130009775171406e-02 1.000000000000000000e+00 0.000000000000000000e+00
7.526881720430107781e-02 1.000000000000000000e+00 0.000000000000000000e+00
7.624633431085044155e-02 1.000000000000000000e+00 0.000000000000000000e+00
7.722385141739980530e-02 1.000000000000000000e+00 0.000000000000000000e+00
7.820136852394916904e-02 1.000000000000000000e+00 0.000000000000000000e+00
7.917888563049853279e-02 1.000000000000000000e+00 0.000000000000000000e+00
8.015640273704789653e-02 1.000000000000000000e+00 0.000000000000000000e+00
8.113391984359726028e-02 1.000000000000000000e+00 0.000000000000000000e+00
8.211143695014662403e-02 1.000000000000000000e+00 0.000000000000000000e+00
8.308895405669598777e-02 1.000000000000000000e+00 0.000000000000000000e+00
8.406647116324535152e-02 1.000000000000000000e+00 0.000000000000000000e+00
8.504398826979471526e-02 1.000000000000000000e+00 0.000000000000000000e+00
8.602150537634409289e-02 1.000000000000000000e+00 0.000000000000000000e+00
8.699902248289345663e-02 1.000000000000000000e+00 0.000000000000000000e+00
8.797653958944282038e-02 1.000000000000000000e+00 0.000000000000000000e+00
8.895405669599218412e-02 1.000000000000000000e+00 0.000000000000000000e+00
8.993157380254154787e-02 1.000000000000000000e+00 0.000000000000000000e+00
9.090909090909091161e-02 1.000000000000000000e+00 0.000000000000000000e+00
9.188660801564027536e-02 1.000000000000000000e+00 0.000000000000000000e+00
9.286412512218963911e-02 1.000000000000000000e+00 0.000000000000000000e+00
9.384164222873900285e-02 1.000000000000000000e+00 0.000000000000000000e+00
9.481915933528836660e-02 1.000000000000000000e+00 0.000000000000000000e+00
9.579667644183773034e-02 1.000000000000000000e+00 0.000000000000000000e+00
9.677419354838709409e-02 1.000000000000000000e+00 0.000000000000000000e+00
9.775171065493645783e-02 1.000000000000000000e+00 0.000000000000000000e+00
9.872922776148582158e-02 1.000000000000000000e+00 0.000000000000000000e+00
9.970674486803518533e-02 1.000000000000000000e+00 0.000000000000000000e+00
1.006842619745845491e-01 1.000000000000000000e+00 0.000000000000000000e+00
1.016617790811339267e-01 1.000000000000000000e+00 0.000000000000000000e+00
1.026392961876832904e-01 1.000000000000000000e+00 0.000000000000000000e+00
1.036168132942326542e-01 1.000000000000000000e+00 0.000000000000000000e+00
1.045943304007820179e-01 1.000000000000000000e+00 0.000000000000000000e+00
1.055718475073313817e-01 1.000000000000000000e+00 0.000000000000000000e+00
1.065493646138807454e-01 1.000000000000000000e+00 0.000000000000000000e+00
1.075268817204301092e-01 1.000000000000000000e+00 0.000000000000000000e+00
1.085043988269794729e-01 1.000000000000000000e+00 0.000000000000000000e+00
1.094819159335288367e-01 1.000000000000000000e+00 0.000000000000000000e+00
1.104594330400782004e-01 1.000000000000000000e+00 0.000000000000000000e+00
1.114369501466275642e-01 1.000000000000000000e+00 0.000000000000000000e+00
1.124144672531769279e-01 1.000000000000000000e+00 0.000000000000000000e+00
1.133919843597262916e-01 1.000000000000000000e+00 0.000000000000000000e+00
1.143695014662756554e-01 1.000000000000000000e+00 0.000000000000000000e+00
1.153470185728250191e-01 1.000000000000000000e+00 0.000000000000000000e+00
1.163245356793743829e-01 1.000000000000000000e+00 0.000000000000000000e+00
1.173020527859237605e-01 1.000000000000000000e+00 0.000000000000000000e+00
1.182795698924731242e-01 1.000000000000000000e+00 0.000000000000000000e+00
1.192570869990224880e-01 1.000000000000000000e+00 0.000000000000000000e+00
1.202346041055718517e-01 1.000000000000000000e+00 0.000000000000000000e+00
1.212121212121212155e-01 1.000000000000000000e+00 0.000000000000000000e+00
1.221896383186705792e-01 1.000000000000000000e+00 0.000000000000000000e+00
1.231671554252199430e-01 1.000000000000000000e+00 0.000000000000000000e+00
1.241446725317693067e-01 1.000000000000000000e+00 0.000000000000000000e+00
1.251221896383186705e-01 1.000000000000000000e+00 0.000000000000000000e+00
1.260997067448680342e-01 1.000000000000000000e+00 0.000000000000000000e+00
1.270772238514173980e-01 1.000000000000000000e+00 0.000000000000000000e+00
1.280547409579667617e-01 1.000000000000000000e+00 0.000000000000000000e+00
1.290322580645161255e-01 1.000000000000000000e+00 0.000000000000000000e+00
1.300097751710654892e-01 1.000000000000000000e+00 0.000000000000000000e+00
1.309872922776148529e-01 1.000000000000000000e+00 0.000000000000000000e+00
1.319648093841642167e-01 1.000000000000000000e+00 0.000000000000000000e+00
1.329423264907135804e-01 1.000000000000000000e+00 0.000000000000000000e+00
1.339198435972629442e-01 1.000000000000000000e+00 0.000000000000000000e+00
1.348973607038123079e-01 1.000000000000000000e+00 0.000000000000000000e+00
1.358748778103616717e-01 1.000000000000000000e+00 0.000000000000000000e+00
1.368523949169110354e-01 1.000000000000000000e+00 0.000000000000000000e+00
1.378299120234603992e-01 1.000000000000000000e+00 0.000000000000000000e+00
1.388074291300097629e-01 1.000000000000000000e+00 0.000000000000000000e+00
1.397849462365591267e-01 1.000000000000000000e+00 0.000000000000000000e+00
1.407624633431085182e-01 1.000000000000000000e+00 0.000000000000000000e+00
1.417399804496578819e-01 1.000000000000000000e+00 0.000000000000000000e+00
1.427174975562072456e-01 1.000000000000000000e+00 0.000000000000000000e+00
1.436950146627566094e-01 1.000000000000000000e+00 0.000000000000000000e+00
1.446725317693059731e-01 1.000000000000000000e+00 0.000000000000000000e+00
1.456500488758553369e-01 1.000000000000000000e+00 0.000000000000000000e+00
1.466275659824047006e-01 1.000000000000000000e+00 0.000000000000000000e+00
1.476050830889540644e-01 1.000000000000000000e+00 0.000000000000000000e+00
1.485826001955034281e-01 1.000000000000000000e+00 0.000000000000000000e+00
1.495601173020527919e-01 1.000000000000000000e+00 0.000000000000000000e+00
1.505376344086021556e-01 1.000000000000000000e+00 0.000000000000000000e+00
1.515151515151515194e-01 1.000000000000000000e+00 0.000000000000000000e+00
1.524926686217008831e-01 1.000000000000000000e+00 0.000000000000000000e+00
1.534701857282502468e-01 1.000000000000000000e+00 0.000000000000000000e+00
1.544477028347996106e-01 1.000000000000000000e+00 0.000000000000000000e+00
1.554252199413489743e-01 1.000000000000000000e+00 0.000000000000000000e+00
1.564027370478983381e-01 1.000000000000000000e+00 0.000000000000000000e+00
1.573802541544477018e-01 1.000000000000000000e+00 0.000000000000000000e+00
1.583577712609970656e-01 1.000000000000000000e+00 0.000000000000000000e+00
1.593352883675464293e-01 1.000000000000000000e+00 0.000000000000000000e+00
1.603128054740957931e-01 1.000000000000000000e+00 0.000000000000000000e+00
1.612903225806451568e-01 1.000000000000000000e+00 0.000000000000000000e+00
1.622678396871945206e-01 1.000000000000000000e+00 0.000000000000000000e+00
1.632453567937438843e-01 1.000000000000000000e+00 0.000000000000000000e+00
1.642228739002932481e-01 1.000000000000000000e+00 0.000000000000000000e+00
1.652003910068426118e-01 1.000000000000000000e+00 0.000000000000000000e+00
1.661779081133919755e-01 1.000000000000000000e+00 0.000000000000000000e+00
1.671554252199413393e-01 1.000000000000000000e+00 0.000000000000000000e+00
1.681329423264907030e-01 1.000000000000000000e+00 0.000000000000000000e+00
1.691104594330400668e-01 1.000000000000000000e+00 0.000000000000000000e+00
1.700879765395894305e-01 1.000000000000000000e+00 0.000000000000000000e+00
1.710654936461387943e-01 1.000000000000000000e+00 0.000000000000000000e+00
1.720430107526881858e-01 1.000000000000000000e+00 0.000000000000000000e+00
1.730205278592375495e-01 1.000000000000000000e+00 0.000000000000000000e+00
1.739980449657869133e-01 1.000000000000000000e+00 0.000000000000000000e+00
1.749755620723362770e-01 1.000000000000000000e+00 0.000000000000000000e+00
1.759530791788856408e-01 1.000000000000000000e+00 0.000000000000000000e+00
1.769305962854350045e-01 1.000000000000000000e+00 0.000000000000000000e+00
1.779081133919843682e-01 1.000000000000000000e+00 0.000000000000000000e+00
1.788856304985337320e-01 1.000000000000000000e+00 0.000000000000000000e+00
1.798631476050830957e-01 1.000000000000000000e+00 0.000000000000000000e+00
1.808406647116324595e-01 1.000000000000000000e+00 0.000000000000000000e+00
1.818181818181818232e-01 1.000000000000000000e+00 0.000000000000000000e+00
1.827956989247311870e-01 1.000000000000000000e+00 0.000000000000000000e+00
1.837732160312805507e-01 1.000000000000000000e+00 0.000000000000000000e+00
1.847507331378299145e-01 1.000000000000000000e+00 0.000000000000000000e+00
1.857282502443792782e-01 1.000000000000000000e+00 0.000000000000000000e+00
1.867057673509286420e-01 1.000000000000000000e+00 0.000000000000000000e+00
1.876832844574780057e-01 1.000000000000000000e+00 0.000000000000000000e+00
1.886608015640273694e-01 1.000000000000000000e+00 0.000000000000000000e+00
1.896383186705767332e-01 1.000000000000000000e+00 0.000000000000000000e+00
1.906158357771260969e-01 1.000000000000000000e+00 0.000000000000000000e+00
1.915933528836754607e-01 1.000000000000000000e+00 0.000000000000000000e+00
1.925708699902248244e-01 1.000000000000000000e+00 0.000000000000000000e+00
1.935483870967741882e-01 1.000000000000000000e+00 0.000000000000000000e+00
1.945259042033235519e-01 1.000000000000000000e+00 0.000000000000000000e+00
1.955034213098729157e-01 1.000000000000000000e+00 0.000000000000000000e+00
1.964809384164222794e-01 1.000000000000000000e+00 0.000000000000000000e+00
1.974584555229716432e-01 1.000000000000000000e+00 0.000000000000000000e+00
1.984359726295210069e-01 1.000000000000000000e+00 0.000000000000000000e+00
1.994134897360703707e-01 1.000000000000000000e+00 0.000000000000000000e+00
2.003910068426197344e-01 1.000000000000000000e+00 0.000000000000000000e+00
2.013685239491690981e-01 1.000000000000000000e+00 0.000000000000000000e+00
2.023460410557184619e-01 1.000000000000000000e+00 0.000000000000000000e+00
2.033235581622678534e-01 9.999999999999998890e-01 1.030440122109862246e-16
2.043010752688172171e-01 9.999999999999988898e-01 1.021490016122236636e-15
2.052785923753665809e-01 9.999999999999955591e-01 3.082405287890979175e-15
2.062561094819159446e-01 9.999999999999897859e-01 9.310013130718260438e-15
2.072336265884653084e-01 9.999999999999742428e-01 1.892476033748125964e-14
2.082111436950146721e-01 9.999999999999494849e-01 4.389813523439629411e-14
2.091886608015640359e-01 9.999999999998885336e-01 8.326688270690831779e-14
2.101661779081133996e-01 9.999999999997912781e-01 1.793031568865663045e-13
2.111436950146627634e-01 9.999999999995587974e-01 3.324460018570788133e-13
2.121212121212121271e-01 9.999999999991887600e-01 6.963852149205110014e-13
2.130987292277614908e-01 9.999999999983134602e-01 1.271672008998897597e-12
2.140762463343108546e-01 9.999999999969384490e-01 2.618674369673315404e-12
2.150537634408602183e-01 9.999999999937395634e-01 4.728992039452650705e-12
2.160312805474095821e-01 9.999999999887505542e-01 9.586496610129512874e-12
2.170087976539589458e-01 9.999999999773638848e-01 1.713268468238615694e-11
2.179863147605083096e-01 9.999999999597436462e-01 3.418941978160845477e-11
2.189638318670576733e-01 9.999999999202597856e-01 6.046706346148718178e-11
2.199413489736070371e-01 9.999999998596672546e-01 1.187557995766420778e-10
2.209188660801564008e-01 9.999999997264796825e-01 2.078108488063750581e-10
2.218963831867057646e-01 9.999999995237985884e-01 4.015332346285069782e-10
2.228739002932551283e-01 9.999999990870047650e-01 6.949933265616632515e-10
2.238514173998044920e-01 9.999999984280284471e-01 1.320665041998743585e-09
2.248289345063538558e-01 9.999999970365430757e-01 2.260182337154602532e-09
2.258064516129032195e-01 9.999999949558461276e-01 4.222218523368968856e-09
2.267839687194525833e-01 9.999999906537094807e-01 7.141933755640124309e-09
2.277614858260019470e-01 9.999999842794294880e-01 1.311020086611441794e-08
2.287390029325513108e-01 9.999999713832838921e-01 2.190916963201793372e-08
2.297165200391006745e-01 9.999999524558093045e-01 3.950129219837371790e-08
2.306940371456500383e-01 9.999999150160772121e-01 6.518829472716577675e-08
2.316715542521994020e-01 9.999998606026827552e-01 1.153782850069449728e-07
2.326490713587487658e-01 9.999997554604879157e-01 1.879336576693520573e-07
2.336265884652981295e-01 9.999996041993702844e-01 3.263503284574836390e-07
2.346041055718475210e-01 9.999993189624423184e-01 5.243772569576449548e-07
2.355816226783968848e-01 9.999989129412178990e-01 8.928517765038731541e-07
2.365591397849462485e-01 9.999981665660855334e-01 1.414321523556642730e-06
2.375366568914956122e-01 9.999971158572932284e-01 2.359615578720145932e-06
2.385141739980449760e-01 9.999952353337935307e-01 3.682273187059149288e-06
2.394916911045943397e-01 9.999926186973828734e-01 6.014968248584183402e-06
2.404692082111437035e-01 9.999880656032473780e-01 9.239997132094467699e-06
2.414467253176930672e-01 9.999818077206591438e-01 1.476518154927797290e-05
2.424242424242424310e-01 9.999712385724213171e-01 2.230754278943320015e-05
2.434017595307917947e-01 9.999569007590118908e-01 3.483739262462313323e-05
2.443792766373411585e-01 9.999334416429082051e-01 5.171155228324885101e-05
2.453567937438905222e-01 9.999020597431206303e-01 7.883729815792101859e-05
2.463343108504398860e-01 9.998524282488870929e-01 1.148395984749795378e-04
2.473118279569892497e-01 9.997870288437424868e-01 1.707076616899567099e-04
2.482893450635386134e-01 9.996873065330187380e-01 2.436952837008089291e-04
2.492668621700879772e-01 9.995580394405234603e-01 3.527303050714758860e-04
2.502443792766373409e-01 9.993685386085734423e-01 4.927355603237224295e-04
2.512218963831867047e-01 9.991272655298614191e-01 6.934807980566895340e-04
2.521994134897360684e-01 9.987882362092559418e-01 9.463818548869971752e-04
2.531769305962854322e-01 9.983650360225008180e-01 1.293378215068092217e-03
2.541544477028347959e-01 9.977966308027196307e-01 1.721405176591336893e-03
2.551319648093841597e-01 9.971024383122480961e-01 2.281921532941159209e-03
2.561094819159335234e-01 9.962130804264999195e-01 2.957372506599300916e-03
2.570869990224828872e-01 9.951527464231475495e-01 3.800326011480634290e-03
2.580645161290322509e-01 9.938577030155132386e-01 4.790378904560464376e-03
2.590420332355816146e-01 9.923537338348508152e-01 5.968417977533581158e-03
2.600195503421309784e-01 9.905994669917181916e-01 7.314149573774610114e-03
2.609970674486803421e-01 9.886185437586945124e-01 8.845614062314091294e-03
2.619745845552297059e-01 9.864018489511379162e-01 1.054496857939403974e-02
2.629521016617790696e-01 9.839696289188161193e-01 1.240545984569418371e-02
2.639296187683284334e-01 9.813405274146793644e-01 1.441132664137874560e-02
2.649071358748777971e-01 9.785338441511199914e-01 1.654036291574273107e-02
2.658846529814271609e-01 9.755800319115683905e-01 1.877651992024396282e-02
2.668621700879765246e-01 9.725002230240386014e-01 2.109571604519319341e-02
2.678396871945258884e-01 9.693215022084628041e-01 2.348089720011828363e-02
2.688172043010752521e-01 9.660654248462945404e-01 2.591422877252972518e-02
2.697947214076246158e-01 9.627503507692275475e-01 2.838040077644417292e-02
2.707722385141739796e-01 9.593935820164858352e-01 3.086808832136992559e-02
2.717497556207233433e-01 9.560068610952791035e-01 3.336686984906533926e-02
2.727272727272727071e-01 9.526007265719880213e-01 3.586941550315967536e-02
2.737047898338220708e-01 9.491828181791591712e-01 3.837021035844012662e-02
2.746823069403714346e-01 9.457585990679659993e-01 4.086468287748016431e-02
2.756598240469207983e-01 9.423324538955770713e-01 4.335004971832213255e-02
2.766373411534701621e-01 9.389074359854521212e-01 4.582394838881596183e-02
2.776148582600195258e-01 9.354856328036750268e-01 4.828479395376902156e-02
2.785923753665688896e-01 9.320688594528374615e-01 5.073146316094035574e-02
2.795698924731182533e-01 9.286581772436328652e-01 5.316313084454311888e-02
2.805474095796676171e-01 9.252545568388910180e-01 5.557913810958575729e-02
2.815249266862170363e-01 9.218586515626103761e-01 5.797911737128098875e-02
2.825024437927664001e-01 9.184710218163386619e-01 6.036266939311276530e-02
2.834799608993157638e-01 9.150920371144237730e-01 6.272959384375743908e-02
2.844574780058651275e-01 9.117220936579781831e-01 6.507967744113710151e-02
2.854349951124144913e-01 9.083614049993501416e-01 6.741280851341575897e-02
2.864125122189638550e-01 9.050102401510156103e-01 6.972885806597296787e-02
2.873900293255132188e-01 9.016687481774212642e-01 7.202778670550315232e-02
2.883675464320625825e-01 8.983371126560676379e-01 7.430951787872479286e-02
2.893450635386119463e-01 8.950154307063166170e-01 7.657404708446945152e-02
2.903225806451613100e-01 8.917038383249425992e-01 7.882134299435317182e-02
2.913000977517106738e-01 8.884023970573763362e-01 8.105142321398207950e-02
2.922776148582600375e-01 8.851112031877790276e-01 8.326428417259920667e-02
2.932551319648094013e-01 8.818302982464556461e-01 8.545996200496303041e-02
2.942326490713587650e-01 8.785597490159584577e-01 8.763847363566609761e-02
2.952101661779081287e-01 8.752995806095931197e-01 8.979986617024096618e-02
2.961876832844574925e-01 8.720498391129529736e-01 9.194417304866774054e-02
2.971652003910068562e-01 8.688105380596377048e-01 9.407144953286143696e-02
2.981427174975562200e-01 8.655817066857965925e-01 9.618174057214796957e-02
2.991202346041055837e-01 8.623633503671870315e-01 9.827510770996744638e-02
3.000977517106549475e-01 8.591554856990918365e-01 1.003516048528430571e-01
3.010752688172043112e-01 8.559581114412367908e-01 1.024112978586875083e-01
3.020527859237536750e-01 8.527712344814332157e-01 1.044542474181869712e-01
3.030303030303030387e-01 8.495948486271567290e-01 1.064805228009409327e-01
3.040078201368524025e-01 8.464289531165009040e-01 1.084901896935672877e-01
3.049853372434017662e-01 8.432735377864263304e-01 1.104833199150631051e-01
3.059628543499511300e-01 8.401285960262129260e-01 1.124599829640743759e-01
3.069403714565004937e-01 8.369941144506027886e-01 1.144202525872740905e-01
3.079178885630498574e-01 8.338700818625305322e-01 1.163642010767414747e-01
3.088954056695992212e-01 8.307564822762341095e-01 1.182919036658012651e-01
3.098729227761485849e-01 8.276533009321498380e-01 1.202034347018787336e-01
3.108504398826979487e-01 8.245605196867686892e-01 1.220988705168838673e-01
3.118279569892473124e-01 8.214781210046372406e-01 1.239782869384987579e-01
3.128054740957966762e-01 8.184060849711485286e-01 1.258417611102253530e-01
3.137829912023460399e-01 8.153443918772945720e-01 1.276893698911270580e-01
3.147605083088954037e-01 8.122930203432656704e-01 1.295211909898604796e-01
3.157380254154447674e-01 8.092519489634938390e-01 1.313373019573295664e-01
3.167155425219941312e-01 8.062211551526228259e-01 1.331377808676061647e-01
3.176930596285434949e-01 8.032006161747478057e-01 1.349227056948343328e-01
3.186705767350928586e-01 8.001903084580023195e-01 1.366921547121417446e-01
3.196480938416422224e-01 7.971902082268038647e-01 1.384462061106061515e-01
3.206256109481915861e-01 7.942002911074934612e-01 1.401849382229354568e-01
3.216031280547409499e-01 7.912205325129377798e-01 1.419084292940303027e-01
3.225806451612903136e-01 7.882509074257146864e-01 1.436167576006986968e-01
3.235581622678396774e-01 7.852913906294771706e-01 1.453100013135991964e-01
3.245356793743890411e-01 7.823419565967399958e-01 1.469882385567947425e-01
3.255131964809384049e-01 7.794025796284255181e-01 1.486515473248733732e-01
3.264907135874877686e-01 7.764732338011590684e-01 1.503000055090143172e-01
3.274682306940371324e-01 7.735538930520978740e-01 1.519336908463980174e-01
3.284457478005864961e-01 7.706445311588742131e-01 1.535526809286294481e-01
3.294232649071358598e-01 7.677451217925331806e-01 1.551570531701759736e-01
3.304007820136852236e-01 7.648556385143252534e-01 1.567468848080132149e-01
3.313782991202345873e-01 7.619760548100386055e-01 1.583222528811497887e-01
3.323558162267839511e-01 7.591063440949191721e-01 1.598832342264603912e-01
3.333333333333333148e-01 7.562464797371614145e-01 1.614299054648181964e-01
3.343108504398826786e-01 7.533964350661818132e-01 1.629623429956322533e-01
3.352883675464320423e-01 7.505561833896617907e-01 1.644806229870027225e-01
3.362658846529814061e-01 7.477256980027872091e-01 1.659848213702387054e-01
3.372434017595307698e-01 7.449049522013329039e-01 1.674750138325849791e-01
3.382209188660801336e-01 7.420939192907125559e-01 1.689512758122546088e-01
3.391984359726294973e-01 7.392925725965164840e-01 1.704136824928912386e-01
3.401759530791788610e-01 7.365008854729043763e-01 1.718623087993159659e-01
3.411534701857282248e-01 7.337188313114099136e-01 1.732972293932331376e-01
3.421309872922775885e-01 7.309463835485352501e-01 1.747185186697048365e-01
3.431085043988269523e-01 7.281835156733075243e-01 1.761262507537991462e-01
3.440860215053763715e-01 7.254302012341007355e-01 1.775204994977399864e-01
3.450635386119257353e-01 7.226864138452480102e-01 1.789013384782963401e-01
3.460410557184750990e-01 7.199521271931729194e-01 1.802688409945300274e-01
3.470185728250244628e-01 7.172273150422709964e-01 1.816230800657845923e-01
3.479960899315738265e-01 7.145119512404518591e-01 1.829641284299496351e-01
3.489736070381231903e-01 7.118060097244469642e-01 1.842920585419443313e-01
3.499511241446725540e-01 7.091094645248610107e-01 1.856069425724241329e-01
3.509286412512219178e-01 7.064222897710251692e-01 1.869088524066764012e-01
3.519061583577712815e-01 7.037444596956549114e-01 1.881978596437029472e-01
3.528836754643206453e-01 7.010759486393480788e-01 1.894740355954650513e-01
3.538611925708700090e-01 6.984167310549311836e-01 1.907374512862832217e-01
3.548387096774193727e-01 6.957667815116824750e-01 1.919881774523771734e-01
3.558162267839687365e-01 6.931260746994430955e-01 1.932262845415373409e-01
3.567937438905181002e-01 6.904945854326387522e-01 1.944518427129147409e-01
3.577712609970674640e-01 6.878722886542197879e-01 1.956649218369229670e-01
3.587487781036168277e-01 6.852591594395407437e-01 1.968655914952427421e-01
3.597262952101661915e-01 6.826551730001925167e-01 1.980539209809205892e-01
3.607038123167155552e-01 6.800603046877958802e-01 1.992299792985551266e-01
3.616813294232649190e-01 6.774745299977739110e-01 2.003938351645652982e-01
3.626588465298142827e-01 6.748978245731132031e-01 2.015455570075339597e-01
3.636363636363636465e-01 6.723301642081255247e-01 2.026852129686202431e-01
3.646138807429130102e-01 6.697715248522227993e-01 2.038128709020389229e-01
3.655913978494623739e-01 6.672218826137150671e-01 2.049285983755987917e-01
3.665689149560117377e-01 6.646812137636393114e-01 2.060324626712972118e-01
3.675464320625611014e-01 6.621494947396361352e-01 2.071245307859686802e-01
3.685239491691104652e-01 6.596267021498785077e-01 2.082048694319813265e-01
3.695014662756598289e-01 6.571128127770656802e-01 2.092735450379797912e-01
3.704789833822091927e-01 6.546078035824925978e-01 2.103306237496710140e-01
3.714565004887585564e-01 6.521116517102018006e-01 2.113761714306508777e-01
3.724340175953079202e-01 6.496243344912318030e-01 2.124102536632690996e-01
3.734115347018572839e-01 6.471458294479696116e-01 2.134329357495300949e-01
3.743890518084066477e-01 6.446761142986164872e-01 2.144442827120273398e-01
3.753665689149560114e-01 6.422151669617813807e-01 2.154443592949121522e-01
3.763440860215053752e-01 6.397629655612068200e-01 2.164332299648909219e-01
3.773216031280547389e-01 6.373194884306438990e-01 2.174109589122540376e-01
3.782991202346041026e-01 6.348847141188802556e-01 2.183776100519321250e-01
3.792766373411534664e-01 6.324586213949400237e-01 2.193332470245801524e-01
3.802541544477028301e-01 6.300411892534591995e-01 2.202779331976887633e-01
3.812316715542521939e-01 6.276323969202552977e-01 2.212117316667205069e-01
3.822091886608015576e-01 6.252322238580968472e-01 2.221347052562713809e-01
3.831867057673509214e-01 6.228406497726916013e-01 2.230469165212582983e-01
3.841642228739002851e-01 6.204576546189009001e-01 2.239484277481310348e-01
3.851417399804496489e-01 6.180832186071968382e-01 2.248393009561071298e-01
3.861192570869990126e-01 6.157173222103750065e-01 2.257195978984328499e-01
3.870967741935483764e-01 6.133599461705410150e-01 2.265893800636681610e-01
3.880742913000977401e-01 6.110110715063774567e-01 2.274487086769952093e-01
3.890518084066471038e-01 6.086706795207169618e-01 2.282976447015540589e-01
3.900293255131964676e-01 6.063387518084326633e-01 2.291362488398014652e-01
3.910068426197458313e-01 6.040152702646645055e-01 2.299645815348971833e-01
3.919843597262951951e-01 6.017002170933986038e-01 2.307827029721163103e-01
3.929618768328445588e-01 5.993935748164233024e-01 2.315906730802889391e-01
3.939393939393939226e-01 5.970953262826743657e-01 2.323885515332681229e-01
3.949169110459432863e-01 5.948054546779993901e-01 2.331763977514279274e-01
3.958944281524926501e-01 5.925239435353559792e-01 2.339542709031916801e-01
3.968719452590420138e-01 5.902507767454732157e-01 2.347222299065918061e-01
3.978494623655913776e-01 5.879859385679963024e-01 2.354803334308638585e-01
3.988269794721407413e-01 5.857294136431441256e-01 2.362286398980752433e-01
3.998044965786901050e-01 5.834811870039035009e-01 2.369672074847905263e-01
4.007820136852394688e-01 5.812412440887940734e-01 2.376960941237757086e-01
4.017595307917888325e-01 5.790095707552287418e-01 2.384153575057438024e-01
4.027370478983381963e-01 5.767861532935066871e-01 2.391250550811430953e-01
4.037145650048875600e-01 5.745709784414704258e-01 2.398252440619915715e-01
4.046920821114369238e-01 5.723640333998633034e-01 2.405159814237595450e-01
4.056695992179862875e-01 5.701653058484259518e-01 2.411973239073032238e-01
4.066471163245357068e-01 5.679747839627727890e-01 2.418693280208535912e-01
4.076246334310850705e-01 5.657924564320877536e-01 2.425320500420616587e-01
4.086021505376344343e-01 5.636183124776902309e-01 2.431855460201071684e-01
4.095796676441837980e-01 5.614523418725132498e-01 2.438298717778709379e-01
4.105571847507331618e-01 5.592945349615473516e-01 2.444650829141780113e-01
4.115347018572825255e-01 5.571448826833033108e-01 2.450912348061135004e-01
4.125122189638318893e-01 5.550033765923495510e-01 2.457083826114183356e-01
4.134897360703812530e-01 5.528700088829857640e-01 2.463165812709693925e-01
4.144672531769306167e-01 5.507447724141150136e-01 2.469158855113480766e-01
4.154447702834799805e-01 5.486276607353831603e-01 2.475063498475057466e-01
4.164222873900293442e-01 5.465186681146562142e-01 2.480880285855308343e-01
4.173998044965787080e-01 5.444177895669115586e-01 2.486609758255248770e-01
4.183773216031280717e-01 5.423250208846246423e-01 2.492252454645948190e-01
4.193548387096774355e-01 5.402403586697337445e-01 2.497808911999697956e-01
4.203323558162267992e-01 5.381638003672788440e-01 2.503279665322508674e-01
4.213098729227761630e-01 5.360953443008050767e-01 2.508665247688025568e-01
4.222873900293255267e-01 5.340349897096358101e-01 2.513966190272963197e-01
4.232649071358748905e-01 5.319827367881245772e-01 2.519183022394164695e-01
4.242424242424242542e-01 5.299385867269967854e-01 2.524316271547387691e-01
4.252199413489736179e-01 5.279025417569083167e-01 2.529366463447956792e-01
4.261974584555229817e-01 5.258746051943490318e-01 2.534334122073401141e-01
4.271749755620723454e-01 5.238547814900259558e-01 2.539219769708216945e-01
4.281524926686217092e-01 5.218430762798774714e-01 2.544023926990907625e-01
4.291300097751710729e-01 5.198394964388681760e-01 2.548747112963462569e-01
4.301075268817204367e-01 5.178440501377352678e-01 2.553389845123439916e-01
4.310850439882698004e-01 5.158567469028549901e-01 2.557952639478858203e-01
4.320625610948191642e-01 5.138775976794190958e-01 2.562436010606071179e-01
4.330400782013685279e-01 5.119066148981179509e-01 2.566840471710852833e-01
4.340175953079178917e-01 5.099438125455381110e-01 2.571166534692934103e-01
4.349951124144672554e-01 5.079892062384967488e-01 2.575414710214209979e-01
4.359726295210166191e-01 5.060428133025486330e-01 2.579585507770907893e-01
4.369501466275659829e-01 5.041046528549159023e-01 2.583679435769988264e-01
4.379276637341153466e-01 5.021747458921022034e-01 2.587697001610086978e-01
4.389051808406647104e-01 5.002531153824772980e-01 2.591638711767331182e-01
4.398826979472140741e-01 4.983397863641226833e-01 2.595505071886373694e-01
4.408602150537634379e-01 4.964347860482583585e-01 2.599296586877034021e-01
4.418377321603128016e-01 4.945381439285791991e-01 2.603013761016931826e-01
4.428152492668621654e-01 4.926498918968563179e-01 2.606657098060586875e-01
4.437927663734115291e-01 4.907700643651733419e-01 2.610227101355408474e-01
4.447702834799608929e-01 4.888986983951903453e-01 2.613724273965105094e-01
4.457478005865102566e-01 4.870358338348507732e-01 2.617149118801045948e-01
4.467253176930596203e-01 4.851815134629668402e-01 2.620502138762141886e-01
4.477028347996089841e-01 4.833357831421435935e-01 2.623783836883861742e-01
4.486803519061583478e-01 4.814986919805233634e-01 2.626994716497061400e-01
4.496578690127077116e-01 4.796702925028588083e-01 2.630135281397311120e-01
4.506353861192570753e-01 4.778506408314456833e-01 2.633206036025482200e-01
4.516129032258064391e-01 4.760397968774699451e-01 2.636207485660406746e-01
4.525904203323558028e-01 4.742378245433481743e-01 2.639140136624448241e-01
4.535679374389051666e-01 4.724447919366661086e-01 2.642004496502914912e-01
4.545454545454545303e-01 4.706607715963420646e-01 2.644801074378297923e-01
4.555229716520038941e-01 4.688858407316607857e-01 2.647530381080342443e-01
4.565004887585532578e-01 4.671200814748489027e-01 2.650192929453071833e-01
4.574780058651026216e-01 4.653635811478754603e-01 2.652789234639912341e-01
4.584555229716519853e-01 4.636164325441793355e-01 2.655319814388179545e-01
4.594330400782013490e-01 4.618787342260347595e-01 2.657785189374166634e-01
4.604105571847507128e-01 4.601505908382703680e-01 2.660185883550257313e-01
4.613880742913000765e-01 4.584321134390623165e-01 2.662522424515462727e-01
4.623655913978494403e-01 4.567234198485072838e-01 2.664795343910884573e-01
4.633431085043988040e-01 4.550246350156701425e-01 2.667005177841660912e-01
4.643206256109481678e-01 4.533358914047718180e-01 2.669152467327020051e-01
4.652981427174975315e-01 4.516573294011415052e-01 2.671237758780090621e-01
4.662756598240468953e-01 4.499890977375043399e-01 2.673261604519199253e-01
4.672531769305962590e-01 4.483313539411000748e-01 2.675224563312369463e-01
4.682306940371456228e-01 4.466842648020347140e-01 2.677127200956802011e-01
4.692082111436950420e-01 4.450480068631474384e-01 2.678970090895086975e-01
4.701857282502444058e-01 4.434227669315251030e-01 2.680753814869846763e-01
4.711632453567937695e-01 4.418087426116192873e-01 2.682478963618538659e-01
4.721407624633431332e-01 4.402061428596980019e-01 2.684146137609980665e-01
4.731182795698924970e-01 4.386151885590990340e-01 2.685755947824060574e-01
4.740957966764418607e-01 4.370361131154444356e-01 2.687309016575958331e-01
4.750733137829912245e-01 4.354691630705980199e-01 2.688805978385939155e-01
4.760508308895405882e-01 4.339145987337155175e-01 2.690247480895487375e-01
4.770283479960899520e-01 4.323726948272293424e-01 2.691634185830213410e-01
4.780058651026393157e-01 4.308437411450221632e-01 2.692966770009488364e-01
4.789833822091886795e-01 4.293280432193612439e-01 2.694245926402225044e-01
4.799608993157380432e-01 4.278259229923894180e-01 2.695472365227538636e-01
4.809384164222874070e-01 4.263377194870789366e-01 2.696646815098256988e-01
4.819159335288367707e-01 4.248637894715493468e-01 2.697770024204290129e-01
4.828934506353861345e-01 4.234045081095105800e-01 2.698842761531812795e-01
4.838709677419354982e-01 4.219602695883276078e-01 2.699865818112920368e-01
4.848484848484848619e-01 4.205314877147794950e-01 2.700840008298988626e-01
4.858260019550342257e-01 4.191185964670268160e-01 2.701766171049320708e-01
4.868035190615835894e-01 4.177220504895812203e-01 2.702645171224800080e-01
4.877810361681329532e-01 4.163423255162091441e-01 2.703477900874216022e-01
4.887585532746823169e-01 4.149799187036903869e-01 2.704265280498615032e-01
4.897360703812316807e-01 4.136353488572140358e-01 2.705008260276530740e-01
4.907135874877810444e-01 4.123091565259489055e-01 2.705707821230274868e-01
4.916911045943304082e-01 4.110019039449983036e-01 2.706364976310509651e-01
4.926686217008797719e-01 4.097141747975906467e-01 2.706980771373418415e-01
4.936461388074291357e-01 4.084465737690170517e-01 2.707556286021557956e-01
4.946236559139784994e-01 4.071997258615875914e-01 2.708092634276486610e-01
4.956011730205278631e-01 4.059742754378179996e-01 2.708590965048090493e-01
4.965786901270772269e-01 4.047708849573026235e-01 2.709052462362843694e-01
4.975562072336265906e-01 4.035902333714042056e-01 2.709478345310589731e-01
4.985337243401759544e-01 4.024330141391505022e-01 2.709869867667585308e-01
4.995112414467253181e-01 4.012999328277629396e-01 2.710228317152160171e-01
5.004887585532746819e-01 4.001917042622377685e-01 2.710555014269096508e-01
5.014662756598240456e-01 3.991090491905878168e-01 2.710851310699576855e-01
5.024437927663734094e-01 3.980526904349544481e-01 2.711118587195840979e-01
5.034213098729227731e-01 3.970233485040599586e-01 2.711358250943601278e-01
5.043988269794721369e-01 3.960217366496041058e-01 2.711571732361090503e-01
5.053763440860215006e-01 3.950485553584401899e-01 2.711760481311594750e-01
5.063538611925708643e-01 3.941044862838408713e-01 2.711925962716574268e-01
5.073313782991202281e-01 3.931901856330069500e-01 2.712069651569078421e-01
5.083088954056695918e-01 3.923062770441758662e-01 2.712193027362144182e-01
5.092864125122189556e-01 3.914533440051767843e-01 2.712297567963988798e-01
5.102639296187683193e-01 3.906319218857919884e-01 2.712384742990846531e-01
5.112414467253176831e-01 3.898424896784228322e-01 2.712456006748664161e-01
5.122189638318670468e-01 3.890854615647250658e-01 2.712512790835983068e-01
5.131964809384164106e-01 3.883611784492644881e-01 2.712556496521211225e-01
5.141739980449657743e-01 3.876698996238538975e-01 2.712588487027188244e-01
5.151515151515151381e-01 3.870117947468750264e-01 2.712610079873231106e-01
5.161290322580645018e-01 3.863869363392139489e-01 2.712622539438484526e-01
5.171065493646138655e-01 3.857952930110197798e-01 2.712627069919137379e-01
5.180840664711632293e-01 3.852367236398606676e-01 2.712624808854784964e-01
5.190615835777125930e-01 3.847109727196387219e-01 2.712616821394950861e-01
5.200391006842619568e-01 3.842176670896598756e-01 2.712604095464932197e-01
5.210166177908113205e-01 3.837563142336877231e-01 2.712587537970518325e-01
5.219941348973606843e-01 3.833263023092590149e-01 2.712567972154038554e-01
5.229716520039100480e-01 3.829269020281662050e-01 2.712546136180516432e-01
5.239491691104594118e-01 3.825572704606440833e-01 2.712522682993837031e-01
5.249266862170087755e-01 3.822164567799187784e-01 2.712498181440539669e-01
5.259042033235581393e-01 3.819034099025578888e-01 2.712473118615607581e-01
5.268817204301075030e-01 3.816169879162326084e-01 2.712447903342622424e-01
5.278592375366568668e-01 3.813559691232393800e-01 2.712422870662548613e-01
5.288367546432062305e-01 3.811190644688344231e-01 2.712398287173339306e-01
5.298142717497555942e-01 3.809049310715004188e-01 2.712374357038503381e-01
5.307917888563049580e-01 3.807121865307918074e-01 2.712351228467843045e-01
5.317693059628543217e-01 3.805394236599646263e-01 2.712329000468546858e-01
5.327468230694036855e-01 3.803852252769941433e-01 2.712307729669501399e-01
5.337243401759530492e-01 3.802481786896786953e-01 2.712287437035224014e-01
5.347018572825024130e-01 3.801268895281951776e-01 2.712268114306874978e-01
5.356793743890517767e-01 3.800199946105431437e-01 2.712249730034491657e-01
5.366568914956011405e-01 3.799261735707527010e-01 2.712232235094823030e-01
5.376344086021505042e-01 3.798441590337321427e-01 2.712215567620803736e-01
5.386119257086998680e-01 3.797727451809214116e-01 2.712199657299751987e-01
5.395894428152492317e-01 3.797107946140014234e-01 2.712184429026143206e-01
5.405669599217985954e-01 3.796572434863275114e-01 2.712169805919994459e-01
5.415444770283479592e-01 3.796111049303702578e-01 2.712155711742560982e-01
5.425219941348973229e-01 3.795714708616186872e-01 2.712142072756834055e-01
5.434995112414466867e-01 3.795375122831381454e-01 2.712128819091176313e-01
5.444770283479960504e-01 3.795084782490062425e-01 2.712115885670733362e-01
5.454545454545454142e-01 3.794836936686293294e-01 2.712103212783423811e-01
5.464320625610947779e-01 3.794625561475864495e-01 2.712090746346165759e-01
5.474095796676441417e-01 3.794445320648504039e-01 2.712078437933310160e-01
5.483870967741935054e-01 3.794291520821216901e-01 2.712066244623644873e-01
5.493646138807428692e-01 3.794160062700061564e-01 2.712054128715713497e-01
5.503421309872922329e-01 3.794047390194458802e-01 2.712042057353946101e-01
5.513196480938415966e-01 3.793950438867866315e-01 2.712030002100868642e-01
5.522971652003909604e-01 3.793866584986570478e-01 2.712017938483765600e-01
5.532746823069403241e-01 3.793793596198097307e-01 2.712005845537761028e-01
5.542521994134896879e-01 3.793729584644002784e-01 2.711993705361720464e-01
5.552297165200390516e-01 3.793672963097592388e-01 2.711981502698527779e-01
5.562072336265884154e-01 3.793622404522327685e-01 2.711969224547280954e-01
5.571847507331377791e-01 3.793576805275548081e-01 2.711956859811737175e-01
5.581622678396871429e-01 3.793535252037180672e-01 2.711944398986782523e-01
5.591397849462365066e-01 3.793496992424724712e-01 2.711931833882825771e-01
5.601173020527858704e-01 3.793461409163238485e-01 2.711919157386636914e-01
5.610948191593352341e-01 3.793427997610510083e-01 2.711906363256215702e-01
5.620723362658845979e-01 3.793396346390435214e-01 2.711893445946753634e-01
5.630498533724340726e-01 3.793366120858903678e-01 2.711880400464408702e-01
5.640273704789834364e-01 3.793337049113139070e-01 2.711867222244576103e-01
5.650048875855328001e-01 3.793308910254453714e-01 2.711853907051401391e-01
5.659824046920821639e-01 3.793281524622756917e-01 2.711840450895467436e-01
5.669599217986315276e-01 3.793254745736454603e-01 2.711826849966828545e-01
5.679374389051808913e-01 3.793228453691303015e-01 2.711813100580861002e-01
5.689149560117302551e-01 3.793202549794459921e-01 2.711799199134680705e-01
5.698924731182796188e-01 3.793176952233918708e-01 2.711785142072193899e-01
5.708699902248289826e-01 3.793151592607506006e-01 2.711770925856095693e-01
5.718475073313783463e-01 3.793126413158845467e-01 2.711756546945434665e-01
5.728250244379277101e-01 3.793101364589505087e-01 2.711742001777551758e-01
5.738025415444770738e-01 3.793076404336512275e-01 2.711727286753432553e-01
5.747800586510264376e-01 3.793051495222458103e-01 2.711712398225681331e-01
5.757575757575758013e-01 3.793026604401281143e-01 2.711697332488489098e-01
5.767350928641251651e-01 3.793001702536700770e-01 2.711682085769077100e-01
5.777126099706745288e-01 3.792976763162116960e-01 2.711666654220216133e-01
5.786901270772238925e-01 3.792951762180898356e-01 2.711651033913524689e-01
5.796676441837732563e-01 3.792926677474373065e-01 2.711635220833269466e-01
5.806451612903226200e-01 3.792901488591846615e-01 2.711619210870517827e-01
5.816226783968719838e-01 3.792876176502626984e-01 2.711602999817480097e-01
5.826001955034213475e-01 3.792850723394683987e-01 2.711586583361936809e-01
5.835777126099707113e-01 3.792825112508236285e-01 2.711569957081679250e-01
5.845552297165200750e-01 3.792799327995464154e-01 2.711553116438897293e-01
5.855327468230694388e-01 3.792773354799836572e-01 2.711536056774460635e-01
5.865102639296188025e-01 3.792747178550266440e-01 2.711518773302085683e-01
5.874877810361681663e-01 3.792720785466661693e-01 2.711501261102323701e-01
5.884652981427175300e-01 3.792694162274397596e-01 2.711483515116379639e-01
5.894428152492668938e-01 3.792667296125999954e-01 2.711465530139732794e-01
5.904203323558162575e-01 3.792640174528817409e-01 2.711447300815521544e-01
5.913978494623656212e-01 3.792612785277840737e-01 2.711428821627705488e-01
5.923753665689149850e-01 3.792585116393085709e-01 2.711410086893974447e-01
5.933528836754643487e-01 3.792557156061085455e-01 2.711391090758366040e-01
5.943304007820137125e-01 3.792528892580168676e-01 2.711371827183618466e-01
5.953079178885630762e-01 3.792500314309238951e-01 2.711352289943175231e-01
5.962854349951124400e-01 3.792471409619797007e-01 2.711332472612880684e-01
5.972629521016618037e-01 3.792442166850970575e-01 2.711312368562300845e-01
5.982404692082111675e-01 3.792412574267285397e-01 2.711291970945646779e-01
5.992179863147605312e-01 3.792382620018950878e-01 2.711271272692292733e-01
6.001955034213098950e-01 3.792352292104371192e-01 2.711250266496837980e-01
6.011730205278592587e-01 3.792321578334647003e-01 2.711228944808689034e-01
6.021505376344086224e-01 3.792290466299763074e-01 2.711207299821113970e-01
6.031280547409579862e-01 3.792258943336220822e-01 2.711185323459746055e-01
6.041055718475073499e-01 3.792226996495826064e-01 2.711163007370492872e-01
6.050830889540567137e-01 3.792194612515375485e-01 2.711140342906793177e-01
6.060606060606060774e-01 3.792161777786978716e-01 2.711117321116188195e-01
6.070381231671554412e-01 3.792128478328755103e-01 2.711093932726140743e-01
6.080156402737048049e-01 3.792094699755676479e-01 2.711070168129069979e-01
6.089931573802541687e-01 3.792060427250297794e-01 2.711046017366512961e-01
6.099706744868035324e-01 3.792025645533166345e-01 2.711021470112371379e-01
6.109481915933528962e-01 3.791990338832668672e-01 2.710996515655157979e-01
6.119257086999022599e-01 3.791954490854102522e-01 2.710971142879172735e-01
6.129032258064516236e-01 3.791918084747760709e-01 2.710945340244521606e-01
6.138807429130009874e-01 3.791881103075808723e-01 2.710919095765896292e-01
6.148582600195503511e-01 3.791843527777757905e-01 2.710892396990011166e-01
6.158357771260997149e-01 3.791805340134291602e-01 2.710865230971574169e-01
6.168132942326490786e-01 3.791766520729245027e-01 2.710837584247712262e-01
6.177908113391984424e-01 3.791727049409513994e-01 2.710809442810688807e-01
6.187683284457478061e-01 3.791686905242640515e-01 2.710780792078795187e-01
6.197458455522971699e-01 3.791646066471832111e-01 2.710751616865251790e-01
6.207233626588465336e-01 3.791604510468167821e-01 2.710721901344964602e-01
6.217008797653958974e-01 3.791562213679682825e-01 2.710691629018948667e-01
6.226783968719452611e-01 3.791519151577054103e-01 2.710660782676219682e-01
6.236559139784946248e-01 3.791475298595542442e-01 2.710629344352930570e-01
6.246334310850439886e-01 3.791430628072843811e-01 2.710597295288514896e-01
6.256109481915933523e-01 3.791385112182466544e-01 2.710564615878565675e-01
6.265884652981427161e-01 3.791338721862190231e-01 2.710531285624164788e-01
6.275659824046920798e-01 3.791291426737153913e-01 2.710497283077304975e-01
6.285434995112414436e-01 3.791243195037041769e-01 2.710462585782078548e-01
6.295210166177908073e-01 3.791193993506790094e-01 2.710427170211179848e-01
6.304985337243401711e-01 3.791143787310150559e-01 2.710391011697289576e-01
6.314760508308895348e-01 3.791092539925398630e-01 2.710354084358805871e-01
6.324535679374388986e-01 3.791040213032355610e-01 2.710316361019358133e-01
6.334310850439882623e-01 3.790986766389777829e-01 2.710277813120407497e-01
6.344086021505376261e-01 3.790932157702056049e-01 2.710238410626181760e-01
6.353861192570869898e-01 3.790876342473987748e-01 2.710198121920084358e-01
6.363636363636363535e-01 3.790819273852195082e-01 2.710156913691531000e-01
6.373411534701857173e-01 3.790760902451532077e-01 2.710114750812052664e-01
6.383186705767350810e-01 3.790701176164521513e-01 2.710071596199249422e-01
6.392961876832844448e-01 3.790640039951490015e-01 2.710027410666935310e-01
6.402737047898338085e-01 3.790577435608611934e-01 2.709982152759493057e-01
6.412512218963831723e-01 3.790513301510493038e-01 2.709935778568006715e-01
6.422287390029325360e-01 3.790447572323153991e-01 2.709888241525226227e-01
6.432062561094818998e-01 3.790380178682303258e-01 2.709839492175719067e-01
6.441837732160312635e-01 3.790311046830555086e-01 2.709789477916662581e-01
6.451612903225806273e-01 3.790240098205625574e-01 2.709738142703579933e-01
6.461388074291299910e-01 3.790167248969408265e-01 2.709685426713804302e-01
6.471163245356793547e-01 3.790092409465156131e-01 2.709631265958545310e-01
6.480938416422287185e-01 3.790015483586431921e-01 2.709575591831875907e-01
6.490713587487780822e-01 3.789936368036997405e-01 2.709518330581728307e-01
6.500488758553274460e-01 3.789854951454926235e-01 2.709459402683836449e-01
6.510263929618768097e-01 3.789771113366832145e-01 2.709398722094212841e-01
6.520039100684261735e-01 3.789684722928614580e-01 2.709336195348994170e-01
6.529814271749755372e-01 3.789595637397223937e-01 2.709271720471992384e-01
6.539589442815249010e-01 3.789503700263012198e-01 2.709205185639587676e-01
6.549364613880742647e-01 3.789408738953778388e-01 2.709136467539413062e-01
6.559139784946236285e-01 3.789310561998889826e-01 2.709065429343033293e-01
6.568914956011729922e-01 3.789208955514251076e-01 2.708991918193091597e-01
6.578690127077223559e-01 3.789103678835781253e-01 2.708915762081700040e-01
6.588465298142717197e-01 3.788994459089647382e-01 2.708836765968705707e-01
6.598240469208210834e-01 3.788880984441462263e-01 2.708754706955514568e-01
6.608015640273704472e-01 3.788762895713509438e-01 2.708669328292205858e-01
6.617790811339198109e-01 3.788639775998803860e-01 2.708580331952543663e-01
6.627565982404691747e-01 3.788511137833723841e-01 2.708487369463579153e-01
6.637341153470185384e-01 3.788376407417974323e-01 2.708390030624354128e-01
6.647116324535679022e-01 3.788234905293288990e-01 2.708287829692908599e-01
6.656891495601172659e-01 3.788085822812858328e-01 2.708180188564026092e-01
6.666666666666666297e-01 3.787928193655443199e-01 2.708066416404376064e-01
6.676441837732159934e-01 3.787760859565862948e-01 2.707945685160036975e-01
6.686217008797653572e-01 3.787582429442778453e-01 2.707817000307933819e-01
6.695992179863147209e-01 3.787391230852332202e-01 2.707679166192468734e-01
6.705767350928640846e-01 3.787185253030466714e-01 2.707530745277352824e-01
6.715542521994134484e-01 3.786962080457014213e-01 2.707370010657154658e-01
6.725317693059628121e-01 3.786718816151070643e-01 2.707194891220549016e-01
6.735092864125121759e-01 3.786451993960602835e-01 2.707002908945544406e-01
6.744868035190615396e-01 3.786157479310612861e-01 2.706791107943728458e-01
6.754643206256109034e-01 3.785830358143493224e-01 2.706555975063167363e-01
6.764418377321602671e-01 3.785464814141550338e-01 2.706293352114303441e-01
6.774193548387096309e-01 3.785053994771296337e-01 2.705998340104681099e-01
6.783968719452589946e-01 3.784589867235259031e-01 2.705665196258755789e-01
6.793743890518083584e-01 3.784063066058220293e-01 2.705287225057423917e-01
6.803519061583577221e-01 3.783462734764269086e-01 2.704856665053428366e-01
6.813294232649070858e-01 3.782776364905434674e-01 2.704364573793839321e-01
6.823069403714564496e-01 3.781989636561461920e-01 2.703800713794782262e-01
6.832844574780058133e-01 3.781086265315377615e-01 2.703153443146324442e-01
6.842619745845551771e-01 3.780047861584956426e-01 2.702409614951288841e-01
6.852394916911045408e-01 3.778853809012880927e-01 2.701554490389917462e-01
6.862170087976539046e-01 3.777481169338832157e-01 2.700571670717312744e-01
6.871945259042032683e-01 3.775904621740730494e-01 2.699443053903766154e-01
6.881720430107527431e-01 3.774096444983250920e-01 2.698148821878917358e-01
6.891495601173021068e-01 3.772026550793148858e-01 2.696667464398883607e-01
6.901270772238514706e-01 3.769662576640107066e-01 2.694975845383212332e-01
6.911045943304008343e-01 3.766970045493192587e-01 2.693049317133491272e-01
6.920821114369501981e-01 3.763912599112276824e-01 2.690861887122695806e-01
6.930596285434995618e-01 3.760452310001197729e-01 2.688386441020252371e-01
6.940371456500489256e-01 3.756550075293950686e-01 2.685595024291203559e-01
6.950146627565982893e-01 3.752166093586568607e-01 2.682459183093150457e-01
6.959921798631476531e-01 3.747260423108685901e-01 2.678950363322490924e-01
6.969696969696970168e-01 3.741793616716907467e-01 2.675040364579769903e-01
6.979472140762463805e-01 3.735727426077539715e-01 2.670701843597322878e-01
6.989247311827957443e-01 3.729025564200464382e-01 2.665908859380552998e-01
6.999022482893451080e-01 3.721654512318636754e-01 2.660637450049925801e-01
7.008797653958944718e-01 3.713584354121017839e-01 2.654866229235573472e-01
7.018572825024438355e-01 3.704789617689505099e-01 2.648576987976822283e-01
7.028347996089931993e-01 3.695250103310275258e-01 2.641755286520370838e-01
7.038123167155425630e-01 3.684951673765629598e-01 2.634391019292656178e-01
7.047898338220919268e-01 3.673886982885436470e-01 2.626478935730754971e-01
7.057673509286412905e-01 3.662056118143779404e-01 2.618019099660989779e-01
7.067448680351906543e-01 3.649467133990452750e-01 2.609017270560759494e-01
7.077223851417400180e-01 3.636136454434351073e-01 2.599485191345695667e-01
7.086999022482893817e-01 3.622089126130567105e-01 2.589440769279426346e-01
7.096774193548387455e-01 3.607358906805196441e-01 2.578908139164234337e-01
7.106549364613881092e-01 3.591988178178732727e-01 2.567917601064327870e-01
7.116324535679374730e-01 3.576027677477545130e-01 2.556505428336937058e-01
7.126099706744868367e-01 3.559536046976196633e-01 2.544713545573603630e-01
7.135874877810362005e-01 3.542579206587429530e-01 2.532589080038936125e-01
7.145650048875855642e-01 3.525229560090745173e-01 2.520183794179063907e-01
7.155425219941349280e-01 3.507565050937391793e-01 2.507553410594464682e-01
7.165200391006842917e-01 3.489668088467197671e-01 2.494756844373109683e-01
7.174975562072336555e-01 3.471624369615396444e-01 2.481855360712904857e-01
7.184750733137830192e-01 3.453521624596677109e-01 2.468911678199450510e-01
7.194525904203323829e-01 3.435448317486763381e-01 2.455989039844416189e-01
7.204301075268817467e-01 3.417492333979788022e-01 2.443150274960497748e-01
7.214076246334311104e-01 3.399739688831945883e-01 2.430456875114779813e-01
7.223851417399804742e-01 3.382273284608165453e-01 2.417968106763234981e-01
7.233626588465298379e-01 3.365171751378560061e-01 2.405740181760596397e-01
7.243401759530792017e-01 3.348508394061656124e-01 2.393825504830925377e-01
7.253176930596285654e-01 3.332350270319299201e-01 2.382272014373097435e-01
7.262952101661779292e-01 3.316757417444283207e-01 2.371122629784102320e-01
7.272727272727272929e-01 3.301782241740726098e-01 2.360414814950669293e-01
7.282502443792766567e-01 3.287469078687333957e-01 2.350180263835105199e-01
7.292277614858260204e-01 3.273853926906190592e-01 2.340444710315487398e-01
7.302052785923753842e-01 3.260964353838907148e-01 2.331227860779501448e-01
7.311827956989247479e-01 3.248819566245470525e-01 2.322543444549373670e-01
7.321603128054741116e-01 3.237430634352040371e-01 2.314399374149135324e-01
7.331378299120234754e-01 3.226800854814539932e-01 2.306798004809439695e-01
7.341153470185728391e-01 3.216926234732325751e-01 2.299736480508751402e-01
7.350928641251222029e-01 3.207796076800236151e-01 2.293207152315655251e-01
7.360703812316715666e-01 3.199393644350406740e-01 2.287198053841409395e-01
7.370478983382209304e-01 3.191696884494094610e-01 2.281693418225103076e-01
7.380254154447702941e-01 3.184679187783142629e-01 2.276674221223561057e-01
7.390029325513196579e-01 3.178310163697898316e-01 2.272118735612531637e-01
7.399804496578690216e-01 3.172556412739391818e-01 2.268003083157330291e-01
7.409579667644183854e-01 3.167382277848908023e-01 2.264301771801966179e-01
7.419354838709677491e-01 3.162750560179913295e-01 2.260988207371367464e-01
7.429130009775171128e-01 3.158623186785001202e-01 2.258035170895599242e-01
7.438905180840664766e-01 3.154961820437027775e-01 2.255415254564105965e-01
7.448680351906158403e-01 3.151728404469810729e-01 2.253101251224111368e-01
7.458455522971652041e-01 3.148885638102908446e-01 2.251066494181132860e-01
7.468230694037145678e-01 3.146397380125237064e-01 2.249285145782612128e-01
7.478005865102639316e-01 3.144228980988621469e-01 2.247732434821525516e-01
7.487781036168132953e-01 3.142347545257586083e-01 2.246384844151690374e-01
7.497556207233626591e-01 3.140722127945753117e-01 2.245220251038867743e-01
7.507331378299120228e-01 3.139323869528561350e-01 2.244218023672039930e-01
7.517106549364613866e-01 3.138126075357841605e-01 2.243359077928230860e-01
7.526881720430107503e-01 3.137104245829820393e-01 2.242625898931705497e-01
7.536656891495601140e-01 3.136236063998127932e-01 2.242002532191461062e-01
7.546432062561094778e-01 3.135501347408900519e-01 2.241474549161986407e-01
7.556207233626588415e-01 3.134881970802530504e-01 2.241028991977485341e-01
7.565982404692082053e-01 3.134361766015145156e-01 2.240654301887078093e-01
7.575757575757575690e-01 3.133926404962313339e-01 2.240340235596324225e-01
7.585532746823069328e-01 3.133563271036276521e-01 2.240077773326362987e-01
7.595307917888562965e-01 3.133261323631950646e-01 2.239859021961521646e-01
7.605083088954056603e-01 3.133010959868323675e-01 2.239677116192544393e-01
7.614858260019550240e-01 3.132803876918247576e-01 2.239526120095304274e-01
7.624633431085043878e-01 3.132632937723994204e-01 2.239400931130456629e-01
7.634408602150537515e-01 3.132492042276253663e-01 2.239297188120779603e-01
7.644183773216031152e-01 3.132376006083883446e-01 2.239211184369470919e-01
7.653958944281524790e-01 3.132280446969442078e-01 2.239139786730782178e-01
7.663734115347018427e-01 3.132201680896544715e-01 2.239080361137657793e-01
7.673509286412512065e-01 3.132136627170848953e-01 2.239030704830684559e-01
7.683284457478005702e-01 3.132082723056066609e-01 2.238988985317904856e-01
7.693059628543499340e-01 3.132037847606540804e-01 2.238953685923558423e-01
7.702834799608992977e-01 3.132000254333818789e-01 2.238923557652238439e-01
7.712609970674486615e-01 3.131968512190573262e-01 2.238897576999075156e-01
7.722385141739980252e-01 3.131941454264672853e-01 2.238874909271842129e-01
7.732160312805473890e-01 3.131918133522668124e-01 2.238854876952613426e-01
7.741935483870967527e-01 3.131897784918920569e-01 2.238836932610147878e-01
7.751710654936461165e-01 3.131879793188003802e-01 2.238820635875145848e-01
7.761485826001954802e-01 3.131863665658125018e-01 2.238805634004942535e-01
7.771260997067448439e-01 3.131849009457257638e-01 2.238791645588477375e-01
7.781036168132942077e-01 3.131835512527145760e-01 2.238778446973414549e-01
7.790811339198435714e-01 3.131822927909561072e-01 2.238765861032523119e-01
7.800586510263929352e-01 3.131811060821406145e-01 2.238753747923725446e-01
7.810361681329422989e-01 3.131799758087921992e-01 2.238741997535891037e-01
7.820136852394916627e-01 3.131788899554762695e-01 2.238730523349246881e-01
7.829912023460410264e-01 3.131778391148563601e-01 2.238719257474251767e-01
7.839687194525903902e-01 3.131768159301204224e-01 2.238708146665314702e-01
7.849462365591397539e-01 3.131758146494452721e-01 2.238697149135423781e-01
7.859237536656891177e-01 3.131748307719036672e-01 2.238686232024461875e-01
7.869012707722384814e-01 3.131738607675277897e-01 2.238675369397615522e-01
7.878787878787878451e-01 3.131729018571329792e-01 2.238664540670981806e-01
7.888563049853372089e-01 3.131719518400090108e-01 2.238653729379326829e-01
7.898338220918865726e-01 3.131710089597242175e-01 2.238642922216297626e-01
7.908113391984359364e-01 3.131700718001012018e-01 2.238632108290274092e-01
7.917888563049853001e-01 3.131691392049412159e-01 2.238621278549973170e-01
7.927663734115346639e-01 3.131682102163372283e-01 2.238610425342906218e-01
7.937438905180840276e-01 3.131672840274606906e-01 2.238599542077256144e-01
7.947214076246333914e-01 3.131663599465551173e-01 2.238588622963834374e-01
7.956989247311827551e-01 3.131654373695648141e-01 2.238577662819716263e-01
7.966764418377321189e-01 3.131645157593813678e-01 2.238566656919130093e-01
7.976539589442814826e-01 3.131635946301381535e-01 2.238555600880367813e-01
7.986314760508308463e-01 3.131626735353362223e-01 2.238544490580023361e-01
7.996089931573802101e-01 3.131617520588645953e-01 2.238533322087830901e-01
8.005865102639295738e-01 3.131608298081962616e-01 2.238522091616984844e-01
8.015640273704789376e-01 3.131599064092140394e-01 2.238510795486007565e-01
8.025415444770283013e-01 3.131589815022499113e-01 2.238499430089188613e-01
8.035190615835776651e-01 3.131580547390250269e-01 2.238487991873358562e-01
8.044965786901270288e-01 3.131571257802552855e-01 2.238476477319295277e-01
8.054740957966763926e-01 3.131561942937458043e-01 2.238464882926513855e-01
8.064516129032257563e-01 3.131552599528451553e-01 2.238453205200496010e-01
8.074291300097751201e-01 3.131543224351612253e-01 2.238441440641667224e-01
8.084066471163244838e-01 3.131533814214684242e-01 2.238429585735625948e-01
8.093841642228738475e-01 3.131524365947547239e-01 2.238417636944251554e-01
8.103616813294232113e-01 3.131514876393707847e-01 2.238405590697438996e-01
8.113391984359725750e-01 3.131505342402542413e-01 2.238393443385283954e-01
8.123167155425219388e-01 3.131495760822133323e-01 2.238381191350611865e-01
8.132942326490714136e-01 3.131486128492538823e-01 2.238368830881768134e-01
8.142717497556207773e-01 3.131476442239444768e-01 2.238356358205662866e-01
8.152492668621701410e-01 3.131466698868151100e-01 2.238343769481047907e-01
8.162267839687195048e-01 3.131456895157861964e-01 2.238331060792052574e-01
8.172043010752688685e-01 3.131447027856291143e-01 2.238318228142006927e-01
8.181818181818182323e-01 3.131437093674581118e-01 2.238305267447595059e-01
8.191593352883675960e-01 3.131427089282558529e-01 2.238292174533382251e-01
8.201368523949169598e-01 3.131417011304351572e-01 2.238278945126764563e-01
8.211143695014663235e-01 3.131406856314382647e-01 2.238265574853387230e-01
8.220918866080156873e-01 3.131396620833775124e-01 2.238252059233087898e-01
8.230694037145650510e-01 3.131386301327195310e-01 2.238238393676403037e-01
8.240469208211144148e-01 3.131375894200105758e-01 2.238224573481628621e-01
8.250244379276637785e-01 3.131365395796369411e-01 2.238210593832334339e-01
8.260019550342131422e-01 3.131354802396135728e-01 2.238196449795246123e-01
8.269794721407625060e-01 3.131344110214173693e-01 2.238182136318703774e-01
8.279569892473118697e-01 3.131333315399228434e-01 2.238167648232543272e-01
8.289345063538612335e-01 3.131322414035015433e-01 2.238152980250337765e-01
8.299120234604105972e-01 3.131311402141593314e-01 2.238138126972361308e-01
8.308895405669599610e-01 3.131300275671798916e-01 2.238123082881673109e-01
8.318670576735093247e-01 3.131289030496100523e-01 2.238107842323266705e-01
8.328445747800586885e-01 3.131277662383423754e-01 2.238092399475766214e-01
8.338220918866080522e-01 3.131266167022043190e-01 2.238076748378191594e-01
8.347996089931574160e-01 3.131254540145541609e-01 2.238060883109094235e-01
8.357771260997067797e-01 3.131242777721899295e-01 2.238044798069819263e-01
8.367546432062561435e-01 3.131230875841853334e-01 2.238028487859179683e-01
8.377321603128055072e-01 3.131218829683116156e-01 2.238011945815703563e-01
8.387096774193548709e-01 3.131206631703124521e-01 2.237995161342889172e-01
8.396871945259042347e-01 3.131194272000377143e-01 2.237978120131427218e-01
8.406647116324535984e-01 3.131181746657580867e-01 2.237960815822849503e-01
8.416422287390029622e-01 3.131169074534204677e-01 2.237943274669046134e-01
8.426197458455523259e-01 3.131156299236872442e-01 2.237925560885359877e-01
8.435972629521016897e-01 3.131143423244341917e-01 2.237907685313724471e-01
8.445747800586510534e-01 3.131130255098466542e-01 2.237889382595291687e-01
8.455522971652004172e-01 3.131116349403509358e-01 2.237870003936960894e-01
8.465298142717497809e-01 3.131101513889789634e-01 2.237849213191715203e-01
8.475073313782991447e-01 3.131087173035041471e-01 2.237828962731094329e-01
8.484848484848485084e-01 3.131077241139131329e-01 2.237814920090719917e-01
8.494623655913978721e-01 3.131074338142453284e-01 2.237811339376886977e-01
8.504398826979472359e-01 3.131067834126138871e-01 2.237803840826480262e-01
8.514173998044965996e-01 3.131023428115064511e-01 2.237743054252474273e-01
8.523949169110459634e-01 3.130910256910711120e-01 2.237580712077072986e-01
8.533724340175953271e-01 3.130803957260694936e-01 2.237417235762437784e-01
8.543499511241446909e-01 3.130999536329586164e-01 2.237674781845735150e-01
8.553274682306940546e-01 3.131828423336713851e-01 2.238860400737184564e-01
8.563049853372434184e-01 3.132784600901002414e-01 2.240321765682648236e-01
8.572825024437927821e-01 3.131369051587500341e-01 2.238503396715509353e-01
8.582600195503421459e-01 3.124218559659919792e-01 2.228345556224288482e-01
8.592375366568915096e-01 3.114399962003637778e-01 2.213601571498571841e-01
8.602150537634408733e-01 3.122506127219169536e-01 2.223355719804916697e-01
8.611925708699902371e-01 3.181297795047570154e-01 2.306875044625422977e-01
8.621700879765396008e-01 3.277484138019622351e-01 2.451921191949788803e-01
8.631476050830889646e-01 3.229606180810508653e-01 2.400518373483109535e-01
8.641251221896383283e-01 2.713542610824277168e-01 1.709947855360904045e-01
8.651026392961876921e-01 1.893364411586084539e-01 6.810356862010490120e-02
8.660801564027370558e-01 1.411020281714277236e-01 1.472872346145995270e-02
8.670576735092864196e-01 1.277527059924302155e-01 2.305399628299333210e-03
8.680351906158357833e-01 1.254047532130666831e-01 3.310458553959033873e-04
8.690127077223851471e-01 1.250574561852955957e-01 4.680744893440042464e-05
8.699902248289345108e-01 1.250081094052198083e-01 6.602140601770434984e-06
8.709677419354838745e-01 1.250011435799802118e-01 9.309397809448420050e-07
8.719452590420332383e-01 1.250001612452735777e-01 1.312625751682443236e-07
8.729227761485826020e-01 1.250000227353984528e-01 1.850779170340435525e-08
8.739002932551319658e-01 1.250000032056551580e-01 2.609567499729507126e-09
8.748778103616813295e-01 1.250000004519917218e-01 3.679446890396855768e-10
8.758553274682306933e-01 1.250000000637300768e-01 5.187948011004120992e-11
8.768328445747800570e-01 1.250000000089857011e-01 7.314886405750420765e-12
8.778103616813294208e-01 1.250000000012669310e-01 1.031413992996345594e-12
8.787878787878787845e-01 1.250000000001785794e-01 1.454281330328156483e-13
8.797653958944281483e-01 1.250000000000251466e-01 2.044927155772430904e-14
8.807429130009775120e-01 1.250000000000034972e-01 2.864521384965473924e-15
8.817204301075268758e-01 1.250000000000004996e-01 3.875360785621786261e-16
8.826979472140762395e-01 1.250000000000000555e-01 4.704185190552654605e-17
8.836754643206256032e-01 1.250000000000000000e-01 2.800098200263104857e-18
8.846529814271749670e-01 1.250000000000000000e-01 8.099738345865029696e-37
8.856304985337243307e-01 1.250000000000000000e-01 2.258751050128944476e-137
8.866080156402736945e-01 1.250000000000000000e-01 1.246022515653016894e-278
8.875855327468230582e-01 1.250000000000000000e-01 0.000000000000000000e+00
8.885630498533724220e-01 1.250000000000000000e-01 0.000000000000000000e+00
8.895405669599217857e-01 1.250000000000000000e-01 0.000000000000000000e+00
8.905180840664711495e-01 1.250000000000000000e-01 0.000000000000000000e+00
8.914956011730205132e-01 1.250000000000000000e-01 0.000000000000000000e+00
8.924731182795698770e-01 1.250000000000000000e-01 0.000000000000000000e+00
8.934506353861192407e-01 1.250000000000000000e-01 0.000000000000000000e+00
8.944281524926686044e-01 1.250000000000000000e-01 0.000000000000000000e+00
8.954056695992179682e-01 1.250000000000000000e-01 0.000000000000000000e+00
8.963831867057673319e-01 1.250000000000000000e-01 0.000000000000000000e+00
8.973607038123166957e-01 1.250000000000000000e-01 0.000000000000000000e+00
8.983382209188660594e-01 1.250000000000000000e-01 0.000000000000000000e+00
8.993157380254154232e-01 1.250000000000000000e-01 0.000000000000000000e+00
9.002932551319647869e-01 1.250000000000000000e-01 0.000000000000000000e+00
9.012707722385141507e-01 1.250000000000000000e-01 0.000000000000000000e+00
9.022482893450635144e-01 1.250000000000000000e-01 0.000000000000000000e+00
9.032258064516128782e-01 1.250000000000000000e-01 0.000000000000000000e+00
9.042033235581622419e-01 1.250000000000000000e-01 0.000000000000000000e+00
9.051808406647116056e-01 1.250000000000000000e-01 0.000000000000000000e+00
9.061583577712609694e-01 1.250000000000000000e-01 0.000000000000000000e+00
9.071358748778103331e-01 1.250000000000000000e-01 0.000000000000000000e+00
9.081133919843596969e-01 1.250000000000000000e-01 0.000000000000000000e+00
9.090909090909090606e-01 1.250000000000000000e-01 0.000000000000000000e+00
9.100684261974584244e-01 1.250000000000000000e-01 0.000000000000000000e+00
9.110459433040077881e-01 1.250000000000000000e-01 0.000000000000000000e+00
9.120234604105571519e-01 1.250000000000000000e-01 0.000000000000000000e+00
9.130009775171065156e-01 1.250000000000000000e-01 0.000000000000000000e+00
9.139784946236558794e-01 1.250000000000000000e-01 0.000000000000000000e+00
9.149560117302052431e-01 1.250000000000000000e-01 0.000000000000000000e+00
9.159335288367546068e-01 1.250000000000000000e-01 0.000000000000000000e+00
9.169110459433039706e-01 1.250000000000000000e-01 0.000000000000000000e+00
9.178885630498533343e-01 1.250000000000000000e-01 0.000000000000000000e+00
9.188660801564026981e-01 1.250000000000000000e-01 0.000000000000000000e+00
9.198435972629520618e-01 1.250000000000000000e-01 0.000000000000000000e+00
9.208211143695014256e-01 1.250000000000000000e-01 0.000000000000000000e+00
9.217986314760507893e-01 1.250000000000000000e-01 0.000000000000000000e+00
9.227761485826001531e-01 1.250000000000000000e-01 0.000000000000000000e+00
9.237536656891495168e-01 1.250000000000000000e-01 0.000000000000000000e+00
9.247311827956988806e-01 1.250000000000000000e-01 0.000000000000000000e+00
9.257086999022482443e-01 1.250000000000000000e-01 0.000000000000000000e+00
9.266862170087976081e-01 1.250000000000000000e-01 0.000000000000000000e+00
9.276637341153469718e-01 1.250000000000000000e-01 0.000000000000000000e+00
9.286412512218963355e-01 1.250000000000000000e-01 0.000000000000000000e+00
9.296187683284456993e-01 1.250000000000000000e-01 0.000000000000000000e+00
9.305962854349950630e-01 1.250000000000000000e-01 0.000000000000000000e+00
9.315738025415444268e-01 1.250000000000000000e-01 0.000000000000000000e+00
9.325513196480937905e-01 1.250000000000000000e-01 0.000000000000000000e+00
9.335288367546431543e-01 1.250000000000000000e-01 0.000000000000000000e+00
9.345063538611925180e-01 1.250000000000000000e-01 0.000000000000000000e+00
9.354838709677418818e-01 1.250000000000000000e-01 0.000000000000000000e+00
9.364613880742912455e-01 1.250000000000000000e-01 0.000000000000000000e+00
9.374389051808406093e-01 1.250000000000000000e-01 0.000000000000000000e+00
9.384164222873900840e-01 1.250000000000000000e-01 0.000000000000000000e+00
9.393939393939394478e-01 1.250000000000000000e-01 0.000000000000000000e+00
9.403714565004888115e-01 1.250000000000000000e-01 0.000000000000000000e+00
9.413489736070381753e-01 1.250000000000000000e-01 0.000000000000000000e+00
9.423264907135875390e-01 1.250000000000000000e-01 0.000000000000000000e+00
9.433040078201369028e-01 1.250000000000000000e-01 0.000000000000000000e+00
9.442815249266862665e-01 1.250000000000000000e-01 0.000000000000000000e+00
9.452590420332356302e-01 1.250000000000000000e-01 0.000000000000000000e+00
9.462365591397849940e-01 1.250000000000000000e-01 0.000000000000000000e+00
9.472140762463343577e-01 1.250000000000000000e-01 0.000000000000000000e+00
9.481915933528837215e-01 1.250000000000000000e-01 0.000000000000000000e+00
9.491691104594330852e-01 1.250000000000000000e-01 0.000000000000000000e+00
9.501466275659824490e-01 1.250000000000000000e-01 0.000000000000000000e+00
9.511241446725318127e-01 1.250000000000000000e-01 0.000000000000000000e+00
9.521016617790811765e-01 1.250000000000000000e-01 0.000000000000000000e+00
9.530791788856305402e-01 1.250000000000000000e-01 0.000000000000000000e+00
9.540566959921799040e-01 1.250000000000000000e-01 0.000000000000000000e+00
9.550342130987292677e-01 1.250000000000000000e-01 0.000000000000000000e+00
9.560117302052786314e-01 1.250000000000000000e-01 0.000000000000000000e+00
9.569892473118279952e-01 1.250000000000000000e-01 0.000000000000000000e+00
9.579667644183773589e-01 1.250000000000000000e-01 0.000000000000000000e+00
9.589442815249267227e-01 1.250000000000000000e-01 0.000000000000000000e+00
9.599217986314760864e-01 1.250000000000000000e-01 0.000000000000000000e+00
9.608993157380254502e-01 1.250000000000000000e-01 0.000000000000000000e+00
9.618768328445748139e-01 1.250000000000000000e-01 0.000000000000000000e+00
9.628543499511241777e-01 1.250000000000000000e-01 0.000000000000000000e+00
9.638318670576735414e-01 1.250000000000000000e-01 0.000000000000000000e+00
9.648093841642229052e-01 1.250000000000000000e-01 0.000000000000000000e+00
9.657869012707722689e-01 1.250000000000000000e-01 0.000000000000000000e+00
9.667644183773216326e-01 1.250000000000000000e-01 0.000000000000000000e+00
9.677419354838709964e-01 1.250000000000000000e-01 0.000000000000000000e+00
9.687194525904203601e-01 1.250000000000000000e-01 0.000000000000000000e+00
9.696969696969697239e-01 1.250000000000000000e-01 0.000000000000000000e+00
9.706744868035190876e-01 1.250000000000000000e-01 0.000000000000000000e+00
9.716520039100684514e-01 1.250000000000000000e-01 0.000000000000000000e+00
9.726295210166178151e-01 1.250000000000000000e-01 0.000000000000000000e+00
9.736070381231671789e-01 1.250000000000000000e-01 0.000000000000000000e+00
9.745845552297165426e-01 1.250000000000000000e-01 0.000000000000000000e+00
9.755620723362659064e-01 1.250000000000000000e-01 0.000000000000000000e+00
9.765395894428152701e-01 1.250000000000000000e-01 0.000000000000000000e+00
9.775171065493646338e-01 1.250000000000000000e-01 0.000000000000000000e+00
9.784946236559139976e-01 1.250000000000000000e-01 0.000000000000000000e+00
9.794721407624633613e-01 1.250000000000000000e-01 0.000000000000000000e+00
9.804496578690127251e-01 1.250000000000000000e-01 0.000000000000000000e+00
9.814271749755620888e-01 1.250000000000000000e-01 0.000000000000000000e+00
9.824046920821114526e-01 1.250000000000000000e-01 0.000000000000000000e+00
9.833822091886608163e-01 1.250000000000000000e-01 0.000000000000000000e+00
9.843597262952101801e-01 1.250000000000000000e-01 0.000000000000000000e+00
9.853372434017595438e-01 1.250000000000000000e-01 0.000000000000000000e+00
9.863147605083089076e-01 1.250000000000000000e-01 0.000000000000000000e+00
9.872922776148582713e-01 1.250000000000000000e-01 0.000000000000000000e+00
9.882697947214076351e-01 1.250000000000000000e-01 0.000000000000000000e+00
9.892473118279569988e-01 1.250000000000000000e-01 0.000000000000000000e+00
9.902248289345063625e-01 1.250000000000000000e-01 0.000000000000000000e+00
9.912023460410557263e-01 1.250000000000000000e-01 0.000000000000000000e+00
9.921798631476050900e-01 1.250000000000000000e-01 0.000000000000000000e+00
9.931573802541544538e-01 1.250000000000000000e-01 0.000000000000000000e+00
9.941348973607038175e-01 1.250000000000000000e-01 0.000000000000000000e+00
9.951124144672531813e-01 1.250000000000000000e-01 0.000000000000000000e+00
9.960899315738025450e-01 1.250000000000000000e-01 0.000000000000000000e+00
9.970674486803519088e-01 1.250000000000000000e-01 0.000000000000000000e+00
9.980449657869012725e-01 1.250000000000000000e-01 0.000000000000000000e+00
9.990224828934506363e-01 1.250000000000000000e-01 -0.000000000000000000e+00
1.000000000000000000e+00 1.250000000000000000e-01 -0.000000000000000000e+00
