# 0.19273318615332471
0.000000000000000000e+00 1.000000000000000000e+00 -0.000000000000000000e+00
9.775171065493646130e-04 1.000000000000000000e+00 -0.000000000000000000e+00
1.955034213098729226e-03 1.000000000000000000e+00 0.000000000000000000e+00
2.932551319648093839e-03 1.000000000000000000e+00 0.000000000000000000e+00
3.910068426197458452e-03 1.000000000000000000e+00 0.000000000000000000e+00
4.887585532746823065e-03 1.000000000000000000e+00 0.000000000000000000e+00
5.865102639296187678e-03 1.000000000000000000e+00 0.000000000000000000e+00
6.842619745845552291e-03 1.000000000000000000e+00 0.000000000000000000e+00
7.820136852394916904e-03 1.000000000000000000e+00 0.000000000000000000e+00
8.797653958944282385e-03 1.000000000000000000e+00 0.000000000000000000e+00
9.775171065493646130e-03 1.000000000000000000e+00 0.000000000000000000e+00
1.075268817204301161e-02 1.000000000000000000e+00 0.000000000000000000e+00
1.173020527859237536e-02 1.000000000000000000e+00 0.000000000000000000e+00
1.270772238514174084e-02 1.000000000000000000e+00 0.000000000000000000e+00
1.368523949169110458e-02 1.000000000000000000e+00 0.000000000000000000e+00
1.466275659824047006e-02 1.000000000000000000e+00 0.000000000000000000e+00
1.564027370478983381e-02 1.000000000000000000e+00 0.000000000000000000e+00
1.661779081133919755e-02 1.000000000000000000e+00 0.000000000000000000e+00
1.759530791788856477e-02 1.000000000000000000e+00 0.000000000000000000e+00
1.857282502443792851e-02 1.000000000000000000e+00 0.000000000000000000e+00
1.955034213098729226e-02 1.000000000000000000e+00 0.000000000000000000e+00
2.052785923753665601e-02 1.000000000000000000e+00 0.000000000000000000e+00
2.150537634408602322e-02 1.000000000000000000e+00 0.000000000000000000e+00
2.248289345063538697e-02 1.000000000000000000e+00 0.000000000000000000e+00
2.346041055718475071e-02 1.000000000000000000e+00 0.000000000000000000e+00
2.443792766373411446e-02 1.000000000000000000e+00 0.000000000000000000e+00
2.541544477028348167e-02 1.000000000000000000e+00 0.000000000000000000e+00
2.639296187683284542e-02 1.000000000000000000e+00 0.000000000000000000e+00
2.737047898338220916e-02 1.000000000000000000e+00 0.000000000000000000e+00
2.834799608993157291e-02 1.000000000000000000e+00 0.000000000000000000e+00
2.932551319648094013e-02 1.000000000000000000e+00 0.000000000000000000e+00
3.030303030303030387e-02 1.000000000000000000e+00 0.000000000000000000e+00
3.128054740957966762e-02 1.000000000000000000e+00 0.000000000000000000e+00
3.225806451612903136e-02 1.000000000000000000e+00 0.000000000000000000e+00
3.323558162267839511e-02 1.000000000000000000e+00 0.000000000000000000e+00
3.421309872922775885e-02 1.000000000000000000e+00 0.000000000000000000e+00
3.519061583577712954e-02 1.000000000000000000e+00 0.000000000000000000e+00
3.616813294232649328e-02 1.000000000000000000e+00 0.000000000000000000e+00
3.714565004887585703e-02 1.000000000000000000e+00 0.000000000000000000e+00
3.812316715542522078e-02 1.000000000000000000e+00 0.000000000000000000e+00
3.910068426197458452e-02 1.000000000000000000e+00 0.000000000000000000e+00
4.007820136852394827e-02 1.000000000000000000e+00 0.000000000000000000e+00
4.105571847507331201e-02 1.000000000000000000e+00 0.000000000000000000e+00
4.203323558162267576e-02 1.000000000000000000e+00 0.000000000000000000e+00
4.301075268817204644e-02 1.000000000000000000e+00 0.000000000000000000e+00
4.398826979472141019e-02 1.000000000000000000e+00 0.000000000000000000e+00
4.496578690127077393e-02 1.000000000000000000e+00 0.000000000000000000e+00
4.594330400782013768e-02 1.000000000000000000e+00 0.000000000000000000e+00
4.692082111436950143e-02 1.000000000000000000e+00 0.000000000000000000e+00
4.789833822091886517e-02 1.000000000000000000e+00 0.000000000000000000e+00
4.887585532746822892e-02 1.000000000000000000e+00 0.000000000000000000e+00
4.985337243401759266e-02 1.000000000000000000e+00 0.000000000000000000e+00
5.083088954056696335e-02 1.000000000000000000e+00 0.000000000000000000e+00
5.180840664711632709e-02 1.000000000000000000e+00 0.000000000000000000e+00
5.278592375366569084e-02 1.000000000000000000e+00 0.000000000000000000e+00
5.376344086021505458e-02 1.000000000000000000e+00 0.000000000000000000e+00
5.474095796676441833e-02 1.000000000000000000e+00 0.000000000000000000e+00
5.571847507331378208e-02 1.000000000000000000e+00 0.000000000000000000e+00
5.669599217986314582e-02 1.000000000000000000e+00 0.000000000000000000e+00
5.767350928641250957e-02 1.000000000000000000e+00 0.000000000000000000e+00
5.865102639296188025e-02 1.000000000000000000e+00 0.000000000000000000e+00
5.962854349951124400e-02 1.000000000000000000e+00 0.000000000000000000e+00
6.060606060606060774e-02 1.000000000000000000e+00 0.000000000000000000e+00
6.158357771260997149e-02 1.000000000000000000e+00 0.000000000000000000e+00
6.256109481915933523e-02 1.000000000000000000e+00 0.000000000000000000e+00
6.353861192570869898e-02 1.000000000000000000e+00 0.000000000000000000e+00
6.451612903225806273e-02 1.000000000000000000e+00 0.000000000000000000e+00
6.549364613880742647e-02 1.000000000000000000e+00 0.000000000000000000e+00
6.647116324535679022e-02 1.000000000000000000e+00 0.000000000000000000e+00
6.744868035190615396e-02 1.000000000000000000e+00 0.000000000000000000e+00
6.842619745845551771e-02 1.000000000000000000e+00 0.000000000000000000e+00
6.940371456500488145e-02 1.000000000000000000e+00 0.000000000000000000e+00
7.038123167155425908e-02 1.000000000000000000e+00 0.000000000000000000e+00
7.135874877810362282e-02 1.000000000000000000e+00 0.000000000000000000e+00
7.233626588465298657e-02 1.000000000000000000e+00 0.000000000000000000e+00
7.331378299120235031e-02 1.000000000000000000e+00 0.000000000000000000e+00
7.429130009775171406e-02 1.000000000000000000e+00 0.000000000000000000e+00
7.526881720430107781e-02 1.000000000000000000e+00 0.000000000000000000e+00
7.624633431085044155e-02 1.000000000000000000e+00 0.000000000000000000e+00
7.722385141739980530e-02 1.000000000000000000e+00 0.000000000000000000e+00
7.820136852394916904e-02 1.000000000000000000e+00 0.000000000000000000e+00
7.917888563049853279e-02 1.000000000000000000e+00 0.000000000000000000e+00
8.015640273704789653e-02 1.000000000000000000e+00 0.000000000000000000e+00
8.113391984359726028e-02 1.000000000000000000e+00 0.000000000000000000e+00
8.211143695014662403e-02 1.000000000000000000e+00 0.000000000000000000e+00
8.308895405669598777e-02 1.000000000000000000e+00 0.000000000000000000e+00
8.406647116324535152e-02 1.000000000000000000e+00 0.000000000000000000e+00
8.504398826979471526e-02 1.000000000000000000e+00 0.000000000000000000e+00
8.602150537634409289e-02 1.000000000000000000e+00 0.000000000000000000e+00
8.699902248289345663e-02 1.000000000000000000e+00 0.000000000000000000e+00
8.797653958944282038e-02 1.000000000000000000e+00 0.000000000000000000e+00
8.895405669599218412e-02 1.000000000000000000e+00 0.000000000000000000e+00
8.993157380254154787e-02 1.000000000000000000e+00 0.000000000000000000e+00
9.090909090909091161e-02 1.000000000000000000e+00 0.000000000000000000e+00
9.188660801564027536e-02 1.000000000000000000e+00 0.000000000000000000e+00
9.286412512218963911e-02 1.000000000000000000e+00 0.000000000000000000e+00
9.384164222873900285e-02 1.000000000000000000e+00 0.000000000000000000e+00
9.481915933528836660e-02 1.000000000000000000e+00 0.000000000000000000e+00
9.579667644183773034e-02 1.000000000000000000e+00 0.000000000000000000e+00
9.677419354838709409e-02 1.000000000000000000e+00 0.000000000000000000e+00
9.775171065493645783e-02 1.000000000000000000e+00 0.000000000000000000e+00
9.872922776148582158e-02 1.000000000000000000e+00 0.000000000000000000e+00
9.970674486803518533e-02 1.000000000000000000e+00 0.000000000000000000e+00
1.006842619745845491e-01 1.000000000000000000e+00 0.000000000000000000e+00
1.016617790811339267e-01 1.000000000000000000e+00 0.000000000000000000e+00
1.026392961876832904e-01 1.000000000000000000e+00 0.000000000000000000e+00
1.036168132942326542e-01 1.000000000000000000e+00 0.000000000000000000e+00
1.045943304007820179e-01 1.000000000000000000e+00 0.000000000000000000e+00
1.055718475073313817e-01 1.000000000000000000e+00 0.000000000000000000e+00
1.065493646138807454e-01 1.000000000000000000e+00 0.000000000000000000e+00
1.075268817204301092e-01 1.000000000000000000e+00 0.000000000000000000e+00
1.085043988269794729e-01 1.000000000000000000e+00 0.000000000000000000e+00
1.094819159335288367e-01 1.000000000000000000e+00 0.000000000000000000e+00
1.104594330400782004e-01 1.000000000000000000e+00 0.000000000000000000e+00
1.114369501466275642e-01 1.000000000000000000e+00 0.000000000000000000e+00
1.124144672531769279e-01 1.000000000000000000e+00 0.000000000000000000e+00
1.133919843597262916e-01 1.000000000000000000e+00 0.000000000000000000e+00
1.143695014662756554e-01 1.000000000000000000e+00 0.000000000000000000e+00
1.153470185728250191e-01 1.000000000000000000e+00 0.000000000000000000e+00
1.163245356793743829e-01 1.000000000000000000e+00 0.000000000000000000e+00
1.173020527859237605e-01 1.000000000000000000e+00 0.000000000000000000e+00
1.182795698924731242e-01 1.000000000000000000e+00 0.000000000000000000e+00
1.192570869990224880e-01 1.000000000000000000e+00 0.000000000000000000e+00
1.202346041055718517e-01 1.000000000000000000e+00 0.000000000000000000e+00
1.212121212121212155e-01 1.000000000000000000e+00 0.000000000000000000e+00
1.221896383186705792e-01 1.000000000000000000e+00 0.000000000000000000e+00
1.231671554252199430e-01 1.000000000000000000e+00 0.000000000000000000e+00
1.241446725317693067e-01 1.000000000000000000e+00 0.000000000000000000e+00
1.251221896383186705e-01 1.000000000000000000e+00 0.000000000000000000e+00
1.260997067448680342e-01 1.000000000000000000e+00 0.000000000000000000e+00
1.270772238514173980e-01 1.000000000000000000e+00 0.000000000000000000e+00
1.280547409579667617e-01 1.000000000000000000e+00 0.000000000000000000e+00
1.290322580645161255e-01 1.000000000000000000e+00 0.000000000000000000e+00
1.300097751710654892e-01 1.000000000000000000e+00 0.000000000000000000e+00
1.309872922776148529e-01 1.000000000000000000e+00 0.000000000000000000e+00
1.319648093841642167e-01 1.000000000000000000e+00 0.000000000000000000e+00
1.329423264907135804e-01 1.000000000000000000e+00 0.000000000000000000e+00
1.339198435972629442e-01 1.000000000000000000e+00 0.000000000000000000e+00
1.348973607038123079e-01 1.000000000000000000e+00 0.000000000000000000e+00
1.358748778103616717e-01 1.000000000000000000e+00 0.000000000000000000e+00
1.368523949169110354e-01 1.000000000000000000e+00 0.000000000000000000e+00
1.378299120234603992e-01 1.000000000000000000e+00 0.000000000000000000e+00
1.388074291300097629e-01 1.000000000000000000e+00 0.000000000000000000e+00
1.397849462365591267e-01 1.000000000000000000e+00 0.000000000000000000e+00
1.407624633431085182e-01 1.000000000000000000e+00 0.000000000000000000e+00
1.417399804496578819e-01 1.000000000000000000e+00 0.000000000000000000e+00
1.427174975562072456e-01 1.000000000000000000e+00 0.000000000000000000e+00
1.436950146627566094e-01 1.000000000000000000e+00 0.000000000000000000e+00
1.446725317693059731e-01 1.000000000000000000e+00 0.000000000000000000e+00
1.456500488758553369e-01 1.000000000000000000e+00 0.000000000000000000e+00
1.466275659824047006e-01 1.000000000000000000e+00 0.000000000000000000e+00
1.476050830889540644e-01 1.000000000000000000e+00 0.000000000000000000e+00
1.485826001955034281e-01 1.000000000000000000e+00 0.000000000000000000e+00
1.495601173020527919e-01 1.000000000000000000e+00 0.000000000000000000e+00
1.505376344086021556e-01 1.000000000000000000e+00 0.000000000000000000e+00
1.515151515151515194e-01 1.000000000000000000e+00 0.000000000000000000e+00
1.524926686217008831e-01 1.000000000000000000e+00 0.000000000000000000e+00
1.534701857282502468e-01 1.000000000000000000e+00 0.000000000000000000e+00
1.544477028347996106e-01 1.000000000000000000e+00 0.000000000000000000e+00
1.554252199413489743e-01 1.000000000000000000e+00 0.000000000000000000e+00
1.564027370478983381e-01 1.000000000000000000e+00 0.000000000000000000e+00
1.573802541544477018e-01 1.000000000000000000e+00 0.000000000000000000e+00
1.583577712609970656e-01 1.000000000000000000e+00 0.000000000000000000e+00
1.593352883675464293e-01 1.000000000000000000e+00 0.000000000000000000e+00
1.603128054740957931e-01 1.000000000000000000e+00 0.000000000000000000e+00
1.612903225806451568e-01 1.000000000000000000e+00 0.000000000000000000e+00
1.622678396871945206e-01 1.000000000000000000e+00 0.000000000000000000e+00
1.632453567937438843e-01 1.000000000000000000e+00 0.000000000000000000e+00
1.642228739002932481e-01 1.000000000000000000e+00 0.000000000000000000e+00
1.652003910068426118e-01 1.000000000000000000e+00 0.000000000000000000e+00
1.661779081133919755e-01 1.000000000000000000e+00 0.000000000000000000e+00
1.671554252199413393e-01 1.000000000000000000e+00 0.000000000000000000e+00
1.681329423264907030e-01 1.000000000000000000e+00 0.000000000000000000e+00
1.691104594330400668e-01 1.000000000000000000e+00 0.000000000000000000e+00
1.700879765395894305e-01 1.000000000000000000e+00 0.000000000000000000e+00
1.710654936461387943e-01 1.000000000000000000e+00 0.000000000000000000e+00
1.720430107526881858e-01 1.000000000000000000e+00 0.000000000000000000e+00
1.730205278592375495e-01 1.000000000000000000e+00 0.000000000000000000e+00
1.739980449657869133e-01 1.000000000000000000e+00 0.000000000000000000e+00
1.749755620723362770e-01 1.000000000000000000e+00 0.000000000000000000e+00
1.759530791788856408e-01 1.000000000000000000e+00 0.000000000000000000e+00
1.769305962854350045e-01 1.000000000000000000e+00 0.000000000000000000e+00
1.779081133919843682e-01 1.000000000000000000e+00 0.000000000000000000e+00
1.788856304985337320e-01 1.000000000000000000e+00 0.000000000000000000e+00
1.798631476050830957e-01 1.000000000000000000e+00 0.000000000000000000e+00
1.808406647116324595e-01 1.000000000000000000e+00 0.000000000000000000e+00
1.818181818181818232e-01 1.000000000000000000e+00 0.000000000000000000e+00
1.827956989247311870e-01 1.000000000000000000e+00 0.000000000000000000e+00
1.837732160312805507e-01 1.000000000000000000e+00 0.000000000000000000e+00
1.847507331378299145e-01 1.000000000000000000e+00 0.000000000000000000e+00
1.857282502443792782e-01 1.000000000000000000e+00 0.000000000000000000e+00
1.867057673509286420e-01 1.000000000000000000e+00 0.000000000000000000e+00
1.876832844574780057e-01 1.000000000000000000e+00 0.000000000000000000e+00
1.886608015640273694e-01 1.000000000000000000e+00 0.000000000000000000e+00
1.896383186705767332e-01 1.000000000000000000e+00 0.000000000000000000e+00
1.906158357771260969e-01 1.000000000000000000e+00 0.000000000000000000e+00
1.915933528836754607e-01 1.000000000000000000e+00 0.000000000000000000e+00
1.925708699902248244e-01 1.000000000000000000e+00 0.000000000000000000e+00
1.935483870967741882e-01 1.000000000000000000e+00 0.000000000000000000e+00
1.945259042033235519e-01 1.000000000000000000e+00 0.000000000000000000e+00
1.955034213098729157e-01 1.000000000000000000e+00 0.000000000000000000e+00
1.964809384164222794e-01 1.000000000000000000e+00 0.000000000000000000e+00
1.974584555229716432e-01 1.000000000000000000e+00 0.000000000000000000e+00
1.984359726295210069e-01 1.000000000000000000e+00 0.000000000000000000e+00
1.994134897360703707e-01 1.000000000000000000e+00 0.000000000000000000e+00
2.003910068426197344e-01 1.000000000000000000e+00 0.000000000000000000e+00
2.013685239491690981e-01 1.000000000000000000e+00 0.000000000000000000e+00
2.023460410557184619e-01 1.000000000000000000e+00 0.000000000000000000e+00
2.033235581622678534e-01 1.000000000000000000e+00 0.000000000000000000e+00
2.043010752688172171e-01 1.000000000000000000e+00 0.000000000000000000e+00
2.052785923753665809e-01 1.000000000000000000e+00 0.000000000000000000e+00
2.062561094819159446e-01 1.000000000000000000e+00 0.000000000000000000e+00
2.072336265884653084e-01 1.000000000000000000e+00 0.000000000000000000e+00
2.082111436950146721e-01 1.000000000000000000e+00 0.000000000000000000e+00
2.091886608015640359e-01 1.000000000000000000e+00 0.000000000000000000e+00
2.101661779081133996e-01 1.000000000000000000e+00 0.000000000000000000e+00
2.111436950146627634e-01 1.000000000000000000e+00 0.000000000000000000e+00
2.121212121212121271e-01 1.000000000000000000e+00 0.000000000000000000e+00
2.130987292277614908e-01 1.000000000000000000e+00 0.000000000000000000e+00
2.140762463343108546e-01 1.000000000000000000e+00 0.000000000000000000e+00
2.150537634408602183e-01 1.000000000000000000e+00 0.000000000000000000e+00
2.160312805474095821e-01 1.000000000000000000e+00 0.000000000000000000e+00
2.170087976539589458e-01 1.000000000000000000e+00 0.000000000000000000e+00
2.179863147605083096e-01 1.000000000000000000e+00 0.000000000000000000e+00
2.189638318670576733e-01 1.000000000000000000e+00 0.000000000000000000e+00
2.199413489736070371e-01 1.000000000000000000e+00 0.000000000000000000e+00
2.209188660801564008e-01 1.000000000000000000e+00 0.000000000000000000e+00
2.218963831867057646e-01 1.000000000000000000e+00 0.000000000000000000e+00
2.228739002932551283e-01 1.000000000000000000e+00 0.000000000000000000e+00
2.238514173998044920e-01 1.000000000000000000e+00 0.000000000000000000e+00
2.248289345063538558e-01 1.000000000000000000e+00 0.000000000000000000e+00
2.258064516129032195e-01 1.000000000000000000e+00 0.000000000000000000e+00
2.267839687194525833e-01 1.000000000000000000e+00 0.000000000000000000e+00
2.277614858260019470e-01 1.000000000000000000e+00 0.000000000000000000e+00
2.287390029325513108e-01 1.000000000000000000e+00 0.000000000000000000e+00
2.297165200391006745e-01 1.000000000000000000e+00 0.000000000000000000e+00
2.306940371456500383e-01 1.000000000000000000e+00 0.000000000000000000e+00
2.316715542521994020e-01 1.000000000000000000e+00 0.000000000000000000e+00
2.326490713587487658e-01 1.000000000000000000e+00 0.000000000000000000e+00
2.336265884652981295e-01 1.000000000000000000e+00 0.000000000000000000e+00
2.346041055718475210e-01 1.000000000000000000e+00 0.000000000000000000e+00
2.355816226783968848e-01 1.000000000000000000e+00 0.000000000000000000e+00
2.365591397849462485e-01 1.000000000000000000e+00 0.000000000000000000e+00
2.375366568914956122e-01 1.000000000000000000e+00 0.000000000000000000e+00
2.385141739980449760e-01 1.000000000000000000e+00 0.000000000000000000e+00
2.394916911045943397e-01 1.000000000000000000e+00 0.000000000000000000e+00
2.404692082111437035e-01 1.000000000000000000e+00 0.000000000000000000e+00
2.414467253176930672e-01 1.000000000000000000e+00 0.000000000000000000e+00
2.424242424242424310e-01 1.000000000000000000e+00 0.000000000000000000e+00
2.434017595307917947e-01 1.000000000000000000e+00 0.000000000000000000e+00
2.443792766373411585e-01 1.000000000000000000e+00 0.000000000000000000e+00
2.453567937438905222e-01 1.000000000000000000e+00 0.000000000000000000e+00
2.463343108504398860e-01 1.000000000000000000e+00 0.000000000000000000e+00
2.473118279569892497e-01 1.000000000000000000e+00 0.000000000000000000e+00
2.482893450635386134e-01 1.000000000000000000e+00 0.000000000000000000e+00
2.492668621700879772e-01 1.000000000000000000e+00 0.000000000000000000e+00
2.502443792766373409e-01 1.000000000000000000e+00 0.000000000000000000e+00
2.512218963831867047e-01 1.000000000000000000e+00 0.000000000000000000e+00
2.521994134897360684e-01 1.000000000000000000e+00 0.000000000000000000e+00
2.531769305962854322e-01 1.000000000000000000e+00 0.000000000000000000e+00
2.541544477028347959e-01 1.000000000000000000e+00 0.000000000000000000e+00
2.551319648093841597e-01 1.000000000000000000e+00 0.000000000000000000e+00
2.561094819159335234e-01 1.000000000000000000e+00 0.000000000000000000e+00
2.570869990224828872e-01 1.000000000000000000e+00 0.000000000000000000e+00
2.580645161290322509e-01 1.000000000000000000e+00 0.000000000000000000e+00
2.590420332355816146e-01 1.000000000000000000e+00 0.000000000000000000e+00
2.600195503421309784e-01 1.000000000000000000e+00 0.000000000000000000e+00
2.609970674486803421e-01 1.000000000000000000e+00 0.000000000000000000e+00
2.619745845552297059e-01 1.000000000000000000e+00 0.000000000000000000e+00
2.629521016617790696e-01 1.000000000000000000e+00 0.000000000000000000e+00
2.639296187683284334e-01 1.000000000000000000e+00 0.000000000000000000e+00
2.649071358748777971e-01 1.000000000000000000e+00 0.000000000000000000e+00
2.658846529814271609e-01 1.000000000000000000e+00 0.000000000000000000e+00
2.668621700879765246e-01 1.000000000000000000e+00 0.000000000000000000e+00
2.678396871945258884e-01 1.000000000000000000e+00 0.000000000000000000e+00
2.688172043010752521e-01 1.000000000000000000e+00 0.000000000000000000e+00
2.697947214076246158e-01 1.000000000000000000e+00 0.000000000000000000e+00
2.707722385141739796e-01 1.000000000000000000e+00 0.000000000000000000e+00
2.717497556207233433e-01 1.000000000000000000e+00 0.000000000000000000e+00
2.727272727272727071e-01 1.000000000000000000e+00 0.000000000000000000e+00
2.737047898338220708e-01 1.000000000000000000e+00 0.000000000000000000e+00
2.746823069403714346e-01 1.000000000000000000e+00 0.000000000000000000e+00
2.756598240469207983e-01 1.000000000000000000e+00 0.000000000000000000e+00
2.766373411534701621e-01 1.000000000000000000e+00 0.000000000000000000e+00
2.776148582600195258e-01 1.000000000000000000e+00 0.000000000000000000e+00
2.785923753665688896e-01 1.000000000000000000e+00 0.000000000000000000e+00
2.795698924731182533e-01 1.000000000000000000e+00 0.000000000000000000e+00
2.805474095796676171e-01 1.000000000000000000e+00 0.000000000000000000e+00
2.815249266862170363e-01 1.000000000000000000e+00 0.000000000000000000e+00
2.825024437927664001e-01 1.000000000000000000e+00 0.000000000000000000e+00
2.834799608993157638e-01 1.000000000000000000e+00 0.000000000000000000e+00
2.844574780058651275e-01 1.000000000000000000e+00 0.000000000000000000e+00
2.854349951124144913e-01 1.000000000000000000e+00 0.000000000000000000e+00
2.864125122189638550e-01 1.000000000000000000e+00 0.000000000000000000e+00
2.873900293255132188e-01 1.000000000000000000e+00 0.000000000000000000e+00
2.883675464320625825e-01 1.000000000000000000e+00 0.000000000000000000e+00
2.893450635386119463e-01 1.000000000000000000e+00 0.000000000000000000e+00
2.903225806451613100e-01 1.000000000000000000e+00 0.000000000000000000e+00
2.913000977517106738e-01 1.000000000000000000e+00 0.000000000000000000e+00
2.922776148582600375e-01 1.000000000000000000e+00 0.000000000000000000e+00
2.932551319648094013e-01 1.000000000000000000e+00 0.000000000000000000e+00
2.942326490713587650e-01 1.000000000000000000e+00 0.000000000000000000e+00
2.952101661779081287e-01 1.000000000000000000e+00 0.000000000000000000e+00
2.961876832844574925e-01 1.000000000000000000e+00 0.000000000000000000e+00
2.971652003910068562e-01 1.000000000000000000e+00 0.000000000000000000e+00
2.981427174975562200e-01 1.000000000000000000e+00 0.000000000000000000e+00
2.991202346041055837e-01 1.000000000000000000e+00 4.049657847089694866e-17
3.000977517106549475e-01 9.999999999999993339e-01 5.849616729536962295e-16
3.010752688172043112e-01 9.999999999999966693e-01 2.303875915096216796e-15
3.020527859237536750e-01 9.999999999999915623e-01 7.676681241603966925e-15
3.030303030303030387e-01 9.999999999999764633e-01 1.734691713651565777e-14
3.040078201368524025e-01 9.999999999999492628e-01 4.507531733906599129e-14
3.049853372434017662e-01 9.999999999998734346e-01 9.281499865515512272e-14
3.059628543499511300e-01 9.999999999997442046e-01 2.279972700846540265e-13
3.069403714565004937e-01 9.999999999993802735e-01 4.578807489201898179e-13
3.079178885630498574e-01 9.999999999987667643e-01 1.093060601633240384e-12
3.088954056695992212e-01 9.999999999970836662e-01 2.161549224764202806e-12
3.098729227761485849e-01 9.999999999942678075e-01 5.051528718499572131e-12
3.108504398826979487e-01 9.999999999867393852e-01 9.860860972031777692e-12
3.118279569892473124e-01 9.999999999742713586e-01 2.255531221235195124e-11
3.128054740957966762e-01 9.999999999417381602e-01 4.345331607588112005e-11
3.137829912023460399e-01 9.999999998884586683e-01 9.725844640931765018e-11
3.147605083088954037e-01 9.999999997529055440e-01 1.848481268815148540e-10
3.157380254154447674e-01 9.999999995334107883e-01 4.046440020953719419e-10
3.167155425219941312e-01 9.999999989893557650e-01 7.583526391612779909e-10
3.176930596285434949e-01 9.999999981186364906e-01 1.622628220639407451e-09
3.186705767350928586e-01 9.999999960180839809e-01 2.997073332049864832e-09
3.196480938416422224e-01 9.999999926965575936e-01 6.264033399932505140e-09
3.206256109481915861e-01 9.999999849057512602e-01 1.139604434264828508e-08
3.216031280547409499e-01 9.999999727393097393e-01 2.324939850219564000e-08
3.225806451612903136e-01 9.999999450252080591e-01 4.163411876837680472e-08
3.235581622678396774e-01 9.999999023031966860e-01 8.284565569972678945e-08
3.245356793743890411e-01 9.999998079140214324e-01 1.459248236967953201e-07
3.255131964809384049e-01 9.999996643620910897e-01 2.829688907736666547e-07
3.264907135874877686e-01 9.999993571909318035e-01 4.898536771424991649e-07
3.274682306940371324e-01 9.999988965773016769e-01 9.248023353776704142e-07
3.284457478005864961e-01 9.999979435913274317e-01 1.571975305040730255e-06
3.294232649071358598e-01 9.999965355846400783e-01 2.886249950352623341e-06
3.304007820136852236e-01 9.999937243487456717e-01 4.812214776755846975e-06
3.313782991202345873e-01 9.999896353477215616e-01 8.582409203833636077e-06
3.323558162267839511e-01 9.999817744055908841e-01 1.401879882332762218e-05
3.333333333333333148e-01 9.999705291772378324e-01 2.425188717117170628e-05
3.343108504398826786e-01 9.999497689448110238e-01 3.875505102775236057e-05
3.352883675464320423e-01 9.999205957697812064e-01 6.492880436059508353e-05
3.362658846529814061e-01 9.998690406421775201e-01 1.013412710687752321e-04
3.372434017595307698e-01 9.997979762436713935e-01 1.641233338773017423e-04
3.382209188660801336e-01 9.996782147460199219e-01 2.497144972415484476e-04
3.391984359726294973e-01 9.995165722056702506e-01 3.901204159213695960e-04
3.401759530791788610e-01 9.992579463105302207e-01 5.773166130434767953e-04
3.411534701857282248e-01 9.989168860616938206e-01 8.680796582101302878e-04
3.421309872922775885e-01 9.984013509802815989e-01 1.246243266859772087e-03
3.431085043988269523e-01 9.977387965910513579e-01 1.799561261401817379e-03
3.440860215053763715e-01 9.967972845399212245e-01 2.499498273442206115e-03
3.450635386119257353e-01 9.956215296939189274e-01 3.459698020623168304e-03
3.460410557184750990e-01 9.940567943514031501e-01 4.637211188999263746e-03
3.470185728250244628e-01 9.921640455252767055e-01 6.147424241412101538e-03
3.479960899315738265e-01 9.898074022831991892e-01 7.936957107706716502e-03
3.489736070381231903e-01 9.870543870586984125e-01 1.008477759169876600e-02
3.499511241446725540e-01 9.838357584377739329e-01 1.253739594328576526e-02
3.509286412512219178e-01 9.802121672656930462e-01 1.530980824571480728e-02
3.519061583577712815e-01 9.761975774904368963e-01 1.835737273140823286e-02
3.528836754643206453e-01 9.718411735126626372e-01 2.164000209873401942e-02
3.538611925708700090e-01 9.672072710114935079e-01 2.512083194288426344e-02
3.548387096774193727e-01 9.623408177539088948e-01 2.874367023248599468e-02
3.558162267839687365e-01 9.573052049031821609e-01 3.247350939861705366e-02
3.567937438905181002e-01 9.521446951236482992e-01 3.626991530135924291e-02
3.577712609970674640e-01 9.468978647252127567e-01 4.010197703739248193e-02
3.587487781036168277e-01 9.415993339946060470e-01 4.394821050946480512e-02
3.597262952101661915e-01 9.362697359512557327e-01 4.778935319255537412e-02
3.607038123167155552e-01 9.309273861296836206e-01 5.161329037480304888e-02
3.616813294232649190e-01 9.255844648001076980e-01 5.541205383001941709e-02
3.626588465298142827e-01 9.202486206180363615e-01 5.917881224189851241e-02
3.636363636363636465e-01 9.149257470595473229e-01 6.291030956317487932e-02
3.646138807429130102e-01 9.096199605846441161e-01 6.660385325649390009e-02
3.655913978494623739e-01 9.043333473493162522e-01 7.025770647505312494e-02
3.665689149560117377e-01 8.990681578400576690e-01 7.387080587625820260e-02
3.675464320625611014e-01 8.938254903662894435e-01 7.744262118311033560e-02
3.685239491691104652e-01 8.886063445192721177e-01 8.097250710559006359e-02
3.695014662756598289e-01 8.834113280891109365e-01 8.446039714160878675e-02
3.704789833822091927e-01 8.782411031479064878e-01 8.790608754069989539e-02
3.714565004887585564e-01 8.730958899538439066e-01 9.130960914018212971e-02
3.724340175953079202e-01 8.679761099671399194e-01 9.467095337921292708e-02
3.734115347018572839e-01 8.628818966949917124e-01 9.799029980656473460e-02
3.743890518084066477e-01 8.578134739196676684e-01 1.012677237128206814e-01
3.753665689149560114e-01 8.527708889512184420e-01 1.045034541730182898e-01
3.763440860215053752e-01 8.477542840439838967e-01 1.076976625980198693e-01
3.773216031280547389e-01 8.427636492892280895e-01 1.108506042039137107e-01
3.782991202346041026e-01 8.377990460374162840e-01 1.139624931720386591e-01
3.792766373411534664e-01 8.328604426769513625e-01 1.170336119016081450e-01
3.802541544477028301e-01 8.279478500116728146e-01 1.200642091871128025e-01
3.812316715542521939e-01 8.230612116841742321e-01 1.230545753167284345e-01
3.822091886608015576e-01 8.182005042737894307e-01 1.260049829440632874e-01
3.831867057673509214e-01 8.133656595592931859e-01 1.289157314919749941e-01
3.841642228739002851e-01 8.085566272350398487e-01 1.317871069395878114e-01
3.851417399804496489e-01 8.037733288223022354e-01 1.346194125715300394e-01
3.861192570869990126e-01 7.990156973152426900e-01 1.374129444150796464e-01
3.870967741935483764e-01 7.942836469769921637e-01 1.401680080395907857e-01
3.880742913000977401e-01 7.895770980123665295e-01 1.428849042812181946e-01
3.890518084066471038e-01 7.848959595313385051e-01 1.455639396935894947e-01
3.900293255131964676e-01 7.802401435861586743e-01 1.482054179107060998e-01
3.910068426197458313e-01 7.756095552171244911e-01 1.508096451232426305e-01
3.919843597262951951e-01 7.710041007648130718e-01 1.533769255429311695e-01
3.929618768328445588e-01 7.664236825758884430e-01 1.559075643851193238e-01
3.939393939393939226e-01 7.618682033928296793e-01 1.584018652470555177e-01
3.949169110459432863e-01 7.573375636255862409e-01 1.608601315737115400e-01
3.958944281524926501e-01 7.528316638049318277e-01 1.632826653749568369e-01
3.968719452590420138e-01 7.483504032657156690e-01 1.656697679064092488e-01
3.978494623655913776e-01 7.438936813795120617e-01 1.680217389585970111e-01
3.988269794721407413e-01 7.394613969897425587e-01 1.703388771516924083e-01
3.998044965786901050e-01 7.350534490833402490e-01 1.726214796013930408e-01
4.007820136852394688e-01 7.306697365771167574e-01 1.748698420194667869e-01
4.017595307917888325e-01 7.263101586601089510e-01 1.770842585283692594e-01
4.027370478983381963e-01 7.219746147533642189e-01 1.792650216878587666e-01
4.037145650048875600e-01 7.176630047116940858e-01 1.814124224064960489e-01
4.046920821114369238e-01 7.133752288481626236e-01 1.835267499350249631e-01
4.056695992179862875e-01 7.091111880549106905e-01 1.856082918140448956e-01
4.066471163245357068e-01 7.048707838549083116e-01 1.876573338620165232e-01
4.076246334310850705e-01 7.006539184901733330e-01 1.896741601490358475e-01
4.086021505376344343e-01 6.964604949784009014e-01 1.916590529849708791e-01
4.095796676441837980e-01 6.922904171810296825e-01 1.936122929036374896e-01
4.105571847507331618e-01 6.881435898601060419e-01 1.955341586553673017e-01
4.115347018572825255e-01 6.840199187385227475e-01 1.974249272002807365e-01
4.125122189638318893e-01 6.799193105547646221e-01 1.992848737049608410e-01
4.134897360703812530e-01 6.758416731179553993e-01 2.011142715403038406e-01
4.144672531769306167e-01 6.717869153613293953e-01 2.029133922820515190e-01
4.154447702834799805e-01 6.677549473960153747e-01 2.046825057130164383e-01
4.164222873900293442e-01 6.637456805643567881e-01 2.064218798268744881e-01
4.173998044965787080e-01 6.597590274936395716e-01 2.081317808331758779e-01
4.183773216031280717e-01 6.557949021505110609e-01 2.098124731637183993e-01
4.193548387096774355e-01 6.518532198965717450e-01 2.114642194801351072e-01
4.203323558162267992e-01 6.479338975453093896e-01 2.130872806825220844e-01
4.213098729227761630e-01 6.440368534207088214e-01 2.146819159189707060e-01
4.222873900293255267e-01 6.401620074178883124e-01 2.162483825959901074e-01
4.232649071358748905e-01 6.363092810661263865e-01 2.177869363897846633e-01
4.242424242424242542e-01 6.324785975945744765e-01 2.192978312583181155e-01
4.252199413489736179e-01 6.286698820009636313e-01 2.207813194540982349e-01
4.261974584555229817e-01 6.248830611236554367e-01 2.222376515376590089e-01
4.271749755620723454e-01 6.211180637173999708e-01 2.236670763917358584e-01
4.281524926686217092e-01 6.173748205331637262e-01 2.250698412361211986e-01
4.291300097751710729e-01 6.136532644023965366e-01 2.264461916431843580e-01
4.301075268817204367e-01 6.099533303261328587e-01 2.277963715540528011e-01
4.310850439882698004e-01 6.062749555693495163e-01 2.291206232954727806e-01
4.320625610948191642e-01 6.026180797610271034e-01 2.304191875973648218e-01
4.330400782013685279e-01 5.989826450003824521e-01 2.316923036110976886e-01
4.340175953079178917e-01 5.953685959697655461e-01 2.329402089285089739e-01
4.349951124144672554e-01 5.917758800547554543e-01 2.341631396017064826e-01
4.359726295210166191e-01 5.882044474720221627e-01 2.353613301636998667e-01
4.369501466275659829e-01 5.846542514055665940e-01 2.365350136499151934e-01
4.379276637341153466e-01 5.811252481519835200e-01 2.376844216206512594e-01
4.389051808406647104e-01 5.776173972754480301e-01 2.388097841845457925e-01
4.398826979472140741e-01 5.741306617731749551e-01 2.399113300231293378e-01
4.408602150537634379e-01 5.706650082521527168e-01 2.409892864165548154e-01
4.418377321603128016e-01 5.672204071180256824e-01 2.420438792706003650e-01
4.428152492668621654e-01 5.637968327770485066e-01 2.430753331450526133e-01
4.437927663734115291e-01 5.603942638521193231e-01 2.440838712835906865e-01
4.447702834799608929e-01 5.570126834139716987e-01 2.450697156453037207e-01
4.457478005865102566e-01 5.536520792286869774e-01 2.460330869379882268e-01
4.467253176930596203e-01 5.503124440227772363e-01 2.469742046533868474e-01
4.477028347996089841e-01 5.469937757671927692e-01 2.478932871045471942e-01
4.486803519061583478e-01 5.436960779817026079e-01 2.487905514654941419e-01
4.496578690127077116e-01 5.404193600612079429e-01 2.496662138134327913e-01
4.506353861192570753e-01 5.371636376256784251e-01 2.505204891737163875e-01
4.516129032258064391e-01 5.339289328955125757e-01 2.513535915678391519e-01
4.525904203323558028e-01 5.307152750942714103e-01 2.521657340647366907e-01
4.535679374389051666e-01 5.275227008808709428e-01 2.529571288357068681e-01
4.545454545454545303e-01 5.243512548134773299e-01 2.537279872132894298e-01
4.555229716520038941e-01 5.212009898475009617e-01 2.544785197544789379e-01
4.565004887585532578e-01 5.180719678702667697e-01 2.552089363086785800e-01
4.574780058651026216e-01 5.149642602751013376e-01 2.559194460908376656e-01
4.584555229716519853e-01 5.118779485777743554e-01 2.566102577602636381e-01
4.594330400782013490e-01 5.088131250784094783e-01 2.572815795056340726e-01
4.604105571847507128e-01 5.057698935721790523e-01 2.579336191367881392e-01
4.613880742913000765e-01 5.027483701122915649e-01 2.585665841839263623e-01
4.623655913978494403e-01 4.997486838289731947e-01 2.591806820048971893e-01
4.633431085043988040e-01 4.967709778083336802e-01 2.597761199013131628e-01
4.643206256109481678e-01 4.938154100351888620e-01 2.603531052442938365e-01
4.652981427174975315e-01 4.908821544040713469e-01 2.609118456106976902e-01
4.662756598240468953e-01 4.879714018028036282e-01 2.614525489307713002e-01
4.672531769305962590e-01 4.850833612731181299e-01 2.619754236482112475e-01
4.682306940371456228e-01 4.822182612528685408e-01 2.624806788937007473e-01
4.692082111436950420e-01 4.793763509043847404e-01 2.629685246730520398e-01
4.701857282502444058e-01 4.765579015334561186e-01 2.634391720711496965e-01
4.711632453567937695e-01 4.737632081032592812e-01 2.638928334729523373e-01
4.721407624633431332e-01 4.709925908472663569e-01 2.643297228028625989e-01
4.731182795698924970e-01 4.682463969847328045e-01 2.647500557838225466e-01
4.740957966764418607e-01 4.655250025417482784e-01 2.651540502175182556e-01
4.750733137829912245e-01 4.628288142799857341e-01 2.655419262870889474e-01
4.760508308895405882e-01 4.601582717341722306e-01 2.659139068837202413e-01
4.770283479960899520e-01 4.575138493578543852e-01 2.662702179584520157e-01
4.780058651026393157e-01 4.548960587751931794e-01 2.666110889004393858e-01
4.789833822091886795e-01 4.523054511342137207e-01 2.669367529427633667e-01
4.799608993157380432e-01 4.497426195540754068e-01 2.672474475966708507e-01
4.809384164222874070e-01 4.472082016554227435e-01 2.675434151148418649e-01
4.819159335288367707e-01 4.447028821586243574e-01 2.678249029838871142e-01
4.828934506353861345e-01 4.422273955295893955e-01 2.680921644457791020e-01
4.838709677419354982e-01 4.397825286467551553e-01 2.683454590472791335e-01
4.848484848484848619e-01 4.373691234556357221e-01 2.685850532156234816e-01
4.858260019550342257e-01 4.349880795688886304e-01 2.688112208577506101e-01
4.868035190615835894e-01 4.326403567600822786e-01 2.690242439791618589e-01
4.877810361681329532e-01 4.303269772881160304e-01 2.692244133170880738e-01
4.887585532746823169e-01 4.280490279765126194e-01 2.694120289809639468e-01
4.897360703812316807e-01 4.258076619575075772e-01 2.695874010912706065e-01
4.907135874877810444e-01 4.236040999750848024e-01 2.697508504055952661e-01
4.916911045943304082e-01 4.214396311239427817e-01 2.699027089182667316e-01
4.926686217008797719e-01 4.193156128831153073e-01 2.700433204171859281e-01
4.936461388074291357e-01 4.172334702840062581e-01 2.701730409785231268e-01
4.946236559139784994e-01 4.151946940335684011e-01 2.702922393768674159e-01
4.956011730205278631e-01 4.132008373951145952e-01 2.704012973852926716e-01
4.965786901270772269e-01 4.112535116129679702e-01 2.705006099368087447e-01
4.975562072336265906e-01 4.093543796543183677e-01 2.705905851159764453e-01
4.985337243401759544e-01 4.075051480341110310e-01 2.706716439473522140e-01
4.995112414467253181e-01 4.057075564887879793e-01 2.707442199461765897e-01
5.004887585532746819e-01 4.039633652747897652e-01 2.708087583966905521e-01
5.014662756598240456e-01 4.022743398907959733e-01 2.708657153250515481e-01
5.024437927663734094e-01 4.006422330617522287e-01 2.709155561374186894e-01
5.034213098729227731e-01 3.990687638807900450e-01 2.709587538997824119e-01
5.043988269794721369e-01 3.975555940848659597e-01 2.709957872448510163e-01
5.053763440860215006e-01 3.961043015432846870e-01 2.710271379029935424e-01
5.063538611925708643e-01 3.947163511660005675e-01 2.710532878688907688e-01
5.073313782991202281e-01 3.933930635897831540e-01 2.710747162329491533e-01
5.083088954056695918e-01 3.921355821717459333e-01 2.710918957261334583e-01
5.092864125122189556e-01 3.909448390053423261e-01 2.711052890477703703e-01
5.102639296187683193e-01 3.898215208644821850e-01 2.711153450667749265e-01
5.112414467253176831e-01 3.887660361643468510e-01 2.711224950059990535e-01
5.122189638318670468e-01 3.877784841871448340e-01 2.711271487351225584e-01
5.131964809384164106e-01 3.868586279394697902e-01 2.711296913076747805e-01
5.141739980449657743e-01 3.860058720661651566e-01 2.711304798805374006e-01
5.151515151515151381e-01 3.852192472256299460e-01 2.711298411481388171e-01
5.161290322580645018e-01 3.844974022186012363e-01 2.711280694077026210e-01
5.171065493646138655e-01 3.838386049478355044e-01 2.711254253464635555e-01
5.180840664711632293e-01 3.832407529694203951e-01 2.711221356078828970e-01
5.190615835777125930e-01 3.827013939876161008e-01 2.711183931538423408e-01
5.200391006842619568e-01 3.822177561652897460e-01 2.711143583967666748e-01
5.210166177908113205e-01 3.817867876028128160e-01 2.711101610334075707e-01
5.219941348973606843e-01 3.814052038196770189e-01 2.711059024745507418e-01
5.229716520039100480e-01 3.810695415993710644e-01 2.711016587357290564e-01
5.239491691104594118e-01 3.807762171729092149e-01 2.710974836357899487e-01
5.249266862170087755e-01 3.805215864573141538e-01 2.710934121442357125e-01
5.259042033235581393e-01 3.803020049585369988e-01 2.710894637245725436e-01
5.268817204301075030e-01 3.801138850049268214e-01 2.710856455379802576e-01
5.278592375366568668e-01 3.799537481918066062e-01 2.710819553968660256e-01
5.288367546432062305e-01 3.798182712682234841e-01 2.710783843880337218e-01
5.298142717497555942e-01 3.797043241485905662e-01 2.710749191168482786e-01
5.307917888563049580e-01 3.796089992413354541e-01 2.710715435537962015e-01
5.317693059628543217e-01 3.795296318076410436e-01 2.710682404907855947e-01
5.327468230694036855e-01 3.794638115525491018e-01 2.710649926348451810e-01
5.337243401759530492e-01 3.794093860722944078e-01 2.710617833809144672e-01
5.347018572825024130e-01 3.793644571106515317e-01 2.710585973133290416e-01
5.356793743890517767e-01 3.793273708003048195e-01 2.710554204881583940e-01
5.366568914956011405e-01 3.792967031814933332e-01 2.710522405468615559e-01
5.376344086021505042e-01 3.792712423080393802e-01 2.710490467070579279e-01
5.386119257086998680e-01 3.792499681861992711e-01 2.710458296697523806e-01
5.395894428152492317e-01 3.792320316646438094e-01 2.710425814751531992e-01
5.405669599217985954e-01 3.792167332257034285e-01 2.710392953320578391e-01
5.415444770283479592e-01 3.792035024391521847e-01 2.710359654392004991e-01
5.425219941348973229e-01 3.791918786478316594e-01 2.710325868112811731e-01
5.434995112414466867e-01 3.791814932731309984e-01 2.710291551177481106e-01
5.444770283479960504e-01 3.791720539674028334e-01 2.710256665387983932e-01
5.454545454545454142e-01 3.791633307055090607e-01 2.710221176403974641e-01
5.464320625610947779e-01 3.791551438011321329e-01 2.710185052682703710e-01
5.474095796676441417e-01 3.791473537547937478e-01 2.710148264596253798e-01
5.483870967741935054e-01 3.791398527873229840e-01 2.710110783706917159e-01
5.493646138807428692e-01 3.791325578812143049e-01 2.710072582178457701e-01
5.503421309872922329e-01 3.791254051387766277e-01 2.710033632300561379e-01
5.513196480938415966e-01 3.791183452659675490e-01 2.709993906104899986e-01
5.522971652003909604e-01 3.791113400004115785e-01 2.709953375053445468e-01
5.532746823069403241e-01 3.791043593178893278e-01 2.709912009782196041e-01
5.542521994134896879e-01 3.790973792707408307e-01 2.709869779886143193e-01
5.552297165200390516e-01 3.790903803319919940e-01 2.709826653733803936e-01
5.562072336265884154e-01 3.790833461389991887e-01 2.709782598301862522e-01
5.571847507331377791e-01 3.790762625489942916e-01 2.709737579022336584e-01
5.581622678396871429e-01 3.790691169354779566e-01 2.709691559636190905e-01
5.591397849462365066e-01 3.790618976686846997e-01 2.709644502048532133e-01
5.601173020527858704e-01 3.790545937353134165e-01 2.709596366181369342e-01
5.610948191593352341e-01 3.790471944625067868e-01 2.709547109820596988e-01
5.620723362658845979e-01 3.790396893189209582e-01 2.709496688454261504e-01
5.630498533724340726e-01 3.790320677719168918e-01 2.709445055099387600e-01
5.640273704789834364e-01 3.790243191847379456e-01 2.709392160114846848e-01
5.650048875855328001e-01 3.790164327412561263e-01 2.709337950997642852e-01
5.659824046920821639e-01 3.790083973887387603e-01 2.709282372159978469e-01
5.669599217986315276e-01 3.790002017912810772e-01 2.709225364684220150e-01
5.679374389051808913e-01 3.789918342882456215e-01 2.709166866052662992e-01
5.689149560117302551e-01 3.789832828533526987e-01 2.709106809848573216e-01
5.698924731182796188e-01 3.789745350510725364e-01 2.709045125424559552e-01
5.708699902248289826e-01 3.789655779877371122e-01 2.708981737533669998e-01
5.718475073313783463e-01 3.789563982553605381e-01 2.708916565917862673e-01
5.728250244379277101e-01 3.789469818665471834e-01 2.708849524847476431e-01
5.738025415444770738e-01 3.789373141791025912e-01 2.708780522604034569e-01
5.747800586510264376e-01 3.789273798090318501e-01 2.708709460897046895e-01
5.757575757575758013e-01 3.789171625305203239e-01 2.708636234203219417e-01
5.767350928641251651e-01 3.789066451612134179e-01 2.708560729013544388e-01
5.777126099706745288e-01 3.788958094306354440e-01 2.708482822969729975e-01
5.786901270772238925e-01 3.788846358288485705e-01 2.708402383865997076e-01
5.796676441837732563e-01 3.788731034313986834e-01 2.708319268484840614e-01
5.806451612903226200e-01 3.788611896951215030e-01 2.708233321225081425e-01
5.816226783968719838e-01 3.788488702173500866e-01 2.708144372466503302e-01
5.826001955034213475e-01 3.788361184482897381e-01 2.708052236595958062e-01
5.835777126099707113e-01 3.788229053425433146e-01 2.707956709593338229e-01
5.845552297165200750e-01 3.788091989306625607e-01 2.707857566039734154e-01
5.855327468230694388e-01 3.787949637847377038e-01 2.707754555361512883e-01
5.865102639296188025e-01 3.787801603429292174e-01 2.707647397059237959e-01
5.874877810361681663e-01 3.787647440458681292e-01 2.707535774585085320e-01
5.884652981427175300e-01 3.787486642223540367e-01 2.707419327421778377e-01
5.894428152492668938e-01 3.787318626420294598e-01 2.707297640775063741e-01
5.904203323558162575e-01 3.787142716280065269e-01 2.707170232115257424e-01
5.913978494623656212e-01 3.786958115921816304e-01 2.707036533587229288e-01
5.923753665689149850e-01 3.786763878198178834e-01 2.706895869049803505e-01
5.933528836754643487e-01 3.786558862879709220e-01 2.706747424205234176e-01
5.943304007820137125e-01 3.786341682551297438e-01 2.706590207941989012e-01
5.953079178885630762e-01 3.786110633085739696e-01 2.706423002650389931e-01
5.962854349951124400e-01 3.785863605040601931e-01 2.706244300899700028e-01
5.972629521016618037e-01 3.785597971835810704e-01 2.706052225515930831e-01
5.982404692082111675e-01 3.785310450167129193e-01 2.705844429812011565e-01
5.992179863147605312e-01 3.784996927868149452e-01 2.705617974548614746e-01
6.001955034213098950e-01 3.784652254440781238e-01 2.705369178209179326e-01
6.011730205278592587e-01 3.784269989835757908e-01 2.705093437431118075e-01
6.021505376344086224e-01 3.783842107894047624e-01 2.704785015028071671e-01
6.031280547409579862e-01 3.783358652271683886e-01 2.704436794047122561e-01
6.041055718475073499e-01 3.782807344768254199e-01 2.704039997804467133e-01
6.050830889540567137e-01 3.782173148841834198e-01 2.703583877889195741e-01
6.060606060606060774e-01 3.781437794756695725e-01 2.703055374743671413e-01
6.070381231671554412e-01 3.780579277250704084e-01 2.702438758603153968e-01
6.080156402737048049e-01 3.779571341724578537e-01 2.701715262233791992e-01
6.089931573802541687e-01 3.778382980550457626e-01 2.700862720907606374e-01
6.099706744868035324e-01 3.776977966876002846e-01 2.699855239183711619e-01
6.109481915933528962e-01 3.775314458864096334e-01 2.698662908042008257e-01
6.119257086999022599e-01 3.773344712166529780e-01 2.697251599388089671e-01
6.129032258064516236e-01 3.771014942023121486e-01 2.695582867516199133e-01
6.138807429130009874e-01 3.768265378112520270e-01 2.693613988356776123e-01
6.148582600195503511e-01 3.765030554579423816e-01 2.691298166833244743e-01
6.158357771260997149e-01 3.761239874020109730e-01 2.688584940048315830e-01
6.168132942326490786e-01 3.756818477255491895e-01 2.685420799049779705e-01
6.177908113391984424e-01 3.751688440289431825e-01 2.681750044468766414e-01
6.187683284457478061e-01 3.745770306025384966e-01 2.677515881441103751e-01
6.197458455522971699e-01 3.738984941477619395e-01 2.672661747186982906e-01
6.207233626588465336e-01 3.731255692057778295e-01 2.667132850931515087e-01
6.217008797653958974e-01 3.722510784039858578e-01 2.660877891211176349e-01
6.226783968719452611e-01 3.712685905764367411e-01 2.653850900927599565e-01
6.236559139784946248e-01 3.701726878980591828e-01 2.646013156813642464e-01
6.246334310850439886e-01 3.689592315475832551e-01 2.637335078361713325e-01
6.256109481915933523e-01 3.676256142296311924e-01 2.627798032799004702e-01
6.265884652981427161e-01 3.661709872749009942e-01 2.617395958324064686e-01
6.275659824046920798e-01 3.645964501006048741e-01 2.606136718272374364e-01
6.285434995112414436e-01 3.629051906111581682e-01 2.594043104582892667e-01
6.295210166177908073e-01 3.611025666604624762e-01 2.581153419956416228e-01
6.304985337243401711e-01 3.591961209351696716e-01 2.567521584095379672e-01
6.314760508308895348e-01 3.571955244505419236e-01 2.553216729660552908e-01
6.324535679374388986e-01 3.551124471237718239e-01 2.538322276977995617e-01
6.334310850439882623e-01 3.529603574101089491e-01 2.522934501694483744e-01
6.344086021505376261e-01 3.507542565345493357e-01 2.507160634936378418e-01
6.353861192570869898e-01 3.485103561963269203e-01 2.491116559432932087e-01
6.363636363636363535e-01 3.462457115440305544e-01 2.474924185940345633e-01
6.373411534701857173e-01 3.439778235216029434e-01 2.458708610759511304e-01
6.383186705767350810e-01 3.417242262181096613e-01 2.442595166094043146e-01
6.392961876832844448e-01 3.395020755200269802e-01 2.426706479753026890e-01
6.402737047898338085e-01 3.373277551289685650e-01 2.411159659015436607e-01
6.412512218963831723e-01 3.352165148992963806e-01 2.396063705548015510e-01
6.422287390029325360e-01 3.331821545583161792e-01 2.381517254744676404e-01
6.432062561094818998e-01 3.312367633378475174e-01 2.367606714741788965e-01
6.441837732160312635e-01 3.293905230499825643e-01 2.354404858947559409e-01
6.451612903225806273e-01 3.276515788854866829e-01 2.341969902661011071e-01
6.461388074291299910e-01 3.260259789111602524e-01 2.330345070752342096e-01
6.471163245356793547e-01 3.245176800938813777e-01 2.319558640870560962e-01
6.480938416422287185e-01 3.231286158615244153e-01 2.309624426505326178e-01
6.490713587487780822e-01 3.218588178668184696e-01 2.300542647475065372e-01
6.500488758553274460e-01 3.207065828488724346e-01 2.292301122753118703e-01
6.510263929618768097e-01 3.196686743414274834e-01 2.284876712355761730e-01
6.520039100684261735e-01 3.187405484637764741e-01 2.278236931349513772e-01
6.529814271749755372e-01 3.179165931146563651e-01 2.272341659639459388e-01
6.539589442815249010e-01 3.171903705013146557e-01 2.267144875575284602e-01
6.549364613880742647e-01 3.165548539794481586e-01 2.262596348871570295e-01
6.559139784946236285e-01 3.160026515428726035e-01 2.258643238083460625e-01
6.568914956011729922e-01 3.155262098665797543e-01 2.255231549064460328e-01
6.578690127077223559e-01 3.151179944582634396e-01 2.252307422637680745e-01
6.588465298142717197e-01 3.147706431070824151e-01 2.249818231389436596e-01
6.598240469208210834e-01 3.144770913463482698e-01 2.247713476415440781e-01
6.608015640273704472e-01 3.142306700009115383e-01 2.245945484528460989e-01
6.617790811339198109e-01 3.140251760236939527e-01 2.244469914539334587e-01
6.627565982404691747e-01 3.138549187136830398e-01 2.243246087569183700e-01
6.637341153470185384e-01 3.137147440436720003e-01 2.242237160895985404e-01
6.647116324535679022e-01 3.136000402203786841e-01 2.241410167656944508e-01
6.656891495601172659e-01 3.135067277752805470e-01 2.240735945983553801e-01
6.666666666666666297e-01 3.134312374733781437e-01 2.240188981066268681e-01
6.676441837732159934e-01 3.133704791659355782e-01 2.239747182493407041e-01
6.686217008797653572e-01 3.133218044404785241e-01 2.239391617258868206e-01
6.695992179863147209e-01 3.132829655740972941e-01 2.239106216351091638e-01
6.705767350928640846e-01 3.132520729081703093e-01 2.238877470062624886e-01
6.715542521994134484e-01 3.132275523628623159e-01 2.238694124302172961e-01
6.725317693059628121e-01 3.132081044213720911e-01 2.238546887414878395e-01
6.735092864125121759e-01 3.131926655542314752e-01 2.238428154445708806e-01
6.744868035190615396e-01 3.131803727346703092e-01 2.238331753498650767e-01
6.754643206256109034e-01 3.131705314237868132e-01 2.238252716898302686e-01
6.764418377321602671e-01 3.131625871813564221e-01 2.238187078267225294e-01
6.774193548387096309e-01 3.131561008835702653e-01 2.238131695384885378e-01
6.783968719452589946e-01 3.131507273993420215e-01 2.238084097767386316e-01
6.793743890518083584e-01 3.131461974869679254e-01 2.238042357264969084e-01
6.803519061583577221e-01 3.131423026168992929e-01 2.238004979573884612e-01
6.813294232649070858e-01 3.131388823979214253e-01 2.237970814355836058e-01
6.823069403714564496e-01 3.131358142770553354e-01 2.237938981608325328e-01
6.832844574780058133e-01 3.131330051924150482e-01 2.237908811993065405e-01
6.842619745845551771e-01 3.131303848781846200e-01 2.237879798972070011e-01
6.852394916911045408e-01 3.131279005477252131e-01 2.237851560792996630e-01
6.862170087976539046e-01 3.131255127113014014e-01 2.237823810583176865e-01
6.871945259042032683e-01 3.131231919165156086e-01 2.237796333037688767e-01
6.881720430107527431e-01 3.131209162304247062e-01 2.237768966407554239e-01
6.891495601173021068e-01 3.131186693112571473e-01 2.237741588701047113e-01
6.901270772238514706e-01 3.131164389438980122e-01 2.237714107198726932e-01
6.911045943304008343e-01 3.131142159365060684e-01 2.237686450548816985e-01
6.920821114369501981e-01 3.131119932956673013e-01 2.237658562853168942e-01
6.930596285434995618e-01 3.131097656143966290e-01 2.237630399274923576e-01
6.940371456500489256e-01 3.131075286211447706e-01 2.237601922796542131e-01
6.950146627565982893e-01 3.131052788490343852e-01 2.237573101832718014e-01
6.959921798631476531e-01 3.131030133937378057e-01 2.237543908467155007e-01
6.969696969696970168e-01 3.131007297374140963e-01 2.237514317157455468e-01
6.979472140762463805e-01 3.130984256258023124e-01 2.237484303850446887e-01
6.989247311827957443e-01 3.130960989917698223e-01 2.237453845512191730e-01
6.999022482893451080e-01 3.130937479095394216e-01 2.237422919930116827e-01
7.008797653958944718e-01 3.130913705318901230e-01 2.237391505163424943e-01
7.018572825024438355e-01 3.130889649411606745e-01 2.237359577652270892e-01
7.028347996089931993e-01 3.130865289391705497e-01 2.237327109260991154e-01
7.038123167155425630e-01 3.130840601032354176e-01 2.237294067869002590e-01
7.047898338220919268e-01 3.130815567079841544e-01 2.237260430377285558e-01
7.057673509286412905e-01 3.130790194523320746e-01 2.237226208234947000e-01
7.067448680351906543e-01 3.130764513499135759e-01 2.237191448662062820e-01
7.077223851417400180e-01 3.130738502461336004e-01 2.237156130453593073e-01
7.086999022482893817e-01 3.130711928574752001e-01 2.237119930372203080e-01
7.096774193548387455e-01 3.130684310217741184e-01 2.237082146121414927e-01
7.106549364613881092e-01 3.130655500841258987e-01 2.237042502462205096e-01
7.116324535679374730e-01 3.130627124186066701e-01 2.237003238218047141e-01
7.126099706744868367e-01 3.130603280653178611e-01 2.236970312553150375e-01
7.135874877810362005e-01 3.130586102878764043e-01 2.236947334654700303e-01
7.145650048875855642e-01 3.130563069441734125e-01 2.236917228262399748e-01
7.155425219941349280e-01 3.130497765794899578e-01 2.236827404181233048e-01
7.165200391006842917e-01 3.130362611559126540e-01 2.236633830959428859e-01
7.174975562072336555e-01 3.130249136864674542e-01 2.236459488246134719e-01
7.184750733137830192e-01 3.130472955144005254e-01 2.236757554223471611e-01
7.194525904203323829e-01 3.131343505566312468e-01 2.238007715629664607e-01
7.204301075268817467e-01 3.132220538137910348e-01 2.239367973106571874e-01
7.214076246334311104e-01 3.130405918598228032e-01 2.236986259005435684e-01
7.223851417399804742e-01 3.122669057139906834e-01 2.225958104057718379e-01
7.233626588465298379e-01 3.113190987437671753e-01 2.211600408837395282e-01
7.243401759530792017e-01 3.124409987605320516e-01 2.225731063332064275e-01
7.253176930596285654e-01 3.188580132061148986e-01 2.317302724596060626e-01
7.262952101661779292e-01 3.283121220461667766e-01 2.460944982950343807e-01
7.272727272727272929e-01 3.206585457459872890e-01 2.369538507256181981e-01
7.282502443792766567e-01 2.643352107963289899e-01 1.618264335025350609e-01
7.292277614858260204e-01 1.830975524483595129e-01 6.078397040152458408e-02
7.302052785923753842e-01 1.389213356750135797e-01 1.259240580428253042e-02
7.311827956989247479e-01 1.273282168673350034e-01 1.943888804686794147e-03
7.321603128054741116e-01 1.253403329176972780e-01 2.783407243813368912e-04
7.331378299120234754e-01 1.250482611032976976e-01 3.933872522899706323e-05
7.341153470185728391e-01 1.250068105086683812e-01 5.548456313705344380e-06
7.350928641251222029e-01 1.250009604012084774e-01 7.823615928358732124e-07
7.360703812316715666e-01 1.250001354179833823e-01 1.103139872766743888e-07
7.370478983382209304e-01 1.250000190939531131e-01 1.555424315638630956e-08
7.380254154447702941e-01 1.250000026922455931e-01 2.193144492462909265e-09
7.390029325513196579e-01 1.250000003796060688e-01 3.092330514631219443e-10
7.399804496578690216e-01 1.250000000535244071e-01 4.360182449972034174e-11
7.409579667644183854e-01 1.250000000075469353e-01 6.147861158936955340e-12
7.419354838709677491e-01 1.250000000010641488e-01 8.667988446299831913e-13
7.429130009775171128e-01 1.250000000001500189e-01 1.222118134930770789e-13
7.438905180840664766e-01 1.250000000000211497e-01 1.722589058980379081e-14
7.448680351906158403e-01 1.250000000000029421e-01 2.427012749521543896e-15
7.458455522971652041e-01 1.250000000000003886e-01 3.161013808561867292e-16
7.468230694037145678e-01 1.250000000000000278e-01 3.318486271045034355e-17
7.478005865102639316e-01 1.250000000000000000e-01 1.124898558858487781e-18
7.487781036168132953e-01 1.250000000000000000e-01 1.017013925571604609e-68
7.497556207233626591e-01 1.250000000000000000e-01 2.638893864851745766e-139
7.507331378299120228e-01 1.250000000000000000e-01 8.169661242186422836e-284
7.517106549364613866e-01 1.250000000000000000e-01 0.000000000000000000e+00
7.526881720430107503e-01 1.250000000000000000e-01 0.000000000000000000e+00
7.536656891495601140e-01 1.250000000000000000e-01 0.000000000000000000e+00
7.546432062561094778e-01 1.250000000000000000e-01 0.000000000000000000e+00
7.556207233626588415e-01 1.250000000000000000e-01 0.000000000000000000e+00
7.565982404692082053e-01 1.250000000000000000e-01 0.000000000000000000e+00
7.575757575757575690e-01 1.250000000000000000e-01 0.000000000000000000e+00
7.585532746823069328e-01 1.250000000000000000e-01 0.000000000000000000e+00
7.595307917888562965e-01 1.250000000000000000e-01 0.000000000000000000e+00
7.605083088954056603e-01 1.250000000000000000e-01 0.000000000000000000e+00
7.614858260019550240e-01 1.250000000000000000e-01 0.000000000000000000e+00
7.624633431085043878e-01 1.250000000000000000e-01 0.000000000000000000e+00
7.634408602150537515e-01 1.250000000000000000e-01 0.000000000000000000e+00
7.644183773216031152e-01 1.250000000000000000e-01 0.000000000000000000e+00
7.653958944281524790e-01 1.250000000000000000e-01 0.000000000000000000e+00
7.663734115347018427e-01 1.250000000000000000e-01 0.000000000000000000e+00
7.673509286412512065e-01 1.250000000000000000e-01 0.000000000000000000e+00
7.683284457478005702e-01 1.250000000000000000e-01 0.000000000000000000e+00
7.693059628543499340e-01 1.250000000000000000e-01 0.000000000000000000e+00
7.702834799608992977e-01 1.250000000000000000e-01 0.000000000000000000e+00
7.712609970674486615e-01 1.250000000000000000e-01 0.000000000000000000e+00
7.722385141739980252e-01 1.250000000000000000e-01 0.000000000000000000e+00
7.732160312805473890e-01 1.250000000000000000e-01 0.000000000000000000e+00
7.741935483870967527e-01 1.250000000000000000e-01 0.000000000000000000e+00
7.751710654936461165e-01 1.250000000000000000e-01 0.000000000000000000e+00
7.761485826001954802e-01 1.250000000000000000e-01 0.000000000000000000e+00
7.771260997067448439e-01 1.250000000000000000e-01 0.000000000000000000e+00
7.781036168132942077e-01 1.250000000000000000e-01 0.000000000000000000e+00
7.790811339198435714e-01 1.250000000000000000e-01 0.000000000000000000e+00
7.800586510263929352e-01 1.250000000000000000e-01 0.000000000000000000e+00
7.810361681329422989e-01 1.250000000000000000e-01 0.000000000000000000e+00
7.820136852394916627e-01 1.250000000000000000e-01 0.000000000000000000e+00
7.829912023460410264e-01 1.250000000000000000e-01 0.000000000000000000e+00
7.839687194525903902e-01 1.250000000000000000e-01 0.000000000000000000e+00
7.849462365591397539e-01 1.250000000000000000e-01 0.000000000000000000e+00
7.859237536656891177e-01 1.250000000000000000e-01 0.000000000000000000e+00
7.869012707722384814e-01 1.250000000000000000e-01 0.000000000000000000e+00
7.878787878787878451e-01 1.250000000000000000e-01 0.000000000000000000e+00
7.888563049853372089e-01 1.250000000000000000e-01 0.000000000000000000e+00
7.898338220918865726e-01 1.250000000000000000e-01 0.000000000000000000e+00
7.908113391984359364e-01 1.250000000000000000e-01 0.000000000000000000e+00
7.917888563049853001e-01 1.250000000000000000e-01 0.000000000000000000e+00
7.927663734115346639e-01 1.250000000000000000e-01 0.000000000000000000e+00
7.937438905180840276e-01 1.250000000000000000e-01 0.000000000000000000e+00
7.947214076246333914e-01 1.250000000000000000e-01 0.000000000000000000e+00
7.956989247311827551e-01 1.250000000000000000e-01 0.000000000000000000e+00
7.966764418377321189e-01 1.250000000000000000e-01 0.000000000000000000e+00
7.976539589442814826e-01 1.250000000000000000e-01 0.000000000000000000e+00
7.986314760508308463e-01 1.250000000000000000e-01 0.000000000000000000e+00
7.996089931573802101e-01 1.250000000000000000e-01 0.000000000000000000e+00
8.005865102639295738e-01 1.250000000000000000e-01 0.000000000000000000e+00
8.015640273704789376e-01 1.250000000000000000e-01 0.000000000000000000e+00
8.025415444770283013e-01 1.250000000000000000e-01 0.000000000000000000e+00
8.035190615835776651e-01 1.250000000000000000e-01 0.000000000000000000e+00
8.044965786901270288e-01 1.250000000000000000e-01 0.000000000000000000e+00
8.054740957966763926e-01 1.250000000000000000e-01 0.000000000000000000e+00
8.064516129032257563e-01 1.250000000000000000e-01 0.000000000000000000e+00
8.074291300097751201e-01 1.250000000000000000e-01 0.000000000000000000e+00
8.084066471163244838e-01 1.250000000000000000e-01 0.000000000000000000e+00
8.093841642228738475e-01 1.250000000000000000e-01 0.000000000000000000e+00
8.103616813294232113e-01 1.250000000000000000e-01 0.000000000000000000e+00
8.113391984359725750e-01 1.250000000000000000e-01 0.000000000000000000e+00
8.123167155425219388e-01 1.250000000000000000e-01 0.000000000000000000e+00
8.132942326490714136e-01 1.250000000000000000e-01 0.000000000000000000e+00
8.142717497556207773e-01 1.250000000000000000e-01 0.000000000000000000e+00
8.152492668621701410e-01 1.250000000000000000e-01 0.000000000000000000e+00
8.162267839687195048e-01 1.250000000000000000e-01 0.000000000000000000e+00
8.172043010752688685e-01 1.250000000000000000e-01 0.000000000000000000e+00
8.181818181818182323e-01 1.250000000000000000e-01 0.000000000000000000e+00
8.191593352883675960e-01 1.250000000000000000e-01 0.000000000000000000e+00
8.201368523949169598e-01 1.250000000000000000e-01 0.000000000000000000e+00
8.211143695014663235e-01 1.250000000000000000e-01 0.000000000000000000e+00
8.220918866080156873e-01 1.250000000000000000e-01 0.000000000000000000e+00
8.230694037145650510e-01 1.250000000000000000e-01 0.000000000000000000e+00
8.240469208211144148e-01 1.250000000000000000e-01 0.000000000000000000e+00
8.250244379276637785e-01 1.250000000000000000e-01 0.000000000000000000e+00
8.260019550342131422e-01 1.250000000000000000e-01 0.000000000000000000e+00
8.269794721407625060e-01 1.250000000000000000e-01 0.000000000000000000e+00
8.279569892473118697e-01 1.250000000000000000e-01 0.000000000000000000e+00
8.289345063538612335e-01 1.250000000000000000e-01 0.000000000000000000e+00
8.299120234604105972e-01 1.250000000000000000e-01 0.000000000000000000e+00
8.308895405669599610e-01 1.250000000000000000e-01 0.000000000000000000e+00
8.318670576735093247e-01 1.250000000000000000e-01 0.000000000000000000e+00
8.328445747800586885e-01 1.250000000000000000e-01 0.000000000000000000e+00
8.338220918866080522e-01 1.250000000000000000e-01 0.000000000000000000e+00
8.347996089931574160e-01 1.250000000000000000e-01 0.000000000000000000e+00
8.357771260997067797e-01 1.250000000000000000e-01 0.000000000000000000e+00
8.367546432062561435e-01 1.250000000000000000e-01 0.000000000000000000e+00
8.377321603128055072e-01 1.250000000000000000e-01 0.000000000000000000e+00
8.387096774193548709e-01 1.250000000000000000e-01 0.000000000000000000e+00
8.396871945259042347e-01 1.250000000000000000e-01 0.000000000000000000e+00
8.406647116324535984e-01 1.250000000000000000e-01 0.000000000000000000e+00
8.416422287390029622e-01 1.250000000000000000e-01 0.000000000000000000e+00
8.426197458455523259e-01 1.250000000000000000e-01 0.000000000000000000e+00
8.435972629521016897e-01 1.250000000000000000e-01 0.000000000000000000e+00
8.445747800586510534e-01 1.250000000000000000e-01 0.000000000000000000e+00
8.455522971652004172e-01 1.250000000000000000e-01 0.000000000000000000e+00
8.465298142717497809e-01 1.250000000000000000e-01 0.000000000000000000e+00
8.475073313782991447e-01 1.250000000000000000e-01 0.000000000000000000e+00
8.484848484848485084e-01 1.250000000000000000e-01 0.000000000000000000e+00
8.494623655913978721e-01 1.250000000000000000e-01 0.000000000000000000e+00
8.504398826979472359e-01 1.250000000000000000e-01 0.000000000000000000e+00
8.514173998044965996e-01 1.250000000000000000e-01 0.000000000000000000e+00
8.523949169110459634e-01 1.250000000000000000e-01 0.000000000000000000e+00
8.533724340175953271e-01 1.250000000000000000e-01 0.000000000000000000e+00
8.543499511241446909e-01 1.250000000000000000e-01 0.000000000000000000e+00
8.553274682306940546e-01 1.250000000000000000e-01 0.000000000000000000e+00
8.563049853372434184e-01 1.250000000000000000e-01 0.000000000000000000e+00
8.572825024437927821e-01 1.250000000000000000e-01 0.000000000000000000e+00
8.582600195503421459e-01 1.250000000000000000e-01 0.000000000000000000e+00
8.592375366568915096e-01 1.250000000000000000e-01 0.000000000000000000e+00
8.602150537634408733e-01 1.250000000000000000e-01 0.000000000000000000e+00
8.611925708699902371e-01 1.250000000000000000e-01 0.000000000000000000e+00
8.621700879765396008e-01 1.250000000000000000e-01 0.000000000000000000e+00
8.631476050830889646e-01 1.250000000000000000e-01 0.000000000000000000e+00
8.641251221896383283e-01 1.250000000000000000e-01 0.000000000000000000e+00
8.651026392961876921e-01 1.250000000000000000e-01 0.000000000000000000e+00
8.660801564027370558e-01 1.250000000000000000e-01 0.000000000000000000e+00
8.670576735092864196e-01 1.250000000000000000e-01 0.000000000000000000e+00
8.680351906158357833e-01 1.250000000000000000e-01 0.000000000000000000e+00
8.690127077223851471e-01 1.250000000000000000e-01 0.000000000000000000e+00
8.699902248289345108e-01 1.250000000000000000e-01 0.000000000000000000e+00
8.709677419354838745e-01 1.250000000000000000e-01 0.000000000000000000e+00
8.719452590420332383e-01 1.250000000000000000e-01 0.000000000000000000e+00
8.729227761485826020e-01 1.250000000000000000e-01 0.000000000000000000e+00
8.739002932551319658e-01 1.250000000000000000e-01 0.000000000000000000e+00
8.748778103616813295e-01 1.250000000000000000e-01 0.000000000000000000e+00
8.758553274682306933e-01 1.250000000000000000e-01 0.000000000000000000e+00
8.768328445747800570e-01 1.250000000000000000e-01 0.000000000000000000e+00
8.778103616813294208e-01 1.250000000000000000e-01 0.000000000000000000e+00
8.787878787878787845e-01 1.250000000000000000e-01 0.000000000000000000e+00
8.797653958944281483e-01 1.250000000000000000e-01 0.000000000000000000e+00
8.807429130009775120e-01 1.250000000000000000e-01 0.000000000000000000e+00
8.817204301075268758e-01 1.250000000000000000e-01 0.000000000000000000e+00
8.826979472140762395e-01 1.250000000000000000e-01 0.000000000000000000e+00
8.836754643206256032e-01 1.250000000000000000e-01 0.000000000000000000e+00
8.846529814271749670e-01 1.250000000000000000e-01 0.000000000000000000e+00
8.856304985337243307e-01 1.250000000000000000e-01 0.000000000000000000e+00
8.866080156402736945e-01 1.250000000000000000e-01 0.000000000000000000e+00
8.875855327468230582e-01 1.250000000000000000e-01 0.000000000000000000e+00
8.885630498533724220e-01 1.250000000000000000e-01 0.000000000000000000e+00
8.895405669599217857e-01 1.250000000000000000e-01 0.000000000000000000e+00
8.905180840664711495e-01 1.250000000000000000e-01 0.000000000000000000e+00
8.914956011730205132e-01 1.250000000000000000e-01 0.000000000000000000e+00
8.924731182795698770e-01 1.250000000000000000e-01 0.000000000000000000e+00
8.934506353861192407e-01 1.250000000000000000e-01 0.000000000000000000e+00
8.944281524926686044e-01 1.250000000000000000e-01 0.000000000000000000e+00
8.954056695992179682e-01 1.250000000000000000e-01 0.000000000000000000e+00
8.963831867057673319e-01 1.250000000000000000e-01 0.000000000000000000e+00
8.973607038123166957e-01 1.250000000000000000e-01 0.000000000000000000e+00
8.983382209188660594e-01 1.250000000000000000e-01 0.000000000000000000e+00
8.993157380254154232e-01 1.250000000000000000e-01 0.000000000000000000e+00
9.002932551319647869e-01 1.250000000000000000e-01 0.000000000000000000e+00
9.012707722385141507e-01 1.250000000000000000e-01 0.000000000000000000e+00
9.022482893450635144e-01 1.250000000000000000e-01 0.000000000000000000e+00
9.032258064516128782e-01 1.250000000000000000e-01 0.000000000000000000e+00
9.042033235581622419e-01 1.250000000000000000e-01 0.000000000000000000e+00
9.051808406647116056e-01 1.250000000000000000e-01 0.000000000000000000e+00
9.061583577712609694e-01 1.250000000000000000e-01 0.000000000000000000e+00
9.071358748778103331e-01 1.250000000000000000e-01 0.000000000000000000e+00
9.081133919843596969e-01 1.250000000000000000e-01 0.000000000000000000e+00
9.090909090909090606e-01 1.250000000000000000e-01 0.000000000000000000e+00
9.100684261974584244e-01 1.250000000000000000e-01 0.000000000000000000e+00
9.110459433040077881e-01 1.250000000000000000e-01 0.000000000000000000e+00
9.120234604105571519e-01 1.250000000000000000e-01 0.000000000000000000e+00
9.130009775171065156e-01 1.250000000000000000e-01 0.000000000000000000e+00
9.139784946236558794e-01 1.250000000000000000e-01 0.000000000000000000e+00
9.149560117302052431e-01 1.250000000000000000e-01 0.000000000000000000e+00
9.159335288367546068e-01 1.250000000000000000e-01 0.000000000000000000e+00
9.169110459433039706e-01 1.250000000000000000e-01 0.000000000000000000e+00
9.178885630498533343e-01 1.250000000000000000e-01 0.000000000000000000e+00
9.188660801564026981e-01 1.250000000000000000e-01 0.000000000000000000e+00
9.198435972629520618e-01 1.250000000000000000e-01 0.000000000000000000e+00
9.208211143695014256e-01 1.250000000000000000e-01 0.000000000000000000e+00
9.217986314760507893e-01 1.250000000000000000e-01 0.000000000000000000e+00
9.227761485826001531e-01 1.250000000000000000e-01 0.000000000000000000e+00
9.237536656891495168e-01 1.250000000000000000e-01 0.000000000000000000e+00
9.247311827956988806e-01 1.250000000000000000e-01 0.000000000000000000e+00
9.257086999022482443e-01 1.250000000000000000e-01 0.000000000000000000e+00
9.266862170087976081e-01 1.250000000000000000e-01 0.000000000000000000e+00
9.276637341153469718e-01 1.250000000000000000e-01 0.000000000000000000e+00
9.286412512218963355e-01 1.250000000000000000e-01 0.000000000000000000e+00
9.296187683284456993e-01 1.250000000000000000e-01 0.000000000000000000e+00
9.305962854349950630e-01 1.250000000000000000e-01 0.000000000000000000e+00
9.315738025415444268e-01 1.250000000000000000e-01 0.000000000000000000e+00
9.325513196480937905e-01 1.250000000000000000e-01 0.000000000000000000e+00
9.335288367546431543e-01 1.250000000000000000e-01 0.000000000000000000e+00
9.345063538611925180e-01 1.250000000000000000e-01 0.000000000000000000e+00
9.354838709677418818e-01 1.250000000000000000e-01 0.000000000000000000e+00
9.364613880742912455e-01 1.250000000000000000e-01 0.000000000000000000e+00
9.374389051808406093e-01 1.250000000000000000e-01 0.000000000000000000e+00
9.384164222873900840e-01 1.250000000000000000e-01 0.000000000000000000e+00
9.393939393939394478e-01 1.250000000000000000e-01 0.000000000000000000e+00
9.403714565004888115e-01 1.250000000000000000e-01 0.000000000000000000e+00
9.413489736070381753e-01 1.250000000000000000e-01 0.000000000000000000e+00
9.423264907135875390e-01 1.250000000000000000e-01 0.000000000000000000e+00
9.433040078201369028e-01 1.250000000000000000e-01 0.000000000000000000e+00
9.442815249266862665e-01 1.250000000000000000e-01 0.000000000000000000e+00
9.452590420332356302e-01 1.250000000000000000e-01 0.000000000000000000e+00
9.462365591397849940e-01 1.250000000000000000e-01 0.000000000000000000e+00
9.472140762463343577e-01 1.250000000000000000e-01 0.000000000000000000e+00
9.481915933528837215e-01 1.250000000000000000e-01 0.000000000000000000e+00
9.491691104594330852e-01 1.250000000000000000e-01 0.000000000000000000e+00
9.501466275659824490e-01 1.250000000000000000e-01 0.000000000000000000e+00
9.511241446725318127e-01 1.250000000000000000e-01 0.000000000000000000e+00
9.521016617790811765e-01 1.250000000000000000e-01 0.000000000000000000e+00
9.530791788856305402e-01 1.250000000000000000e-01 0.000000000000000000e+00
9.540566959921799040e-01 1.250000000000000000e-01 0.000000000000000000e+00
9.550342130987292677e-01 1.250000000000000000e-01 0.000000000000000000e+00
9.560117302052786314e-01 1.250000000000000000e-01 0.000000000000000000e+00
9.569892473118279952e-01 1.250000000000000000e-01 0.000000000000000000e+00
9.579667644183773589e-01 1.250000000000000000e-01 0.000000000000000000e+00
9.589442815249267227e-01 1.250000000000000000e-01 0.000000000000000000e+00
9.599217986314760864e-01 1.250000000000000000e-01 0.000000000000000000e+00
9.608993157380254502e-01 1.250000000000000000e-01 0.000000000000000000e+00
9.618768328445748139e-01 1.250000000000000000e-01 0.000000000000000000e+00
9.628543499511241777e-01 1.250000000000000000e-01 0.000000000000000000e+00
9.638318670576735414e-01 1.250000000000000000e-01 0.000000000000000000e+00
9.648093841642229052e-01 1.250000000000000000e-01 0.000000000000000000e+00
9.657869012707722689e-01 1.250000000000000000e-01 0.000000000000000000e+00
9.667644183773216326e-01 1.250000000000000000e-01 0.000000000000000000e+00
9.677419354838709964e-01 1.250000000000000000e-01 0.000000000000000000e+00
9.687194525904203601e-01 1.250000000000000000e-01 0.000000000000000000e+00
9.696969696969697239e-01 1.250000000000000000e-01 0.000000000000000000e+00
9.706744868035190876e-01 1.250000000000000000e-01 0.000000000000000000e+00
9.716520039100684514e-01 1.250000000000000000e-01 0.000000000000000000e+00
9.726295210166178151e-01 1.250000000000000000e-01 0.000000000000000000e+00
9.736070381231671789e-01 1.250000000000000000e-01 0.000000000000000000e+00
9.745845552297165426e-01 1.250000000000000000e-01 0.000000000000000000e+00
9.755620723362659064e-01 1.250000000000000000e-01 0.000000000000000000e+00
9.765395894428152701e-01 1.250000000000000000e-01 0.000000000000000000e+00
9.775171065493646338e-01 1.250000000000000000e-01 0.000000000000000000e+00
9.784946236559139976e-01 1.250000000000000000e-01 0.000000000000000000e+00
9.794721407624633613e-01 1.250000000000000000e-01 0.000000000000000000e+00
9.804496578690127251e-01 1.250000000000000000e-01 0.000000000000000000e+00
9.814271749755620888e-01 1.250000000000000000e-01 0.000000000000000000e+00
9.824046920821114526e-01 1.250000000000000000e-01 0.000000000000000000e+00
9.833822091886608163e-01 1.250000000000000000e-01 0.000000000000000000e+00
9.843597262952101801e-01 1.250000000000000000e-01 0.000000000000000000e+00
9.853372434017595438e-01 1.250000000000000000e-01 0.000000000000000000e+00
9.863147605083089076e-01 1.250000000000000000e-01 0.000000000000000000e+00
9.872922776148582713e-01 1.250000000000000000e-01 0.000000000000000000e+00
9.882697947214076351e-01 1.250000000000000000e-01 0.000000000000000000e+00
9.892473118279569988e-01 1.250000000000000000e-01 0.000000000000000000e+00
9.902248289345063625e-01 1.250000000000000000e-01 0.000000000000000000e+00
9.912023460410557263e-01 1.250000000000000000e-01 0.000000000000000000e+00
9.921798631476050900e-01 1.250000000000000000e-01 0.000000000000000000e+00
9.931573802541544538e-01 1.250000000000000000e-01 0.000000000000000000e+00
9.941348973607038175e-01 1.250000000000000000e-01 0.000000000000000000e+00
9.951124144672531813e-01 1.250000000000000000e-01 0.000000000000000000e+00
9.960899315738025450e-01 1.250000000000000000e-01 0.000000000000000000e+00
9.970674486803519088e-01 1.250000000000000000e-01 0.000000000000000000e+00
9.980449657869012725e-01 1.250000000000000000e-01 0.000000000000000000e+00
9.990224828934506363e-01 1.250000000000000000e-01 -0.000000000000000000e+00
1.000000000000000000e+00 1.250000000000000000e-01 -0.000000000000000000e+00
