# 0.14734814485467576
0.000000000000000000e+00 1.000000000000000000e+00 -0.000000000000000000e+00
9.775171065493646130e-04 1.000000000000000000e+00 -0.000000000000000000e+00
1.955034213098729226e-03 1.000000000000000000e+00 0.000000000000000000e+00
2.932551319648093839e-03 1.000000000000000000e+00 0.000000000000000000e+00
3.910068426197458452e-03 1.000000000000000000e+00 0.000000000000000000e+00
4.887585532746823065e-03 1.000000000000000000e+00 0.000000000000000000e+00
5.865102639296187678e-03 1.000000000000000000e+00 0.000000000000000000e+00
6.842619745845552291e-03 1.000000000000000000e+00 0.000000000000000000e+00
7.820136852394916904e-03 1.000000000000000000e+00 0.000000000000000000e+00
8.797653958944282385e-03 1.000000000000000000e+00 0.000000000000000000e+00
9.775171065493646130e-03 1.000000000000000000e+00 0.000000000000000000e+00
1.075268817204301161e-02 1.000000000000000000e+00 0.000000000000000000e+00
1.173020527859237536e-02 1.000000000000000000e+00 0.000000000000000000e+00
1.270772238514174084e-02 1.000000000000000000e+00 0.000000000000000000e+00
1.368523949169110458e-02 1.000000000000000000e+00 0.000000000000000000e+00
1.466275659824047006e-02 1.000000000000000000e+00 0.000000000000000000e+00
1.564027370478983381e-02 1.000000000000000000e+00 0.000000000000000000e+00
1.661779081133919755e-02 1.000000000000000000e+00 0.000000000000000000e+00
1.759530791788856477e-02 1.000000000000000000e+00 0.000000000000000000e+00
1.857282502443792851e-02 1.000000000000000000e+00 0.000000000000000000e+00
1.955034213098729226e-02 1.000000000000000000e+00 0.000000000000000000e+00
2.052785923753665601e-02 1.000000000000000000e+00 0.000000000000000000e+00
2.150537634408602322e-02 1.000000000000000000e+00 0.000000000000000000e+00
2.248289345063538697e-02 1.000000000000000000e+00 0.000000000000000000e+00
2.346041055718475071e-02 1.000000000000000000e+00 0.000000000000000000e+00
2.443792766373411446e-02 1.000000000000000000e+00 0.000000000000000000e+00
2.541544477028348167e-02 1.000000000000000000e+00 0.000000000000000000e+00
2.639296187683284542e-02 1.000000000000000000e+00 0.000000000000000000e+00
2.737047898338220916e-02 1.000000000000000000e+00 0.000000000000000000e+00
2.834799608993157291e-02 1.000000000000000000e+00 0.000000000000000000e+00
2.932551319648094013e-02 1.000000000000000000e+00 0.000000000000000000e+00
3.030303030303030387e-02 1.000000000000000000e+00 0.000000000000000000e+00
3.128054740957966762e-02 1.000000000000000000e+00 0.000000000000000000e+00
3.225806451612903136e-02 1.000000000000000000e+00 0.000000000000000000e+00
3.323558162267839511e-02 1.000000000000000000e+00 0.000000000000000000e+00
3.421309872922775885e-02 1.000000000000000000e+00 0.000000000000000000e+00
3.519061583577712954e-02 1.000000000000000000e+00 0.000000000000000000e+00
3.616813294232649328e-02 1.000000000000000000e+00 0.000000000000000000e+00
3.714565004887585703e-02 1.000000000000000000e+00 0.000000000000000000e+00
3.812316715542522078e-02 1.000000000000000000e+00 0.000000000000000000e+00
3.910068426197458452e-02 1.000000000000000000e+00 0.000000000000000000e+00
4.007820136852394827e-02 1.000000000000000000e+00 0.000000000000000000e+00
4.105571847507331201e-02 1.000000000000000000e+00 0.000000000000000000e+00
4.203323558162267576e-02 1.000000000000000000e+00 0.000000000000000000e+00
4.301075268817204644e-02 1.000000000000000000e+00 0.000000000000000000e+00
4.398826979472141019e-02 1.000000000000000000e+00 0.000000000000000000e+00
4.496578690127077393e-02 1.000000000000000000e+00 0.000000000000000000e+00
4.594330400782013768e-02 1.000000000000000000e+00 0.000000000000000000e+00
4.692082111436950143e-02 1.000000000000000000e+00 0.000000000000000000e+00
4.789833822091886517e-02 1.000000000000000000e+00 0.000000000000000000e+00
4.887585532746822892e-02 1.000000000000000000e+00 0.000000000000000000e+00
4.985337243401759266e-02 1.000000000000000000e+00 0.000000000000000000e+00
5.083088954056696335e-02 1.000000000000000000e+00 0.000000000000000000e+00
5.180840664711632709e-02 1.000000000000000000e+00 0.000000000000000000e+00
5.278592375366569084e-02 1.000000000000000000e+00 0.000000000000000000e+00
5.376344086021505458e-02 1.000000000000000000e+00 0.000000000000000000e+00
5.474095796676441833e-02 1.000000000000000000e+00 0.000000000000000000e+00
5.571847507331378208e-02 1.000000000000000000e+00 0.000000000000000000e+00
5.669599217986314582e-02 1.000000000000000000e+00 0.000000000000000000e+00
5.767350928641250957e-02 1.000000000000000000e+00 0.000000000000000000e+00
5.865102639296188025e-02 1.000000000000000000e+00 0.000000000000000000e+00
5.962854349951124400e-02 1.000000000000000000e+00 0.000000000000000000e+00
6.060606060606060774e-02 1.000000000000000000e+00 0.000000000000000000e+00
6.158357771260997149e-02 1.000000000000000000e+00 0.000000000000000000e+00
6.256109481915933523e-02 1.000000000000000000e+00 0.000000000000000000e+00
6.353861192570869898e-02 1.000000000000000000e+00 0.000000000000000000e+00
6.451612903225806273e-02 1.000000000000000000e+00 0.000000000000000000e+00
6.549364613880742647e-02 1.000000000000000000e+00 0.000000000000000000e+00
6.647116324535679022e-02 1.000000000000000000e+00 0.000000000000000000e+00
6.744868035190615396e-02 1.000000000000000000e+00 0.000000000000000000e+00
6.842619745845551771e-02 1.000000000000000000e+00 0.000000000000000000e+00
6.940371456500488145e-02 1.000000000000000000e+00 0.000000000000000000e+00
7.038123167155425908e-02 1.000000000000000000e+00 0.000000000000000000e+00
7.135874877810362282e-02 1.000000000000000000e+00 0.000000000000000000e+00
7.233626588465298657e-02 1.000000000000000000e+00 0.000000000000000000e+00
7.331378299120235031e-02 1.000000000000000000e+00 0.000000000000000000e+00
7.429130009775171406e-02 1.000000000000000000e+00 0.000000000000000000e+00
7.526881720430107781e-02 1.000000000000000000e+00 0.000000000000000000e+00
7.624633431085044155e-02 1.000000000000000000e+00 0.000000000000000000e+00
7.722385141739980530e-02 1.000000000000000000e+00 0.000000000000000000e+00
7.820136852394916904e-02 1.000000000000000000e+00 0.000000000000000000e+00
7.917888563049853279e-02 1.000000000000000000e+00 0.000000000000000000e+00
8.015640273704789653e-02 1.000000000000000000e+00 0.000000000000000000e+00
8.113391984359726028e-02 1.000000000000000000e+00 0.000000000000000000e+00
8.211143695014662403e-02 1.000000000000000000e+00 0.000000000000000000e+00
8.308895405669598777e-02 1.000000000000000000e+00 0.000000000000000000e+00
8.406647116324535152e-02 1.000000000000000000e+00 0.000000000000000000e+00
8.504398826979471526e-02 1.000000000000000000e+00 0.000000000000000000e+00
8.602150537634409289e-02 1.000000000000000000e+00 0.000000000000000000e+00
8.699902248289345663e-02 1.000000000000000000e+00 0.000000000000000000e+00
8.797653958944282038e-02 1.000000000000000000e+00 0.000000000000000000e+00
8.895405669599218412e-02 1.000000000000000000e+00 0.000000000000000000e+00
8.993157380254154787e-02 1.000000000000000000e+00 0.000000000000000000e+00
9.090909090909091161e-02 1.000000000000000000e+00 0.000000000000000000e+00
9.188660801564027536e-02 1.000000000000000000e+00 0.000000000000000000e+00
9.286412512218963911e-02 1.000000000000000000e+00 0.000000000000000000e+00
9.384164222873900285e-02 1.000000000000000000e+00 0.000000000000000000e+00
9.481915933528836660e-02 1.000000000000000000e+00 0.000000000000000000e+00
9.579667644183773034e-02 1.000000000000000000e+00 0.000000000000000000e+00
9.677419354838709409e-02 1.000000000000000000e+00 0.000000000000000000e+00
9.775171065493645783e-02 1.000000000000000000e+00 0.000000000000000000e+00
9.872922776148582158e-02 1.000000000000000000e+00 0.000000000000000000e+00
9.970674486803518533e-02 1.000000000000000000e+00 0.000000000000000000e+00
1.006842619745845491e-01 1.000000000000000000e+00 0.000000000000000000e+00
1.016617790811339267e-01 1.000000000000000000e+00 0.000000000000000000e+00
1.026392961876832904e-01 1.000000000000000000e+00 0.000000000000000000e+00
1.036168132942326542e-01 1.000000000000000000e+00 0.000000000000000000e+00
1.045943304007820179e-01 1.000000000000000000e+00 0.000000000000000000e+00
1.055718475073313817e-01 1.000000000000000000e+00 0.000000000000000000e+00
1.065493646138807454e-01 1.000000000000000000e+00 0.000000000000000000e+00
1.075268817204301092e-01 1.000000000000000000e+00 0.000000000000000000e+00
1.085043988269794729e-01 1.000000000000000000e+00 0.000000000000000000e+00
1.094819159335288367e-01 1.000000000000000000e+00 0.000000000000000000e+00
1.104594330400782004e-01 1.000000000000000000e+00 0.000000000000000000e+00
1.114369501466275642e-01 1.000000000000000000e+00 0.000000000000000000e+00
1.124144672531769279e-01 1.000000000000000000e+00 0.000000000000000000e+00
1.133919843597262916e-01 1.000000000000000000e+00 0.000000000000000000e+00
1.143695014662756554e-01 1.000000000000000000e+00 0.000000000000000000e+00
1.153470185728250191e-01 1.000000000000000000e+00 0.000000000000000000e+00
1.163245356793743829e-01 1.000000000000000000e+00 0.000000000000000000e+00
1.173020527859237605e-01 1.000000000000000000e+00 0.000000000000000000e+00
1.182795698924731242e-01 1.000000000000000000e+00 0.000000000000000000e+00
1.192570869990224880e-01 1.000000000000000000e+00 0.000000000000000000e+00
1.202346041055718517e-01 1.000000000000000000e+00 0.000000000000000000e+00
1.212121212121212155e-01 1.000000000000000000e+00 0.000000000000000000e+00
1.221896383186705792e-01 1.000000000000000000e+00 0.000000000000000000e+00
1.231671554252199430e-01 1.000000000000000000e+00 0.000000000000000000e+00
1.241446725317693067e-01 1.000000000000000000e+00 0.000000000000000000e+00
1.251221896383186705e-01 1.000000000000000000e+00 0.000000000000000000e+00
1.260997067448680342e-01 1.000000000000000000e+00 0.000000000000000000e+00
1.270772238514173980e-01 1.000000000000000000e+00 0.000000000000000000e+00
1.280547409579667617e-01 1.000000000000000000e+00 0.000000000000000000e+00
1.290322580645161255e-01 1.000000000000000000e+00 0.000000000000000000e+00
1.300097751710654892e-01 1.000000000000000000e+00 0.000000000000000000e+00
1.309872922776148529e-01 1.000000000000000000e+00 0.000000000000000000e+00
1.319648093841642167e-01 1.000000000000000000e+00 0.000000000000000000e+00
1.329423264907135804e-01 1.000000000000000000e+00 0.000000000000000000e+00
1.339198435972629442e-01 1.000000000000000000e+00 0.000000000000000000e+00
1.348973607038123079e-01 1.000000000000000000e+00 0.000000000000000000e+00
1.358748778103616717e-01 1.000000000000000000e+00 0.000000000000000000e+00
1.368523949169110354e-01 1.000000000000000000e+00 0.000000000000000000e+00
1.378299120234603992e-01 1.000000000000000000e+00 0.000000000000000000e+00
1.388074291300097629e-01 1.000000000000000000e+00 0.000000000000000000e+00
1.397849462365591267e-01 1.000000000000000000e+00 0.000000000000000000e+00
1.407624633431085182e-01 1.000000000000000000e+00 0.000000000000000000e+00
1.417399804496578819e-01 1.000000000000000000e+00 0.000000000000000000e+00
1.427174975562072456e-01 1.000000000000000000e+00 0.000000000000000000e+00
1.436950146627566094e-01 1.000000000000000000e+00 0.000000000000000000e+00
1.446725317693059731e-01 1.000000000000000000e+00 0.000000000000000000e+00
1.456500488758553369e-01 1.000000000000000000e+00 0.000000000000000000e+00
1.466275659824047006e-01 1.000000000000000000e+00 0.000000000000000000e+00
1.476050830889540644e-01 1.000000000000000000e+00 0.000000000000000000e+00
1.485826001955034281e-01 1.000000000000000000e+00 0.000000000000000000e+00
1.495601173020527919e-01 1.000000000000000000e+00 0.000000000000000000e+00
1.505376344086021556e-01 1.000000000000000000e+00 0.000000000000000000e+00
1.515151515151515194e-01 1.000000000000000000e+00 0.000000000000000000e+00
1.524926686217008831e-01 1.000000000000000000e+00 0.000000000000000000e+00
1.534701857282502468e-01 1.000000000000000000e+00 0.000000000000000000e+00
1.544477028347996106e-01 1.000000000000000000e+00 0.000000000000000000e+00
1.554252199413489743e-01 1.000000000000000000e+00 0.000000000000000000e+00
1.564027370478983381e-01 1.000000000000000000e+00 0.000000000000000000e+00
1.573802541544477018e-01 1.000000000000000000e+00 0.000000000000000000e+00
1.583577712609970656e-01 1.000000000000000000e+00 0.000000000000000000e+00
1.593352883675464293e-01 1.000000000000000000e+00 0.000000000000000000e+00
1.603128054740957931e-01 1.000000000000000000e+00 0.000000000000000000e+00
1.612903225806451568e-01 1.000000000000000000e+00 0.000000000000000000e+00
1.622678396871945206e-01 1.000000000000000000e+00 0.000000000000000000e+00
1.632453567937438843e-01 1.000000000000000000e+00 0.000000000000000000e+00
1.642228739002932481e-01 1.000000000000000000e+00 0.000000000000000000e+00
1.652003910068426118e-01 1.000000000000000000e+00 0.000000000000000000e+00
1.661779081133919755e-01 1.000000000000000000e+00 0.000000000000000000e+00
1.671554252199413393e-01 1.000000000000000000e+00 0.000000000000000000e+00
1.681329423264907030e-01 1.000000000000000000e+00 0.000000000000000000e+00
1.691104594330400668e-01 1.000000000000000000e+00 0.000000000000000000e+00
1.700879765395894305e-01 1.000000000000000000e+00 0.000000000000000000e+00
1.710654936461387943e-01 1.000000000000000000e+00 0.000000000000000000e+00
1.720430107526881858e-01 1.000000000000000000e+00 0.000000000000000000e+00
1.730205278592375495e-01 1.000000000000000000e+00 0.000000000000000000e+00
1.739980449657869133e-01 1.000000000000000000e+00 0.000000000000000000e+00
1.749755620723362770e-01 1.000000000000000000e+00 0.000000000000000000e+00
1.759530791788856408e-01 1.000000000000000000e+00 0.000000000000000000e+00
1.769305962854350045e-01 1.000000000000000000e+00 0.000000000000000000e+00
1.779081133919843682e-01 1.000000000000000000e+00 0.000000000000000000e+00
1.788856304985337320e-01 1.000000000000000000e+00 0.000000000000000000e+00
1.798631476050830957e-01 1.000000000000000000e+00 0.000000000000000000e+00
1.808406647116324595e-01 1.000000000000000000e+00 0.000000000000000000e+00
1.818181818181818232e-01 1.000000000000000000e+00 0.000000000000000000e+00
1.827956989247311870e-01 1.000000000000000000e+00 0.000000000000000000e+00
1.837732160312805507e-01 1.000000000000000000e+00 0.000000000000000000e+00
1.847507331378299145e-01 1.000000000000000000e+00 0.000000000000000000e+00
1.857282502443792782e-01 1.000000000000000000e+00 0.000000000000000000e+00
1.867057673509286420e-01 1.000000000000000000e+00 0.000000000000000000e+00
1.876832844574780057e-01 1.000000000000000000e+00 0.000000000000000000e+00
1.886608015640273694e-01 1.000000000000000000e+00 0.000000000000000000e+00
1.896383186705767332e-01 1.000000000000000000e+00 0.000000000000000000e+00
1.906158357771260969e-01 1.000000000000000000e+00 0.000000000000000000e+00
1.915933528836754607e-01 1.000000000000000000e+00 0.000000000000000000e+00
1.925708699902248244e-01 1.000000000000000000e+00 0.000000000000000000e+00
1.935483870967741882e-01 1.000000000000000000e+00 0.000000000000000000e+00
1.945259042033235519e-01 1.000000000000000000e+00 0.000000000000000000e+00
1.955034213098729157e-01 1.000000000000000000e+00 0.000000000000000000e+00
1.964809384164222794e-01 1.000000000000000000e+00 0.000000000000000000e+00
1.974584555229716432e-01 1.000000000000000000e+00 0.000000000000000000e+00
1.984359726295210069e-01 1.000000000000000000e+00 0.000000000000000000e+00
1.994134897360703707e-01 1.000000000000000000e+00 0.000000000000000000e+00
2.003910068426197344e-01 1.000000000000000000e+00 0.000000000000000000e+00
2.013685239491690981e-01 1.000000000000000000e+00 0.000000000000000000e+00
2.023460410557184619e-01 1.000000000000000000e+00 0.000000000000000000e+00
2.033235581622678534e-01 1.000000000000000000e+00 0.000000000000000000e+00
2.043010752688172171e-01 1.000000000000000000e+00 0.000000000000000000e+00
2.052785923753665809e-01 1.000000000000000000e+00 0.000000000000000000e+00
2.062561094819159446e-01 1.000000000000000000e+00 0.000000000000000000e+00
2.072336265884653084e-01 1.000000000000000000e+00 0.000000000000000000e+00
2.082111436950146721e-01 1.000000000000000000e+00 0.000000000000000000e+00
2.091886608015640359e-01 1.000000000000000000e+00 0.000000000000000000e+00
2.101661779081133996e-01 1.000000000000000000e+00 0.000000000000000000e+00
2.111436950146627634e-01 1.000000000000000000e+00 0.000000000000000000e+00
2.121212121212121271e-01 1.000000000000000000e+00 0.000000000000000000e+00
2.130987292277614908e-01 1.000000000000000000e+00 0.000000000000000000e+00
2.140762463343108546e-01 1.000000000000000000e+00 0.000000000000000000e+00
2.150537634408602183e-01 1.000000000000000000e+00 0.000000000000000000e+00
2.160312805474095821e-01 1.000000000000000000e+00 0.000000000000000000e+00
2.170087976539589458e-01 1.000000000000000000e+00 0.000000000000000000e+00
2.179863147605083096e-01 1.000000000000000000e+00 0.000000000000000000e+00
2.189638318670576733e-01 1.000000000000000000e+00 0.000000000000000000e+00
2.199413489736070371e-01 1.000000000000000000e+00 0.000000000000000000e+00
2.209188660801564008e-01 1.000000000000000000e+00 0.000000000000000000e+00
2.218963831867057646e-01 1.000000000000000000e+00 0.000000000000000000e+00
2.228739002932551283e-01 1.000000000000000000e+00 0.000000000000000000e+00
2.238514173998044920e-01 1.000000000000000000e+00 0.000000000000000000e+00
2.248289345063538558e-01 1.000000000000000000e+00 0.000000000000000000e+00
2.258064516129032195e-01 1.000000000000000000e+00 0.000000000000000000e+00
2.267839687194525833e-01 1.000000000000000000e+00 0.000000000000000000e+00
2.277614858260019470e-01 1.000000000000000000e+00 0.000000000000000000e+00
2.287390029325513108e-01 1.000000000000000000e+00 0.000000000000000000e+00
2.297165200391006745e-01 1.000000000000000000e+00 0.000000000000000000e+00
2.306940371456500383e-01 1.000000000000000000e+00 0.000000000000000000e+00
2.316715542521994020e-01 1.000000000000000000e+00 0.000000000000000000e+00
2.326490713587487658e-01 1.000000000000000000e+00 0.000000000000000000e+00
2.336265884652981295e-01 1.000000000000000000e+00 0.000000000000000000e+00
2.346041055718475210e-01 1.000000000000000000e+00 0.000000000000000000e+00
2.355816226783968848e-01 1.000000000000000000e+00 0.000000000000000000e+00
2.365591397849462485e-01 1.000000000000000000e+00 0.000000000000000000e+00
2.375366568914956122e-01 1.000000000000000000e+00 0.000000000000000000e+00
2.385141739980449760e-01 1.000000000000000000e+00 0.000000000000000000e+00
2.394916911045943397e-01 1.000000000000000000e+00 0.000000000000000000e+00
2.404692082111437035e-01 1.000000000000000000e+00 0.000000000000000000e+00
2.414467253176930672e-01 1.000000000000000000e+00 0.000000000000000000e+00
2.424242424242424310e-01 1.000000000000000000e+00 0.000000000000000000e+00
2.434017595307917947e-01 1.000000000000000000e+00 0.000000000000000000e+00
2.443792766373411585e-01 1.000000000000000000e+00 0.000000000000000000e+00
2.453567937438905222e-01 1.000000000000000000e+00 0.000000000000000000e+00
2.463343108504398860e-01 1.000000000000000000e+00 0.000000000000000000e+00
2.473118279569892497e-01 1.000000000000000000e+00 0.000000000000000000e+00
2.482893450635386134e-01 1.000000000000000000e+00 0.000000000000000000e+00
2.492668621700879772e-01 1.000000000000000000e+00 0.000000000000000000e+00
2.502443792766373409e-01 1.000000000000000000e+00 0.000000000000000000e+00
2.512218963831867047e-01 1.000000000000000000e+00 0.000000000000000000e+00
2.521994134897360684e-01 1.000000000000000000e+00 0.000000000000000000e+00
2.531769305962854322e-01 1.000000000000000000e+00 0.000000000000000000e+00
2.541544477028347959e-01 1.000000000000000000e+00 0.000000000000000000e+00
2.551319648093841597e-01 1.000000000000000000e+00 0.000000000000000000e+00
2.561094819159335234e-01 1.000000000000000000e+00 0.000000000000000000e+00
2.570869990224828872e-01 1.000000000000000000e+00 0.000000000000000000e+00
2.580645161290322509e-01 1.000000000000000000e+00 0.000000000000000000e+00
2.590420332355816146e-01 1.000000000000000000e+00 0.000000000000000000e+00
2.600195503421309784e-01 1.000000000000000000e+00 0.000000000000000000e+00
2.609970674486803421e-01 1.000000000000000000e+00 0.000000000000000000e+00
2.619745845552297059e-01 1.000000000000000000e+00 0.000000000000000000e+00
2.629521016617790696e-01 1.000000000000000000e+00 0.000000000000000000e+00
2.639296187683284334e-01 1.000000000000000000e+00 0.000000000000000000e+00
2.649071358748777971e-01 1.000000000000000000e+00 0.000000000000000000e+00
2.658846529814271609e-01 1.000000000000000000e+00 0.000000000000000000e+00
2.668621700879765246e-01 1.000000000000000000e+00 0.000000000000000000e+00
2.678396871945258884e-01 1.000000000000000000e+00 0.000000000000000000e+00
2.688172043010752521e-01 1.000000000000000000e+00 0.000000000000000000e+00
2.697947214076246158e-01 1.000000000000000000e+00 0.000000000000000000e+00
2.707722385141739796e-01 1.000000000000000000e+00 0.000000000000000000e+00
2.717497556207233433e-01 1.000000000000000000e+00 0.000000000000000000e+00
2.727272727272727071e-01 1.000000000000000000e+00 0.000000000000000000e+00
2.737047898338220708e-01 1.000000000000000000e+00 0.000000000000000000e+00
2.746823069403714346e-01 1.000000000000000000e+00 0.000000000000000000e+00
2.756598240469207983e-01 1.000000000000000000e+00 0.000000000000000000e+00
2.766373411534701621e-01 1.000000000000000000e+00 0.000000000000000000e+00
2.776148582600195258e-01 1.000000000000000000e+00 0.000000000000000000e+00
2.785923753665688896e-01 1.000000000000000000e+00 0.000000000000000000e+00
2.795698924731182533e-01 1.000000000000000000e+00 0.000000000000000000e+00
2.805474095796676171e-01 1.000000000000000000e+00 0.000000000000000000e+00
2.815249266862170363e-01 1.000000000000000000e+00 0.000000000000000000e+00
2.825024437927664001e-01 1.000000000000000000e+00 0.000000000000000000e+00
2.834799608993157638e-01 1.000000000000000000e+00 0.000000000000000000e+00
2.844574780058651275e-01 1.000000000000000000e+00 0.000000000000000000e+00
2.854349951124144913e-01 1.000000000000000000e+00 0.000000000000000000e+00
2.864125122189638550e-01 1.000000000000000000e+00 0.000000000000000000e+00
2.873900293255132188e-01 1.000000000000000000e+00 0.000000000000000000e+00
2.883675464320625825e-01 1.000000000000000000e+00 0.000000000000000000e+00
2.893450635386119463e-01 1.000000000000000000e+00 0.000000000000000000e+00
2.903225806451613100e-01 1.000000000000000000e+00 0.000000000000000000e+00
2.913000977517106738e-01 1.000000000000000000e+00 0.000000000000000000e+00
2.922776148582600375e-01 1.000000000000000000e+00 0.000000000000000000e+00
2.932551319648094013e-01 1.000000000000000000e+00 0.000000000000000000e+00
2.942326490713587650e-01 1.000000000000000000e+00 0.000000000000000000e+00
2.952101661779081287e-01 1.000000000000000000e+00 0.000000000000000000e+00
2.961876832844574925e-01 1.000000000000000000e+00 0.000000000000000000e+00
2.971652003910068562e-01 1.000000000000000000e+00 0.000000000000000000e+00
2.981427174975562200e-01 1.000000000000000000e+00 0.000000000000000000e+00
2.991202346041055837e-01 1.000000000000000000e+00 0.000000000000000000e+00
3.000977517106549475e-01 1.000000000000000000e+00 0.000000000000000000e+00
3.010752688172043112e-01 1.000000000000000000e+00 0.000000000000000000e+00
3.020527859237536750e-01 1.000000000000000000e+00 0.000000000000000000e+00
3.030303030303030387e-01 1.000000000000000000e+00 0.000000000000000000e+00
3.040078201368524025e-01 1.000000000000000000e+00 0.000000000000000000e+00
3.049853372434017662e-01 1.000000000000000000e+00 0.000000000000000000e+00
3.059628543499511300e-01 1.000000000000000000e+00 0.000000000000000000e+00
3.069403714565004937e-01 1.000000000000000000e+00 0.000000000000000000e+00
3.079178885630498574e-01 1.000000000000000000e+00 0.000000000000000000e+00
3.088954056695992212e-01 1.000000000000000000e+00 0.000000000000000000e+00
3.098729227761485849e-01 1.000000000000000000e+00 0.000000000000000000e+00
3.108504398826979487e-01 1.000000000000000000e+00 0.000000000000000000e+00
3.118279569892473124e-01 1.000000000000000000e+00 0.000000000000000000e+00
3.128054740957966762e-01 1.000000000000000000e+00 0.000000000000000000e+00
3.137829912023460399e-01 1.000000000000000000e+00 0.000000000000000000e+00
3.147605083088954037e-01 1.000000000000000000e+00 0.000000000000000000e+00
3.157380254154447674e-01 1.000000000000000000e+00 0.000000000000000000e+00
3.167155425219941312e-01 1.000000000000000000e+00 0.000000000000000000e+00
3.176930596285434949e-01 1.000000000000000000e+00 0.000000000000000000e+00
3.186705767350928586e-01 1.000000000000000000e+00 0.000000000000000000e+00
3.196480938416422224e-01 1.000000000000000000e+00 0.000000000000000000e+00
3.206256109481915861e-01 1.000000000000000000e+00 0.000000000000000000e+00
3.216031280547409499e-01 1.000000000000000000e+00 0.000000000000000000e+00
3.225806451612903136e-01 1.000000000000000000e+00 0.000000000000000000e+00
3.235581622678396774e-01 1.000000000000000000e+00 0.000000000000000000e+00
3.245356793743890411e-01 1.000000000000000000e+00 0.000000000000000000e+00
3.255131964809384049e-01 1.000000000000000000e+00 0.000000000000000000e+00
3.264907135874877686e-01 1.000000000000000000e+00 0.000000000000000000e+00
3.274682306940371324e-01 1.000000000000000000e+00 0.000000000000000000e+00
3.284457478005864961e-01 1.000000000000000000e+00 0.000000000000000000e+00
3.294232649071358598e-01 1.000000000000000000e+00 0.000000000000000000e+00
3.304007820136852236e-01 1.000000000000000000e+00 0.000000000000000000e+00
3.313782991202345873e-01 1.000000000000000000e+00 0.000000000000000000e+00
3.323558162267839511e-01 1.000000000000000000e+00 0.000000000000000000e+00
3.333333333333333148e-01 1.000000000000000000e+00 0.000000000000000000e+00
3.343108504398826786e-01 1.000000000000000000e+00 0.000000000000000000e+00
3.352883675464320423e-01 1.000000000000000000e+00 0.000000000000000000e+00
3.362658846529814061e-01 1.000000000000000000e+00 0.000000000000000000e+00
3.372434017595307698e-01 1.000000000000000000e+00 0.000000000000000000e+00
3.382209188660801336e-01 1.000000000000000000e+00 4.061700666583028074e-17
3.391984359726294973e-01 9.999999999999994449e-01 6.092712582840517216e-16
3.401759530791788610e-01 9.999999999999966693e-01 2.247564031578708128e-15
3.411534701857282248e-01 9.999999999999913403e-01 8.241214710247803692e-15
3.421309872922775885e-01 9.999999999999735767e-01 1.915898949858398150e-14
3.431085043988269523e-01 9.999999999999399369e-01 5.449418599040219485e-14
3.440860215053763715e-01 9.999999999998363531e-01 1.187197146475764588e-13
3.450635386119257353e-01 9.999999999996523892e-01 3.168400870043817315e-13
3.460410557184750990e-01 9.999999999990865085e-01 6.673424554050790958e-13
3.470185728250244628e-01 9.999999999980869747e-01 1.731918033318146038e-12
3.479960899315738265e-01 9.999999999950915930e-01 3.596336706888356765e-12
3.489736070381231903e-01 9.999999999898804282e-01 9.100410626328841371e-12
3.499511241446725540e-01 9.999999999746954638e-01 1.861418867795600052e-11
3.509286412512219178e-01 9.999999999486032243e-01 4.591001507070875125e-11
3.519061583577712815e-01 9.999999998747590713e-01 9.248267472558412408e-11
3.528836754643206453e-01 9.999999997495466753e-01 2.221985325628986540e-10
3.538611925708700090e-01 9.999999994057175989e-01 4.405580650998602835e-10
3.548387096774193727e-01 9.999999988306337295e-01 1.030298219823409120e-09
3.558162267839687365e-01 9.999999973002114961e-01 2.009320642217497724e-09
3.567937438905181002e-01 9.999999947764660613e-01 4.570186171222061761e-09
3.577712609970674640e-01 9.999999882757912850e-01 8.760482881593655199e-09
3.587487781036168277e-01 9.999999777123869116e-01 1.936167311578619435e-08
3.597262952101661915e-01 9.999999514142970947e-01 3.644969349113010132e-08
3.607038123167155552e-01 9.999999093299843933e-01 7.819926173567869204e-08
3.616813294232649190e-01 9.999998082318984904e-01 1.444499365239523259e-07
3.626588465298142827e-01 9.999996490132994076e-01 3.004935468161142973e-07
3.636363636363636465e-01 9.999992806181369209e-01 5.440884325932860962e-07
3.646138807429130102e-01 9.999987100855080024e-01 1.096105256270778628e-06
3.655913978494623739e-01 9.999974413589166611e-01 1.943120844711678660e-06
3.665689149560117377e-01 9.999955109224665240e-01 3.785567687237438591e-06
3.675464320625611014e-01 9.999913954373736980e-01 6.561568471246301588e-06
3.685239491691104652e-01 9.999852498669901113e-01 1.234187320069753558e-05
3.695014662756598289e-01 9.999727268124058988e-01 2.088356660716208138e-05
3.704789833822091927e-01 9.999543976591035443e-01 3.785323619215168450e-05
3.714565004887585564e-01 9.999188254177814317e-01 6.241179812086717553e-05
3.724340175953079202e-01 9.998678753099189409e-01 1.087772422856223432e-04
3.734115347018572839e-01 9.997741114361338166e-01 1.743723784951414551e-04
3.743890518084066477e-01 9.996429466995817581e-01 2.914858778126595482e-04
3.753665689149560114e-01 9.994152638155278101e-01 4.530840409209928050e-04
3.763440860215053752e-01 9.991049505154617760e-01 7.243322302041850904e-04
3.773216031280547389e-01 9.986000127760743528e-01 1.088329064356675663e-03
3.782991202346041026e-01 9.979315077812621615e-01 1.658890070659343931e-03
3.792766373411534664e-01 9.969186737029396284e-01 2.400900172263275342e-03
3.802541544477028301e-01 9.956206285823033797e-01 3.479610025157787480e-03
3.812316715542521939e-01 9.938006353947016480e-01 4.833712353218387256e-03
3.822091886608015576e-01 9.915512895295468532e-01 6.649785506024881790e-03
3.831867057673509214e-01 9.886419528217873509e-01 8.841321191975184957e-03
3.841642228739002851e-01 9.851872114632196364e-01 1.155047120347808300e-02
3.851417399804496489e-01 9.810537512605308486e-01 1.468255605549846285e-02
3.861192570869990126e-01 9.763506728683505331e-01 1.827507167296348045e-02
3.870967741935483764e-01 9.710883928371951690e-01 2.224794201127612558e-02
3.880742913000977401e-01 9.653522956440143687e-01 2.653971680704860989e-02
3.890518084066471038e-01 9.592445013815643629e-01 3.108983024601365275e-02
3.900293255131964676e-01 9.528356173112045857e-01 3.580866261714379245e-02
3.910068426197458313e-01 9.462234465868231137e-01 4.064382290180244828e-02
3.919843597262951951e-01 9.394733278070344085e-01 4.553661518227591215e-02
3.929618768328445588e-01 9.326374935892525198e-01 5.044368759545973108e-02
3.939393939393939226e-01 9.257628867355438551e-01 5.533833814243501598e-02
3.949169110459432863e-01 9.188743009221326252e-01 6.019734124691743932e-02
3.958944281524926501e-01 9.119923887057520551e-01 6.500650673650555655e-02
3.968719452590420138e-01 9.051309688691993038e-01 6.975866126592268623e-02
3.978494623655913776e-01 8.982975775672351615e-01 7.444681484342427491e-02
3.988269794721407413e-01 8.914973937686865302e-01 7.906818725753561594e-02
3.998044965786901050e-01 8.847348375673748100e-01 8.362095276118430842e-02
4.007820136852394688e-01 8.780113500375493762e-01 8.810394015648652377e-02
4.017595307917888325e-01 8.713288636585756475e-01 9.251639173901837765e-02
4.027370478983381963e-01 8.646883354990252402e-01 9.685853739696266562e-02
4.037145650048875600e-01 8.580906039287602427e-01 1.011301342410979992e-01
4.046920821114369238e-01 8.515359038598983021e-01 1.053315365133501297e-01
4.056695992179862875e-01 8.450248472108695674e-01 1.094630294368519469e-01
4.066471163245357068e-01 8.385574455040462061e-01 1.135251313410013951e-01
4.076246334310850705e-01 8.321339177385003172e-01 1.175182095339063482e-01
4.086021505376344343e-01 8.257542201329463039e-01 1.214429021695090927e-01
4.095796676441837980e-01 8.194184393579984071e-01 1.252997287085524658e-01
4.105571847507331618e-01 8.131264245373654997e-01 1.290893240895435445e-01
4.115347018572825255e-01 8.068781485418284882e-01 1.328122738765612487e-01
4.125122189638318893e-01 8.006734512260648140e-01 1.364692529274529054e-01
4.134897360703812530e-01 7.945122251682048553e-01 1.400608833978278789e-01
4.144672531769306167e-01 7.883942784815753946e-01 1.435878365860972228e-01
4.154447702834799805e-01 7.823194634249398538e-01 1.470507639767250352e-01
4.164222873900293442e-01 7.762875793834179694e-01 1.504503421038670685e-01
4.173998044965787080e-01 7.702984438725741789e-01 1.537872294536642703e-01
4.183773216031280717e-01 7.643518470415106014e-01 1.570620987726287776e-01
4.193548387096774355e-01 7.584475910471628612e-01 1.602756143345547557e-01
4.203323558162267992e-01 7.525854613871011400e-01 1.634284443082254790e-01
4.213098729227761630e-01 7.467652484758318110e-01 1.665212495631712419e-01
4.222873900293255267e-01 7.409867356504342695e-01 1.695546917435120371e-01
4.232649071358748905e-01 7.352497093693592944e-01 1.725294272621860636e-01
4.242424242424242542e-01 7.295539525955090365e-01 1.754461098513368233e-01
4.252199413489736179e-01 7.238992502113147376e-01 1.783053881239788363e-01
4.261974584555229817e-01 7.182853868010471432e-01 1.811079071520806105e-01
4.271749755620723454e-01 7.127121489428327461e-01 1.838543071399171835e-01
4.281524926686217092e-01 7.071793241675679020e-01 1.865452237204494879e-01
4.291300097751710729e-01 7.016867022167539991e-01 1.891812875051724074e-01
4.301075268817204367e-01 6.962340749559821074e-01 1.917631243190914825e-01
4.310850439882698004e-01 6.908212369436337319e-01 1.942913549450438759e-01
4.320625610948191642e-01 6.854479854705398667e-01 1.967665950988117529e-01
4.330400782013685279e-01 6.801141209529995013e-01 1.991894553596404160e-01
4.340175953079178917e-01 6.748194471539051831e-01 2.015605412108328331e-01
4.349951124144672554e-01 6.695637714549408370e-01 2.038804530107020951e-01
4.359726295210166191e-01 6.643469050566083167e-01 2.061497859842124913e-01
4.369501466275659829e-01 6.591686632282548475e-01 2.083691302317830785e-01
4.379276637341153466e-01 6.540288655528931905e-01 2.105390707648306103e-01
4.389051808406647104e-01 6.489273361740044432e-01 2.126601875353620885e-01
4.398826979472140741e-01 6.438639040365691235e-01 2.147330554654749424e-01
4.408602150537634379e-01 6.388384031433317345e-01 2.167582444860040869e-01
4.418377321603128016e-01 6.338506728262092160e-01 2.187363195867851051e-01
4.428152492668621654e-01 6.289005580298665521e-01 2.206678408706142791e-01
4.437927663734115291e-01 6.239879096069061992e-01 2.225533636082311084e-01
4.447702834799608929e-01 6.191125846307027336e-01 2.243934382973840069e-01
4.457478005865102566e-01 6.142744467302121425e-01 2.261886107283503089e-01
4.467253176930596203e-01 6.094733664478414470e-01 2.279394220545079008e-01
4.477028347996089841e-01 6.047092216212549554e-01 2.296464088661456793e-01
4.486803519061583478e-01 5.999818977921680396e-01 2.313101032678354096e-01
4.496578690127077116e-01 5.952912886460921538e-01 2.329310329607129637e-01
4.506353861192570753e-01 5.906372964862628416e-01 2.345097213301600425e-01
4.516129032258064391e-01 5.860198327444389177e-01 2.360466875385582586e-01
4.525904203323558028e-01 5.814388185317928004e-01 2.375424466231005893e-01
4.535679374389051666e-01 5.768941852339447562e-01 2.389975095993471521e-01
4.545454545454545303e-01 5.723858751545560786e-01 2.404123835713735668e-01
4.555229716520038941e-01 5.679138422118866769e-01 2.417875718490931358e-01
4.565004887585532578e-01 5.634780526929478173e-01 2.431235740732274331e-01
4.574780058651026216e-01 5.590784860704103298e-01 2.444208863486206917e-01
4.584555229716519853e-01 5.547151358880106908e-01 2.456800013868763455e-01
4.594330400782013490e-01 5.503880107206549077e-01 2.469014086593911139e-01
4.604105571847507128e-01 5.460971352158098258e-01 2.480855945618726799e-01
4.613880742913000765e-01 5.418425512232770691e-01 2.492330425915045278e-01
4.623655913978494403e-01 5.376243190210483469e-01 2.503442335381028672e-01
4.633431085043988040e-01 5.334425186455811208e-01 2.514196456908215915e-01
4.643206256109481678e-01 5.292972513354450292e-01 2.524597550621220932e-01
4.652981427174975315e-01 5.251886410978955366e-01 2.534650356308659758e-01
4.662756598240468953e-01 5.211168364085565496e-01 2.544359596065653983e-01
4.672531769305962590e-01 5.170820120550521093e-01 2.553729977170419718e-01
4.682306940371456228e-01 5.130843711360587589e-01 2.562766195219920440e-01
4.692082111436950420e-01 5.091241472278257296e-01 2.571472937551803617e-01
4.701857282502444058e-01 5.052016067307067981e-01 2.579854886982291262e-01
4.711632453567937695e-01 5.013170514086369156e-01 2.587916725892042136e-01
4.721407624633431332e-01 4.974708211347307341e-01 2.595663140694660087e-01
4.731182795698924970e-01 4.936632968562152390e-01 2.603098826725175896e-01
4.740957966764418607e-01 4.898949037916504046e-01 2.610228493588235277e-01
4.750733137829912245e-01 4.861661148727494108e-01 2.617056871008036079e-01
4.760508308895405882e-01 4.824774544419851985e-01 2.623588715223938994e-01
4.770283479960899520e-01 4.788295022154098746e-01 2.629828815977029999e-01
4.780058651026393157e-01 4.752228975175742387e-01 2.635782004133651046e-01
4.789833822091886795e-01 4.716583437918933086e-01 2.641453159991496991e-01
4.799608993157380432e-01 4.681366133850369260e-01 2.646847222312066483e-01
4.809384164222874070e-01 4.646585525976466569e-01 2.651969198119616400e-01
4.819159335288367707e-01 4.612250869855673008e-01 2.656824173300681435e-01
4.828934506353861345e-01 4.578372268854546401e-01 2.661417324029097253e-01
4.838709677419354982e-01 4.544960731256593722e-01 2.665753929028624736e-01
4.848484848484848619e-01 4.512028228672135821e-01 2.669839382667603123e-01
4.858260019550342257e-01 4.479587755000410398e-01 2.673679208856789002e-01
4.868035190615835894e-01 4.447653384956475886e-01 2.677279075691453847e-01
4.877810361681329532e-01 4.416240330889701360e-01 2.680644810740664408e-01
4.887585532746823169e-01 4.385364996282826167e-01 2.683782416839510798e-01
4.897360703812316807e-01 4.355045023926449876e-01 2.686698088182415400e-01
4.907135874877810444e-01 4.325299336311125842e-01 2.689398226446867990e-01
4.916911045943304082e-01 4.296148165268179331e-01 2.691889456596265884e-01
4.926686217008797719e-01 4.267613067325293219e-01 2.694178641917968076e-01
4.936461388074291357e-01 4.239716920634196695e-01 2.696272897749253383e-01
4.946236559139784994e-01 4.212483898693195616e-01 2.698179603231468660e-01
4.956011730205278631e-01 4.185939415455291468e-01 2.699906410315309202e-01
4.965786901270772269e-01 4.160110035824029495e-01 2.701461249123541797e-01
4.975562072336265906e-01 4.135023345050397037e-01 2.702852328670203863e-01
4.985337243401759544e-01 4.110707770228776980e-01 2.704088131848380039e-01
4.995112414467253181e-01 4.087192347040312090e-01 2.705177403546759063e-01
5.004887585532746819e-01 4.064506425218609165e-01 2.706129130755056678e-01
5.014662756598240456e-01 4.042679307040408787e-01 2.706952513589578890e-01
5.024437927663734094e-01 4.021739814605712060e-01 2.707656926332601133e-01
5.034213098729227731e-01 4.001715783896381828e-01 2.708251867851385053e-01
5.043988269794721369e-01 3.982633486695991154e-01 2.708746901158378684e-01
5.053763440860215006e-01 3.964516985476944644e-01 2.709151582398955926e-01
5.063538611925708643e-01 3.947387431298675087e-01 2.709475380199081185e-01
5.073313782991202281e-01 3.931262320490001017e-01 2.709727587047599529e-01
5.083088954056695918e-01 3.916154732148305895e-01 2.709917225180943356e-01
5.092864125122189556e-01 3.902072574855846021e-01 2.710052950214754119e-01
5.102639296187683193e-01 3.889017876901254556e-01 2.710142956441559670e-01
5.112414467253176831e-01 3.876986158969792373e-01 2.710194888189054740e-01
5.122189638318670468e-01 3.865965930908953907e-01 2.710215761813239976e-01
5.131964809384164106e-01 3.855938353973037969e-01 2.710211902705642051e-01
5.141739980449657743e-01 3.846877106223992593e-01 2.710188901079978452e-01
5.151515151515151381e-01 3.838748481123080425e-01 2.710151589278205209e-01
5.161290322580645018e-01 3.831511737823237729e-01 2.710104041966976407e-01
5.171065493646138655e-01 3.825119706829921973e-01 2.710049599010975752e-01
5.180840664711632293e-01 3.819519637661711320e-01 2.709990909183629948e-01
5.190615835777125930e-01 3.814654257518885205e-01 2.709929991403050020e-01
5.200391006842619568e-01 3.810462993669475606e-01 2.709868309043756973e-01
5.210166177908113205e-01 3.806883299230344186e-01 2.709806852209348249e-01
5.219941348973606843e-01 3.803852013914255092e-01 2.709746222722169695e-01
5.229716520039100480e-01 3.801306689214349888e-01 2.709686716975786003e-01
5.239491691104594118e-01 3.799186811704559630e-01 2.709628402610844700e-01
5.249266862170087755e-01 3.797434868100492134e-01 2.709571186067079029e-01
5.259042033235581393e-01 3.795997210148071566e-01 2.709514869263712766e-01
5.268817204301075030e-01 3.794824694459189018e-01 2.709459194806864146e-01
5.278592375366568668e-01 3.793873090057162112e-01 2.709403880091167949e-01
5.288367546432062305e-01 3.793103262709045520e-01 2.709348641379084599e-01
5.298142717497555942e-01 3.792481158577071243e-01 2.709293209382330758e-01
5.307917888563049580e-01 3.791977619350024864e-01 2.709237338055923150e-01
5.317693059628543217e-01 3.791568066463775200e-01 2.709180808295327814e-01
5.327468230694036855e-01 3.791232093490698452e-01 2.709123428063333061e-01
5.337243401759530492e-01 3.790953003893695605e-01 2.709065030226984194e-01
5.347018572825024130e-01 3.790717326973962464e-01 2.709005469108453079e-01
5.356793743890517767e-01 3.790514338944132589e-01 2.708944616485484125e-01
5.366568914956011405e-01 3.790335609521124360e-01 2.708882357540937091e-01
5.376344086021505042e-01 3.790174587992180544e-01 2.708818587068635431e-01
5.386119257086998680e-01 3.790026236897731104e-01 2.708753206096508048e-01
5.395894428152492317e-01 3.789886716621690965e-01 2.708686118984208746e-01
5.405669599217985954e-01 3.789753120424116384e-01 2.708617230984284863e-01
5.415444770283479592e-01 3.789623256787030270e-01 2.708546446215637782e-01
5.425219941348973229e-01 3.789495474265239250e-01 2.708473665977886857e-01
5.434995112414466867e-01 3.789368523175561942e-01 2.708398787328862301e-01
5.444770283479960504e-01 3.789241448233165444e-01 2.708321701849438767e-01
5.454545454545454142e-01 3.789113506469625192e-01 2.708242294526428395e-01
5.464320625610947779e-01 3.788984105281379966e-01 2.708160442692477687e-01
5.474095796676441417e-01 3.788852756126410148e-01 2.708076014969913459e-01
5.483870967741935054e-01 3.788719040109814751e-01 2.707988870172128859e-01
5.493646138807428692e-01 3.788582582404221299e-01 2.707898856120644626e-01
5.503421309872922329e-01 3.788443033092948053e-01 2.707805808337817033e-01
5.513196480938415966e-01 3.788300052577357468e-01 2.707709548574026015e-01
5.522971652003909604e-01 3.788153300144656010e-01 2.707609883123334171e-01
5.532746823069403241e-01 3.788002424648325150e-01 2.707506600872425229e-01
5.542521994134896879e-01 3.787847056516230881e-01 2.707399471012613135e-01
5.552297165200390516e-01 3.787686800479726501e-01 2.707288240322095474e-01
5.562072336265884154e-01 3.787521228519373229e-01 2.707172629892158344e-01
5.571847507331377791e-01 3.787349872555954566e-01 2.707052331122620781e-01
5.581622678396871429e-01 3.787172216382777568e-01 2.706927000742142542e-01
5.591397849462365066e-01 3.786987686235673833e-01 2.706796254509934996e-01
5.601173020527858704e-01 3.786795639224170285e-01 2.706659659115934202e-01
5.610948191593352341e-01 3.786595348588670529e-01 2.706516721602738040e-01
5.620723362658845979e-01 3.786385984385910453e-01 2.706366875368046987e-01
5.630498533724340726e-01 3.786166587715316667e-01 2.706209461451657972e-01
5.640273704789834364e-01 3.785936035956374290e-01 2.706043703346550644e-01
5.650048875855328001e-01 3.785692995666662397e-01 2.705868672980613621e-01
5.659824046920821639e-01 3.785435858774008344e-01 2.705683244781432184e-01
5.669599217986315276e-01 3.785162656481483867e-01 2.705486033859646477e-01
5.679374389051808913e-01 3.784870943914094288e-01 2.705275313344191468e-01
5.689149560117302551e-01 3.784557647033312544e-01 2.705048904820389066e-01
5.698924731182796188e-01 3.784218861845116688e-01 2.704804034742169794e-01
5.708699902248289826e-01 3.783849594609559608e-01 2.704537148742284791e-01
5.718475073313783463e-01 3.783443430880913949e-01 2.704243675132207980e-01
5.728250244379277101e-01 3.782992121099512661e-01 2.703917728804127729e-01
5.738025415444770738e-01 3.782485071520014785e-01 2.703551747507006442e-01
5.747800586510264376e-01 3.781908731939135349e-01 2.703136054383702414e-01
5.757575757575758013e-01 3.781245876422483776e-01 2.702658344043178951e-01
5.767350928641251651e-01 3.780474780406326007e-01 2.702103094573065079e-01
5.777126099706745288e-01 3.779568307405046790e-01 2.701450914943916981e-01
5.786901270772238925e-01 3.778492931094669105e-01 2.700677846221306577e-01
5.796676441837732563e-01 3.777207733447096039e-01 2.699754645656442520e-01
5.806451612903226200e-01 3.775663436133814832e-01 2.698646094552198393e-01
5.816226783968719838e-01 3.773801539424305740e-01 2.697310382957405217e-01
5.826001955034213475e-01 3.771553658644358209e-01 2.695698635563923973e-01
5.835777126099707113e-01 3.768841160920093913e-01 2.693754652229603530e-01
5.845552297165200750e-01 3.765575212159766871e-01 2.691414941714133646e-01
5.855327468230694388e-01 3.761657343738745718e-01 2.688609126865466603e-01
5.865102639296188025e-01 3.756980638132905170e-01 2.685260792187967316e-01
5.874877810361681663e-01 3.751431611349224648e-01 2.681288829428643550e-01
5.884652981427175300e-01 3.744892836883725318e-01 2.676609313144743263e-01
5.894428152492668938e-01 3.737246311718745440e-01 2.671137906610094315e-01
5.904203323558162575e-01 3.728377511518688459e-01 2.664792760283173356e-01
5.913978494623656212e-01 3.718180023033293979e-01 2.657497822782916019e-01
5.923753665689149850e-01 3.706560581336699189e-01 2.649186441162576511e-01
5.933528836754643487e-01 3.693444283385973193e-01 2.639805087145117857e-01
5.943304007820137125e-01 3.678779703345126384e-01 2.629317013081711729e-01
5.953079178885630762e-01 3.662543604843450651e-01 2.617705619758595170e-01
5.962854349951124400e-01 3.644744935580406797e-01 2.604977311208810375e-01
5.972629521016618037e-01 3.625427803674484140e-01 2.591163621686119467e-01
5.982404692082111675e-01 3.604673174037366090e-01 2.576322427755202704e-01
5.992179863147605312e-01 3.582599085608984546e-01 2.560538103166556945e-01
6.001955034213098950e-01 3.559359272841116084e-01 2.543920533190884847e-01
6.011730205278592587e-01 3.535140171482228366e-01 2.526602974179819050e-01
6.021505376344086224e-01 3.510156391906797957e-01 2.508738817873899518e-01
6.031280547409579862e-01 3.484644844393486318e-01 2.490497392280523470e-01
6.041055718475073499e-01 3.458857791242465063e-01 2.472058995614284937e-01
6.050830889540567137e-01 3.433055172604984606e-01 2.453609411235470328e-01
6.060606060606060774e-01 3.407496600197640890e-01 2.435334185322274303e-01
6.070381231671554412e-01 3.382433431801117885e-01 2.417412962390068643e-01
6.080156402737048049e-01 3.358101328383858997e-01 2.400014165859155890e-01
6.089931573802541687e-01 3.334713656379711400e-01 2.383290282768438240e-01
6.099706744868035324e-01 3.312456034137522543e-01 2.367373966333301827e-01
6.109481915933528962e-01 3.291482239918815944e-01 2.352375111689862242e-01
6.119257086999022599e-01 3.271911606434359521e-01 2.338378994134800992e-01
6.129032258064516236e-01 3.253827931685218666e-01 2.325445491109412732e-01
6.138807429130009874e-01 3.237279845422652014e-01 2.313609344529907741e-01
6.148582600195503511e-01 3.222282491473662525e-01 2.302881363557416350e-01
6.158357771260997149e-01 3.208820323551226927e-01 2.293250423143828598e-01
6.168132942326490786e-01 3.196850769147047688e-01 2.284686082946494612e-01
6.177908113391984424e-01 3.186308493862560764e-01 2.277141635313421619e-01
6.187683284457478061e-01 3.177109996360920063e-01 2.270557389492968148e-01
6.197458455522971699e-01 3.169158279717506632e-01 2.264864010372967529e-01
6.207233626588465336e-01 3.162347374832942815e-01 2.259985751418840116e-01
6.217008797653958974e-01 3.156566531577297274e-01 2.255843450075543377e-01
6.226783968719452611e-01 3.151703939066292648e-01 2.252357186585906557e-01
6.236559139784946248e-01 3.147649883750265332e-01 2.249448540970640786e-01
6.246334310850439886e-01 3.144299299195655317e-01 2.247042415219837053e-01
6.256109481915933523e-01 3.141553701708732493e-01 2.245068416526464217e-01
6.265884652981427161e-01 3.139322539338096352e-01 2.243461821252974997e-01
6.275659824046920798e-01 3.137524007243807644e-01 2.242164157510680156e-01
6.285434995112414436e-01 3.136085399705593746e-01 2.241123456582983786e-01
6.295210166177908073e-01 3.134943078608037892e-01 2.240294230258054742e-01
6.304985337243401711e-01 3.134042141036377793e-01 2.239637233132641958e-01
6.314760508308895348e-01 3.133335865906409223e-01 2.239119067010094943e-01
6.324535679374388986e-01 3.132785012739481290e-01 2.238711679645220554e-01
6.334310850439882623e-01 3.132357036172254694e-01 2.238391803282551440e-01
6.344086021505376261e-01 3.132025268831212239e-01 2.238140370600807949e-01
6.353861192570869898e-01 3.131768113875486037e-01 2.237941937580700813e-01
6.363636363636363535e-01 3.131568277652203580e-01 2.237784135051805179e-01
6.373411534701857173e-01 3.131412063104511145e-01 2.237657163667379490e-01
6.383186705767350810e-01 3.131288736181432331e-01 2.237553341059400902e-01
6.392961876832844448e-01 3.131189970680332557e-01 2.237466705053055005e-01
6.402737047898338085e-01 3.131109371708863387e-01 2.237392673070386362e-01
6.412512218963831723e-01 3.131042074174241741e-01 2.237327755148864339e-01
6.422287390029325360e-01 3.130984410218717318e-01 2.237269316222325055e-01
6.432062561094818998e-01 3.130933638115477868e-01 2.237215382323418100e-01
6.441837732160312635e-01 3.130887724589143106e-01 2.237164485005579961e-01
6.451612903225806273e-01 3.130845172549387434e-01 2.237115538306461149e-01
6.461388074291299910e-01 3.130804886499262141e-01 2.237067742651204505e-01
6.471163245356793547e-01 3.130766068209189790e-01 2.237020510043995769e-01
6.480938416422287185e-01 3.130728135991237560e-01 2.236973405298860462e-01
6.490713587487780822e-01 3.130690663161479481e-01 2.236926100578702781e-01
6.500488758553274460e-01 3.130653335553987837e-01 2.236878346089173353e-01
6.510263929618768097e-01 3.130615930513611089e-01 2.236829963337402805e-01
6.520039100684261735e-01 3.130578310135000986e-01 2.236780853738978558e-01
6.529814271749755372e-01 3.130540392078038359e-01 2.236730972403188356e-01
6.539589442815249010e-01 3.130502039286579552e-01 2.236680181300679249e-01
6.549364613880742647e-01 3.130462886335238504e-01 2.236627998443652121e-01
6.559139784946236285e-01 3.130422380454832565e-01 2.236573633309590636e-01
6.568914956011729922e-01 3.130380567414631776e-01 2.236517089755335752e-01
6.578690127077223559e-01 3.130339619557035435e-01 2.236461416039851324e-01
6.588465298142717197e-01 3.130303887117659722e-01 2.236413017001248060e-01
6.598240469208210834e-01 3.130273628322393087e-01 2.236372946423338948e-01
6.608015640273704472e-01 3.130231071156966416e-01 2.236316549306998358e-01
6.617790811339198109e-01 3.130136063606864805e-01 2.236185235668308180e-01
6.627565982404691747e-01 3.129974692017170046e-01 2.235953393597074623e-01
6.637341153470185384e-01 3.129883794754751980e-01 2.235809090111419428e-01
6.647116324535679022e-01 3.130220640650417385e-01 2.236270435354469344e-01
6.656891495601172659e-01 3.131196187506297690e-01 2.237686764595743505e-01
6.666666666666666297e-01 3.131780545149374650e-01 2.238659203031044820e-01
6.676441837732159934e-01 3.128836620451919126e-01 2.234666017123416726e-01
6.686217008797653572e-01 3.119808495867377740e-01 2.221675705894750330e-01
6.695992179863147209e-01 3.112153027472925881e-01 2.209650356811035110e-01
6.705767350928640846e-01 3.132636417578121280e-01 2.236963663701310445e-01
6.715542521994134484e-01 3.209719434822949635e-01 2.348267885857899251e-01
6.725317693059628121e-01 3.292445730551042948e-01 2.477418828126333739e-01
6.735092864125121759e-01 3.130225497412230662e-01 2.266442130543397382e-01
6.744868035190615396e-01 2.458496012078717485e-01 1.379602125994777440e-01
6.754643206256109034e-01 1.691794737653811442e-01 4.479041048317548152e-02
6.764418377321602671e-01 1.345723527268952446e-01 8.439375386353982489e-03
6.774193548387096309e-01 1.265286252706059877e-01 1.267255960334524043e-03
6.783968719452589946e-01 1.252208842598586946e-01 1.804917653168860536e-04
6.793743890518083584e-01 1.250312626217148781e-01 2.548860549729529870e-05
6.803519061583577221e-01 1.250044104401229483e-01 3.594762884775110019e-06
6.813294232649070858e-01 1.250006219393908768e-01 5.068832001054374016e-07
6.823069403714564496e-01 1.250000876963852647e-01 7.147267995810408091e-08
6.832844574780058133e-01 1.250000123654994022e-01 1.007790435525404389e-08
6.842619745845551771e-01 1.250000017435806410e-01 1.421019401588900359e-09
6.852394916911045408e-01 1.250000002458512560e-01 2.003689162443188798e-10
6.862170087976539046e-01 1.250000000346659645e-01 2.825276088940238190e-11
6.871945259042032683e-01 1.250000000048878956e-01 3.983769284139474244e-12
6.881720430107527431e-01 1.250000000006891987e-01 5.616455726561147741e-13
6.891495601173021068e-01 1.250000000000971168e-01 7.918087223748698334e-14
6.901270772238514706e-01 1.250000000000137113e-01 1.116028307074257786e-14
6.911045943304008343e-01 1.250000000000018874e-01 1.571114656173002200e-15
6.920821114369501981e-01 1.250000000000002220e-01 2.002668271329992049e-16
6.930596285434995618e-01 1.250000000000000000e-01 1.748795593564866356e-17
6.940371456500489256e-01 1.250000000000000000e-01 9.376433565594542092e-35
6.950146627565982893e-01 1.250000000000000000e-01 4.876006654511917488e-70
6.959921798631476531e-01 1.250000000000000000e-01 3.711001329792210099e-142
6.969696969696970168e-01 1.250000000000000000e-01 1.087732315514970359e-290
6.979472140762463805e-01 1.250000000000000000e-01 0.000000000000000000e+00
6.989247311827957443e-01 1.250000000000000000e-01 0.000000000000000000e+00
6.999022482893451080e-01 1.250000000000000000e-01 0.000000000000000000e+00
7.008797653958944718e-01 1.250000000000000000e-01 0.000000000000000000e+00
7.018572825024438355e-01 1.250000000000000000e-01 0.000000000000000000e+00
7.028347996089931993e-01 1.250000000000000000e-01 0.000000000000000000e+00
7.038123167155425630e-01 1.250000000000000000e-01 0.000000000000000000e+00
7.047898338220919268e-01 1.250000000000000000e-01 0.000000000000000000e+00
7.057673509286412905e-01 1.250000000000000000e-01 0.000000000000000000e+00
7.067448680351906543e-01 1.250000000000000000e-01 0.000000000000000000e+00
7.077223851417400180e-01 1.250000000000000000e-01 0.000000000000000000e+00
7.086999022482893817e-01 1.250000000000000000e-01 0.000000000000000000e+00
7.096774193548387455e-01 1.250000000000000000e-01 0.000000000000000000e+00
7.106549364613881092e-01 1.250000000000000000e-01 0.000000000000000000e+00
7.116324535679374730e-01 1.250000000000000000e-01 0.000000000000000000e+00
7.126099706744868367e-01 1.250000000000000000e-01 0.000000000000000000e+00
7.135874877810362005e-01 1.250000000000000000e-01 0.000000000000000000e+00
7.145650048875855642e-01 1.250000000000000000e-01 0.000000000000000000e+00
7.155425219941349280e-01 1.250000000000000000e-01 0.000000000000000000e+00
7.165200391006842917e-01 1.250000000000000000e-01 0.000000000000000000e+00
7.174975562072336555e-01 1.250000000000000000e-01 0.000000000000000000e+00
7.184750733137830192e-01 1.250000000000000000e-01 0.000000000000000000e+00
7.194525904203323829e-01 1.250000000000000000e-01 0.000000000000000000e+00
7.204301075268817467e-01 1.250000000000000000e-01 0.000000000000000000e+00
7.214076246334311104e-01 1.250000000000000000e-01 0.000000000000000000e+00
7.223851417399804742e-01 1.250000000000000000e-01 0.000000000000000000e+00
7.233626588465298379e-01 1.250000000000000000e-01 0.000000000000000000e+00
7.243401759530792017e-01 1.250000000000000000e-01 0.000000000000000000e+00
7.253176930596285654e-01 1.250000000000000000e-01 0.000000000000000000e+00
7.262952101661779292e-01 1.250000000000000000e-01 0.000000000000000000e+00
7.272727272727272929e-01 1.250000000000000000e-01 0.000000000000000000e+00
7.282502443792766567e-01 1.250000000000000000e-01 0.000000000000000000e+00
7.292277614858260204e-01 1.250000000000000000e-01 0.000000000000000000e+00
7.302052785923753842e-01 1.250000000000000000e-01 0.000000000000000000e+00
7.311827956989247479e-01 1.250000000000000000e-01 0.000000000000000000e+00
7.321603128054741116e-01 1.250000000000000000e-01 0.000000000000000000e+00
7.331378299120234754e-01 1.250000000000000000e-01 0.000000000000000000e+00
7.341153470185728391e-01 1.250000000000000000e-01 0.000000000000000000e+00
7.350928641251222029e-01 1.250000000000000000e-01 0.000000000000000000e+00
7.360703812316715666e-01 1.250000000000000000e-01 0.000000000000000000e+00
7.370478983382209304e-01 1.250000000000000000e-01 0.000000000000000000e+00
7.380254154447702941e-01 1.250000000000000000e-01 0.000000000000000000e+00
7.390029325513196579e-01 1.250000000000000000e-01 0.000000000000000000e+00
7.399804496578690216e-01 1.250000000000000000e-01 0.000000000000000000e+00
7.409579667644183854e-01 1.250000000000000000e-01 0.000000000000000000e+00
7.419354838709677491e-01 1.250000000000000000e-01 0.000000000000000000e+00
7.429130009775171128e-01 1.250000000000000000e-01 0.000000000000000000e+00
7.438905180840664766e-01 1.250000000000000000e-01 0.000000000000000000e+00
7.448680351906158403e-01 1.250000000000000000e-01 0.000000000000000000e+00
7.458455522971652041e-01 1.250000000000000000e-01 0.000000000000000000e+00
7.468230694037145678e-01 1.250000000000000000e-01 0.000000000000000000e+00
7.478005865102639316e-01 1.250000000000000000e-01 0.000000000000000000e+00
7.487781036168132953e-01 1.250000000000000000e-01 0.000000000000000000e+00
7.497556207233626591e-01 1.250000000000000000e-01 0.000000000000000000e+00
7.507331378299120228e-01 1.250000000000000000e-01 0.000000000000000000e+00
7.517106549364613866e-01 1.250000000000000000e-01 0.000000000000000000e+00
7.526881720430107503e-01 1.250000000000000000e-01 0.000000000000000000e+00
7.536656891495601140e-01 1.250000000000000000e-01 0.000000000000000000e+00
7.546432062561094778e-01 1.250000000000000000e-01 0.000000000000000000e+00
7.556207233626588415e-01 1.250000000000000000e-01 0.000000000000000000e+00
7.565982404692082053e-01 1.250000000000000000e-01 0.000000000000000000e+00
7.575757575757575690e-01 1.250000000000000000e-01 0.000000000000000000e+00
7.585532746823069328e-01 1.250000000000000000e-01 0.000000000000000000e+00
7.595307917888562965e-01 1.250000000000000000e-01 0.000000000000000000e+00
7.605083088954056603e-01 1.250000000000000000e-01 0.000000000000000000e+00
7.614858260019550240e-01 1.250000000000000000e-01 0.000000000000000000e+00
7.624633431085043878e-01 1.250000000000000000e-01 0.000000000000000000e+00
7.634408602150537515e-01 1.250000000000000000e-01 0.000000000000000000e+00
7.644183773216031152e-01 1.250000000000000000e-01 0.000000000000000000e+00
7.653958944281524790e-01 1.250000000000000000e-01 0.000000000000000000e+00
7.663734115347018427e-01 1.250000000000000000e-01 0.000000000000000000e+00
7.673509286412512065e-01 1.250000000000000000e-01 0.000000000000000000e+00
7.683284457478005702e-01 1.250000000000000000e-01 0.000000000000000000e+00
7.693059628543499340e-01 1.250000000000000000e-01 0.000000000000000000e+00
7.702834799608992977e-01 1.250000000000000000e-01 0.000000000000000000e+00
7.712609970674486615e-01 1.250000000000000000e-01 0.000000000000000000e+00
7.722385141739980252e-01 1.250000000000000000e-01 0.000000000000000000e+00
7.732160312805473890e-01 1.250000000000000000e-01 0.000000000000000000e+00
7.741935483870967527e-01 1.250000000000000000e-01 0.000000000000000000e+00
7.751710654936461165e-01 1.250000000000000000e-01 0.000000000000000000e+00
7.761485826001954802e-01 1.250000000000000000e-01 0.000000000000000000e+00
7.771260997067448439e-01 1.250000000000000000e-01 0.000000000000000000e+00
7.781036168132942077e-01 1.250000000000000000e-01 0.000000000000000000e+00
7.790811339198435714e-01 1.250000000000000000e-01 0.000000000000000000e+00
7.800586510263929352e-01 1.250000000000000000e-01 0.000000000000000000e+00
7.810361681329422989e-01 1.250000000000000000e-01 0.000000000000000000e+00
7.820136852394916627e-01 1.250000000000000000e-01 0.000000000000000000e+00
7.829912023460410264e-01 1.250000000000000000e-01 0.000000000000000000e+00
7.839687194525903902e-01 1.250000000000000000e-01 0.000000000000000000e+00
7.849462365591397539e-01 1.250000000000000000e-01 0.000000000000000000e+00
7.859237536656891177e-01 1.250000000000000000e-01 0.000000000000000000e+00
7.869012707722384814e-01 1.250000000000000000e-01 0.000000000000000000e+00
7.878787878787878451e-01 1.250000000000000000e-01 0.000000000000000000e+00
7.888563049853372089e-01 1.250000000000000000e-01 0.000000000000000000e+00
7.898338220918865726e-01 1.250000000000000000e-01 0.000000000000000000e+00
7.908113391984359364e-01 1.250000000000000000e-01 0.000000000000000000e+00
7.917888563049853001e-01 1.250000000000000000e-01 0.000000000000000000e+00
7.927663734115346639e-01 1.250000000000000000e-01 0.000000000000000000e+00
7.937438905180840276e-01 1.250000000000000000e-01 0.000000000000000000e+00
7.947214076246333914e-01 1.250000000000000000e-01 0.000000000000000000e+00
7.956989247311827551e-01 1.250000000000000000e-01 0.000000000000000000e+00
7.966764418377321189e-01 1.250000000000000000e-01 0.000000000000000000e+00
7.976539589442814826e-01 1.250000000000000000e-01 0.000000000000000000e+00
7.986314760508308463e-01 1.250000000000000000e-01 0.000000000000000000e+00
7.996089931573802101e-01 1.250000000000000000e-01 0.000000000000000000e+00
8.005865102639295738e-01 1.250000000000000000e-01 0.000000000000000000e+00
8.015640273704789376e-01 1.250000000000000000e-01 0.000000000000000000e+00
8.025415444770283013e-01 1.250000000000000000e-01 0.000000000000000000e+00
8.035190615835776651e-01 1.250000000000000000e-01 0.000000000000000000e+00
8.044965786901270288e-01 1.250000000000000000e-01 0.000000000000000000e+00
8.054740957966763926e-01 1.250000000000000000e-01 0.000000000000000000e+00
8.064516129032257563e-01 1.250000000000000000e-01 0.000000000000000000e+00
8.074291300097751201e-01 1.250000000000000000e-01 0.000000000000000000e+00
8.084066471163244838e-01 1.250000000000000000e-01 0.000000000000000000e+00
8.093841642228738475e-01 1.250000000000000000e-01 0.000000000000000000e+00
8.103616813294232113e-01 1.250000000000000000e-01 0.000000000000000000e+00
8.113391984359725750e-01 1.250000000000000000e-01 0.000000000000000000e+00
8.123167155425219388e-01 1.250000000000000000e-01 0.000000000000000000e+00
8.132942326490714136e-01 1.250000000000000000e-01 0.000000000000000000e+00
8.142717497556207773e-01 1.250000000000000000e-01 0.000000000000000000e+00
8.152492668621701410e-01 1.250000000000000000e-01 0.000000000000000000e+00
8.162267839687195048e-01 1.250000000000000000e-01 0.000000000000000000e+00
8.172043010752688685e-01 1.250000000000000000e-01 0.000000000000000000e+00
8.181818181818182323e-01 1.250000000000000000e-01 0.000000000000000000e+00
8.191593352883675960e-01 1.250000000000000000e-01 0.000000000000000000e+00
8.201368523949169598e-01 1.250000000000000000e-01 0.000000000000000000e+00
8.211143695014663235e-01 1.250000000000000000e-01 0.000000000000000000e+00
8.220918866080156873e-01 1.250000000000000000e-01 0.000000000000000000e+00
8.230694037145650510e-01 1.250000000000000000e-01 0.000000000000000000e+00
8.240469208211144148e-01 1.250000000000000000e-01 0.000000000000000000e+00
8.250244379276637785e-01 1.250000000000000000e-01 0.000000000000000000e+00
8.260019550342131422e-01 1.250000000000000000e-01 0.000000000000000000e+00
8.269794721407625060e-01 1.250000000000000000e-01 0.000000000000000000e+00
8.279569892473118697e-01 1.250000000000000000e-01 0.000000000000000000e+00
8.289345063538612335e-01 1.250000000000000000e-01 0.000000000000000000e+00
8.299120234604105972e-01 1.250000000000000000e-01 0.000000000000000000e+00
8.308895405669599610e-01 1.250000000000000000e-01 0.000000000000000000e+00
8.318670576735093247e-01 1.250000000000000000e-01 0.000000000000000000e+00
8.328445747800586885e-01 1.250000000000000000e-01 0.000000000000000000e+00
8.338220918866080522e-01 1.250000000000000000e-01 0.000000000000000000e+00
8.347996089931574160e-01 1.250000000000000000e-01 0.000000000000000000e+00
8.357771260997067797e-01 1.250000000000000000e-01 0.000000000000000000e+00
8.367546432062561435e-01 1.250000000000000000e-01 0.000000000000000000e+00
8.377321603128055072e-01 1.250000000000000000e-01 0.000000000000000000e+00
8.387096774193548709e-01 1.250000000000000000e-01 0.000000000000000000e+00
8.396871945259042347e-01 1.250000000000000000e-01 0.000000000000000000e+00
8.406647116324535984e-01 1.250000000000000000e-01 0.000000000000000000e+00
8.416422287390029622e-01 1.250000000000000000e-01 0.000000000000000000e+00
8.426197458455523259e-01 1.250000000000000000e-01 0.000000000000000000e+00
8.435972629521016897e-01 1.250000000000000000e-01 0.000000000000000000e+00
8.445747800586510534e-01 1.250000000000000000e-01 0.000000000000000000e+00
8.455522971652004172e-01 1.250000000000000000e-01 0.000000000000000000e+00
8.465298142717497809e-01 1.250000000000000000e-01 0.000000000000000000e+00
8.475073313782991447e-01 1.250000000000000000e-01 0.000000000000000000e+00
8.484848484848485084e-01 1.250000000000000000e-01 0.000000000000000000e+00
8.494623655913978721e-01 1.250000000000000000e-01 0.000000000000000000e+00
8.504398826979472359e-01 1.250000000000000000e-01 0.000000000000000000e+00
8.514173998044965996e-01 1.250000000000000000e-01 0.000000000000000000e+00
8.523949169110459634e-01 1.250000000000000000e-01 0.000000000000000000e+00
8.533724340175953271e-01 1.250000000000000000e-01 0.000000000000000000e+00
8.543499511241446909e-01 1.250000000000000000e-01 0.000000000000000000e+00
8.553274682306940546e-01 1.250000000000000000e-01 0.000000000000000000e+00
8.563049853372434184e-01 1.250000000000000000e-01 0.000000000000000000e+00
8.572825024437927821e-01 1.250000000000000000e-01 0.000000000000000000e+00
8.582600195503421459e-01 1.250000000000000000e-01 0.000000000000000000e+00
8.592375366568915096e-01 1.250000000000000000e-01 0.000000000000000000e+00
8.602150537634408733e-01 1.250000000000000000e-01 0.000000000000000000e+00
8.611925708699902371e-01 1.250000000000000000e-01 0.000000000000000000e+00
8.621700879765396008e-01 1.250000000000000000e-01 0.000000000000000000e+00
8.631476050830889646e-01 1.250000000000000000e-01 0.000000000000000000e+00
8.641251221896383283e-01 1.250000000000000000e-01 0.000000000000000000e+00
8.651026392961876921e-01 1.250000000000000000e-01 0.000000000000000000e+00
8.660801564027370558e-01 1.250000000000000000e-01 0.000000000000000000e+00
8.670576735092864196e-01 1.250000000000000000e-01 0.000000000000000000e+00
8.680351906158357833e-01 1.250000000000000000e-01 0.000000000000000000e+00
8.690127077223851471e-01 1.250000000000000000e-01 0.000000000000000000e+00
8.699902248289345108e-01 1.250000000000000000e-01 0.000000000000000000e+00
8.709677419354838745e-01 1.250000000000000000e-01 0.000000000000000000e+00
8.719452590420332383e-01 1.250000000000000000e-01 0.000000000000000000e+00
8.729227761485826020e-01 1.250000000000000000e-01 0.000000000000000000e+00
8.739002932551319658e-01 1.250000000000000000e-01 0.000000000000000000e+00
8.748778103616813295e-01 1.250000000000000000e-01 0.000000000000000000e+00
8.758553274682306933e-01 1.250000000000000000e-01 0.000000000000000000e+00
8.768328445747800570e-01 1.250000000000000000e-01 0.000000000000000000e+00
8.778103616813294208e-01 1.250000000000000000e-01 0.000000000000000000e+00
8.787878787878787845e-01 1.250000000000000000e-01 0.000000000000000000e+00
8.797653958944281483e-01 1.250000000000000000e-01 0.000000000000000000e+00
8.807429130009775120e-01 1.250000000000000000e-01 0.000000000000000000e+00
8.817204301075268758e-01 1.250000000000000000e-01 0.000000000000000000e+00
8.826979472140762395e-01 1.250000000000000000e-01 0.000000000000000000e+00
8.836754643206256032e-01 1.250000000000000000e-01 0.000000000000000000e+00
8.846529814271749670e-01 1.250000000000000000e-01 0.000000000000000000e+00
8.856304985337243307e-01 1.250000000000000000e-01 0.000000000000000000e+00
8.866080156402736945e-01 1.250000000000000000e-01 0.000000000000000000e+00
8.875855327468230582e-01 1.250000000000000000e-01 0.000000000000000000e+00
8.885630498533724220e-01 1.250000000000000000e-01 0.000000000000000000e+00
8.895405669599217857e-01 1.250000000000000000e-01 0.000000000000000000e+00
8.905180840664711495e-01 1.250000000000000000e-01 0.000000000000000000e+00
8.914956011730205132e-01 1.250000000000000000e-01 0.000000000000000000e+00
8.924731182795698770e-01 1.250000000000000000e-01 0.000000000000000000e+00
8.934506353861192407e-01 1.250000000000000000e-01 0.000000000000000000e+00
8.944281524926686044e-01 1.250000000000000000e-01 0.000000000000000000e+00
8.954056695992179682e-01 1.250000000000000000e-01 0.000000000000000000e+00
8.963831867057673319e-01 1.250000000000000000e-01 0.000000000000000000e+00
8.973607038123166957e-01 1.250000000000000000e-01 0.000000000000000000e+00
8.983382209188660594e-01 1.250000000000000000e-01 0.000000000000000000e+00
8.993157380254154232e-01 1.250000000000000000e-01 0.000000000000000000e+00
9.002932551319647869e-01 1.250000000000000000e-01 0.000000000000000000e+00
9.012707722385141507e-01 1.250000000000000000e-01 0.000000000000000000e+00
9.022482893450635144e-01 1.250000000000000000e-01 0.000000000000000000e+00
9.032258064516128782e-01 1.250000000000000000e-01 0.000000000000000000e+00
9.042033235581622419e-01 1.250000000000000000e-01 0.000000000000000000e+00
9.051808406647116056e-01 1.250000000000000000e-01 0.000000000000000000e+00
9.061583577712609694e-01 1.250000000000000000e-01 0.000000000000000000e+00
9.071358748778103331e-01 1.250000000000000000e-01 0.000000000000000000e+00
9.081133919843596969e-01 1.250000000000000000e-01 0.000000000000000000e+00
9.090909090909090606e-01 1.250000000000000000e-01 0.000000000000000000e+00
9.100684261974584244e-01 1.250000000000000000e-01 0.000000000000000000e+00
9.110459433040077881e-01 1.250000000000000000e-01 0.000000000000000000e+00
9.120234604105571519e-01 1.250000000000000000e-01 0.000000000000000000e+00
9.130009775171065156e-01 1.250000000000000000e-01 0.000000000000000000e+00
9.139784946236558794e-01 1.250000000000000000e-01 0.000000000000000000e+00
9.149560117302052431e-01 1.250000000000000000e-01 0.000000000000000000e+00
9.159335288367546068e-01 1.250000000000000000e-01 0.000000000000000000e+00
9.169110459433039706e-01 1.250000000000000000e-01 0.000000000000000000e+00
9.178885630498533343e-01 1.250000000000000000e-01 0.000000000000000000e+00
9.188660801564026981e-01 1.250000000000000000e-01 0.000000000000000000e+00
9.198435972629520618e-01 1.250000000000000000e-01 0.000000000000000000e+00
9.208211143695014256e-01 1.250000000000000000e-01 0.000000000000000000e+00
9.217986314760507893e-01 1.250000000000000000e-01 0.000000000000000000e+00
9.227761485826001531e-01 1.250000000000000000e-01 0.000000000000000000e+00
9.237536656891495168e-01 1.250000000000000000e-01 0.000000000000000000e+00
9.247311827956988806e-01 1.250000000000000000e-01 0.000000000000000000e+00
9.257086999022482443e-01 1.250000000000000000e-01 0.000000000000000000e+00
9.266862170087976081e-01 1.250000000000000000e-01 0.000000000000000000e+00
9.276637341153469718e-01 1.250000000000000000e-01 0.000000000000000000e+00
9.286412512218963355e-01 1.250000000000000000e-01 0.000000000000000000e+00
9.296187683284456993e-01 1.250000000000000000e-01 0.000000000000000000e+00
9.305962854349950630e-01 1.250000000000000000e-01 0.000000000000000000e+00
9.315738025415444268e-01 1.250000000000000000e-01 0.000000000000000000e+00
9.325513196480937905e-01 1.250000000000000000e-01 0.000000000000000000e+00
9.335288367546431543e-01 1.250000000000000000e-01 0.000000000000000000e+00
9.345063538611925180e-01 1.250000000000000000e-01 0.000000000000000000e+00
9.354838709677418818e-01 1.250000000000000000e-01 0.000000000000000000e+00
9.364613880742912455e-01 1.250000000000000000e-01 0.000000000000000000e+00
9.374389051808406093e-01 1.250000000000000000e-01 0.000000000000000000e+00
9.384164222873900840e-01 1.250000000000000000e-01 0.000000000000000000e+00
9.393939393939394478e-01 1.250000000000000000e-01 0.000000000000000000e+00
9.403714565004888115e-01 1.250000000000000000e-01 0.000000000000000000e+00
9.413489736070381753e-01 1.250000000000000000e-01 0.000000000000000000e+00
9.423264907135875390e-01 1.250000000000000000e-01 0.000000000000000000e+00
9.433040078201369028e-01 1.250000000000000000e-01 0.000000000000000000e+00
9.442815249266862665e-01 1.250000000000000000e-01 0.000000000000000000e+00
9.452590420332356302e-01 1.250000000000000000e-01 0.000000000000000000e+00
9.462365591397849940e-01 1.250000000000000000e-01 0.000000000000000000e+00
9.472140762463343577e-01 1.250000000000000000e-01 0.000000000000000000e+00
9.481915933528837215e-01 1.250000000000000000e-01 0.000000000000000000e+00
9.491691104594330852e-01 1.250000000000000000e-01 0.000000000000000000e+00
9.501466275659824490e-01 1.250000000000000000e-01 0.000000000000000000e+00
9.511241446725318127e-01 1.250000000000000000e-01 0.000000000000000000e+00
9.521016617790811765e-01 1.250000000000000000e-01 0.000000000000000000e+00
9.530791788856305402e-01 1.250000000000000000e-01 0.000000000000000000e+00
9.540566959921799040e-01 1.250000000000000000e-01 0.000000000000000000e+00
9.550342130987292677e-01 1.250000000000000000e-01 0.000000000000000000e+00
9.560117302052786314e-01 1.250000000000000000e-01 0.000000000000000000e+00
9.569892473118279952e-01 1.250000000000000000e-01 0.000000000000000000e+00
9.579667644183773589e-01 1.250000000000000000e-01 0.000000000000000000e+00
9.589442815249267227e-01 1.250000000000000000e-01 0.000000000000000000e+00
9.599217986314760864e-01 1.250000000000000000e-01 0.000000000000000000e+00
9.608993157380254502e-01 1.250000000000000000e-01 0.000000000000000000e+00
9.618768328445748139e-01 1.250000000000000000e-01 0.000000000000000000e+00
9.628543499511241777e-01 1.250000000000000000e-01 0.000000000000000000e+00
9.638318670576735414e-01 1.250000000000000000e-01 0.000000000000000000e+00
9.648093841642229052e-01 1.250000000000000000e-01 0.000000000000000000e+00
9.657869012707722689e-01 1.250000000000000000e-01 0.000000000000000000e+00
9.667644183773216326e-01 1.250000000000000000e-01 0.000000000000000000e+00
9.677419354838709964e-01 1.250000000000000000e-01 0.000000000000000000e+00
9.687194525904203601e-01 1.250000000000000000e-01 0.000000000000000000e+00
9.696969696969697239e-01 1.250000000000000000e-01 0.000000000000000000e+00
9.706744868035190876e-01 1.250000000000000000e-01 0.000000000000000000e+00
9.716520039100684514e-01 1.250000000000000000e-01 0.000000000000000000e+00
9.726295210166178151e-01 1.250000000000000000e-01 0.000000000000000000e+00
9.736070381231671789e-01 1.250000000000000000e-01 0.000000000000000000e+00
9.745845552297165426e-01 1.250000000000000000e-01 0.000000000000000000e+00
9.755620723362659064e-01 1.250000000000000000e-01 0.000000000000000000e+00
9.765395894428152701e-01 1.250000000000000000e-01 0.000000000000000000e+00
9.775171065493646338e-01 1.250000000000000000e-01 0.000000000000000000e+00
9.784946236559139976e-01 1.250000000000000000e-01 0.000000000000000000e+00
9.794721407624633613e-01 1.250000000000000000e-01 0.000000000000000000e+00
9.804496578690127251e-01 1.250000000000000000e-01 0.000000000000000000e+00
9.814271749755620888e-01 1.250000000000000000e-01 0.000000000000000000e+00
9.824046920821114526e-01 1.250000000000000000e-01 0.000000000000000000e+00
9.833822091886608163e-01 1.250000000000000000e-01 0.000000000000000000e+00
9.843597262952101801e-01 1.250000000000000000e-01 0.000000000000000000e+00
9.853372434017595438e-01 1.250000000000000000e-01 0.000000000000000000e+00
9.863147605083089076e-01 1.250000000000000000e-01 0.000000000000000000e+00
9.872922776148582713e-01 1.250000000000000000e-01 0.000000000000000000e+00
9.882697947214076351e-01 1.250000000000000000e-01 0.000000000000000000e+00
9.892473118279569988e-01 1.250000000000000000e-01 0.000000000000000000e+00
9.902248289345063625e-01 1.250000000000000000e-01 0.000000000000000000e+00
9.912023460410557263e-01 1.250000000000000000e-01 0.000000000000000000e+00
9.921798631476050900e-01 1.250000000000000000e-01 0.000000000000000000e+00
9.931573802541544538e-01 1.250000000000000000e-01 0.000000000000000000e+00
9.941348973607038175e-01 1.250000000000000000e-01 0.000000000000000000e+00
9.951124144672531813e-01 1.250000000000000000e-01 0.000000000000000000e+00
9.960899315738025450e-01 1.250000000000000000e-01 0.000000000000000000e+00
9.970674486803519088e-01 1.250000000000000000e-01 0.000000000000000000e+00
9.980449657869012725e-01 1.250000000000000000e-01 0.000000000000000000e+00
9.990224828934506363e-01 1.250000000000000000e-01 -0.000000000000000000e+00
1.000000000000000000e+00 1.250000000000000000e-01 -0.000000000000000000e+00
