# 0.3101862175014395
0.000000000000000000e+00 1.000000000000000000e+00 -0.000000000000000000e+00
9.775171065493646130e-04 1.000000000000000000e+00 -0.000000000000000000e+00
1.955034213098729226e-03 1.000000000000000000e+00 0.000000000000000000e+00
2.932551319648093839e-03 1.000000000000000000e+00 0.000000000000000000e+00
3.910068426197458452e-03 1.000000000000000000e+00 0.000000000000000000e+00
4.887585532746823065e-03 1.000000000000000000e+00 0.000000000000000000e+00
5.865102639296187678e-03 1.000000000000000000e+00 0.000000000000000000e+00
6.842619745845552291e-03 1.000000000000000000e+00 0.000000000000000000e+00
7.820136852394916904e-03 1.000000000000000000e+00 0.000000000000000000e+00
8.797653958944282385e-03 1.000000000000000000e+00 0.000000000000000000e+00
9.775171065493646130e-03 1.000000000000000000e+00 0.000000000000000000e+00
1.075268817204301161e-02 1.000000000000000000e+00 0.000000000000000000e+00
1.173020527859237536e-02 1.000000000000000000e+00 0.000000000000000000e+00
1.270772238514174084e-02 1.000000000000000000e+00 0.000000000000000000e+00
1.368523949169110458e-02 1.000000000000000000e+00 0.000000000000000000e+00
1.466275659824047006e-02 1.000000000000000000e+00 0.000000000000000000e+00
1.564027370478983381e-02 1.000000000000000000e+00 0.000000000000000000e+00
1.661779081133919755e-02 1.000000000000000000e+00 0.000000000000000000e+00
1.759530791788856477e-02 1.000000000000000000e+00 0.000000000000000000e+00
1.857282502443792851e-02 1.000000000000000000e+00 0.000000000000000000e+00
1.955034213098729226e-02 1.000000000000000000e+00 0.000000000000000000e+00
2.052785923753665601e-02 1.000000000000000000e+00 0.000000000000000000e+00
2.150537634408602322e-02 1.000000000000000000e+00 0.000000000000000000e+00
2.248289345063538697e-02 1.000000000000000000e+00 0.000000000000000000e+00
2.346041055718475071e-02 1.000000000000000000e+00 0.000000000000000000e+00
2.443792766373411446e-02 1.000000000000000000e+00 0.000000000000000000e+00
2.541544477028348167e-02 1.000000000000000000e+00 0.000000000000000000e+00
2.639296187683284542e-02 1.000000000000000000e+00 0.000000000000000000e+00
2.737047898338220916e-02 1.000000000000000000e+00 0.000000000000000000e+00
2.834799608993157291e-02 1.000000000000000000e+00 0.000000000000000000e+00
2.932551319648094013e-02 1.000000000000000000e+00 0.000000000000000000e+00
3.030303030303030387e-02 1.000000000000000000e+00 0.000000000000000000e+00
3.128054740957966762e-02 1.000000000000000000e+00 0.000000000000000000e+00
3.225806451612903136e-02 1.000000000000000000e+00 0.000000000000000000e+00
3.323558162267839511e-02 1.000000000000000000e+00 0.000000000000000000e+00
3.421309872922775885e-02 1.000000000000000000e+00 0.000000000000000000e+00
3.519061583577712954e-02 1.000000000000000000e+00 0.000000000000000000e+00
3.616813294232649328e-02 1.000000000000000000e+00 0.000000000000000000e+00
3.714565004887585703e-02 1.000000000000000000e+00 0.000000000000000000e+00
3.812316715542522078e-02 1.000000000000000000e+00 0.000000000000000000e+00
3.910068426197458452e-02 1.000000000000000000e+00 0.000000000000000000e+00
4.007820136852394827e-02 1.000000000000000000e+00 0.000000000000000000e+00
4.105571847507331201e-02 1.000000000000000000e+00 0.000000000000000000e+00
4.203323558162267576e-02 1.000000000000000000e+00 0.000000000000000000e+00
4.301075268817204644e-02 1.000000000000000000e+00 0.000000000000000000e+00
4.398826979472141019e-02 1.000000000000000000e+00 0.000000000000000000e+00
4.496578690127077393e-02 1.000000000000000000e+00 0.000000000000000000e+00
4.594330400782013768e-02 1.000000000000000000e+00 0.000000000000000000e+00
4.692082111436950143e-02 1.000000000000000000e+00 0.000000000000000000e+00
4.789833822091886517e-02 1.000000000000000000e+00 0.000000000000000000e+00
4.887585532746822892e-02 1.000000000000000000e+00 0.000000000000000000e+00
4.985337243401759266e-02 1.000000000000000000e+00 0.000000000000000000e+00
5.083088954056696335e-02 1.000000000000000000e+00 0.000000000000000000e+00
5.180840664711632709e-02 1.000000000000000000e+00 0.000000000000000000e+00
5.278592375366569084e-02 1.000000000000000000e+00 0.000000000000000000e+00
5.376344086021505458e-02 1.000000000000000000e+00 0.000000000000000000e+00
5.474095796676441833e-02 1.000000000000000000e+00 0.000000000000000000e+00
5.571847507331378208e-02 1.000000000000000000e+00 0.000000000000000000e+00
5.669599217986314582e-02 1.000000000000000000e+00 0.000000000000000000e+00
5.767350928641250957e-02 1.000000000000000000e+00 0.000000000000000000e+00
5.865102639296188025e-02 1.000000000000000000e+00 0.000000000000000000e+00
5.962854349951124400e-02 1.000000000000000000e+00 0.000000000000000000e+00
6.060606060606060774e-02 1.000000000000000000e+00 0.000000000000000000e+00
6.158357771260997149e-02 1.000000000000000000e+00 0.000000000000000000e+00
6.256109481915933523e-02 1.000000000000000000e+00 0.000000000000000000e+00
6.353861192570869898e-02 1.000000000000000000e+00 0.000000000000000000e+00
6.451612903225806273e-02 1.000000000000000000e+00 0.000000000000000000e+00
6.549364613880742647e-02 1.000000000000000000e+00 0.000000000000000000e+00
6.647116324535679022e-02 1.000000000000000000e+00 0.000000000000000000e+00
6.744868035190615396e-02 1.000000000000000000e+00 0.000000000000000000e+00
6.842619745845551771e-02 1.000000000000000000e+00 0.000000000000000000e+00
6.940371456500488145e-02 1.000000000000000000e+00 0.000000000000000000e+00
7.038123167155425908e-02 1.000000000000000000e+00 0.000000000000000000e+00
7.135874877810362282e-02 1.000000000000000000e+00 0.000000000000000000e+00
7.233626588465298657e-02 1.000000000000000000e+00 0.000000000000000000e+00
7.331378299120235031e-02 1.000000000000000000e+00 0.000000000000000000e+00
7.429130009775171406e-02 1.000000000000000000e+00 0.000000000000000000e+00
7.526881720430107781e-02 1.000000000000000000e+00 0.000000000000000000e+00
7.624633431085044155e-02 1.000000000000000000e+00 0.000000000000000000e+00
7.722385141739980530e-02 1.000000000000000000e+00 0.000000000000000000e+00
7.820136852394916904e-02 1.000000000000000000e+00 0.000000000000000000e+00
7.917888563049853279e-02 1.000000000000000000e+00 0.000000000000000000e+00
8.015640273704789653e-02 1.000000000000000000e+00 0.000000000000000000e+00
8.113391984359726028e-02 1.000000000000000000e+00 0.000000000000000000e+00
8.211143695014662403e-02 1.000000000000000000e+00 0.000000000000000000e+00
8.308895405669598777e-02 1.000000000000000000e+00 0.000000000000000000e+00
8.406647116324535152e-02 1.000000000000000000e+00 0.000000000000000000e+00
8.504398826979471526e-02 1.000000000000000000e+00 0.000000000000000000e+00
8.602150537634409289e-02 1.000000000000000000e+00 0.000000000000000000e+00
8.699902248289345663e-02 1.000000000000000000e+00 0.000000000000000000e+00
8.797653958944282038e-02 1.000000000000000000e+00 0.000000000000000000e+00
8.895405669599218412e-02 1.000000000000000000e+00 0.000000000000000000e+00
8.993157380254154787e-02 1.000000000000000000e+00 0.000000000000000000e+00
9.090909090909091161e-02 1.000000000000000000e+00 0.000000000000000000e+00
9.188660801564027536e-02 1.000000000000000000e+00 0.000000000000000000e+00
9.286412512218963911e-02 1.000000000000000000e+00 0.000000000000000000e+00
9.384164222873900285e-02 1.000000000000000000e+00 0.000000000000000000e+00
9.481915933528836660e-02 1.000000000000000000e+00 0.000000000000000000e+00
9.579667644183773034e-02 1.000000000000000000e+00 0.000000000000000000e+00
9.677419354838709409e-02 1.000000000000000000e+00 0.000000000000000000e+00
9.775171065493645783e-02 1.000000000000000000e+00 0.000000000000000000e+00
9.872922776148582158e-02 1.000000000000000000e+00 0.000000000000000000e+00
9.970674486803518533e-02 1.000000000000000000e+00 0.000000000000000000e+00
1.006842619745845491e-01 1.000000000000000000e+00 0.000000000000000000e+00
1.016617790811339267e-01 1.000000000000000000e+00 0.000000000000000000e+00
1.026392961876832904e-01 1.000000000000000000e+00 0.000000000000000000e+00
1.036168132942326542e-01 1.000000000000000000e+00 0.000000000000000000e+00
1.045943304007820179e-01 1.000000000000000000e+00 0.000000000000000000e+00
1.055718475073313817e-01 1.000000000000000000e+00 0.000000000000000000e+00
1.065493646138807454e-01 1.000000000000000000e+00 0.000000000000000000e+00
1.075268817204301092e-01 1.000000000000000000e+00 0.000000000000000000e+00
1.085043988269794729e-01 1.000000000000000000e+00 0.000000000000000000e+00
1.094819159335288367e-01 1.000000000000000000e+00 0.000000000000000000e+00
1.104594330400782004e-01 1.000000000000000000e+00 0.000000000000000000e+00
1.114369501466275642e-01 1.000000000000000000e+00 0.000000000000000000e+00
1.124144672531769279e-01 1.000000000000000000e+00 0.000000000000000000e+00
1.133919843597262916e-01 1.000000000000000000e+00 0.000000000000000000e+00
1.143695014662756554e-01 1.000000000000000000e+00 0.000000000000000000e+00
1.153470185728250191e-01 1.000000000000000000e+00 0.000000000000000000e+00
1.163245356793743829e-01 1.000000000000000000e+00 0.000000000000000000e+00
1.173020527859237605e-01 1.000000000000000000e+00 0.000000000000000000e+00
1.182795698924731242e-01 1.000000000000000000e+00 0.000000000000000000e+00
1.192570869990224880e-01 1.000000000000000000e+00 0.000000000000000000e+00
1.202346041055718517e-01 1.000000000000000000e+00 0.000000000000000000e+00
1.212121212121212155e-01 1.000000000000000000e+00 0.000000000000000000e+00
1.221896383186705792e-01 1.000000000000000000e+00 0.000000000000000000e+00
1.231671554252199430e-01 1.000000000000000000e+00 0.000000000000000000e+00
1.241446725317693067e-01 1.000000000000000000e+00 0.000000000000000000e+00
1.251221896383186705e-01 1.000000000000000000e+00 0.000000000000000000e+00
1.260997067448680342e-01 1.000000000000000000e+00 0.000000000000000000e+00
1.270772238514173980e-01 1.000000000000000000e+00 0.000000000000000000e+00
1.280547409579667617e-01 1.000000000000000000e+00 0.000000000000000000e+00
1.290322580645161255e-01 1.000000000000000000e+00 0.000000000000000000e+00
1.300097751710654892e-01 1.000000000000000000e+00 0.000000000000000000e+00
1.309872922776148529e-01 1.000000000000000000e+00 0.000000000000000000e+00
1.319648093841642167e-01 1.000000000000000000e+00 0.000000000000000000e+00
1.329423264907135804e-01 1.000000000000000000e+00 0.000000000000000000e+00
1.339198435972629442e-01 1.000000000000000000e+00 0.000000000000000000e+00
1.348973607038123079e-01 1.000000000000000000e+00 0.000000000000000000e+00
1.358748778103616717e-01 1.000000000000000000e+00 0.000000000000000000e+00
1.368523949169110354e-01 1.000000000000000000e+00 0.000000000000000000e+00
1.378299120234603992e-01 1.000000000000000000e+00 0.000000000000000000e+00
1.388074291300097629e-01 1.000000000000000000e+00 0.000000000000000000e+00
1.397849462365591267e-01 1.000000000000000000e+00 0.000000000000000000e+00
1.407624633431085182e-01 1.000000000000000000e+00 0.000000000000000000e+00
1.417399804496578819e-01 1.000000000000000000e+00 0.000000000000000000e+00
1.427174975562072456e-01 1.000000000000000000e+00 0.000000000000000000e+00
1.436950146627566094e-01 1.000000000000000000e+00 0.000000000000000000e+00
1.446725317693059731e-01 1.000000000000000000e+00 0.000000000000000000e+00
1.456500488758553369e-01 1.000000000000000000e+00 0.000000000000000000e+00
1.466275659824047006e-01 1.000000000000000000e+00 0.000000000000000000e+00
1.476050830889540644e-01 1.000000000000000000e+00 0.000000000000000000e+00
1.485826001955034281e-01 1.000000000000000000e+00 0.000000000000000000e+00
1.495601173020527919e-01 1.000000000000000000e+00 0.000000000000000000e+00
1.505376344086021556e-01 1.000000000000000000e+00 0.000000000000000000e+00
1.515151515151515194e-01 1.000000000000000000e+00 0.000000000000000000e+00
1.524926686217008831e-01 1.000000000000000000e+00 0.000000000000000000e+00
1.534701857282502468e-01 1.000000000000000000e+00 0.000000000000000000e+00
1.544477028347996106e-01 1.000000000000000000e+00 0.000000000000000000e+00
1.554252199413489743e-01 1.000000000000000000e+00 0.000000000000000000e+00
1.564027370478983381e-01 1.000000000000000000e+00 0.000000000000000000e+00
1.573802541544477018e-01 1.000000000000000000e+00 0.000000000000000000e+00
1.583577712609970656e-01 1.000000000000000000e+00 0.000000000000000000e+00
1.593352883675464293e-01 1.000000000000000000e+00 0.000000000000000000e+00
1.603128054740957931e-01 1.000000000000000000e+00 0.000000000000000000e+00
1.612903225806451568e-01 1.000000000000000000e+00 0.000000000000000000e+00
1.622678396871945206e-01 1.000000000000000000e+00 0.000000000000000000e+00
1.632453567937438843e-01 1.000000000000000000e+00 0.000000000000000000e+00
1.642228739002932481e-01 1.000000000000000000e+00 0.000000000000000000e+00
1.652003910068426118e-01 1.000000000000000000e+00 0.000000000000000000e+00
1.661779081133919755e-01 1.000000000000000000e+00 0.000000000000000000e+00
1.671554252199413393e-01 1.000000000000000000e+00 0.000000000000000000e+00
1.681329423264907030e-01 1.000000000000000000e+00 0.000000000000000000e+00
1.691104594330400668e-01 1.000000000000000000e+00 0.000000000000000000e+00
1.700879765395894305e-01 1.000000000000000000e+00 0.000000000000000000e+00
1.710654936461387943e-01 1.000000000000000000e+00 0.000000000000000000e+00
1.720430107526881858e-01 1.000000000000000000e+00 0.000000000000000000e+00
1.730205278592375495e-01 1.000000000000000000e+00 0.000000000000000000e+00
1.739980449657869133e-01 1.000000000000000000e+00 0.000000000000000000e+00
1.749755620723362770e-01 1.000000000000000000e+00 0.000000000000000000e+00
1.759530791788856408e-01 1.000000000000000000e+00 0.000000000000000000e+00
1.769305962854350045e-01 1.000000000000000000e+00 0.000000000000000000e+00
1.779081133919843682e-01 1.000000000000000000e+00 0.000000000000000000e+00
1.788856304985337320e-01 1.000000000000000000e+00 0.000000000000000000e+00
1.798631476050830957e-01 1.000000000000000000e+00 0.000000000000000000e+00
1.808406647116324595e-01 1.000000000000000000e+00 0.000000000000000000e+00
1.818181818181818232e-01 1.000000000000000000e+00 0.000000000000000000e+00
1.827956989247311870e-01 1.000000000000000000e+00 0.000000000000000000e+00
1.837732160312805507e-01 1.000000000000000000e+00 0.000000000000000000e+00
1.847507331378299145e-01 1.000000000000000000e+00 0.000000000000000000e+00
1.857282502443792782e-01 1.000000000000000000e+00 0.000000000000000000e+00
1.867057673509286420e-01 1.000000000000000000e+00 0.000000000000000000e+00
1.876832844574780057e-01 1.000000000000000000e+00 0.000000000000000000e+00
1.886608015640273694e-01 1.000000000000000000e+00 0.000000000000000000e+00
1.896383186705767332e-01 1.000000000000000000e+00 0.000000000000000000e+00
1.906158357771260969e-01 1.000000000000000000e+00 0.000000000000000000e+00
1.915933528836754607e-01 1.000000000000000000e+00 0.000000000000000000e+00
1.925708699902248244e-01 1.000000000000000000e+00 0.000000000000000000e+00
1.935483870967741882e-01 1.000000000000000000e+00 0.000000000000000000e+00
1.945259042033235519e-01 1.000000000000000000e+00 0.000000000000000000e+00
1.955034213098729157e-01 1.000000000000000000e+00 0.000000000000000000e+00
1.964809384164222794e-01 1.000000000000000000e+00 0.000000000000000000e+00
1.974584555229716432e-01 1.000000000000000000e+00 0.000000000000000000e+00
1.984359726295210069e-01 1.000000000000000000e+00 0.000000000000000000e+00
1.994134897360703707e-01 1.000000000000000000e+00 0.000000000000000000e+00
2.003910068426197344e-01 1.000000000000000000e+00 7.615638770814714842e-17
2.013685239491690981e-01 9.999999999999992228e-01 4.614214196552167573e-16
2.023460410557184619e-01 9.999999999999972244e-01 2.459441513037641157e-15
2.033235581622678534e-01 9.999999999999913403e-01 6.231511961857783016e-15
2.043010752688172171e-01 9.999999999999814593e-01 1.631583356799702936e-14
2.052785923753665809e-01 9.999999999999571454e-01 3.195084007756979636e-14
2.062561094819159446e-01 9.999999999999186207e-01 7.110568404822198821e-14
2.072336265884653084e-01 9.999999999998225864e-01 1.329067322238786682e-13
2.082111436950146721e-01 9.999999999996700417e-01 2.830260263532491898e-13
2.091886608015640359e-01 9.999999999993092192e-01 5.208990134750980830e-13
2.101661779081133996e-01 9.999999999987373434e-01 1.081196028512796354e-12
2.111436950146627634e-01 9.999999999973991915e-01 1.963195883363491904e-12
2.121212121212121271e-01 9.999999999953017582e-01 4.011361982401964636e-12
2.130987292277614908e-01 9.999999999904697345e-01 7.206399652366021167e-12
2.140762463343108546e-01 9.999999999829618513e-01 1.449636541981582458e-11
2.150537634408602183e-01 9.999999999659735517e-01 2.577675646396943637e-11
2.160312805474095821e-01 9.999999999397910511e-01 5.104621282687470920e-11
2.170087976539589458e-01 9.999999998816504476e-01 8.982540347486136173e-11
2.179863147605083096e-01 9.999999997927742079e-01 1.750691781409030569e-10
2.189638318670576733e-01 9.999999995991769586e-01 3.047985387481748793e-10
2.199413489736070371e-01 9.999999993057231418e-01 5.844413246726860881e-10
2.209188660801564008e-01 9.999999986790618633e-01 1.006394217882012993e-09
2.218963831867057646e-01 9.999999977373550397e-01 1.897809782027949839e-09
2.228739002932551283e-01 9.999999957670822059e-01 3.231090435548657558e-09
2.238514173998044920e-01 9.999999928325785659e-01 5.989811980204025906e-09
2.248289345063538558e-01 9.999999868211805198e-01 1.007877795173826875e-08
2.258064516129032195e-01 9.999999779498682795e-01 1.835947849292723964e-08
2.267839687194525833e-01 9.999999601694699036e-01 3.051877925235601896e-08
2.277614858260019470e-01 9.999999341784007179e-01 5.460097559581661597e-08
2.287390029325513108e-01 9.999998832522977166e-01 8.962224266614800040e-08
2.297165200391006745e-01 9.999998095392950148e-01 1.573994810611494690e-07
2.306940371456500383e-01 9.999996684692745719e-01 2.549782602210943518e-07
2.316715542521994020e-01 9.999994663573943399e-01 4.393355486755165168e-07
2.326490713587487658e-01 9.999990889397397664e-01 7.019923900499188699e-07
2.336265884652981295e-01 9.999985539532302292e-01 1.185924119666036069e-06
2.346041055718475210e-01 9.999975802585204798e-01 1.867894605713815160e-06
2.355816226783968848e-01 9.999962153939753184e-01 3.091741777686731337e-06
2.365591397849462485e-01 9.999937973665147251e-01 4.796751835998104927e-06
2.375366568914956122e-01 9.999904475377119351e-01 7.772903736515040653e-06
2.385141739980449760e-01 9.999846792709383703e-01 1.186927607284254413e-05
2.394916911045943397e-01 9.999767869055298242e-01 1.881315631206218879e-05
2.404692082111437035e-01 9.999636000928965318e-01 2.824872756066957306e-05
2.414467253176930672e-01 9.999457945836478512e-01 4.375267764676571777e-05
2.424242424242424310e-01 9.999169850400703163e-01 6.453263866847957770e-05
2.434017595307917947e-01 9.998786329400806139e-01 9.755867867184381096e-05
2.443792766373411585e-01 9.998186780813050900e-01 1.411732737198475402e-04
2.453567937438905222e-01 9.997400787072012740e-01 2.080545395219420663e-04
2.463343108504398860e-01 9.996216730572000664e-01 2.949693353553913119e-04
2.473118279569892497e-01 9.994690163708891406e-01 4.232066545425069732e-04
2.482893450635386134e-01 9.992480436119574039e-01 5.869435267761652581e-04
2.492668621700879772e-01 9.989683203933515943e-01 8.186907236961714135e-04
2.502443792766373409e-01 9.985804026642334241e-01 1.108890308621714085e-03
2.512218963831867047e-01 9.980991638146313738e-01 1.501754036026572243e-03
2.521994134897360684e-01 9.974614717982748235e-01 1.983220762582588170e-03
2.531769305962854322e-01 9.966878142388801987e-01 2.605186787610504814e-03
2.541544477028347959e-01 9.957099249634649984e-01 3.349478572765724090e-03
2.551319648093841597e-01 9.945522807867582804e-01 4.266005187901692267e-03
2.561094819159335234e-01 9.931565389747690764e-01 5.334525291639298332e-03
2.570869990224828872e-01 9.915476849105671064e-01 6.590159439715426344e-03
2.580645161290322509e-01 9.896928647606217933e-01 8.013550431999911031e-03
2.590420332355816146e-01 9.876142942266169511e-01 9.615849845599102122e-03
2.600195503421309784e-01 9.853110267085520846e-01 1.138028840866955708e-02
2.609970674486803421e-01 9.828023101582077370e-01 1.329516296726149065e-02
2.619745845552297059e-01 9.801110745528527346e-01 1.534517872275032932e-02
2.629521016617790696e-01 9.772565710774520076e-01 1.750688960942142075e-02
2.639296187683284334e-01 9.742689759369367319e-01 1.976419562725383397e-02
2.649071358748777971e-01 9.711695106671890398e-01 2.209455517793118898e-02
2.658846529814271609e-01 9.679827719821529897e-01 2.448125614501921524e-02
2.668621700879765246e-01 9.647293891607618965e-01 2.690851184458600484e-02
2.678396871945258884e-01 9.614255489615441963e-01 2.936222021280840769e-02
2.688172043010752521e-01 9.580867254768771213e-01 3.183237706989625743e-02
2.697947214076246158e-01 9.547233801401506792e-01 3.431000658256223163e-02
2.707722385141739796e-01 9.513444449482435505e-01 3.678858038919323448e-02
2.717497556207233433e-01 9.479566440287729989e-01 3.926350106689260183e-02
2.727272727272727071e-01 9.445646158461250552e-01 4.173083424838364142e-02
2.737047898338220708e-01 9.411720430406217419e-01 4.418818623279358038e-02
2.746823069403714346e-01 9.377816055955000563e-01 4.663360356120418299e-02
2.756598240469207983e-01 9.343950342469449222e-01 4.906571357941575534e-02
2.766373411534701621e-01 9.310138948363413380e-01 5.148355415687740078e-02
2.776148582600195258e-01 9.276391207778159620e-01 5.388644271051568763e-02
2.785923753665688896e-01 9.242715419118232578e-01 5.627379072590266151e-02
2.795698924731182533e-01 9.209117339258932056e-01 5.864528769056232688e-02
2.805474095796676171e-01 9.175602043550966647e-01 6.100058833401093145e-02
2.815249266862170363e-01 9.142172723564677694e-01 6.333951320520653239e-02
2.825024437927664001e-01 9.108833000650681244e-01 6.566187557036777533e-02
2.834799608993157638e-01 9.075584817355335510e-01 6.796758164838928584e-02
2.844574780058651275e-01 9.042430601034254778e-01 7.025651428866494519e-02
2.854349951124144913e-01 9.009371717999365980e-01 7.252864286799763638e-02
2.864125122189638550e-01 8.976409867240942031e-01 7.478390114860998528e-02
2.873900293255132188e-01 8.943545921966583601e-01 7.702228769043442669e-02
2.883675464320625825e-01 8.910781142284853740e-01 7.924377708351959537e-02
2.893450635386119463e-01 8.878116095851965595e-01 8.144838940336168731e-02
2.903225806451613100e-01 8.845551667478180891e-01 8.363612401344990011e-02
2.913000977517106738e-01 8.813088238727158075e-01 8.580701765006612525e-02
2.922776148582600375e-01 8.780726428513104809e-01 8.796108923316443839e-02
2.932551319648094013e-01 8.748466464151879451e-01 9.009838537790333668e-02
2.942326490713587650e-01 8.716308770070091416e-01 9.221894013374631882e-02
2.952101661779081287e-01 8.684253468964576728e-01 9.432280790922741021e-02
2.961876832844574925e-01 8.652300827685323048e-01 9.641003342927298436e-02
2.971652003910068562e-01 8.620450891541603378e-01 9.848067684591133020e-02
2.981427174975562200e-01 8.588703810203087707e-01 1.005347913151152794e-01
2.991202346041055837e-01 8.557059567032514469e-01 1.025724410462730968e-01
3.000977517106549475e-01 8.525518220191714569e-01 1.045936854829147694e-01
3.010752688172043112e-01 8.494079706542287944e-01 1.065985920597239539e-01
3.020527859237536750e-01 8.462744012666806315e-01 1.085872249154955366e-01
3.030303030303030387e-01 8.431511037598419245e-01 1.105596538732373096e-01
3.040078201368524025e-01 8.400380712908201986e-01 1.125159466435100702e-01
3.049853372434017662e-01 8.369352907128497776e-01 1.144561748855611460e-01
3.059628543499511300e-01 8.338427508567719526e-01 1.163804089291479438e-01
3.069403714565004937e-01 8.307604360928400045e-01 1.182887218402829815e-01
3.079178885630498574e-01 8.276883318923057287e-01 1.201811858852801368e-01
3.088954056695992212e-01 8.246264205656972379e-01 1.220578751759279212e-01
3.098729227761485849e-01 8.215746849544771635e-01 1.239188633702501402e-01
3.108504398826979487e-01 8.185331056755597023e-01 1.257642253535997401e-01
3.118279569892473124e-01 8.155016635097731559e-01 1.275940357578420059e-01
3.128054740957966762e-01 8.124803376697266044e-01 1.294083700069374732e-01
3.137829912023460399e-01 8.094691073224979938e-01 1.312073033856571702e-01
3.147605083088954037e-01 8.064679505248539826e-01 1.329909116676692982e-01
3.157380254154447674e-01 8.034768451756850727e-01 1.347592705379005718e-01
3.167155425219941312e-01 8.004957683838567206e-01 1.365124559605021548e-01
3.176930596285434949e-01 7.975246970545617486e-01 1.382505438255458574e-01
3.186705767350928586e-01 7.945636075254940422e-01 1.399736101550714540e-01
3.196480938416422224e-01 7.916124759239548947e-01 1.416817308896823890e-01
3.206256109481915861e-01 7.886712779671466444e-01 1.433749819988344443e-01
3.216031280547409499e-01 7.857399891775885825e-01 1.450534393521504262e-01
3.225806451612903136e-01 7.828185847798494468e-01 1.467171787740283173e-01
3.235581622678396774e-01 7.799070398308595164e-01 1.483662759660969443e-01
3.245356793743890411e-01 7.770053291716958466e-01 1.500008065309773597e-01
3.255131964809384049e-01 7.741134275071057669e-01 1.516208459247444518e-01
3.264907135874877686e-01 7.712313093874058056e-01 1.532264694643529213e-01
3.274682306940371324e-01 7.683589492583450253e-01 1.548177522978385623e-01
3.284457478005864961e-01 7.654963214585972509e-01 1.563947694036690317e-01
3.294232649071358598e-01 7.626434002522477495e-01 1.579575955713020674e-01
3.304007820136852236e-01 7.598001598337702500e-01 1.595063053970213196e-01
3.313782991202345873e-01 7.569665743503694033e-01 1.610409732707030472e-01
3.323558162267839511e-01 7.541426179100398919e-01 1.625616733704841332e-01
3.333333333333333148e-01 7.513282645978357488e-01 1.640684796533183054e-01
3.343108504398826786e-01 7.485234884847927761e-01 1.655614658496514513e-01
3.352883675464320423e-01 7.457282636404606313e-01 1.670407054564166660e-01
3.362658846529814061e-01 7.429425641416156356e-01 1.685062717322142745e-01
3.372434017595307698e-01 7.401663640823714641e-01 1.699582376919580584e-01
3.382209188660801336e-01 7.373996375822533533e-01 1.713966761027418961e-01
3.391984359726294973e-01 7.346423587946511180e-01 1.728216594796738448e-01
3.401759530791788610e-01 7.318945019141249730e-01 1.742332600824437194e-01
3.411534701857282248e-01 7.291560411836617295e-01 1.756315499120579271e-01
3.421309872922775885e-01 7.264269509012331039e-01 1.770166007080564152e-01
3.431085043988269523e-01 7.237072054261488585e-01 1.783884839459581595e-01
3.440860215053763715e-01 7.209967791849448693e-01 1.797472708350522363e-01
3.450635386119257353e-01 7.182956466770309412e-01 1.810930323164200162e-01
3.460410557184750990e-01 7.156037824800082214e-01 1.824258390612232272e-01
3.470185728250244628e-01 7.129211612547614596e-01 1.837457614692019903e-01
3.479960899315738265e-01 7.102477577503003570e-01 1.850528696673877649e-01
3.489736070381231903e-01 7.075835468084101798e-01 1.863472335090007315e-01
3.499511241446725540e-01 7.049285033681086388e-01 1.876289225725238652e-01
3.509286412512219178e-01 7.022826024699454495e-01 1.888980061609360495e-01
3.519061583577712815e-01 6.996458192601561210e-01 1.901545533010940425e-01
3.528836754643206453e-01 6.970181289946907333e-01 1.913986327432501966e-01
3.538611925708700090e-01 6.943995070431332461e-01 1.926303129606966869e-01
3.548387096774193727e-01 6.917899288925274393e-01 1.938496621495240657e-01
3.558162267839687365e-01 6.891893701511236925e-01 1.950567482284893128e-01
3.567937438905181002e-01 6.865978065520627061e-01 1.962516388389819455e-01
3.577712609970674640e-01 6.840152139570057077e-01 1.974344013450817226e-01
3.587487781036168277e-01 6.814415683597266904e-01 1.986051028337013635e-01
3.597262952101661915e-01 6.788768458896777824e-01 1.997638101148085654e-01
3.607038123167155552e-01 6.763210228155392967e-01 2.009105897217205172e-01
3.616813294232649190e-01 6.737740755487634514e-01 2.020455079114665820e-01
3.626588465298142827e-01 6.712359806471258628e-01 2.031686306652132068e-01
3.636363636363636465e-01 6.687067148182923582e-01 2.042800236887482301e-01
3.646138807429130102e-01 6.661862549234119912e-01 2.053797524130192842e-01
3.655913978494623739e-01 6.636745779807466938e-01 2.064678819947237676e-01
3.665689149560117377e-01 6.611716611693460033e-01 2.075444773169461965e-01
3.675464320625611014e-01 6.586774818327766345e-01 2.086096029898391879e-01
3.685239491691104652e-01 6.561920174829162233e-01 2.096633233513470196e-01
3.695014662756598289e-01 6.537152458038210101e-01 2.107057024679682977e-01
3.704789833822091927e-01 6.512471446556769017e-01 2.117368041355558173e-01
3.714565004887585564e-01 6.487876920788421264e-01 2.127566918801506168e-01
3.724340175953079202e-01 6.463368662979900314e-01 2.137654289588488687e-01
3.734115347018572839e-01 6.438946457263654555e-01 2.147630783607005489e-01
3.743890518084066477e-01 6.414610089701585638e-01 2.157497028076379442e-01
3.753665689149560114e-01 6.390359348330116873e-01 2.167253647554321649e-01
3.763440860215053752e-01 6.366194023206631636e-01 2.176901263946758869e-01
3.773216031280547389e-01 6.342113906457423900e-01 2.186440496517949028e-01
3.782991202346041026e-01 6.318118792327276356e-01 2.195871961900827951e-01
3.792766373411534664e-01 6.294208477230714971e-01 2.205196274107603382e-01
3.802541544477028301e-01 6.270382759805072093e-01 2.214414044540593818e-01
3.812316715542521939e-01 6.246641440965537972e-01 2.223525882003300758e-01
3.822091886608015576e-01 6.222984323962227338e-01 2.232532392711716052e-01
3.831867057673509214e-01 6.199411214439403128e-01 2.241434180305847956e-01
3.841642228739002851e-01 6.175921920497029483e-01 2.250231845861475066e-01
3.851417399804496489e-01 6.152516252754741677e-01 2.258925987902136168e-01
3.861192570869990126e-01 6.129194024418368469e-01 2.267517202411334920e-01
3.870967741935483764e-01 6.105955051349198914e-01 2.276006082844989897e-01
3.880742913000977401e-01 6.082799152136073584e-01 2.284393220144096959e-01
3.890518084066471038e-01 6.059726148170501148e-01 2.292679202747643918e-01
3.900293255131964676e-01 6.036735863724967954e-01 2.300864616605766966e-01
3.910068426197458313e-01 6.013828126034571619e-01 2.308950045193141065e-01
3.919843597262951951e-01 5.991002765382205109e-01 2.316936069522643471e-01
3.929618768328445588e-01 5.968259615187457845e-01 2.324823268159273981e-01
3.939393939393939226e-01 5.945598512099412591e-01 2.332612217234349972e-01
3.949169110459432863e-01 5.923019296093597896e-01 2.340303490459988700e-01
3.958944281524926501e-01 5.900521810573259307e-01 2.347897659143887705e-01
3.968719452590420138e-01 5.878105902475224687e-01 2.355395292204418844e-01
3.978494623655913776e-01 5.855771422380581237e-01 2.362796956186041797e-01
3.988269794721407413e-01 5.833518224630419580e-01 2.370103215275075614e-01
3.998044965786901050e-01 5.811346167446954647e-01 2.377314631315824989e-01
4.007820136852394688e-01 5.789255113060245428e-01 2.384431763827081219e-01
4.017595307917888325e-01 5.767244927840855517e-01 2.391455170019040066e-01
4.027370478983381963e-01 5.745315482438786425e-01 2.398385404810627897e-01
4.037145650048875600e-01 5.723466651928970084e-01 2.405223020847301052e-01
4.046920821114369238e-01 5.701698315963734665e-01 2.411968568519306244e-01
4.056695992179862875e-01 5.680010358932560122e-01 2.418622595980448320e-01
4.066471163245357068e-01 5.658402670129568657e-01 2.425185649167412583e-01
4.076246334310850705e-01 5.636875143929149790e-01 2.431658271819635009e-01
4.086021505376344343e-01 5.615427679970153019e-01 2.438041005499800851e-01
4.095796676441837980e-01 5.594060183349152116e-01 2.444334389614971070e-01
4.105571847507331618e-01 5.572772564823235131e-01 2.450538961438420704e-01
4.115347018572825255e-01 5.551564741022898541e-01 2.456655256132183052e-01
4.125122189638318893e-01 5.530436634675555130e-01 2.462683806770396555e-01
4.134897360703812530e-01 5.509388174840275099e-01 2.468625144363469082e-01
4.144672531769306167e-01 5.488419297154376597e-01 2.474479797883132048e-01
4.154447702834799805e-01 5.467529944092555105e-01 2.480248294288449618e-01
4.164222873900293442e-01 5.446720065239218922e-01 2.485931158552825149e-01
4.173998044965787080e-01 5.425989617574794588e-01 2.491528913692090674e-01
4.183773216031280717e-01 5.405338565776814930e-01 2.497042080793756835e-01
4.193548387096774355e-01 5.384766882536607957e-01 2.502471179047465744e-01
4.203323558162267992e-01 5.364274548892448147e-01 2.507816725776779165e-01
4.213098729227761630e-01 5.343861554580207063e-01 2.513079236472359757e-01
4.222873900293255267e-01 5.323527898402403702e-01 2.518259224826650544e-01
4.232649071358748905e-01 5.303273588616791434e-01 2.523357202770157848e-01
4.242424242424242542e-01 5.283098643345586209e-01 2.528373680509453103e-01
4.252199413489736179e-01 5.263003091006529521e-01 2.533309166566991011e-01
4.261974584555229817e-01 5.242986970767067323e-01 2.538164167822904438e-01
4.271749755620723454e-01 5.223050333023002700e-01 2.542939189558882651e-01
4.281524926686217092e-01 5.203193239903052270e-01 2.547634735504299974e-01
4.291300097751710729e-01 5.183415765800821751e-01 2.552251307884754183e-01
4.301075268817204367e-01 5.163717997935826087e-01 2.556789407473153974e-01
4.310850439882698004e-01 5.144100036945273846e-01 2.561249533643587539e-01
4.320625610948191642e-01 5.124561997508405575e-01 2.565632184428111029e-01
4.330400782013685279e-01 5.105104009005374532e-01 2.569937856576722801e-01
4.340175953079178917e-01 5.085726216212655970e-01 2.574167045620700534e-01
4.349951124144672554e-01 5.066428780037193214e-01 2.578320245939565991e-01
4.359726295210166191e-01 5.047211878291589793e-01 2.582397950831951117e-01
4.369501466275659829e-01 5.028075706512763476e-01 2.586400652590603033e-01
4.379276637341153466e-01 5.009020478826657907e-01 2.590328842581868241e-01
4.389051808406647104e-01 4.990046428861784067e-01 2.594183011329950217e-01
4.398826979472140741e-01 4.971153810714453170e-01 2.597963648606297915e-01
4.408602150537634379e-01 4.952342899968784073e-01 2.601671243524485977e-01
4.418377321603128016e-01 4.933613994774748157e-01 2.605306284640994674e-01
4.428152492668621654e-01 4.914967416987686688e-01 2.608869260062305906e-01
4.437927663734115291e-01 4.896403513372903360e-01 2.612360657558766563e-01
4.447702834799608929e-01 4.877922656879180030e-01 2.615780964685719967e-01
4.457478005865102566e-01 4.859525247985247431e-01 2.619130668912411086e-01
4.467253176930596203e-01 4.841211716123450803e-01 2.622410257759257290e-01
4.477028347996089841e-01 4.822982521185110172e-01 2.625620218944048068e-01
4.486803519061583478e-01 4.804838155112228226e-01 2.628761040537742621e-01
4.496578690127077116e-01 4.786779143580504048e-01 2.631833211130518713e-01
4.506353861192570753e-01 4.768806047778797463e-01 2.634837220008856562e-01
4.516129032258064391e-01 4.750919466290448590e-01 2.637773557344394448e-01
4.525904203323558028e-01 4.733120037082046427e-01 2.640642714395395330e-01
4.535679374389051666e-01 4.715408439605511259e-01 2.643445183721740976e-01
4.545454545454545303e-01 4.697785397019555442e-01 2.646181459414362336e-01
4.555229716520038941e-01 4.680251678536780924e-01 2.648852037340131971e-01
4.565004887585532578e-01 4.662808101902873315e-01 2.651457415403269402e-01
4.574780058651026216e-01 4.645455536014502784e-01 2.653998093824386229e-01
4.584555229716519853e-01 4.628194903682700811e-01 2.656474575438370067e-01
4.594330400782013490e-01 4.611027184548538993e-01 2.658887366012341325e-01
4.604105571847507128e-01 4.593953418158014945e-01 2.661236974585019510e-01
4.613880742913000765e-01 4.576974707203005921e-01 2.663523913828854672e-01
4.623655913978494403e-01 4.560092220935095253e-01 2.665748700436387231e-01
4.633431085043988040e-01 4.543307198758887444e-01 2.667911855532331122e-01
4.643206256109481678e-01 4.526620954011119635e-01 2.670013905112914587e-01
4.652981427174975315e-01 4.510034877931527464e-01 2.672055380514107292e-01
4.662756598240468953e-01 4.493550443830799379e-01 2.674036818910341951e-01
4.672531769305962590e-01 4.477169211460280129e-01 2.675958763845431299e-01
4.682306940371456228e-01 4.460892831587102147e-01 2.677821765797323561e-01
4.692082111436950420e-01 4.444723050777258377e-01 2.679626382778391158e-01
4.701857282502444058e-01 4.428661716387670699e-01 2.681373180972899117e-01
4.711632453567937695e-01 4.412710781766535639e-01 2.683062735413241917e-01
4.721407624633431332e-01 4.396872311659046351e-01 2.684695630696463109e-01
4.731182795698924970e-01 4.381148487813054659e-01 2.686272461742443829e-01
4.740957966764418607e-01 4.365541614776118351e-01 2.687793834594962017e-01
4.750733137829912245e-01 4.350054125871818389e-01 2.689260367266642082e-01
4.760508308895405882e-01 4.334688589338978049e-01 2.690672690628490571e-01
4.770283479960899520e-01 4.319447714612450473e-01 2.692031449344362559e-01
4.780058651026393157e-01 4.304334358718480691e-01 2.693337302850291604e-01
4.789833822091886795e-01 4.289351532751031204e-01 2.694590926378040985e-01
4.799608993157380432e-01 4.274502408387935160e-01 2.695793012021631130e-01
4.809384164222874070e-01 4.259790324397156880e-01 2.696944269844799291e-01
4.819159335288367707e-01 4.245218793073709529e-01 2.698045429026472708e-01
4.828934506353861345e-01 4.230791506536830116e-01 2.699097239040277318e-01
4.838709677419354982e-01 4.216512342804769053e-01 2.700100470862896174e-01
4.848484848484848619e-01 4.202385371550911297e-01 2.701055918204700590e-01
4.858260019550342257e-01 4.188414859429914761e-01 2.701964398754502228e-01
4.868035190615835894e-01 4.174605274846057146e-01 2.702826755428495153e-01
4.877810361681329532e-01 4.160961292018098279e-01 2.703643857611467416e-01
4.887585532746823169e-01 4.147487794175701570e-01 2.704416602376200074e-01
4.897360703812316807e-01 4.134189875701992922e-01 2.705145915664541323e-01
4.907135874877810444e-01 4.121072843015297638e-01 2.705832753411098746e-01
4.916911045943304082e-01 4.108142213960918054e-01 2.706478102587737689e-01
4.926686217008797719e-01 4.095403715461219951e-01 2.707082982144172201e-01
4.936461388074291357e-01 4.082863279150020230e-01 2.707648443817047279e-01
4.946236559139784994e-01 4.070527034695830548e-01 2.708175572776862494e-01
4.956011730205278631e-01 4.058401300498958308e-01 2.708665488079283201e-01
4.965786901270772269e-01 4.046492571430670981e-01 2.709119342884629411e-01
4.975562072336265906e-01 4.034807503270016471e-01 2.709538324407002041e-01
4.985337243401759544e-01 4.023352893486859538e-01 2.709923653552596678e-01
4.995112414467253181e-01 4.012135658019944096e-01 2.710276584205560946e-01
5.004887585532746819e-01 4.001162803708249172e-01 2.710598402119388517e-01
5.014662756598240456e-01 3.990441396054607570e-01 2.710890423372631641e-01
5.024437927663734094e-01 3.979978522034686161e-01 2.711153992349793485e-01
5.034213098729227731e-01 3.969781247714226358e-01 2.711390479211972515e-01
5.043988269794721369e-01 3.959856570505081996e-01 2.711601276827294571e-01
5.053763440860215006e-01 3.950211365977973066e-01 2.711787797138682232e-01
5.063538611925708643e-01 3.940852329258674458e-01 2.711951466956157852e-01
5.073313782991202281e-01 3.931785911165473490e-01 2.712093723172785964e-01
5.083088954056695918e-01 3.923018249399454205e-01 2.712216007417451169e-01
5.092864125122189556e-01 3.914555095274548924e-01 2.712319760173868000e-01
5.102639296187683193e-01 3.906401736669180558e-01 2.712406414413214284e-01
5.112414467253176831e-01 3.898562918091889595e-01 2.712477388807080780e-01
5.122189638318670468e-01 3.891042758974128657e-01 2.712534080607451603e-01
5.131964809384164106e-01 3.883844671526895387e-01 2.712577858300390110e-01
5.141739980449657743e-01 3.876971279714837570e-01 2.712610054158892670e-01
5.151515151515151381e-01 3.870424341100633381e-01 2.712631956837117109e-01
5.161290322580645018e-01 3.864204673481372310e-01 2.712644804161495893e-01
5.171065493646138655e-01 3.858312088363719528e-01 2.712649776283045933e-01
5.180840664711632293e-01 3.852745333392010307e-01 2.712647989358463185e-01
5.190615835777125930e-01 3.847502045840069385e-01 2.712640489924191822e-01
5.200391006842619568e-01 3.842578719192069614e-01 2.712628250117301576e-01
5.210166177908113205e-01 3.837970684661815568e-01 2.712612163879179472e-01
5.219941348973606843e-01 3.833672109229173119e-01 2.712593044253122643e-01
5.229716520039100480e-01 3.829676011407885938e-01 2.712571621855672799e-01
5.239491691104594118e-01 3.825974295507734713e-01 2.712548544565073771e-01
5.249266862170087755e-01 3.822557804629051481e-01 2.712524378430402616e-01
5.259042033235581393e-01 3.819416392048736175e-01 2.712499609763770470e-01
5.268817204301075030e-01 3.816539010049252445e-01 2.712474648337728222e-01
5.278592375366568668e-01 3.813913814635088717e-01 2.712449831573070513e-01
5.288367546432062305e-01 3.811528284006848177e-01 2.712425429570684554e-01
5.298142717497555942e-01 3.809369348153741619e-01 2.712401650816861909e-01
5.307917888563049580e-01 3.807423526510694267e-01 2.712378648375770585e-01
5.317693059628543217e-01 3.805677070331878742e-01 2.712356526376362709e-01
5.327468230694036855e-01 3.804116106276575482e-01 2.712335346603790276e-01
5.337243401759530492e-01 3.802726777695830673e-01 2.712315135016831746e-01
5.347018572825024130e-01 3.801495380249725886e-01 2.712295888031596158e-01
5.356793743890517767e-01 3.800408488766143789e-01 2.712277578436266823e-01
5.366568914956011405e-01 3.799453072654780383e-01 2.712260160829882971e-01
5.376344086021505042e-01 3.798616597689666863e-01 2.712243576508114318e-01
5.386119257086998680e-01 3.797887112539377608e-01 2.712227757748824630e-01
5.395894428152492317e-01 3.797253319023525808e-01 2.712212631478133629e-01
5.405669599217985954e-01 3.796704625674195421e-01 2.712198122322472815e-01
5.415444770283479592e-01 3.796231184751090448e-01 2.712184155072819847e-01
5.425219941348973229e-01 3.795823913373270742e-01 2.712170656603403174e-01
5.434995112414466867e-01 3.795474499868087825e-01 2.712157557298582322e-01
5.444770283479960504e-01 3.795175396785681610e-01 2.712144792048599151e-01
5.454545454545454142e-01 3.794919802278473031e-01 2.712132300877890256e-01
5.464320625610947779e-01 3.794701631699000099e-01 2.712120029269288191e-01
5.474095796676441417e-01 3.794515481331647289e-01 2.712107928244475996e-01
5.483870967741935054e-01 3.794356586153930233e-01 2.712095954256177333e-01
5.493646138807428692e-01 3.794220773433900074e-01 2.712084068941402748e-01
5.503421309872922329e-01 3.794104413826642208e-01 2.712072238778389099e-01
5.513196480938415966e-01 3.794004371449837820e-01 2.712060434682854737e-01
5.522971652003909604e-01 3.793917954210823673e-01 2.712048631572578361e-01
5.532746823069403241e-01 3.793842865438752932e-01 2.712036807923026704e-01
5.542521994134896879e-01 3.793777157657035048e-01 2.712024945331241721e-01
5.552297165200390516e-01 3.793719189122429225e-01 2.712013028100359602e-01
5.562072336265884154e-01 3.793667583565027979e-01 2.712001042853059429e-01
5.571847507331377791e-01 3.793621193392844315e-01 2.711988978179001863e-01
5.581622678396871429e-01 3.793579066478331430e-01 2.711976824318641510e-01
5.591397849462365066e-01 3.793540416523186187e-01 2.711964572883827085e-01
5.601173020527858704e-01 3.793504596901633441e-01 2.711952216614176847e-01
5.610948191593352341e-01 3.793471077809704717e-01 2.711939749167148195e-01
5.620723362658845979e-01 3.793439426496478251e-01 2.711927164939119117e-01
5.630498533724340726e-01 3.793409290320273186e-01 2.711914458914441717e-01
5.640273704789834364e-01 3.793380382355309166e-01 2.711901626539246490e-01
5.650048875855328001e-01 3.793352469269655192e-01 2.711888663616875972e-01
5.659824046920821639e-01 3.793325361200421408e-01 2.711875566221902401e-01
5.669599217986315276e-01 3.793298903364649144e-01 2.711862330629934426e-01
5.679374389051808913e-01 3.793272969162032049e-01 2.711848953260689310e-01
5.689149560117302551e-01 3.793247454546481157e-01 2.711835430632051347e-01
5.698924731182796188e-01 3.793222273466089201e-01 2.711821759323149172e-01
5.708699902248289826e-01 3.793197354194080551e-01 2.711807935944755554e-01
5.718475073313783463e-01 3.793172636395902297e-01 2.711793957115569143e-01
5.728250244379277101e-01 3.793148068798969930e-01 2.711779819443149164e-01
5.738025415444770738e-01 3.793123607351432947e-01 2.711765519508507749e-01
5.747800586510264376e-01 3.793099213774278056e-01 2.711751053853555526e-01
5.757575757575758013e-01 3.793074854427079812e-01 2.711736418970688844e-01
5.767350928641251651e-01 3.793050499421738997e-01 2.711721611294032330e-01
5.777126099706745288e-01 3.793026121930631045e-01 2.711706627191864394e-01
5.786901270772238925e-01 3.793001697645932424e-01 2.711691462959932020e-01
5.796676441837732563e-01 3.792977204355566512e-01 2.711676114815373961e-01
5.806451612903226200e-01 3.792952621608406405e-01 2.711660578891039730e-01
5.816226783968719838e-01 3.792927930447358431e-01 2.711644851230085029e-01
5.826001955034213475e-01 3.792903113193750730e-01 2.711628927780700415e-01
5.835777126099707113e-01 3.792878153270339836e-01 2.711612804390891029e-01
5.845552297165200750e-01 3.792853035053314614e-01 2.711596476803247446e-01
5.855327468230694388e-01 3.792827743746144398e-01 2.711579940649659903e-01
5.865102639296188025e-01 3.792802265269952788e-01 2.711563191445926502e-01
5.874877810361681663e-01 3.792776586166551334e-01 2.711546224586243725e-01
5.884652981427175300e-01 3.792750693511352522e-01 2.711529035337542082e-01
5.894428152492668938e-01 3.792724574834181461e-01 2.711511618833648551e-01
5.904203323558162575e-01 3.792698218046581804e-01 2.711493970069272508e-01
5.913978494623656212e-01 3.792671611374634488e-01 2.711476083893780697e-01
5.923753665689149850e-01 3.792644743296592624e-01 2.711457955004754061e-01
5.933528836754643487e-01 3.792617602484816275e-01 2.711439577941313073e-01
5.943304007820137125e-01 3.792590177751622993e-01 2.711420947077177734e-01
5.953079178885630762e-01 3.792562457998751579e-01 2.711402056613472222e-01
5.962854349951124400e-01 3.792534432170154846e-01 2.711382900571218113e-01
5.972629521016618037e-01 3.792506089207873243e-01 2.711363472783530626e-01
5.982404692082111675e-01 3.792477418010746781e-01 2.711343766887466811e-01
5.992179863147605312e-01 3.792448407395704879e-01 2.711323776315512912e-01
6.001955034213098950e-01 3.792419046061387133e-01 2.711303494286684823e-01
6.011730205278592587e-01 3.792389322553840758e-01 2.711282913797211647e-01
6.021505376344086224e-01 3.792359225234033238e-01 2.711262027610770176e-01
6.031280547409579862e-01 3.792328742246915962e-01 2.711240828248234758e-01
6.041055718475073499e-01 3.792297861491777389e-01 2.711219307976917570e-01
6.050830889540567137e-01 3.792266570593644803e-01 2.711197458799249338e-01
6.060606060606060774e-01 3.792234856875473237e-01 2.711175272440869977e-01
6.070381231671554412e-01 3.792202707330886158e-01 2.711152740338083067e-01
6.080156402737048049e-01 3.792170108597237577e-01 2.711129853624619224e-01
6.089931573802541687e-01 3.792137046928755750e-01 2.711106603117669489e-01
6.099706744868035324e-01 3.792103508169577530e-01 2.711082979303129359e-01
6.109481915933528962e-01 3.792069477726446314e-01 2.711058972319997373e-01
6.119257086999022599e-01 3.792034940540876531e-01 2.711034571943856109e-01
6.129032258064516236e-01 3.791999881060593158e-01 2.711009767569375617e-01
6.138807429130009874e-01 3.791964283210033093e-01 2.710984548191756049e-01
6.148582600195503511e-01 3.791928130359751292e-01 2.710958902387043401e-01
6.158357771260997149e-01 3.791891405294514072e-01 2.710932818291211244e-01
6.168132942326490786e-01 3.791854090179889170e-01 2.710906283577917963e-01
6.177908113391984424e-01 3.791816166527143817e-01 2.710879285434851238e-01
6.187683284457478061e-01 3.791777615156248227e-01 2.710851810538510431e-01
6.197458455522971699e-01 3.791738416156758551e-01 2.710823845027341417e-01
6.207233626588465336e-01 3.791698548846377248e-01 2.710795374473060626e-01
6.217008797653958974e-01 3.791657991726931631e-01 2.710766383850030103e-01
6.226783968719452611e-01 3.791616722437554099e-01 2.710736857502521469e-01
6.236559139784946248e-01 3.791574717704751518e-01 2.710706779109686160e-01
6.246334310850439886e-01 3.791531953289105639e-01 2.710676131648030451e-01
6.256109481915933523e-01 3.791488403928274242e-01 2.710644897351202620e-01
6.265884652981427161e-01 3.791444043275952747e-01 2.710613057666822479e-01
6.275659824046920798e-01 3.791398843836411570e-01 2.710580593210114020e-01
6.285434995112414436e-01 3.791352776894201249e-01 2.710547483714041417e-01
6.295210166177908073e-01 3.791305812438560130e-01 2.710513707975619746e-01
6.304985337243401711e-01 3.791257919082018368e-01 2.710479243798054050e-01
6.314760508308895348e-01 3.791209063972619808e-01 2.710444067928285405e-01
6.324535679374388986e-01 3.791159212699137249e-01 2.710408155989512680e-01
6.334310850439882623e-01 3.791108329188557780e-01 2.710371482408162058e-01
6.344086021505376261e-01 3.791056375595030503e-01 2.710334020334737581e-01
6.353861192570869898e-01 3.791003312179360707e-01 2.710295741557903204e-01
6.363636363636363535e-01 3.790949097177994664e-01 2.710256616411030328e-01
6.373411534701857173e-01 3.790893686660291584e-01 2.710216613670373142e-01
6.383186705767350810e-01 3.790837034372683267e-01 2.710175700443838154e-01
6.392961876832844448e-01 3.790779091568076131e-01 2.710133842049222141e-01
6.402737047898338085e-01 3.790719806818592108e-01 2.710091001880499673e-01
6.412512218963831723e-01 3.790659125809320851e-01 2.710047141260558123e-01
6.422287390029325360e-01 3.790596991110384284e-01 2.710002219278391800e-01
6.432062561094818998e-01 3.790533341923934540e-01 2.709956192608393155e-01
6.441837732160312635e-01 3.790468113802050731e-01 2.709909015308818447e-01
6.451612903225806273e-01 3.790401238330469713e-01 2.709860638595828486e-01
6.461388074291299910e-01 3.790332642771907512e-01 2.709811010588628055e-01
6.471163245356793547e-01 3.790262249661097704e-01 2.709760076020091835e-01
6.480938416422287185e-01 3.790189976341617473e-01 2.709707775905764726e-01
6.490713587487780822e-01 3.790115734431895866e-01 2.709654047162222135e-01
6.500488758553274460e-01 3.790039429204333232e-01 2.709598822163312160e-01
6.510263929618768097e-01 3.789960958857032658e-01 2.709542028219627530e-01
6.520039100684261735e-01 3.789880213651923846e-01 2.709483586962444512e-01
6.529814271749755372e-01 3.789797074885790651e-01 2.709423413608195719e-01
6.539589442815249010e-01 3.789711413651485894e-01 2.709361416072958439e-01
6.549364613880742647e-01 3.789623089335037442e-01 2.709297493898097930e-01
6.559139784946236285e-01 3.789531947779821164e-01 2.709231536937911078e-01
6.568914956011729922e-01 3.789437819031049592e-01 2.709163423747206756e-01
6.578690127077223559e-01 3.789340514551843286e-01 2.709093019591125029e-01
6.588465298142717197e-01 3.789239823775428229e-01 2.709020173980324908e-01
6.598240469208210834e-01 3.789135509825983239e-01 2.708944717611828645e-01
6.608015640273704472e-01 3.789027304202711721e-01 2.708866458568657820e-01
6.617790811339198109e-01 3.788914900177295930e-01 2.708785177599636329e-01
6.627565982404691747e-01 3.788797944603767287e-01 2.708700622264201829e-01
6.637341153470185384e-01 3.788676027781904265e-01 2.708612499685658648e-01
6.647116324535679022e-01 3.788548670950828146e-01 2.708520467610212590e-01
6.656891495601172659e-01 3.788415310919442391e-01 2.708424123419097551e-01
6.666666666666666297e-01 3.788275281266075822e-01 2.708322990687968557e-01
6.676441837732159934e-01 3.788127789463553441e-01 2.708216502833343808e-01
6.686217008797653572e-01 3.787971889210974274e-01 2.708103983332246778e-01
6.695992179863147209e-01 3.787806447183995062e-01 2.707984621951572413e-01
6.705767350928640846e-01 3.787630103356817157e-01 2.707857446381813360e-01
6.715542521994134484e-01 3.787441224007886964e-01 2.707721288640282942e-01
6.725317693059628121e-01 3.787237846505261407e-01 2.707574745597564614e-01
6.735092864125121759e-01 3.787017614985568326e-01 2.707416132993730740e-01
6.744868035190615396e-01 3.786777706102190666e-01 2.707243432354990431e-01
6.754643206256109034e-01 3.786514744133895327e-01 2.707054230304088427e-01
6.764418377321602671e-01 3.786224704925037488e-01 2.706845649886383542e-01
6.774193548387096309e-01 3.785902808382345386e-01 2.706614273715048924e-01
6.783968719452589946e-01 3.785543399589696989e-01 2.706356058979326185e-01
6.793743890518083584e-01 3.785139819027472097e-01 2.706066244663750120e-01
6.803519061583577221e-01 3.784684262900276375e-01 2.705739251696023806e-01
6.813294232649070858e-01 3.784167635185055611e-01 2.705368577176022749e-01
6.823069403714564496e-01 3.783579393704856186e-01 2.704946684334068041e-01
6.832844574780058133e-01 3.782907393299668186e-01 2.704464890414291500e-01
6.842619745845551771e-01 3.782137729985970420e-01 2.703913255265322224e-01
6.852394916911045408e-01 3.781254590844921881e-01 2.703280474026976132e-01
6.862170087976539046e-01 3.780240115222120445e-01 2.702553777904266874e-01
6.871945259042032683e-01 3.779074273619225099e-01 2.701718847590105499e-01
6.881720430107527431e-01 3.777734771363167043e-01 2.700759744402337903e-01
6.891495601173021068e-01 3.776196984701084003e-01 2.699658864602867969e-01
6.901270772238514706e-01 3.774433937334865652e-01 2.698396922627984140e-01
6.911045943304008343e-01 3.772416325524458047e-01 2.696952969041468973e-01
6.920821114369501981e-01 3.770112599703241973e-01 2.695304448889108695e-01
6.930596285434995618e-01 3.767489110017278597e-01 2.693427305753250400e-01
6.940371456500489256e-01 3.764510322288729949e-01 2.691296136154340823e-01
6.950146627565982893e-01 3.761139109591303820e-01 2.688884398008081766e-01
6.959921798631476531e-01 3.757337122908153138e-01 2.686164675619009401e-01
6.969696969696970168e-01 3.753065242235822385e-01 2.683109002185043446e-01
6.979472140762463805e-01 3.748284107038689639e-01 2.679689239029507397e-01
6.989247311827957443e-01 3.742954722206764395e-01 2.675877508809930694e-01
6.999022482893451080e-01 3.737039132707539180e-01 2.671646677835299299e-01
7.008797653958944718e-01 3.730501157052679151e-01 2.666970880428699564e-01
7.018572825024438355e-01 3.723307166642773058e-01 2.661826076086445392e-01
7.028347996089931993e-01 3.715426895141495378e-01 2.656190628103111684e-01
7.038123167155425630e-01 3.706834259405030196e-01 2.650045890454942876e-01
7.047898338220919268e-01 3.697508171294494050e-01 2.643376788162728475e-01
7.057673509286412905e-01 3.687433318062693921e-01 2.636172375185432681e-01
7.067448680351906543e-01 3.676600888051339000e-01 2.628426353213090261e-01
7.077223851417400180e-01 3.665009218258022394e-01 2.620137534601142959e-01
7.086999022482893817e-01 3.652664341002058168e-01 2.611310233167357664e-01
7.096774193548387455e-01 3.639580408467695816e-01 2.601954567680243025e-01
7.106549364613881092e-01 3.625779976326686804e-01 2.592086664600549706e-01
7.116324535679374730e-01 3.611294130892524490e-01 2.581728748961213959e-01
7.126099706744868367e-01 3.596162448248034771e-01 2.570909115123197752e-01
7.135874877810362005e-01 3.580432778389479598e-01 2.559661972434399968e-01
7.145650048875855642e-01 3.564160852483314046e-01 2.548027164431204694e-01
7.155425219941349280e-01 3.547409716648131095e-01 2.536049764023053932e-01
7.165200391006842917e-01 3.530249001047692792e-01 2.523779550941779304e-01
7.174975562072336555e-01 3.512754038295816672e-01 2.511270381465632306e-01
7.184750733137830192e-01 3.495004850016835696e-01 2.498579463890058250e-01
7.194525904203323829e-01 3.477085024675493630e-01 2.485766556269980165e-01
7.204301075268817467e-01 3.459080513309470972e-01 2.472893105474213427e-01
7.214076246334311104e-01 3.441078372420054432e-01 2.460021348467234803e-01
7.223851417399804742e-01 3.423165484895014932e-01 2.447213397890488640e-01
7.233626588465298379e-01 3.405427290390291573e-01 2.434530334410280883e-01
7.243401759530792017e-01 3.387946556068694437e-01 2.422031327921435051e-01
7.253176930596285654e-01 3.370802217017533353e-01 2.409772808568817204e-01
7.262952101661779292e-01 3.354068313120888156e-01 2.397807706728427302e-01
7.272727272727272929e-01 3.337813045765257725e-01 2.386184778661140649e-01
7.282502443792766567e-01 3.322097973662355708e-01 2.374948031624549982e-01
7.292277614858260204e-01 3.306977362458423109e-01 2.364136258929461221e-01
7.302052785923753842e-01 3.292497697860371497e-01 2.353782691896582902e-01
7.311827956989247479e-01 3.278697366946369263e-01 2.343914772049593698e-01
7.321603128054741116e-01 3.265606507339743891e-01 2.334554043314300276e-01
7.331378299120234754e-01 3.253247019195121270e-01 2.325716160612184558e-01
7.341153470185728391e-01 3.241632730638664417e-01 2.317411008157551355e-01
7.350928641251222029e-01 3.230769703557054284e-01 2.309642918088663233e-01
7.360703812316715666e-01 3.220656663547214471e-01 2.302410977859550012e-01
7.370478983382209304e-01 3.211285535490958631e-01 2.295709413140815391e-01
7.380254154447702941e-01 3.202642064640113251e-01 2.289528031849293876e-01
7.390029325513196579e-01 3.194706502288300332e-01 2.283852714347918700e-01
7.399804496578690216e-01 3.187454335033554353e-01 2.278665934805754745e-01
7.409579667644183854e-01 3.180857037241752727e-01 2.273947299141375333e-01
7.419354838709677491e-01 3.174882827522299000e-01 2.269674085831748511e-01
7.429130009775171128e-01 3.169497411725695213e-01 2.265821777082934196e-01
7.438905180840664766e-01 3.164664697057978371e-01 2.262364569349759880e-01
7.448680351906158403e-01 3.160347464265099715e-01 2.259275853877517892e-01
7.458455522971652041e-01 3.156507987357941025e-01 2.256528659738588627e-01
7.468230694037145678e-01 3.153108592918218434e-01 2.254096053673892153e-01
7.478005865102639316e-01 3.150112153549702865e-01 2.251951492853645487e-01
7.487781036168132953e-01 3.147482512433733004e-01 2.250069128383708206e-01
7.497556207233626591e-01 3.145184838144000627e-01 2.248424058953762406e-01
7.507331378299120228e-01 3.143185910820744944e-01 2.246992535414071568e-01
7.517106549364613866e-01 3.141454342462878246e-01 2.245752118253200036e-01
7.526881720430107503e-01 3.139960735448670825e-01 2.244681790915558084e-01
7.536656891495601140e-01 3.138677784436161855e-01 2.243762032641573312e-01
7.546432062561094778e-01 3.137580327531554469e-01 2.242974855040119897e-01
7.556207233626588415e-01 3.136645353065762309e-01 2.242303806925913523e-01
7.565982404692082053e-01 3.135851968512972099e-01 2.241733952093006021e-01
7.575757575757575690e-01 3.135181338053281141e-01 2.241251824672728377e-01
7.585532746823069328e-01 3.134616595060403244e-01 2.240845366566372454e-01
7.595307917888562965e-01 3.134142735422910664e-01 2.240503851176573469e-01
7.605083088954056603e-01 3.133746497120985519e-01 2.240217797313496240e-01
7.614858260019550240e-01 3.133416230915516687e-01 2.239978876747943382e-01
7.624633431085043878e-01 3.133141766395226568e-01 2.239779818446553938e-01
7.634408602150537515e-01 3.132914276998771674e-01 2.239614312074773295e-01
7.644183773216031152e-01 3.132726147006600903e-01 2.239476912908480999e-01
7.653958944281524790e-01 3.132570842901302721e-01 2.239362949869072861e-01
7.663734115347018427e-01 3.132442790940176969e-01 2.239268437999984152e-01
7.673509286412512065e-01 3.132337262280427970e-01 2.239189996342856592e-01
7.683284457478005702e-01 3.132250266552347728e-01 2.239124771853377716e-01
7.693059628543499340e-01 3.132178454392363087e-01 2.239070369722655773e-01
7.702834799608992977e-01 3.132119029126143039e-01 2.239024790240087270e-01
7.712609970674486615e-01 3.132069667530127943e-01 2.238986372146427595e-01
7.722385141739980252e-01 3.132028449393984282e-01 2.238953742278663173e-01
7.732160312805473890e-01 3.131993795451603058e-01 2.238925771197544101e-01
7.741935483870967527e-01 3.131964413138535464e-01 2.238901534410205896e-01
7.751710654936461165e-01 3.131939249562964434e-01 2.238880278749688091e-01
7.761485826001954802e-01 3.131917451039143985e-01 2.238861393445912007e-01
7.771260997067448439e-01 3.131898328520830166e-01 2.238844385414480165e-01
7.781036168132942077e-01 3.131881328281667098e-01 2.238828858296458557e-01
7.790811339198435714e-01 3.131866007214960668e-01 2.238814494800480115e-01
7.800586510263929352e-01 3.131852012162089638e-01 2.238801041924849689e-01
7.810361681329422989e-01 3.131839062723215106e-01 2.238788298669066867e-01
7.820136852394916627e-01 3.131826937052737403e-01 2.238776105879081157e-01
7.829912023460410264e-01 3.131815460192543532e-01 2.238764337906748170e-01
7.839687194525903902e-01 3.131804494546471807e-01 2.238752895799983600e-01
7.849462365591397539e-01 3.131793932148070891e-01 2.238741701774882853e-01
7.859237536656891177e-01 3.131783688419587097e-01 2.238730694753880701e-01
7.869012707722384814e-01 3.131773697162486547e-01 2.238719826784276445e-01
7.878787878787878451e-01 3.131763906558265309e-01 2.238709060178982468e-01
7.888563049853372089e-01 3.131754275992696401e-01 2.238698365245898603e-01
7.898338220918865726e-01 3.131744773546986660e-01 2.238687718494038748e-01
7.908113391984359364e-01 3.131735374025795826e-01 2.238677101223414401e-01
7.917888563049853001e-01 3.131726057414804809e-01 2.238666498421973405e-01
7.927663734115346639e-01 3.131716807679993386e-01 2.238655897906804415e-01
7.937438905180840276e-01 3.131707611837213912e-01 2.238645289658534043e-01
7.947214076246333914e-01 3.131698459234339427e-01 2.238634665307667471e-01
7.956989247311827551e-01 3.131689340999725402e-01 2.238624017739799243e-01
7.966764418377321189e-01 3.131680249620077405e-01 2.238613340793288164e-01
7.976539589442814826e-01 3.131671178618484208e-01 2.238602629028521029e-01
7.986314760508308463e-01 3.131662122309598617e-01 2.238591877552271459e-01
7.996089931573802101e-01 3.131653075613935466e-01 2.238581081884285229e-01
8.005865102639295738e-01 3.131644033917253545e-01 2.238570237856044309e-01
8.015640273704789376e-01 3.131634992964157371e-01 2.238559341533933877e-01
8.025415444770283013e-01 3.131625948777555513e-01 2.238548389160831265e-01
8.035190615835776651e-01 3.131616897597563898e-01 2.238537377111524673e-01
8.044965786901270288e-01 3.131607835834964715e-01 2.238526301858457246e-01
8.054740957966763926e-01 3.131598760035527729e-01 2.238515159945146937e-01
8.064516129032257563e-01 3.131589666852390152e-01 2.238503947965271856e-01
8.074291300097751201e-01 3.131580553024385094e-01 2.238492662545907286e-01
8.084066471163244838e-01 3.131571415358764821e-01 2.238481300333788893e-01
8.093841642228738475e-01 3.131562250717127571e-01 2.238469857983752254e-01
8.103616813294232113e-01 3.131553056003698599e-01 2.238458332148734742e-01
8.113391984359725750e-01 3.131543828155307074e-01 2.238446719470865154e-01
8.123167155425219388e-01 3.131534564132604781e-01 2.238435016573327163e-01
8.132942326490714136e-01 3.131525260912184083e-01 2.238423220052735696e-01
8.142717497556207773e-01 3.131515915479341494e-01 2.238411326471879681e-01
8.152492668621701410e-01 3.131506524821330850e-01 2.238399332352700721e-01
8.162267839687195048e-01 3.131497085920974532e-01 2.238387234169455786e-01
8.172043010752688685e-01 3.131487595750572228e-01 2.238375028342020623e-01
8.181818181818182323e-01 3.131478051266051721e-01 2.238362711229323343e-01
8.191593352883675960e-01 3.131468449401345056e-01 2.238350279122924835e-01
8.201368523949169598e-01 3.131458787062985638e-01 2.238337728240768210e-01
8.211143695014663235e-01 3.131449061124943478e-01 2.238325054721136409e-01
8.220918866080156873e-01 3.131439268423701350e-01 2.238312254616862951e-01
8.230694037145650510e-01 3.131429405753611839e-01 2.238299323889849091e-01
8.240469208211144148e-01 3.131419469862553595e-01 2.238286258405932927e-01
8.250244379276637785e-01 3.131409457447923428e-01 2.238273053930174006e-01
8.260019550342131422e-01 3.131399365152990333e-01 2.238259706122604498e-01
8.269794721407625060e-01 3.131389189563651421e-01 2.238246210534494407e-01
8.279569892473118697e-01 3.131378927205559215e-01 2.238232562605126652e-01
8.289345063538612335e-01 3.131368574541563699e-01 2.238218757658976821e-01
8.299120234604105972e-01 3.131358127969428029e-01 2.238204790903243480e-01
8.308895405669599610e-01 3.131347583820044966e-01 2.238190657426049890e-01
8.318670576735093247e-01 3.131336938356821253e-01 2.238176352196268315e-01
8.328445747800586885e-01 3.131326187776699577e-01 2.238161870065742409e-01
8.338220918866080522e-01 3.131315328211046745e-01 2.238147205771514880e-01
8.347996089931574160e-01 3.131304355720450627e-01 2.238132353929497553e-01
8.357771260997067797e-01 3.131293266277643816e-01 2.238117309010619060e-01
8.367546432062561435e-01 3.131282055750627125e-01 2.238102065315370481e-01
8.377321603128055072e-01 3.131270719936546931e-01 2.238086617018934521e-01
8.387096774193548709e-01 3.131259254706427742e-01 2.238070958378395592e-01
8.396871945259042347e-01 3.131247656181324057e-01 2.238055084000873385e-01
8.406647116324535984e-01 3.131235920514116589e-01 2.238038988567879750e-01
8.416422287390029622e-01 3.131224042674390917e-01 2.238022665111416565e-01
8.426197458455523259e-01 3.131212014693559587e-01 2.238006102384155205e-01
8.435972629521016897e-01 3.131199826891554183e-01 2.237989286293643187e-01
8.445747800586510534e-01 3.131187477901213878e-01 2.237972214039458396e-01
8.455522971652004172e-01 3.131174991535090602e-01 2.237954919137456478e-01
8.465298142717497809e-01 3.131162411893235187e-01 2.237937467236995603e-01
8.475073313782991447e-01 3.131149722117346768e-01 2.237919842332568021e-01
8.484848484848485084e-01 3.131136686531035829e-01 2.237901714519064666e-01
8.494623655913978721e-01 3.131122843803385569e-01 2.237882405934964181e-01
8.504398826979472359e-01 3.131108151818852714e-01 2.237861786827663180e-01
8.514173998044965996e-01 3.131094431556399327e-01 2.237842384514424632e-01
8.523949169110459634e-01 3.131085840295955713e-01 2.237830266219853204e-01
8.533724340175953271e-01 3.131083874199960260e-01 2.237828160443844638e-01
8.543499511241446909e-01 3.131074421082822301e-01 2.237816668110149121e-01
8.553274682306940546e-01 3.131020234089181842e-01 2.237741779187435442e-01
8.563049853372434184e-01 3.130898541392463374e-01 2.237566024608533544e-01
8.572825024437927821e-01 3.130815054325032931e-01 2.237432922013585790e-01
8.582600195503421459e-01 3.131096980542230068e-01 2.237814108623401577e-01
8.592375366568915096e-01 3.132020750318397773e-01 2.239145158964409299e-01
8.602150537634408733e-01 3.132824713736550581e-01 2.240409468784481661e-01
8.611925708699902371e-01 3.130678542578782531e-01 2.237551200082803504e-01
8.621700879765396008e-01 3.122564027506776752e-01 2.225941495427831984e-01
8.631476050830889646e-01 3.113673541584237037e-01 2.212337970746899307e-01
8.641251221896383283e-01 3.127802403924194730e-01 2.230622403591105141e-01
8.651026392961876921e-01 3.196150481619423611e-01 2.328591969404560369e-01
8.660801564027370558e-01 3.287620707744620674e-01 2.468625560041525224e-01
8.670576735092864196e-01 3.185053078195157483e-01 2.340618403274400128e-01
8.680351906158357833e-01 2.585281909176668780e-01 1.542603770872709723e-01
8.690127077223851471e-01 1.783953653797432370e-01 5.529760559066353165e-02
8.699902248289345108e-01 1.373791345992504687e-01 1.109267222637218102e-02
8.709677419354838745e-01 1.270375958525681581e-01 1.695536878398218620e-03
8.719452590420332383e-01 1.252966233455143352e-01 2.423007946897600502e-04
8.729227761485826020e-01 1.250420325439494107e-01 3.423443940750550322e-05
8.739002932551319658e-01 1.250059308096131416e-01 4.828327407782375536e-06
8.748778103616813295e-01 1.250008363284850765e-01 6.808077355550605933e-07
8.758553274682306933e-01 1.250001179222428593e-01 9.599371189129342607e-08
8.768328445747800570e-01 1.250000166268711299e-01 1.353495816878503430e-08
8.778103616813294208e-01 1.250000023443630648e-01 1.908405740308938802e-09
8.787878787878787845e-01 1.250000003305511698e-01 2.690820750259404926e-10
8.797653958944281483e-01 1.250000000466071626e-01 3.794007018993007329e-11
8.807429130009775120e-01 1.250000000065714656e-01 5.349502032864025201e-12
8.817204301075268758e-01 1.250000000009265644e-01 7.542450740900585399e-13
8.826979472140762395e-01 1.250000000001306177e-01 1.063411948429569510e-13
8.836754643206256032e-01 1.250000000000183742e-01 1.499224701092543358e-14
8.846529814271749670e-01 1.250000000000025535e-01 2.079751332465135581e-15
8.856304985337243307e-01 1.250000000000003331e-01 2.749479425604260911e-16
8.866080156402736945e-01 1.250000000000000278e-01 2.911865906873062084e-17
8.875855327468230582e-01 1.250000000000000000e-01 1.119942440974971666e-18
8.885630498533724220e-01 1.250000000000000000e-01 5.892808178121786636e-69
8.895405669599217857e-01 1.250000000000000000e-01 1.387328658160003877e-139
8.905180840664711495e-01 1.250000000000000000e-01 7.121232208600144445e-284
8.914956011730205132e-01 1.250000000000000000e-01 0.000000000000000000e+00
8.924731182795698770e-01 1.250000000000000000e-01 0.000000000000000000e+00
8.934506353861192407e-01 1.250000000000000000e-01 0.000000000000000000e+00
8.944281524926686044e-01 1.250000000000000000e-01 0.000000000000000000e+00
8.954056695992179682e-01 1.250000000000000000e-01 0.000000000000000000e+00
8.963831867057673319e-01 1.250000000000000000e-01 0.000000000000000000e+00
8.973607038123166957e-01 1.250000000000000000e-01 0.000000000000000000e+00
8.983382209188660594e-01 1.250000000000000000e-01 0.000000000000000000e+00
8.993157380254154232e-01 1.250000000000000000e-01 0.000000000000000000e+00
9.002932551319647869e-01 1.250000000000000000e-01 0.000000000000000000e+00
9.012707722385141507e-01 1.250000000000000000e-01 0.000000000000000000e+00
9.022482893450635144e-01 1.250000000000000000e-01 0.000000000000000000e+00
9.032258064516128782e-01 1.250000000000000000e-01 0.000000000000000000e+00
9.042033235581622419e-01 1.250000000000000000e-01 0.000000000000000000e+00
9.051808406647116056e-01 1.250000000000000000e-01 0.000000000000000000e+00
9.061583577712609694e-01 1.250000000000000000e-01 0.000000000000000000e+00
9.071358748778103331e-01 1.250000000000000000e-01 0.000000000000000000e+00
9.081133919843596969e-01 1.250000000000000000e-01 0.000000000000000000e+00
9.090909090909090606e-01 1.250000000000000000e-01 0.000000000000000000e+00
9.100684261974584244e-01 1.250000000000000000e-01 0.000000000000000000e+00
9.110459433040077881e-01 1.250000000000000000e-01 0.000000000000000000e+00
9.120234604105571519e-01 1.250000000000000000e-01 0.000000000000000000e+00
9.130009775171065156e-01 1.250000000000000000e-01 0.000000000000000000e+00
9.139784946236558794e-01 1.250000000000000000e-01 0.000000000000000000e+00
9.149560117302052431e-01 1.250000000000000000e-01 0.000000000000000000e+00
9.159335288367546068e-01 1.250000000000000000e-01 0.000000000000000000e+00
9.169110459433039706e-01 1.250000000000000000e-01 0.000000000000000000e+00
9.178885630498533343e-01 1.250000000000000000e-01 0.000000000000000000e+00
9.188660801564026981e-01 1.250000000000000000e-01 0.000000000000000000e+00
9.198435972629520618e-01 1.250000000000000000e-01 0.000000000000000000e+00
9.208211143695014256e-01 1.250000000000000000e-01 0.000000000000000000e+00
9.217986314760507893e-01 1.250000000000000000e-01 0.000000000000000000e+00
9.227761485826001531e-01 1.250000000000000000e-01 0.000000000000000000e+00
9.237536656891495168e-01 1.250000000000000000e-01 0.000000000000000000e+00
9.247311827956988806e-01 1.250000000000000000e-01 0.000000000000000000e+00
9.257086999022482443e-01 1.250000000000000000e-01 0.000000000000000000e+00
9.266862170087976081e-01 1.250000000000000000e-01 0.000000000000000000e+00
9.276637341153469718e-01 1.250000000000000000e-01 0.000000000000000000e+00
9.286412512218963355e-01 1.250000000000000000e-01 0.000000000000000000e+00
9.296187683284456993e-01 1.250000000000000000e-01 0.000000000000000000e+00
9.305962854349950630e-01 1.250000000000000000e-01 0.000000000000000000e+00
9.315738025415444268e-01 1.250000000000000000e-01 0.000000000000000000e+00
9.325513196480937905e-01 1.250000000000000000e-01 0.000000000000000000e+00
9.335288367546431543e-01 1.250000000000000000e-01 0.000000000000000000e+00
9.345063538611925180e-01 1.250000000000000000e-01 0.000000000000000000e+00
9.354838709677418818e-01 1.250000000000000000e-01 0.000000000000000000e+00
9.364613880742912455e-01 1.250000000000000000e-01 0.000000000000000000e+00
9.374389051808406093e-01 1.250000000000000000e-01 0.000000000000000000e+00
9.384164222873900840e-01 1.250000000000000000e-01 0.000000000000000000e+00
9.393939393939394478e-01 1.250000000000000000e-01 0.000000000000000000e+00
9.403714565004888115e-01 1.250000000000000000e-01 0.000000000000000000e+00
9.413489736070381753e-01 1.250000000000000000e-01 0.000000000000000000e+00
9.423264907135875390e-01 1.250000000000000000e-01 0.000000000000000000e+00
9.433040078201369028e-01 1.250000000000000000e-01 0.000000000000000000e+00
9.442815249266862665e-01 1.250000000000000000e-01 0.000000000000000000e+00
9.452590420332356302e-01 1.250000000000000000e-01 0.000000000000000000e+00
9.462365591397849940e-01 1.250000000000000000e-01 0.000000000000000000e+00
9.472140762463343577e-01 1.250000000000000000e-01 0.000000000000000000e+00
9.481915933528837215e-01 1.250000000000000000e-01 0.000000000000000000e+00
9.491691104594330852e-01 1.250000000000000000e-01 0.000000000000000000e+00
9.501466275659824490e-01 1.250000000000000000e-01 0.000000000000000000e+00
9.511241446725318127e-01 1.250000000000000000e-01 0.000000000000000000e+00
9.521016617790811765e-01 1.250000000000000000e-01 0.000000000000000000e+00
9.530791788856305402e-01 1.250000000000000000e-01 0.000000000000000000e+00
9.540566959921799040e-01 1.250000000000000000e-01 0.000000000000000000e+00
9.550342130987292677e-01 1.250000000000000000e-01 0.000000000000000000e+00
9.560117302052786314e-01 1.250000000000000000e-01 0.000000000000000000e+00
9.569892473118279952e-01 1.250000000000000000e-01 0.000000000000000000e+00
9.579667644183773589e-01 1.250000000000000000e-01 0.000000000000000000e+00
9.589442815249267227e-01 1.250000000000000000e-01 0.000000000000000000e+00
9.599217986314760864e-01 1.250000000000000000e-01 0.000000000000000000e+00
9.608993157380254502e-01 1.250000000000000000e-01 0.000000000000000000e+00
9.618768328445748139e-01 1.250000000000000000e-01 0.000000000000000000e+00
9.628543499511241777e-01 1.250000000000000000e-01 0.000000000000000000e+00
9.638318670576735414e-01 1.250000000000000000e-01 0.000000000000000000e+00
9.648093841642229052e-01 1.250000000000000000e-01 0.000000000000000000e+00
9.657869012707722689e-01 1.250000000000000000e-01 0.000000000000000000e+00
9.667644183773216326e-01 1.250000000000000000e-01 0.000000000000000000e+00
9.677419354838709964e-01 1.250000000000000000e-01 0.000000000000000000e+00
9.687194525904203601e-01 1.250000000000000000e-01 0.000000000000000000e+00
9.696969696969697239e-01 1.250000000000000000e-01 0.000000000000000000e+00
9.706744868035190876e-01 1.250000000000000000e-01 0.000000000000000000e+00
9.716520039100684514e-01 1.250000000000000000e-01 0.000000000000000000e+00
9.726295210166178151e-01 1.250000000000000000e-01 0.000000000000000000e+00
9.736070381231671789e-01 1.250000000000000000e-01 0.000000000000000000e+00
9.745845552297165426e-01 1.250000000000000000e-01 0.000000000000000000e+00
9.755620723362659064e-01 1.250000000000000000e-01 0.000000000000000000e+00
9.765395894428152701e-01 1.250000000000000000e-01 0.000000000000000000e+00
9.775171065493646338e-01 1.250000000000000000e-01 0.000000000000000000e+00
9.784946236559139976e-01 1.250000000000000000e-01 0.000000000000000000e+00
9.794721407624633613e-01 1.250000000000000000e-01 0.000000000000000000e+00
9.804496578690127251e-01 1.250000000000000000e-01 0.000000000000000000e+00
9.814271749755620888e-01 1.250000000000000000e-01 0.000000000000000000e+00
9.824046920821114526e-01 1.250000000000000000e-01 0.000000000000000000e+00
9.833822091886608163e-01 1.250000000000000000e-01 0.000000000000000000e+00
9.843597262952101801e-01 1.250000000000000000e-01 0.000000000000000000e+00
9.853372434017595438e-01 1.250000000000000000e-01 0.000000000000000000e+00
9.863147605083089076e-01 1.250000000000000000e-01 0.000000000000000000e+00
9.872922776148582713e-01 1.250000000000000000e-01 0.000000000000000000e+00
9.882697947214076351e-01 1.250000000000000000e-01 0.000000000000000000e+00
9.892473118279569988e-01 1.250000000000000000e-01 0.000000000000000000e+00
9.902248289345063625e-01 1.250000000000000000e-01 0.000000000000000000e+00
9.912023460410557263e-01 1.250000000000000000e-01 0.000000000000000000e+00
9.921798631476050900e-01 1.250000000000000000e-01 0.000000000000000000e+00
9.931573802541544538e-01 1.250000000000000000e-01 0.000000000000000000e+00
9.941348973607038175e-01 1.250000000000000000e-01 0.000000000000000000e+00
9.951124144672531813e-01 1.250000000000000000e-01 0.000000000000000000e+00
9.960899315738025450e-01 1.250000000000000000e-01 0.000000000000000000e+00
9.970674486803519088e-01 1.250000000000000000e-01 0.000000000000000000e+00
9.980449657869012725e-01 1.250000000000000000e-01 0.000000000000000000e+00
9.990224828934506363e-01 1.250000000000000000e-01 -0.000000000000000000e+00
1.000000000000000000e+00 1.250000000000000000e-01 -0.000000000000000000e+00
