# 0.30939735105631294
0.000000000000000000e+00 1.000000000000000000e+00 -0.000000000000000000e+00
9.775171065493646130e-04 1.000000000000000000e+00 -0.000000000000000000e+00
1.955034213098729226e-03 1.000000000000000000e+00 0.000000000000000000e+00
2.932551319648093839e-03 1.000000000000000000e+00 0.000000000000000000e+00
3.910068426197458452e-03 1.000000000000000000e+00 0.000000000000000000e+00
4.887585532746823065e-03 1.000000000000000000e+00 0.000000000000000000e+00
5.865102639296187678e-03 1.000000000000000000e+00 0.000000000000000000e+00
6.842619745845552291e-03 1.000000000000000000e+00 0.000000000000000000e+00
7.820136852394916904e-03 1.000000000000000000e+00 0.000000000000000000e+00
8.797653958944282385e-03 1.000000000000000000e+00 0.000000000000000000e+00
9.775171065493646130e-03 1.000000000000000000e+00 0.000000000000000000e+00
1.075268817204301161e-02 1.000000000000000000e+00 0.000000000000000000e+00
1.173020527859237536e-02 1.000000000000000000e+00 0.000000000000000000e+00
1.270772238514174084e-02 1.000000000000000000e+00 0.000000000000000000e+00
1.368523949169110458e-02 1.000000000000000000e+00 0.000000000000000000e+00
1.466275659824047006e-02 1.000000000000000000e+00 0.000000000000000000e+00
1.564027370478983381e-02 1.000000000000000000e+00 0.000000000000000000e+00
1.661779081133919755e-02 1.000000000000000000e+00 0.000000000000000000e+00
1.759530791788856477e-02 1.000000000000000000e+00 0.000000000000000000e+00
1.857282502443792851e-02 1.000000000000000000e+00 0.000000000000000000e+00
1.955034213098729226e-02 1.000000000000000000e+00 0.000000000000000000e+00
2.052785923753665601e-02 1.000000000000000000e+00 0.000000000000000000e+00
2.150537634408602322e-02 1.000000000000000000e+00 0.000000000000000000e+00
2.248289345063538697e-02 1.000000000000000000e+00 0.000000000000000000e+00
2.346041055718475071e-02 1.000000000000000000e+00 0.000000000000000000e+00
2.443792766373411446e-02 1.000000000000000000e+00 0.000000000000000000e+00
2.541544477028348167e-02 1.000000000000000000e+00 0.000000000000000000e+00
2.639296187683284542e-02 1.000000000000000000e+00 0.000000000000000000e+00
2.737047898338220916e-02 1.000000000000000000e+00 0.000000000000000000e+00
2.834799608993157291e-02 1.000000000000000000e+00 0.000000000000000000e+00
2.932551319648094013e-02 1.000000000000000000e+00 0.000000000000000000e+00
3.030303030303030387e-02 1.000000000000000000e+00 0.000000000000000000e+00
3.128054740957966762e-02 1.000000000000000000e+00 0.000000000000000000e+00
3.225806451612903136e-02 1.000000000000000000e+00 0.000000000000000000e+00
3.323558162267839511e-02 1.000000000000000000e+00 0.000000000000000000e+00
3.421309872922775885e-02 1.000000000000000000e+00 0.000000000000000000e+00
3.519061583577712954e-02 1.000000000000000000e+00 0.000000000000000000e+00
3.616813294232649328e-02 1.000000000000000000e+00 0.000000000000000000e+00
3.714565004887585703e-02 1.000000000000000000e+00 0.000000000000000000e+00
3.812316715542522078e-02 1.000000000000000000e+00 0.000000000000000000e+00
3.910068426197458452e-02 1.000000000000000000e+00 0.000000000000000000e+00
4.007820136852394827e-02 1.000000000000000000e+00 0.000000000000000000e+00
4.105571847507331201e-02 1.000000000000000000e+00 0.000000000000000000e+00
4.203323558162267576e-02 1.000000000000000000e+00 0.000000000000000000e+00
4.301075268817204644e-02 1.000000000000000000e+00 0.000000000000000000e+00
4.398826979472141019e-02 1.000000000000000000e+00 0.000000000000000000e+00
4.496578690127077393e-02 1.000000000000000000e+00 0.000000000000000000e+00
4.594330400782013768e-02 1.000000000000000000e+00 0.000000000000000000e+00
4.692082111436950143e-02 1.000000000000000000e+00 0.000000000000000000e+00
4.789833822091886517e-02 1.000000000000000000e+00 0.000000000000000000e+00
4.887585532746822892e-02 1.000000000000000000e+00 0.000000000000000000e+00
4.985337243401759266e-02 1.000000000000000000e+00 0.000000000000000000e+00
5.083088954056696335e-02 1.000000000000000000e+00 0.000000000000000000e+00
5.180840664711632709e-02 1.000000000000000000e+00 0.000000000000000000e+00
5.278592375366569084e-02 1.000000000000000000e+00 0.000000000000000000e+00
5.376344086021505458e-02 1.000000000000000000e+00 0.000000000000000000e+00
5.474095796676441833e-02 1.000000000000000000e+00 0.000000000000000000e+00
5.571847507331378208e-02 1.000000000000000000e+00 0.000000000000000000e+00
5.669599217986314582e-02 1.000000000000000000e+00 0.000000000000000000e+00
5.767350928641250957e-02 1.000000000000000000e+00 0.000000000000000000e+00
5.865102639296188025e-02 1.000000000000000000e+00 0.000000000000000000e+00
5.962854349951124400e-02 1.000000000000000000e+00 0.000000000000000000e+00
6.060606060606060774e-02 1.000000000000000000e+00 0.000000000000000000e+00
6.158357771260997149e-02 1.000000000000000000e+00 0.000000000000000000e+00
6.256109481915933523e-02 1.000000000000000000e+00 0.000000000000000000e+00
6.353861192570869898e-02 1.000000000000000000e+00 0.000000000000000000e+00
6.451612903225806273e-02 1.000000000000000000e+00 0.000000000000000000e+00
6.549364613880742647e-02 1.000000000000000000e+00 0.000000000000000000e+00
6.647116324535679022e-02 1.000000000000000000e+00 0.000000000000000000e+00
6.744868035190615396e-02 1.000000000000000000e+00 0.000000000000000000e+00
6.842619745845551771e-02 1.000000000000000000e+00 0.000000000000000000e+00
6.940371456500488145e-02 1.000000000000000000e+00 0.000000000000000000e+00
7.038123167155425908e-02 1.000000000000000000e+00 0.000000000000000000e+00
7.135874877810362282e-02 1.000000000000000000e+00 0.000000000000000000e+00
7.233626588465298657e-02 1.000000000000000000e+00 0.000000000000000000e+00
7.331378299120235031e-02 1.000000000000000000e+00 0.000000000000000000e+00
7.429130009775171406e-02 1.000000000000000000e+00 0.000000000000000000e+00
7.526881720430107781e-02 1.000000000000000000e+00 0.000000000000000000e+00
7.624633431085044155e-02 1.000000000000000000e+00 0.000000000000000000e+00
7.722385141739980530e-02 1.000000000000000000e+00 0.000000000000000000e+00
7.820136852394916904e-02 1.000000000000000000e+00 0.000000000000000000e+00
7.917888563049853279e-02 1.000000000000000000e+00 0.000000000000000000e+00
8.015640273704789653e-02 1.000000000000000000e+00 0.000000000000000000e+00
8.113391984359726028e-02 1.000000000000000000e+00 0.000000000000000000e+00
8.211143695014662403e-02 1.000000000000000000e+00 0.000000000000000000e+00
8.308895405669598777e-02 1.000000000000000000e+00 0.000000000000000000e+00
8.406647116324535152e-02 1.000000000000000000e+00 0.000000000000000000e+00
8.504398826979471526e-02 1.000000000000000000e+00 0.000000000000000000e+00
8.602150537634409289e-02 1.000000000000000000e+00 0.000000000000000000e+00
8.699902248289345663e-02 1.000000000000000000e+00 0.000000000000000000e+00
8.797653958944282038e-02 1.000000000000000000e+00 0.000000000000000000e+00
8.895405669599218412e-02 1.000000000000000000e+00 0.000000000000000000e+00
8.993157380254154787e-02 1.000000000000000000e+00 0.000000000000000000e+00
9.090909090909091161e-02 1.000000000000000000e+00 0.000000000000000000e+00
9.188660801564027536e-02 1.000000000000000000e+00 0.000000000000000000e+00
9.286412512218963911e-02 1.000000000000000000e+00 0.000000000000000000e+00
9.384164222873900285e-02 1.000000000000000000e+00 0.000000000000000000e+00
9.481915933528836660e-02 1.000000000000000000e+00 0.000000000000000000e+00
9.579667644183773034e-02 1.000000000000000000e+00 0.000000000000000000e+00
9.677419354838709409e-02 1.000000000000000000e+00 0.000000000000000000e+00
9.775171065493645783e-02 1.000000000000000000e+00 0.000000000000000000e+00
9.872922776148582158e-02 1.000000000000000000e+00 0.000000000000000000e+00
9.970674486803518533e-02 1.000000000000000000e+00 0.000000000000000000e+00
1.006842619745845491e-01 1.000000000000000000e+00 0.000000000000000000e+00
1.016617790811339267e-01 1.000000000000000000e+00 0.000000000000000000e+00
1.026392961876832904e-01 1.000000000000000000e+00 0.000000000000000000e+00
1.036168132942326542e-01 1.000000000000000000e+00 0.000000000000000000e+00
1.045943304007820179e-01 1.000000000000000000e+00 0.000000000000000000e+00
1.055718475073313817e-01 1.000000000000000000e+00 0.000000000000000000e+00
1.065493646138807454e-01 1.000000000000000000e+00 0.000000000000000000e+00
1.075268817204301092e-01 1.000000000000000000e+00 0.000000000000000000e+00
1.085043988269794729e-01 1.000000000000000000e+00 0.000000000000000000e+00
1.094819159335288367e-01 1.000000000000000000e+00 0.000000000000000000e+00
1.104594330400782004e-01 1.000000000000000000e+00 0.000000000000000000e+00
1.114369501466275642e-01 1.000000000000000000e+00 0.000000000000000000e+00
1.124144672531769279e-01 1.000000000000000000e+00 0.000000000000000000e+00
1.133919843597262916e-01 1.000000000000000000e+00 0.000000000000000000e+00
1.143695014662756554e-01 1.000000000000000000e+00 0.000000000000000000e+00
1.153470185728250191e-01 1.000000000000000000e+00 0.000000000000000000e+00
1.163245356793743829e-01 1.000000000000000000e+00 0.000000000000000000e+00
1.173020527859237605e-01 1.000000000000000000e+00 0.000000000000000000e+00
1.182795698924731242e-01 1.000000000000000000e+00 0.000000000000000000e+00
1.192570869990224880e-01 1.000000000000000000e+00 0.000000000000000000e+00
1.202346041055718517e-01 1.000000000000000000e+00 0.000000000000000000e+00
1.212121212121212155e-01 1.000000000000000000e+00 0.000000000000000000e+00
1.221896383186705792e-01 1.000000000000000000e+00 0.000000000000000000e+00
1.231671554252199430e-01 1.000000000000000000e+00 0.000000000000000000e+00
1.241446725317693067e-01 1.000000000000000000e+00 0.000000000000000000e+00
1.251221896383186705e-01 1.000000000000000000e+00 0.000000000000000000e+00
1.260997067448680342e-01 1.000000000000000000e+00 0.000000000000000000e+00
1.270772238514173980e-01 1.000000000000000000e+00 0.000000000000000000e+00
1.280547409579667617e-01 1.000000000000000000e+00 0.000000000000000000e+00
1.290322580645161255e-01 1.000000000000000000e+00 0.000000000000000000e+00
1.300097751710654892e-01 1.000000000000000000e+00 0.000000000000000000e+00
1.309872922776148529e-01 1.000000000000000000e+00 0.000000000000000000e+00
1.319648093841642167e-01 1.000000000000000000e+00 0.000000000000000000e+00
1.329423264907135804e-01 1.000000000000000000e+00 0.000000000000000000e+00
1.339198435972629442e-01 1.000000000000000000e+00 0.000000000000000000e+00
1.348973607038123079e-01 1.000000000000000000e+00 0.000000000000000000e+00
1.358748778103616717e-01 1.000000000000000000e+00 0.000000000000000000e+00
1.368523949169110354e-01 1.000000000000000000e+00 0.000000000000000000e+00
1.378299120234603992e-01 1.000000000000000000e+00 0.000000000000000000e+00
1.388074291300097629e-01 1.000000000000000000e+00 0.000000000000000000e+00
1.397849462365591267e-01 1.000000000000000000e+00 0.000000000000000000e+00
1.407624633431085182e-01 1.000000000000000000e+00 0.000000000000000000e+00
1.417399804496578819e-01 1.000000000000000000e+00 0.000000000000000000e+00
1.427174975562072456e-01 1.000000000000000000e+00 0.000000000000000000e+00
1.436950146627566094e-01 1.000000000000000000e+00 0.000000000000000000e+00
1.446725317693059731e-01 1.000000000000000000e+00 0.000000000000000000e+00
1.456500488758553369e-01 1.000000000000000000e+00 0.000000000000000000e+00
1.466275659824047006e-01 1.000000000000000000e+00 0.000000000000000000e+00
1.476050830889540644e-01 1.000000000000000000e+00 0.000000000000000000e+00
1.485826001955034281e-01 1.000000000000000000e+00 0.000000000000000000e+00
1.495601173020527919e-01 1.000000000000000000e+00 0.000000000000000000e+00
1.505376344086021556e-01 1.000000000000000000e+00 0.000000000000000000e+00
1.515151515151515194e-01 1.000000000000000000e+00 0.000000000000000000e+00
1.524926686217008831e-01 1.000000000000000000e+00 0.000000000000000000e+00
1.534701857282502468e-01 1.000000000000000000e+00 0.000000000000000000e+00
1.544477028347996106e-01 1.000000000000000000e+00 0.000000000000000000e+00
1.554252199413489743e-01 1.000000000000000000e+00 0.000000000000000000e+00
1.564027370478983381e-01 1.000000000000000000e+00 0.000000000000000000e+00
1.573802541544477018e-01 1.000000000000000000e+00 0.000000000000000000e+00
1.583577712609970656e-01 1.000000000000000000e+00 0.000000000000000000e+00
1.593352883675464293e-01 1.000000000000000000e+00 0.000000000000000000e+00
1.603128054740957931e-01 1.000000000000000000e+00 0.000000000000000000e+00
1.612903225806451568e-01 1.000000000000000000e+00 0.000000000000000000e+00
1.622678396871945206e-01 1.000000000000000000e+00 0.000000000000000000e+00
1.632453567937438843e-01 1.000000000000000000e+00 0.000000000000000000e+00
1.642228739002932481e-01 1.000000000000000000e+00 0.000000000000000000e+00
1.652003910068426118e-01 1.000000000000000000e+00 0.000000000000000000e+00
1.661779081133919755e-01 1.000000000000000000e+00 0.000000000000000000e+00
1.671554252199413393e-01 1.000000000000000000e+00 0.000000000000000000e+00
1.681329423264907030e-01 1.000000000000000000e+00 0.000000000000000000e+00
1.691104594330400668e-01 1.000000000000000000e+00 0.000000000000000000e+00
1.700879765395894305e-01 1.000000000000000000e+00 0.000000000000000000e+00
1.710654936461387943e-01 1.000000000000000000e+00 0.000000000000000000e+00
1.720430107526881858e-01 1.000000000000000000e+00 0.000000000000000000e+00
1.730205278592375495e-01 1.000000000000000000e+00 0.000000000000000000e+00
1.739980449657869133e-01 1.000000000000000000e+00 0.000000000000000000e+00
1.749755620723362770e-01 1.000000000000000000e+00 0.000000000000000000e+00
1.759530791788856408e-01 1.000000000000000000e+00 0.000000000000000000e+00
1.769305962854350045e-01 1.000000000000000000e+00 0.000000000000000000e+00
1.779081133919843682e-01 1.000000000000000000e+00 0.000000000000000000e+00
1.788856304985337320e-01 1.000000000000000000e+00 0.000000000000000000e+00
1.798631476050830957e-01 1.000000000000000000e+00 0.000000000000000000e+00
1.808406647116324595e-01 1.000000000000000000e+00 0.000000000000000000e+00
1.818181818181818232e-01 1.000000000000000000e+00 0.000000000000000000e+00
1.827956989247311870e-01 1.000000000000000000e+00 0.000000000000000000e+00
1.837732160312805507e-01 1.000000000000000000e+00 0.000000000000000000e+00
1.847507331378299145e-01 1.000000000000000000e+00 0.000000000000000000e+00
1.857282502443792782e-01 1.000000000000000000e+00 0.000000000000000000e+00
1.867057673509286420e-01 1.000000000000000000e+00 0.000000000000000000e+00
1.876832844574780057e-01 1.000000000000000000e+00 0.000000000000000000e+00
1.886608015640273694e-01 1.000000000000000000e+00 0.000000000000000000e+00
1.896383186705767332e-01 1.000000000000000000e+00 0.000000000000000000e+00
1.906158357771260969e-01 1.000000000000000000e+00 0.000000000000000000e+00
1.915933528836754607e-01 1.000000000000000000e+00 0.000000000000000000e+00
1.925708699902248244e-01 1.000000000000000000e+00 0.000000000000000000e+00
1.935483870967741882e-01 1.000000000000000000e+00 0.000000000000000000e+00
1.945259042033235519e-01 1.000000000000000000e+00 0.000000000000000000e+00
1.955034213098729157e-01 1.000000000000000000e+00 0.000000000000000000e+00
1.964809384164222794e-01 1.000000000000000000e+00 0.000000000000000000e+00
1.974584555229716432e-01 1.000000000000000000e+00 0.000000000000000000e+00
1.984359726295210069e-01 1.000000000000000000e+00 0.000000000000000000e+00
1.994134897360703707e-01 1.000000000000000000e+00 0.000000000000000000e+00
2.003910068426197344e-01 1.000000000000000000e+00 0.000000000000000000e+00
2.013685239491690981e-01 9.999999999999998890e-01 1.030374433147946690e-16
2.023460410557184619e-01 9.999999999999988898e-01 1.021424781203637527e-15
2.033235581622678534e-01 9.999999999999955591e-01 3.144927432789130612e-15
2.043010752688172171e-01 9.999999999999894529e-01 9.412455512057001284e-15
2.052785923753665809e-01 9.999999999999740208e-01 1.922819645338129626e-14
2.062561094819159446e-01 9.999999999999498179e-01 4.413278361618389895e-14
2.072336265884653084e-01 9.999999999998885336e-01 8.317642701725356012e-14
2.082111436950146721e-01 9.999999999997909450e-01 1.795739089777070766e-13
2.091886608015640359e-01 9.999999999995587974e-01 3.324650095250898046e-13
2.101661779081133996e-01 9.999999999991893151e-01 6.946740396273377031e-13
2.111436950146627634e-01 9.999999999983205656e-01 1.266958145068552982e-12
2.121212121212121271e-01 9.999999999969541031e-01 2.604112097682873939e-12
2.130987292277614908e-01 9.999999999937847495e-01 4.696436963157675627e-12
2.140762463343108546e-01 9.999999999888462554e-01 9.502315342009348027e-12
2.150537634408602183e-01 9.999999999775941451e-01 1.696171990520722766e-11
2.160312805474095821e-01 9.999999999602002809e-01 3.378642672979583000e-11
2.170087976539589458e-01 9.999999999213068369e-01 5.968494296408324714e-11
2.179863147605083096e-01 9.999999998616708741e-01 1.170173579650466691e-10
2.189638318670576733e-01 9.999999997308365307e-01 2.045383446365393138e-10
2.199413489736070371e-01 9.999999995319018842e-01 3.945624414864114998e-10
2.209188660801564008e-01 9.999999991039765224e-01 6.821904077002987912e-10
2.218963831867057646e-01 9.999999984588753277e-01 1.294332437230588895e-09
2.228739002932551283e-01 9.999999970990596232e-01 2.212847198825460400e-09
2.238514173998044920e-01 9.999999950671881743e-01 4.127790753551090611e-09
2.248289345063538558e-01 9.999999908728663955e-01 6.975444542573094204e-09
2.258064516129032195e-01 9.999999846625075017e-01 1.278726833456176008e-08
2.267839687194525833e-01 9.999999721170276246e-01 2.135007337128935454e-08
2.277614858260019470e-01 9.999999537156185614e-01 3.844521322117874821e-08
2.287390029325513108e-01 9.999999173670790498e-01 6.339182827521884608e-08
2.297165200391006745e-01 9.999998645693393140e-01 1.120708247887479831e-07
2.306940371456500383e-01 9.999997626772301196e-01 1.824044384223613298e-07
2.316715542521994020e-01 9.999996161656464766e-01 3.164240333110984087e-07
2.326490713587487658e-01 9.999993401925332259e-01 5.080700492017492075e-07
2.336265884652981295e-01 9.999989475307697884e-01 8.643033711400435334e-07
2.346041055718475210e-01 9.999982264051088254e-01 1.368245466868106972e-06
2.355816226783968848e-01 9.999972116180685378e-01 2.280971914224965417e-06
2.365591397849462485e-01 9.999953968173855845e-01 3.557636553272489198e-06
2.375366568914956122e-01 9.999928723784358153e-01 5.807659822172923095e-06
2.385141739980449760e-01 9.999884823543274681e-01 8.917604002536951845e-06
2.394916911045943397e-01 9.999824498883985724e-01 1.424299034361225581e-05
2.404692082111437035e-01 9.999722654656758580e-01 2.151140415884499629e-05
2.414467253176930672e-01 9.999584512405140790e-01 3.358284951401776353e-05
2.424242424242424310e-01 9.999358524458410447e-01 4.983857378023186360e-05
2.434017595307917947e-01 9.999056219565335413e-01 7.596949543261906032e-05
2.443792766373411585e-01 9.998578066159815592e-01 1.106529910060465087e-04
2.453567937438905222e-01 9.997947939953444330e-01 1.644882596874094492e-04
2.463343108504398860e-01 9.996986729635860547e-01 2.348324740563843480e-04
2.473118279569892497e-01 9.995740445080714132e-01 3.399784875160228887e-04
2.482893450635386134e-01 9.993912110415427152e-01 4.750340508161010481e-04
2.492668621700879772e-01 9.991583349074527609e-01 6.688600916545507733e-04
2.502443792766373409e-01 9.988307505076758908e-01 9.131664398416037632e-04
2.512218963831867047e-01 9.984216012573605692e-01 1.248801636891902836e-03
2.521994134897360684e-01 9.978712740528375980e-01 1.663104307148893877e-03
2.531769305962854322e-01 9.971986365368783467e-01 2.206541247629235491e-03
2.541544477028347959e-01 9.963353641707309860e-01 2.862014591780239793e-03
2.551319648093841597e-01 9.953051010136002574e-01 3.681629215141352714e-03
2.561094819159335234e-01 9.940442484098479525e-01 4.645382769126868948e-03
2.570869990224828872e-01 9.925781925800777339e-01 5.794568286600075210e-03
2.580645161290322509e-01 9.908645477851798500e-01 7.109146318730101555e-03
2.590420332355816146e-01 9.889267436566852032e-01 8.608343731498740992e-03
2.600195503421309784e-01 9.867539446536918168e-01 1.027446178977900471e-02
2.609970674486803421e-01 9.843662192810148648e-01 1.210210815270028328e-02
2.619745845552297059e-01 9.817807091166933509e-01 1.407570696289992679e-02
2.629521016617790696e-01 9.790163890646301770e-01 1.617388892953039795e-02
2.639296187683284334e-01 9.761030896648841271e-01 1.838089181187969184e-02
2.649071358748777971e-01 9.730615528733745911e-01 2.067274681282900081e-02
2.658846529814271609e-01 9.699189972602705323e-01 2.303261406350984655e-02
2.668621700879765246e-01 9.666968298004340321e-01 2.544240611879015207e-02
2.678396871945258884e-01 9.634137410114569366e-01 2.788675739694879141e-02
2.688172043010752521e-01 9.600872437489272881e-01 3.035411364415981084e-02
2.697947214076246158e-01 9.567293058526372684e-01 3.283379664892469019e-02
2.707722385141739796e-01 9.533507980061192155e-01 3.531833237798433917e-02
2.717497556207233433e-01 9.499595341131565895e-01 3.780198024257620804e-02
2.727272727272727071e-01 9.465611862671181598e-01 4.028003289742622395e-02
2.737047898338220708e-01 9.431603085414907994e-01 4.274960048799864021e-02
2.746823069403714346e-01 9.397600454231899159e-01 4.520820941332460291e-02
2.756598240469207983e-01 9.363625906621022565e-01 4.765421988567877798e-02
2.766373411534701621e-01 9.329698207304729651e-01 5.008645824128231394e-02
2.776148582600195258e-01 9.295828357689573940e-01 5.250405608743871633e-02
2.785923753665688896e-01 9.262026475854195917e-01 5.490633557106127521e-02
2.795698924731182533e-01 9.228299302359046496e-01 5.729290721191755004e-02
2.805474095796676171e-01 9.194652589130307696e-01 5.966335581689503897e-02
2.815249266862170363e-01 9.161090194905947559e-01 6.201747288901379718e-02
2.825024437927664001e-01 9.127616156439009032e-01 6.435503506583351019e-02
2.834799608993157638e-01 9.094232678772001810e-01 6.667592311967961149e-02
2.844574780058651275e-01 9.060942524646197205e-01 6.898000323046810101e-02
2.854349951124144913e-01 9.027747223982509617e-01 7.126723026031007990e-02
2.864125122189638550e-01 8.994648652010109879e-01 7.353752281646704081e-02
2.873900293255132188e-01 8.961647819006965943e-01 7.579087289015747075e-02
2.883675464320625825e-01 8.928746113104949478e-01 7.802724497753113497e-02
2.893450635386119463e-01 8.895944173678363986e-01 8.024665325242535951e-02
2.903225806451613100e-01 8.863242991521774750e-01 8.244909091498248133e-02
2.913000977517106738e-01 8.830643000310709478e-01 8.463459109416729409e-02
2.922776148582600375e-01 8.798144888756010973e-01 8.680316755939110340e-02
2.932551319648094013e-01 8.765748924923048024e-01 8.895486486503562107e-02
2.942326490713587650e-01 8.733455587995552216e-01 9.108971358701767329e-02
2.952101661779081287e-01 8.701265026445413886e-01 9.320776651505303934e-02
2.961876832844574925e-01 8.669177549367581559e-01 9.530906598236953131e-02
2.971652003910068562e-01 8.637193222403746207e-01 9.739367123912201496e-02
2.981427174975562200e-01 8.605312225882979504e-01 9.946163368630056567e-02
2.991202346041055837e-01 8.573534558242490444e-01 1.015130169997976312e-01
3.000977517106549475e-01 8.541860301562322899e-01 1.035478795206814379e-01
3.010752688172043112e-01 8.510289403748929615e-01 1.055662883998585155e-01
3.020527859237536750e-01 8.478821869149908430e-01 1.075683070800751429e-01
3.030303030303030387e-01 8.447457605510821921e-01 1.095540053362700494e-01
3.040078201368524025e-01 8.416196557669345379e-01 1.115234505141077664e-01
3.049853372434017662e-01 8.385038600648775375e-01 1.134767143632683661e-01
3.059628543499511300e-01 8.353983632651234004e-01 1.154138671065159938e-01
3.069403714565004937e-01 8.323031502355355826e-01 1.173349820263816096e-01
3.079178885630498574e-01 8.292182071627574036e-01 1.192401314667254075e-01
3.088954056695992212e-01 8.261435167283496250e-01 1.211293898493446403e-01
3.098729227761485849e-01 8.230790622878820795e-01 1.230028310587445023e-01
3.108504398826979487e-01 8.200248247254685596e-01 1.248605303645239917e-01
3.118279569892473124e-01 8.169807851754420369e-01 1.267025627335661986e-01
3.128054740957966762e-01 8.139469230343557848e-01 1.285290040358046115e-01
3.137829912023460399e-01 8.109232177004385145e-01 1.303399299752917850e-01
3.147605083088954037e-01 8.079096473429516756e-01 1.321354168197936274e-01
3.157380254154447674e-01 8.049061899964591316e-01 1.339155407369911899e-01
3.167155425219941312e-01 8.019128228237806244e-01 1.356803782251208013e-01
3.176930596285434949e-01 7.989295227911114017e-01 1.374300057050357737e-01
3.186705767350928586e-01 7.959562662403267819e-01 1.391644997643914083e-01
3.196480938416422224e-01 7.929930293013759401e-01 1.408839369111073991e-01
3.206256109481915861e-01 7.900397876542174513e-01 1.425883937056438844e-01
3.216031280547409499e-01 7.870965167776925453e-01 1.442779466122773024e-01
3.225806451612903136e-01 7.841631918243634480e-01 1.459526720662761845e-01
3.235581622678396774e-01 7.812397877707891736e-01 1.476126463844947834e-01
3.245356793743890411e-01 7.783262793570631111e-01 1.492579457958102263e-01
3.255131964809384049e-01 7.754226411781055539e-01 1.508886463866387639e-01
3.264907135874877686e-01 7.725288476591520848e-01 1.525048241118044379e-01
3.274682306940371324e-01 7.696448731124672094e-01 1.541065547606595976e-01
3.284457478005864961e-01 7.667706917316533533e-01 1.556939139580035270e-01
3.294232649071358598e-01 7.639062776281595468e-01 1.572669771422506302e-01
3.304007820136852236e-01 7.610516048348773266e-01 1.588258195618775792e-01
3.313782991202345873e-01 7.582066473308566312e-01 1.603705162607411694e-01
3.323558162267839511e-01 7.553713790489030577e-01 1.619011420728618811e-01
3.333333333333333148e-01 7.525457738933043483e-01 1.634177716120823187e-01
3.343108504398826786e-01 7.497298057487474798e-01 1.649204792666385533e-01
3.352883675464320423e-01 7.469234484937765650e-01 1.664093391915618947e-01
3.362658846529814061e-01 7.441266760096986177e-01 1.678844253036685663e-01
3.372434017595307698e-01 7.413394621913230731e-01 1.693458112757971479e-01
3.382209188660801336e-01 7.385617809552964541e-01 1.707935705324661324e-01
3.391984359726294973e-01 7.357936062490068041e-01 1.722277762454085537e-01
3.401759530791788610e-01 7.330349120581570732e-01 1.736485013299425284e-01
3.411534701857282248e-01 7.302856724143647060e-01 1.750558184414778007e-01
3.421309872922775885e-01 7.275458614019651993e-01 1.764497999725595234e-01
3.431085043988269523e-01 7.248154531646389120e-01 1.778305180501338900e-01
3.440860215053763715e-01 7.220944219115144058e-01 1.791980445331906313e-01
3.450635386119257353e-01 7.193827419230389708e-01 1.805524510106424341e-01
3.460410557184750990e-01 7.166803875564832227e-01 1.818938087994880493e-01
3.470185728250244628e-01 7.139873332512156612e-01 1.832221889431950301e-01
3.479960899315738265e-01 7.113035535337060011e-01 1.845376622103096498e-01
3.489736070381231903e-01 7.086290230223264430e-01 1.858402990932595256e-01
3.499511241446725540e-01 7.059637164319477742e-01 1.871301698073437880e-01
3.509286412512219178e-01 7.033076085783657172e-01 1.884073442898897277e-01
3.519061583577712815e-01 7.006606743825716244e-01 1.896718921995658169e-01
3.528836754643206453e-01 6.980228888748905014e-01 1.909238829158367845e-01
3.538611925708700090e-01 6.953942271989987933e-01 1.921633855385530554e-01
3.548387096774193727e-01 6.927746646158420285e-01 1.933904688876589839e-01
3.558162267839687365e-01 6.901641765074675305e-01 1.946052015030159121e-01
3.567937438905181002e-01 6.875627383807851878e-01 1.958076516443289228e-01
3.577712609970674640e-01 6.849703258712708243e-01 1.969978872911684886e-01
3.587487781036168277e-01 6.823869147466240515e-01 1.981759761430821887e-01
3.597262952101661915e-01 6.798124809103965882e-01 1.993419856197888029e-01
3.607038123167155552e-01 6.772470004055992643e-01 2.004959828614489847e-01
3.616813294232649190e-01 6.746904494182981438e-01 2.016380347290057107e-01
3.626588465298142827e-01 6.721428042812153114e-01 2.027682078045914826e-01
3.636363636363636465e-01 6.696040414773415383e-01 2.038865683919970084e-01
3.646138807429130102e-01 6.670741376435709302e-01 2.049931825171959765e-01
3.655913978494623739e-01 6.645530695743707694e-01 2.060881159289240927e-01
3.665689149560117377e-01 6.620408142254923245e-01 2.071714340993070502e-01
3.675464320625611014e-01 6.595373487177336180e-01 2.082432022245344627e-01
3.685239491691104652e-01 6.570426503407662544e-01 2.093034852255779843e-01
3.695014662756598289e-01 6.545566965570320805e-01 2.103523477489500637e-01
3.704789833822091927e-01 6.520794650057223363e-01 2.113898541675012788e-01
3.714565004887585564e-01 6.496109335068454005e-01 2.124160685812528648e-01
3.724340175953079202e-01 6.471510800653947904e-01 2.134310548182641043e-01
3.734115347018572839e-01 6.446998828756288491e-01 2.144348764355324954e-01
3.743890518084066477e-01 6.422573203254652308e-01 2.154275967199234809e-01
3.753665689149560114e-01 6.398233710010083897e-01 2.164092786891308184e-01
3.763440860215053752e-01 6.373980136912137384e-01 2.173799850926635691e-01
3.773216031280547389e-01 6.349812273927009088e-01 2.183397784128623120e-01
3.782991202346041026e-01 6.325729913147284389e-01 2.192887208659390907e-01
3.792766373411534664e-01 6.301732848843367707e-01 2.202268744030431713e-01
3.802541544477028301e-01 6.277820877516714360e-01 2.211543007113522807e-01
3.812316715542521939e-01 6.253993797955034184e-01 2.220710612151873820e-01
3.822091886608015576e-01 6.230251411289510211e-01 2.229772170771508466e-01
3.831867057673509214e-01 6.206593521054178941e-01 2.238728291992874431e-01
3.841642228739002851e-01 6.183019933247628774e-01 2.247579582242698881e-01
3.851417399804496489e-01 6.159530456397109832e-01 2.256326645366058259e-01
3.861192570869990126e-01 6.136124901625211736e-01 2.264970082638691762e-01
3.870967741935483764e-01 6.112803082719265868e-01 2.273510492779543812e-01
3.880742913000977401e-01 6.089564816203586473e-01 2.281948471963536063e-01
3.890518084066471038e-01 6.066409921414731565e-01 2.290284613834588368e-01
3.900293255131964676e-01 6.043338220579956843e-01 2.298519509518883452e-01
3.910068426197458313e-01 6.020349538899009145e-01 2.306653747638372220e-01
3.919843597262951951e-01 5.997443704629457084e-01 2.314687914324553564e-01
3.929618768328445588e-01 5.974620549175753137e-01 2.322622593232512578e-01
3.939393939393939226e-01 5.951879907182198171e-01 2.330458365555227451e-01
3.949169110459432863e-01 5.929221616630053759e-01 2.338195810038183609e-01
3.958944281524926501e-01 5.906645518938998807e-01 2.345835502994270405e-01
3.968719452590420138e-01 5.884151459073179158e-01 2.353378018319003118e-01
3.978494623655913776e-01 5.861739285652070031e-01 2.360823927506064679e-01
3.988269794721407413e-01 5.839408851066428818e-01 2.368173799663202128e-01
3.998044965786901050e-01 5.817160011599622482e-01 2.375428201528487215e-01
4.007820136852394688e-01 5.794992627554577114e-01 2.382587697486942269e-01
4.017595307917888325e-01 5.772906563386670520e-01 2.389652849587596828e-01
4.027370478983381963e-01 5.750901687842912002e-01 2.396624217560946735e-01
4.037145650048875600e-01 5.728977874107713530e-01 2.403502358836886732e-01
4.046920821114369238e-01 5.707134999955617571e-01 2.410287828563113521e-01
4.056695992179862875e-01 5.685372947911362385e-01 2.416981179624026477e-01
4.066471163245357068e-01 5.663691605417687791e-01 2.423582962660194018e-01
4.076246334310850705e-01 5.642090865011293310e-01 2.430093726088364825e-01
4.086021505376344343e-01 5.620570624507393864e-01 2.436514016122110493e-01
4.095796676441837980e-01 5.599130787193359327e-01 2.442844376793097128e-01
4.105571847507331618e-01 5.577771262031921973e-01 2.449085349973068038e-01
4.115347018572825255e-01 5.556491963874501394e-01 2.455237475396546132e-01
4.125122189638318893e-01 5.535292813685170898e-01 2.461301290684321519e-01
4.134897360703812530e-01 5.514173738775902667e-01 2.467277331367773718e-01
4.144672531769306167e-01 5.493134673053684525e-01 2.473166130914084826e-01
4.154447702834799805e-01 5.472175557280215541e-01 2.478968220752403306e-01
4.164222873900293442e-01 5.451296339344848807e-01 2.484684130301013927e-01
4.173998044965787080e-01 5.430496974551544120e-01 2.490314386995595985e-01
4.183773216031280717e-01 5.409777425920651028e-01 2.495859516318630622e-01
4.193548387096774355e-01 5.389137664506332692e-01 2.501320041830035756e-01
4.203323558162267992e-01 5.368577669730524304e-01 2.506696485199125801e-01
4.213098729227761630e-01 5.348097429734420816e-01 2.511989366237972199e-01
4.222873900293255267e-01 5.327696941748457649e-01 2.517199202936272195e-01
4.232649071358748905e-01 5.307376212481855760e-01 2.522326511497819945e-01
4.242424242424242542e-01 5.287135258532910109e-01 2.527371806378699848e-01
4.252199413489736179e-01 5.266974106821171731e-01 2.532335600327316194e-01
4.261974584555229817e-01 5.246892795042834567e-01 2.537218404426383467e-01
4.271749755620723454e-01 5.226891372150672677e-01 2.542020728137035501e-01
4.281524926686217092e-01 5.206969898859994395e-01 2.546743079345171745e-01
4.291300097751710729e-01 5.187128448182103391e-01 2.551385964410226581e-01
4.301075268817204367e-01 5.167367105986907516e-01 2.555949888216506594e-01
4.310850439882698004e-01 5.147685971596430710e-01 2.560435354227303950e-01
4.320625610948191642e-01 5.128085158410993216e-01 2.564842864541961309e-01
4.330400782013685279e-01 5.108564794570064072e-01 2.569172919956116408e-01
4.340175953079178917e-01 5.089125023649802015e-01 2.573426020025333938e-01
4.349951124144672554e-01 5.069766005399491959e-01 2.577602663132375627e-01
4.359726295210166191e-01 5.050487916519182940e-01 2.581703346558393286e-01
4.369501466275659829e-01 5.031290951480997808e-01 2.585728566558275765e-01
4.379276637341153466e-01 5.012175323396679261e-01 2.589678818440488972e-01
4.389051808406647104e-01 4.993141264934183310e-01 2.593554596651726496e-01
4.398826979472140741e-01 4.974189029286204544e-01 2.597356394866697227e-01
4.408602150537634379e-01 4.955318891193719044e-01 2.601084706083447440e-01
4.418377321603128016e-01 4.936531148027842320e-01 2.604740022724595372e-01
4.428152492668621654e-01 4.917826120933430079e-01 2.608322836744922379e-01
4.437927663734115291e-01 4.899204156038091673e-01 2.611833639745765323e-01
4.447702834799608929e-01 4.880665625730445933e-01 2.615272923096705338e-01
4.457478005865102566e-01 4.862210930011706123e-01 2.618641178065086450e-01
4.467253176930596203e-01 4.843840497924857269e-01 2.621938895953929705e-01
4.477028347996089841e-01 4.825554789065932271e-01 2.625166568248833987e-01
4.486803519061583478e-01 4.807354295182109660e-01 2.628324686774510810e-01
4.496578690127077116e-01 4.789239541861599059e-01 2.631413743861660826e-01
4.506353861192570753e-01 4.771211090320512938e-01 2.634434232524915376e-01
4.516129032258064391e-01 4.753269539292156454e-01 2.637386646652629119e-01
4.525904203323558028e-01 4.735415527024383620e-01 2.640271481209371940e-01
4.535679374389051666e-01 4.717649733390928968e-01 2.643089232452012216e-01
4.545454545454545303e-01 4.699972882122818163e-01 2.645840398160334561e-01
4.555229716520038941e-01 4.682385743166186387e-01 2.648525477883215684e-01
4.565004887585532578e-01 4.664889135172999857e-01 2.651144973201413069e-01
4.574780058651026216e-01 4.647483928131375119e-01 2.653699388008124993e-01
4.584555229716519853e-01 4.630171046142301794e-01 2.656189228808497615e-01
4.594330400782013490e-01 4.612951470349676564e-01 2.658615005039352552e-01
4.604105571847507128e-01 4.595826242030611741e-01 2.660977229410460554e-01
4.613880742913000765e-01 4.578796465852969511e-01 2.663276418268754053e-01
4.623655913978494403e-01 4.561863313306983025e-01 2.665513091986941308e-01
4.633431085043988040e-01 4.545028026317662340e-01 2.667687775378019821e-01
4.643206256109481678e-01 4.528291921044382273e-01 2.669800998137268899e-01
4.652981427174975315e-01 4.511656391873670180e-01 2.671853295313333931e-01
4.662756598240468953e-01 4.495122915610639813e-01 2.673845207810059410e-01
4.672531769305962590e-01 4.478693055873780859e-01 2.675777282920756561e-01
4.682306940371456228e-01 4.462368467696879448e-01 2.677650074896598120e-01
4.692082111436950420e-01 4.446150902340654798e-01 2.679464145550829457e-01
4.701857282502444058e-01 4.430042212315242756e-01 2.681220064900483036e-01
4.711632453567937695e-01 4.414044356612847886e-01 2.682918411847197704e-01
4.721407624633431332e-01 4.398159406147749140e-01 2.684559774898671036e-01
4.731182795698924970e-01 4.382389549398216788e-01 2.686144752932152491e-01
4.740957966764418607e-01 4.366737098241843529e-01 2.687673956001222497e-01
4.750733137829912245e-01 4.351204493972153364e-01 2.689148006186860562e-01
4.760508308895405882e-01 4.335794313480071938e-01 2.690567538493537914e-01
4.770283479960899520e-01 4.320509275578880981e-01 2.691933201790696617e-01
4.780058651026393157e-01 4.305352247445533020e-01 2.693245659799540781e-01
4.789833822091886795e-01 4.290326251144557790e-01 2.694505592124532001e-01
4.799608993157380432e-01 4.275434470193195113e-01 2.695713695328314508e-01
4.809384164222874070e-01 4.260680256117735376e-01 2.696870684048059408e-01
4.819159335288367707e-01 4.246067134941229337e-01 2.697977292150259276e-01
4.828934506353861345e-01 4.231598813531693426e-01 2.699034273920001281e-01
4.838709677419354982e-01 4.217279185727553781e-01 2.700042405279484137e-01
4.848484848484848619e-01 4.203112338143331628e-01 2.701002485029163069e-01
4.858260019550342257e-01 4.189102555543365303e-01 2.701915336103288823e-01
4.868035190615835894e-01 4.175254325654721987e-01 2.702781806829844813e-01
4.877810361681329532e-01 4.161572343272372798e-01 2.703602772182847058e-01
4.887585532746823169e-01 4.148061513490245988e-01 2.704379135012781599e-01
4.897360703812316807e-01 4.134726953871070143e-01 2.705111827238538269e-01
4.907135874877810444e-01 4.121573995346164421e-01 2.705801810981549038e-01
4.916911045943304082e-01 4.108608181613886412e-01 2.706450079620135174e-01
4.926686217008797719e-01 4.095835266782612560e-01 2.707057658739074335e-01
4.936461388074291357e-01 4.083261210981566358e-01 2.707625606946477137e-01
4.946236559139784994e-01 4.070892173641149081e-01 2.708155016527014070e-01
4.956011730205278631e-01 4.058734504124614784e-01 2.708647013897650946e-01
4.965786901270772269e-01 4.046794729375938204e-01 2.709102759829275509e-01
4.975562072336265906e-01 4.035079538235977759e-01 2.709523449395251360e-01
4.985337243401759544e-01 4.023595762071887072e-01 2.709910311605981392e-01
4.995112414467253181e-01 4.012350351365018830e-01 2.710264608687348864e-01
5.004887585532746819e-01 4.001350347912142613e-01 2.710587634960585635e-01
5.014662756598240456e-01 3.990602852315779381e-01 2.710880715281848152e-01
5.024437927663734094e-01 3.980114986474048711e-01 2.711145203001969484e-01
5.034213098729227731e-01 3.969893850830919502e-01 2.711382477410558267e-01
5.043988269794721369e-01 3.959946476216263389e-01 2.711593940634215438e-01
5.053763440860215006e-01 3.950279770193759199e-01 2.711781013966243492e-01
5.063538611925708643e-01 3.940900457944861990e-01 2.711945133615000225e-01
5.073313782991202281e-01 3.931815017850038285e-01 2.712087745870184197e-01
5.083088954056695918e-01 3.923029612084162343e-01 2.712210301700556658e-01
5.092864125122189556e-01 3.914550012720692806e-01 2.712314250813141481e-01
5.102639296187683193e-01 3.906381524036657282e-01 2.712401035222082313e-01
5.112414467253176831e-01 3.898528901923657974e-01 2.712472082394987716e-01
5.122189638318670468e-01 3.890996271533573303e-01 2.712528798064829383e-01
5.131964809384164106e-01 3.883787044513677400e-01 2.712572558815655732e-01
5.141739980449657743e-01 3.876903837405091813e-01 2.712604704569415714e-01
5.151515151515151381e-01 3.870348392979453545e-01 2.712626531118036977e-01
5.161290322580645018e-01 3.864121506458698119e-01 2.712639282858301804e-01
5.171065493646138655e-01 3.858222958688118376e-01 2.712644145895870551e-01
5.180840664711632293e-01 3.852651458399380946e-01 2.712642241687910349e-01
5.190615835777125930e-01 3.847404595694692286e-01 2.712634621390214718e-01
5.200391006842619568e-01 3.842478808794467238e-01 2.712622261063961093e-01
5.210166177908113205e-01 3.837869365910102637e-01 2.712606057879019539e-01
5.219941348973606843e-01 3.833570363826773741e-01 2.712586827425225722e-01
5.229716520039100480e-01 3.829574744409611209e-01 2.712565302211282781e-01
5.239491691104594118e-01 3.825874329787382067e-01 2.712542131393784195e-01
5.249266862170087755e-01 3.822459876434602388e-01 2.712517881738547021e-01
5.259042033235581393e-01 3.819321147785972870e-01 2.712493039774673265e-01
5.268817204301075030e-01 3.816447004401796739e-01 2.712468015061118565e-01
5.278592375366568668e-01 3.813825510089694504e-01 2.712443144448295484e-01
5.288367546432062305e-01 3.811444051808945410e-01 2.712418697185555727e-01
5.298142717497555942e-01 3.809289470671814448e-01 2.712394880701198829e-01
5.307917888563049580e-01 3.807348200941462202e-01 2.712371846866122871e-01
5.317693059628543217e-01 3.805606413633933482e-01 2.712349698546139831e-01
5.327468230694036855e-01 3.804050161180511647e-01 2.712328496251217302e-01
5.337243401759530492e-01 3.802665519606130973e-01 2.712308264701883687e-01
5.347018572825024130e-01 3.801438724829396265e-01 2.712288999152311919e-01
5.356793743890517767e-01 3.800356299980521824e-01 2.712270671334676142e-01
5.366568914956011405e-01 3.799405171046487117e-01 2.712253234918066691e-01
5.376344086021505042e-01 3.798572768662182297e-01 2.712236630405649995e-01
5.386119257086998680e-01 3.797847114441383898e-01 2.712220789423900880e-01
5.395894428152492317e-01 3.797216890848620352e-01 2.712205638385864481e-01
5.405669599217985954e-01 3.796671494219124310e-01 2.712191101535289528e-01
5.415444770283479592e-01 3.796201071108269987e-01 2.712177103399186495e-01
5.425219941348973229e-01 3.795796538668035902e-01 2.712163570692365244e-01
5.434995112414466867e-01 3.795449590185844269e-01 2.712150433728821586e-01
5.444770283479960504e-01 3.795152687267217551e-01 2.712137627401646212e-01
5.454545454545454142e-01 3.794899040391595535e-01 2.712125091795922205e-01
5.464320625610947779e-01 3.794682579720404791e-01 2.712112772498537772e-01
5.474095796676441417e-01 3.794497918093768241e-01 2.712100620665685025e-01
5.483870967741935054e-01 3.794340308127155947e-01 2.712088592903746931e-01
5.493646138807428692e-01 3.794205595225045857e-01 2.712076651013033413e-01
5.503421309872922329e-01 3.794090168180213607e-01 2.712064761636949206e-01
5.513196480938415966e-01 3.793990908839980913e-01 2.712052895852168355e-01
5.522971652003909604e-01 3.793905142109571527e-01 2.712041028728642833e-01
5.532746823069403241e-01 3.793830587341033289e-01 2.712029138882005586e-01
5.542521994134896879e-01 3.793765311935621276e-01 2.712017208035378268e-01
5.552297165200390516e-01 3.793707687777347348e-01 2.712005220602748956e-01
5.562072336265884154e-01 3.793656350922530174e-01 2.711993163302036658e-01
5.571847507331377791e-01 3.793610164799482432e-01 2.711981024802722073e-01
5.581622678396871429e-01 3.793568187026347127e-01 2.711968795410266697e-01
5.591397849462365066e-01 3.793529639834750111e-01 2.711956466787628361e-01
5.601173020527858704e-01 3.793493883991635451e-01 2.711944031712715253e-01
5.610948191593352341e-01 3.793460396039950999e-01 2.711931483869627346e-01
5.620723362658845979e-01 3.793428748628410729e-01 2.711918817670955217e-01
5.630498533724340726e-01 3.793398593668573793e-01 2.711906028107987643e-01
5.640273704789834364e-01 3.793369648041089448e-01 2.711893110625633319e-01
5.650048875855328001e-01 3.793341681569135648e-01 2.711880061018877575e-01
5.659824046920821639e-01 3.793314506983032630e-01 2.711866875347710426e-01
5.669599217986315276e-01 3.793287971613240606e-01 2.711853549867753177e-01
5.679374389051808913e-01 3.793261950567148877e-01 2.711840080974024514e-01
5.689149560117302551e-01 3.793236341166453252e-01 2.711826465155595112e-01
5.698924731182796188e-01 3.793211058444764250e-01 2.711812698959170653e-01
5.708699902248289826e-01 3.793186031528419933e-01 2.711798778959893519e-01
5.718475073313783463e-01 3.793161200746164030e-01 2.711784701737955938e-01
5.728250244379277101e-01 3.793136515334885606e-01 2.711770463859788927e-01
5.738025415444770738e-01 3.793111931628448952e-01 2.711756061862859446e-01
5.747800586510264376e-01 3.793087411634654682e-01 2.711741492243245344e-01
5.757575757575758013e-01 3.793062921921336872e-01 2.711726751445333594e-01
5.767350928641251651e-01 3.793038432746566602e-01 2.711711835853107266e-01
5.777126099706745288e-01 3.793013917380017586e-01 2.711696741782611553e-01
5.786901270772238925e-01 3.792989351572758072e-01 2.711681465475265229e-01
5.796676441837732563e-01 3.792964713141413480e-01 2.711666003091756649e-01
5.806451612903226200e-01 3.792939981639745772e-01 2.711650350706328871e-01
5.816226783968719838e-01 3.792915138096615846e-01 2.711634504301316806e-01
5.826001955034213475e-01 3.792890164804065267e-01 2.711618459761805378e-01
5.835777126099707113e-01 3.792865045143063440e-01 2.711602212870328210e-01
5.845552297165200750e-01 3.792839763437527156e-01 2.711585759301550214e-01
5.855327468230694388e-01 3.792814304829600913e-01 2.711569094616875231e-01
5.865102639296188025e-01 3.792788655171035472e-01 2.711552214258954874e-01
5.874877810361681663e-01 3.792762800926896549e-01 2.711535113546054143e-01
5.884652981427175300e-01 3.792736729088902470e-01 2.711517787666266055e-01
5.894428152492668938e-01 3.792710427096482872e-01 2.711500231671545857e-01
5.904203323558162575e-01 3.792683882764205650e-01 2.711482440471551514e-01
5.913978494623656212e-01 3.792657084214616225e-01 2.711464408827274353e-01
5.923753665689149850e-01 3.792630019815826370e-01 2.711446131344439348e-01
5.933528836754643487e-01 3.792602678123357385e-01 2.711427602466663367e-01
5.943304007820137125e-01 3.792575047825860191e-01 2.711408816468346417e-01
5.953079178885630762e-01 3.792547117694428094e-01 2.711389767447284216e-01
5.962854349951124400e-01 3.792518876535205807e-01 2.711370449316974907e-01
5.972629521016618037e-01 3.792490313145072123e-01 2.711350855798601023e-01
5.982404692082111675e-01 3.792461416270132002e-01 2.711330980412666181e-01
5.992179863147605312e-01 3.792432174566768288e-01 2.711310816470243190e-01
6.001955034213098950e-01 3.792402576565008232e-01 2.711290357063834700e-01
6.011730205278592587e-01 3.792372610633935603e-01 2.711269595057791415e-01
6.021505376344086224e-01 3.792342264948903030e-01 2.711248523078270134e-01
6.031280547409579862e-01 3.792311527460246467e-01 2.711227133502686071e-01
6.041055718475073499e-01 3.792280385863282532e-01 2.711205418448635607e-01
6.050830889540567137e-01 3.792248827569303926e-01 2.711183369762246165e-01
6.060606060606060774e-01 3.792216839677331475e-01 2.711160979005904359e-01
6.070381231671554412e-01 3.792184408946376317e-01 2.711138237445323562e-01
6.080156402737048049e-01 3.792151521767977984e-01 2.711115136035900375e-01
6.089931573802541687e-01 3.792118164138787995e-01 2.711091665408308371e-01
6.099706744868035324e-01 3.792084321632982480e-01 2.711067815853270280e-01
6.109481915933528962e-01 3.792049979374297886e-01 2.711043577305448093e-01
6.119257086999022599e-01 3.792015122007463823e-01 2.711018939326385602e-01
6.129032258064516236e-01 3.791979733668858765e-01 2.710993891086425078e-01
6.138807429130009874e-01 3.791943797956164319e-01 2.710968421345525958e-01
6.148582600195503511e-01 3.791907297896847662e-01 2.710942518432905013e-01
6.158357771260997149e-01 3.791870215915253417e-01 2.710916170225387556e-01
6.168132942326490786e-01 3.791832533798119576e-01 2.710889364124384193e-01
6.177908113391984424e-01 3.791794232658305397e-01 2.710862087031386536e-01
6.187683284457478061e-01 3.791755292896525353e-01 2.710834325321839211e-01
6.197458455522971699e-01 3.791715694160868177e-01 2.710806064817282701e-01
6.207233626588465336e-01 3.791675415303863983e-01 2.710777290755611024e-01
6.217008797653958974e-01 3.791634434336861870e-01 2.710747987759292155e-01
6.226783968719452611e-01 3.791592728381456556e-01 2.710718139801376880e-01
6.236559139784946248e-01 3.791550273617666500e-01 2.710687730169103471e-01
6.246334310850439886e-01 3.791507045228569295e-01 2.710656741424907756e-01
6.256109481915933523e-01 3.791463017341067943e-01 2.710625155364598804e-01
6.265884652981427161e-01 3.791418162962411076e-01 2.710592952972441516e-01
6.275659824046920798e-01 3.791372453912067453e-01 2.710560114372888019e-01
6.285434995112414436e-01 3.791325860748532839e-01 2.710526618778632546e-01
6.295210166177908073e-01 3.791278352690563569e-01 2.710492444434656201e-01
6.304985337243401711e-01 3.791229897532300552e-01 2.710457568557877450e-01
6.314760508308895348e-01 3.791180461551684755e-01 2.710421967271971488e-01
6.324535679374388986e-01 3.791130009411475266e-01 2.710385615536893833e-01
6.334310850439882623e-01 3.791078504052114440e-01 2.710348487072542500e-01
6.344086021505376261e-01 3.791025906575576920e-01 2.710310554275965345e-01
6.353861192570869898e-01 3.790972176119202230e-01 2.710271788131392579e-01
6.363636363636363535e-01 3.790917269718394045e-01 2.710232158112291234e-01
6.373411534701857173e-01 3.790861142156874974e-01 2.710191632074520074e-01
6.383186705767350810e-01 3.790803745802980851e-01 2.710150176139477507e-01
6.392961876832844448e-01 3.790745030430209273e-01 2.710107754566010163e-01
6.402737047898338085e-01 3.790684943019925202e-01 2.710064329609525036e-01
6.412512218963831723e-01 3.790623427543695079e-01 2.710019861366559923e-01
6.422287390029325360e-01 3.790560424722237975e-01 2.709974307602604493e-01
6.432062561094818998e-01 3.790495871757278423e-01 2.709927623560560717e-01
6.441837732160312635e-01 3.790429702031772874e-01 2.709879761746580296e-01
6.451612903225806273e-01 3.790361844772880406e-01 2.709830671689252846e-01
6.461388074291299910e-01 3.790292224670638865e-01 2.709780299667141068e-01
6.471163245356793547e-01 3.790220761443481301e-01 2.709728588398290783e-01
6.480938416422287185e-01 3.790147369339373906e-01 2.709675476683715556e-01
6.490713587487780822e-01 3.790071956558288546e-01 2.709620898994635763e-01
6.500488758553274460e-01 3.789994424577790566e-01 2.709564784990458053e-01
6.510263929618768097e-01 3.789914667358459388e-01 2.709507058950822445e-01
6.520039100684261735e-01 3.789832570399363498e-01 2.709447639100469596e-01
6.529814271749755372e-01 3.789748009605581891e-01 2.709386436799708919e-01
6.539589442815249010e-01 3.789660849919317953e-01 2.709323355565896319e-01
6.549364613880742647e-01 3.789570943653119417e-01 2.709258289881915083e-01
6.559139784946236285e-01 3.789478128447401617e-01 2.709191123736076623e-01
6.568914956011729922e-01 3.789382224754473949e-01 2.709121728823503106e-01
6.578690127077223559e-01 3.789283032726777356e-01 2.709049962321560812e-01
6.588465298142717197e-01 3.789180328357517058e-01 2.708975664130824357e-01
6.598240469208210834e-01 3.789073858686629603e-01 2.708898653447820992e-01
6.608015640273704472e-01 3.788963335843540392e-01 2.708818724506185660e-01
6.617790811339198109e-01 3.788848429649941396e-01 2.708735641288338436e-01
6.627565982404691747e-01 3.788728758450776724e-01 2.708649130970481878e-01
6.637341153470185384e-01 3.788603877779750939e-01 2.708558875819463974e-01
6.647116324535679022e-01 3.788473266397597849e-01 2.708464503211389651e-01
6.656891495601172659e-01 3.788336309168265359e-01 2.708365573389609482e-01
6.666666666666666297e-01 3.788192276161790328e-01 2.708261564525121234e-01
6.676441837732159934e-01 3.788040297295888759e-01 2.708151854587542151e-01
6.686217008797653572e-01 3.787879331754733236e-01 2.708035699482232994e-01
6.695992179863147209e-01 3.787708131357980235e-01 2.707912206862379545e-01
6.705767350928640846e-01 3.787525197001904709e-01 2.707780304988283704e-01
6.715542521994134484e-01 3.787328727264719919e-01 2.707638705984731775e-01
6.725317693059628121e-01 3.787116558268244226e-01 2.707485862847490155e-01
6.735092864125121759e-01 3.786886093927509522e-01 2.707319919578071166e-01
6.744868035190615396e-01 3.786634225808772625e-01 2.707138653889513136e-01
6.754643206256109034e-01 3.786357241965206399e-01 2.706939412032280390e-01
6.764418377321602671e-01 3.786050724338564932e-01 2.706719035445991350e-01
6.774193548387096309e-01 3.785709434613622193e-01 2.706473779156067794e-01
6.783968719452589946e-01 3.785327188797766307e-01 2.706199222110103331e-01
6.793743890518083584e-01 3.784896721275728404e-01 2.705890169990128324e-01
6.803519061583577221e-01 3.784409539660105737e-01 2.705540551445022590e-01
6.813294232649070858e-01 3.783855772418714958e-01 2.705143309159339093e-01
6.823069403714564496e-01 3.783224012000561687e-01 2.704690287704484830e-01
6.832844574780058133e-01 3.782501156987728153e-01 2.704172120693960624e-01
6.842619745845551771e-01 3.781672257647711310e-01 2.703578120370146998e-01
6.852394916911045408e-01 3.780720370119692308e-01 2.702896173364123800e-01
6.862170087976539046e-01 3.779626425301022552e-01 2.702112646965416087e-01
6.871945259042032683e-01 3.778369119262928177e-01 2.701212310783778769e-01
6.881720430107527431e-01 3.776924832667174492e-01 2.700178279144664351e-01
6.891495601173021068e-01 3.775267587124929713e-01 2.698991979895593030e-01
6.901270772238514706e-01 3.773369046680498107e-01 2.697633155473232458e-01
6.911045943304008343e-01 3.771198572562672879e-01 2.696079902052448962e-01
6.920821114369501981e-01 3.768723338976918136e-01 2.694308752334310664e-01
6.930596285434995618e-01 3.765908516972176212e-01 2.692294807001440193e-01
6.940371456500489256e-01 3.762717532279087895e-01 2.690011919056147782e-01
6.950146627565982893e-01 3.759112401469219544e-01 2.687432934150715269e-01
6.959921798631476531e-01 3.755054148833977257e-01 2.684529988624356212e-01
6.969696969696970168e-01 3.750503304054556564e-01 2.681274865297605392e-01
6.979472140762463805e-01 3.745420478080547788e-01 2.677639405177624776e-01
6.989247311827957443e-01 3.739767011727567203e-01 2.673595971149548278e-01
6.999022482893451080e-01 3.733505688438345516e-01 2.669117957537076036e-01
7.008797653958944718e-01 3.726601499541101759e-01 2.664180337191797698e-01
7.018572825024438355e-01 3.719022447313609647e-01 2.658760235607788847e-01
7.028347996089931993e-01 3.710740368360790353e-01 2.652837519555997225e-01
7.038123167155425630e-01 3.701731757381783172e-01 2.646395385994393945e-01
7.047898338220919268e-01 3.691978569479086869e-01 2.639420935634863574e-01
7.057673509286412905e-01 3.681468977876342641e-01 2.631905714628621773e-01
7.067448680351906543e-01 3.670198063372147046e-01 2.623846207446459688e-01
7.077223851417400180e-01 3.658168412147673743e-01 2.615244264237912009e-01
7.086999022482893817e-01 3.645390599716027968e-01 2.606107446790048576e-01
7.096774193548387455e-01 3.631883540862942961e-01 2.596449278680612593e-01
7.106549364613881092e-01 3.617674688352715551e-01 2.586289387310943821e-01
7.116324535679374730e-01 3.602800066889204067e-01 2.575653528160714023e-01
7.126099706744868367e-01 3.587304133217510405e-01 2.564573484749183563e-01
7.135874877810362005e-01 3.571239458179314430e-01 2.553086841310331923e-01
7.145650048875855642e-01 3.554666231814351818e-01 2.541236628963571276e-01
7.155425219941349280e-01 3.537651598030014388e-01 2.529070850043371177e-01
7.165200391006842917e-01 3.520268830725062359e-01 2.516641889085824979e-01
7.174975562072336555e-01 3.502596368333517618e-01 2.504005822601943487e-01
7.184750733137830192e-01 3.484716728340758185e-01 2.491221643045863077e-01
7.194525904203323829e-01 3.466715327224188514e-01 2.478350415174498389e-01
7.204301075268817467e-01 3.448679234322773457e-01 2.465454385176815977e-01
7.214076246334311104e-01 3.430695890217187460e-01 2.452596064436015355e-01
7.223851417399804742e-01 3.412851821222621651e-01 2.439837310517125046e-01
7.233626588465298379e-01 3.395231381523795000e-01 2.427238427920578590e-01
7.243401759530792017e-01 3.377915553329406961e-01 2.414857310318383188e-01
7.253176930596285654e-01 3.360980833251397404e-01 2.402748644436687175e-01
7.262952101661779292e-01 3.344498230026772267e-01 2.390963193541070231e-01
7.272727272727272929e-01 3.328532394837763753e-01 2.379547175719838037e-01
7.282502443792766567e-01 3.313140901020716345e-01 2.368541748968210348e-01
7.292277614858260204e-01 3.298373685077001238e-01 2.357982611589562738e-01
7.302052785923753842e-01 3.284272655812527364e-01 2.347899722793345967e-01
7.311827956989247479e-01 3.270871473338797242e-01 2.338317144727866947e-01
7.321603128054741116e-01 3.258195494761556010e-01 2.329253003678134482e-01
7.331378299120234754e-01 3.246261878838540560e-01 2.320719564910172783e-01
7.341153470185728391e-01 3.235079837856400520e-01 2.312723412761144015e-01
7.350928641251222029e-01 3.224651021578376353e-01 2.305265725145125566e-01
7.360703812316715666e-01 3.214970015434330808e-01 2.298342629728568343e-01
7.370478983382209304e-01 3.206024933212904826e-01 2.291945627662789475e-01
7.380254154447702941e-01 3.197798083385733903e-01 2.286062069953228859e-01
7.390029325513196579e-01 3.190266687826240899e-01 2.280675671282650918e-01
7.399804496578690216e-01 3.183403632030860630e-01 2.275767046352462353e-01
7.409579667644183854e-01 3.177178226934117555e-01 2.271314254509543828e-01
7.419354838709677491e-01 3.171556963936474349e-01 2.267293339518105799e-01
7.429130009775171128e-01 3.166504246728103489e-01 2.263678852740369507e-01
7.438905180840664766e-01 3.161983085777975711e-01 2.260444349624375626e-01
7.448680351906158403e-01 3.157955743850160979e-01 2.257562851179149566e-01
7.458455522971652041e-01 3.154384323496305931e-01 2.255007263966964104e-01
7.468230694037145678e-01 3.151231290051696998e-01 2.252750753985809096e-01
7.478005865102639316e-01 3.148459926141459753e-01 2.250767071587487234e-01
7.487781036168132953e-01 3.146034716007079513e-01 2.249030826223623047e-01
7.497556207233626591e-01 3.143921660032022447e-01 2.247517711290692999e-01
7.507331378299120228e-01 3.142088521636028919e-01 2.246204680625370764e-01
7.517106549364613866e-01 3.140505010194432067e-01 2.245070079264371854e-01
7.526881720430107503e-01 3.139142904811056400e-01 2.244093731920919488e-01
7.536656891495601140e-01 3.137976124633919395e-01 2.243256993245236752e-01
7.546432062561094778e-01 3.136980751967111125e-01 2.242542764339709727e-01
7.556207233626588415e-01 3.136135014723922532e-01 2.241935480207882248e-01
7.565982404692082053e-01 3.135419234816779199e-01 2.241421072852491370e-01
7.575757575757575690e-01 3.134815748924426049e-01 2.240986914626837689e-01
7.585532746823069328e-01 3.134308807754012105e-01 2.240621746212972387e-01
7.595307917888562965e-01 3.133884459463413541e-01 2.240315593276835104e-01
7.605083088954056603e-01 3.133530422364267376e-01 2.240059675460899791e-01
7.614858260019550240e-01 3.133235951422738141e-01 2.239846310943492680e-01
7.624633431085043878e-01 3.132991702443576609e-01 2.239668819342492401e-01
7.634408602150537515e-01 3.132789597189646336e-01 2.239521425288318046e-01
7.644183773216031152e-01 3.132622692075326953e-01 2.239399164552316468e-01
7.653958944281524790e-01 3.132485052494841660e-01 2.239297794203921332e-01
7.663734115347018427e-01 3.132371634318003029e-01 2.239213707892096228e-01
7.673509286412512065e-01 3.132278173614220784e-01 2.239143857009380512e-01
7.683284457478005702e-01 3.132201085255351680e-01 2.239085678203578123e-01
7.693059628543499340e-01 3.132137370700422974e-01 2.239037027453683881e-01
7.702834799608992977e-01 3.132084534979215906e-01 2.238996120722133998e-01
7.712609970674486615e-01 3.132040512663781806e-01 2.238961481032553658e-01
7.722385141739980252e-01 3.132003602442615664e-01 2.238931891697538701e-01
7.732160312805473890e-01 3.131972409785653833e-01 2.238906355330538556e-01
7.741935483870967527e-01 3.131945797103365403e-01 2.238884058215214745e-01
7.751710654936461165e-01 3.131922840753633142e-01 2.238864339570220685e-01
7.761485826001954802e-01 3.131902794229569631e-01 2.238846665232664679e-01
7.771260997067448439e-01 3.131885056864147088e-01 2.238830605285465902e-01
7.781036168132942077e-01 3.131869147408009035e-01 2.238815815168464229e-01
7.790811339198435714e-01 3.131854681870468449e-01 2.238802019837211055e-01
7.800586510263929352e-01 3.131841355056236287e-01 2.238789000563762843e-01
7.810361681329422989e-01 3.131828925278487552e-01 2.238776584008154436e-01
7.820136852394916627e-01 3.131817201779553694e-01 2.238764633225506229e-01
7.829912023460410264e-01 3.131806034441740882e-01 2.238753040310258180e-01
7.839687194525903902e-01 3.131795305420572717e-01 2.238741720414703651e-01
7.849462365591397539e-01 3.131784922380224101e-01 2.238730606912869570e-01
7.859237536656891177e-01 3.131774813054916118e-01 2.238719647512273647e-01
7.869012707722384814e-01 3.131764920900274585e-01 2.238708801144861094e-01
7.878787878787878451e-01 3.131755201634812691e-01 2.238698035494242344e-01
7.888563049853372089e-01 3.131745620503691985e-01 2.238687325039250831e-01
7.898338220918865726e-01 3.131736150124945772e-01 2.238676649513875183e-01
7.908113391984359364e-01 3.131726768802584604e-01 2.238665992700924201e-01
7.917888563049853001e-01 3.131717459211725285e-01 2.238655341491617434e-01
7.927663734115346639e-01 3.131708207378445241e-01 2.238644685155856406e-01
7.937438905180840276e-01 3.131699001891842249e-01 2.238634014778448644e-01
7.947214076246333914e-01 3.131689833297992553e-01 2.238623322825352147e-01
7.956989247311827551e-01 3.131680693635670032e-01 2.238612602811221874e-01
7.966764418377321189e-01 3.131671576081949127e-01 2.238601849045473435e-01
7.976539589442814826e-01 3.131662474682548880e-01 2.238591056438890281e-01
7.986314760508308463e-01 3.131653384147195518e-01 2.238580220356662931e-01
7.996089931573802101e-01 3.131644299694642530e-01 2.238569336506870122e-01
8.005865102639295738e-01 3.131635216935408361e-01 2.238558400855878150e-01
8.015640273704789376e-01 3.131626131783059597e-01 2.238547409564070056e-01
8.025415444770283013e-01 3.131617040386978634e-01 2.238536358936864812e-01
8.035190615835776651e-01 3.131607939081232916e-01 2.238525245387165963e-01
8.044965786901270288e-01 3.131598824345466769e-01 2.238514065406310705e-01
8.054740957966763926e-01 3.131589692774719436e-01 2.238502815541312252e-01
8.064516129032257563e-01 3.131580541055852263e-01 2.238491492376708247e-01
8.074291300097751201e-01 3.131571365948841446e-01 2.238480092519788689e-01
8.084066471163244838e-01 3.131562164271644022e-01 2.238468612588246642e-01
8.093841642228738475e-01 3.131552932887665674e-01 2.238457049199581994e-01
8.103616813294232113e-01 3.131543668695138671e-01 2.238445398961735056e-01
8.113391984359725750e-01 3.131534368617867603e-01 2.238433658464585030e-01
8.123167155425219388e-01 3.131525029596988197e-01 2.238421824272051608e-01
8.132942326490714136e-01 3.131515648583453881e-01 2.238409892914608457e-01
8.142717497556207773e-01 3.131506222531057482e-01 2.238397860882087309e-01
8.152492668621701410e-01 3.131496748389870355e-01 2.238385724616688000e-01
8.162267839687195048e-01 3.131487223100006267e-01 2.238373480506168633e-01
8.172043010752688685e-01 3.131477643585657833e-01 2.238361124877184805e-01
8.181818181818182323e-01 3.131468006749377198e-01 2.238348653988797010e-01
8.191593352883675960e-01 3.131458309466605971e-01 2.238336064026171524e-01
8.201368523949169598e-01 3.131448548580452185e-01 2.238323351094499702e-01
8.211143695014663235e-01 3.131438720896732031e-01 2.238310511213198739e-01
8.220918866080156873e-01 3.131428823179297494e-01 2.238297540310424660e-01
8.230694037145650510e-01 3.131418852145684273e-01 2.238284434217962526e-01
8.240469208211144148e-01 3.131408804463108320e-01 2.238271188666541289e-01
8.250244379276637785e-01 3.131398676744825971e-01 2.238257799281631322e-01
8.260019550342131422e-01 3.131388465546914301e-01 2.238244261579769023e-01
8.269794721407625060e-01 3.131378167365427845e-01 2.238230570965395461e-01
8.279569892473118697e-01 3.131367778633883381e-01 2.238216722728127994e-01
8.289345063538612335e-01 3.131357295721016731e-01 2.238202712040371911e-01
8.299120234604105972e-01 3.131346714929027497e-01 2.238188533955583759e-01
8.308895405669599610e-01 3.131336032492955668e-01 2.238174183408111750e-01
8.318670576735093247e-01 3.131325244581700251e-01 2.238159655215424260e-01
8.328445747800586885e-01 3.131314347299049561e-01 2.238144944080548426e-01
8.338220918866080522e-01 3.131303336678905036e-01 2.238130044586373879e-01
8.347996089931574160e-01 3.131292208668667865e-01 2.238114951172530398e-01
8.357771260997067797e-01 3.131280959111686912e-01 2.238099658109061751e-01
8.367546432062561435e-01 3.131269583777702703e-01 2.238084159536701812e-01
8.377321603128055072e-01 3.131258078502993092e-01 2.238068449667181825e-01
8.387096774193548709e-01 3.131246439370734547e-01 2.238052523056508203e-01
8.396871945259042347e-01 3.131234662521142353e-01 2.238036374369433146e-01
8.406647116324535984e-01 3.131222742980911966e-01 2.238019996721967719e-01
8.416422287390029622e-01 3.131210672887498880e-01 2.238003379029508688e-01
8.426197458455523259e-01 3.131198442483647537e-01 2.237986507114822776e-01
8.435972629521016897e-01 3.131186049719109077e-01 2.237969377221084022e-01
8.445747800586510534e-01 3.131173517159901443e-01 2.237952021029460392e-01
8.455522971652004172e-01 3.131160888955523691e-01 2.237934504069820363e-01
8.465298142717497809e-01 3.131148153496426945e-01 2.237916817651946499e-01
8.475073313782991447e-01 3.131135086349091656e-01 2.237898648333651597e-01
8.484848484848485084e-01 3.131121228848105509e-01 2.237879323715658841e-01
8.494623655913978721e-01 3.131106497659273957e-01 2.237858657121686579e-01
8.504398826979472359e-01 3.131092612068872572e-01 2.237839027988121343e-01
8.514173998044965996e-01 3.131083678359777855e-01 2.237826416779297167e-01
8.523949169110459634e-01 3.131081505772992934e-01 2.237823979618805414e-01
8.533724340175953271e-01 3.131072882491462983e-01 2.237813618718852704e-01
8.543499511241446909e-01 3.131021229224213998e-01 2.237742392778939160e-01
8.553274682306940546e-01 3.130901475453835014e-01 2.237569738629713589e-01
8.563049853372434184e-01 3.130811496378328451e-01 2.237427915281249569e-01
8.572825024437927821e-01 3.131070905109519797e-01 2.237776773844946665e-01
8.582600195503421459e-01 3.131972209721365363e-01 2.239073067735095901e-01
8.592375366568915096e-01 3.132820884208661893e-01 2.240396100779672717e-01
8.602150537634408733e-01 3.130866722430967197e-01 2.237811836903703666e-01
8.611925708699902371e-01 3.122985870237215411e-01 2.226556293934423003e-01
8.621700879765396008e-01 3.113808762276993880e-01 2.212590750839387166e-01
8.631476050830889646e-01 3.126342113272523315e-01 2.228608018236322708e-01
8.641251221896383283e-01 3.192326382186848055e-01 2.322981723855599423e-01
8.651026392961876921e-01 3.285451218621085467e-01 2.464948701938595998e-01
8.660801564027370558e-01 3.197489362566245386e-01 2.357387481852745992e-01
8.670576735092864196e-01 2.618102335401508163e-01 1.585225788418044290e-01
8.680351906158357833e-01 1.810209979655318657e-01 5.834332309118198112e-02
8.690127077223851471e-01 1.382323495891467080e-01 1.191593575810828871e-02
8.699902248289345108e-01 1.271974827358433313e-01 1.831292507307439102e-03
8.709677419354838745e-01 1.253206286180965634e-01 2.619825326365790618e-04
8.719452590420332383e-01 1.250454519299472600e-01 3.702140327272612931e-05
8.729227761485826020e-01 1.250064136936825665e-01 5.221486096584518238e-06
8.739002932551319658e-01 1.250009044290869009e-01 7.362474311050069293e-07
8.748778103616813295e-01 1.250001275245030130e-01 1.038107689984675832e-07
8.758553274682306933e-01 1.250000179807838063e-01 1.463714650506081939e-08
8.768328445747800570e-01 1.250000025352623612e-01 2.063812542539794247e-09
8.778103616813294208e-01 1.250000003574676111e-01 2.909941420217303140e-10
8.787878787878787845e-01 1.250000000504023212e-01 4.102967397171513277e-11
8.797653958944281483e-01 1.250000000071066208e-01 5.785066231148058221e-12
8.807429130009775120e-01 1.250000000010019763e-01 8.156888976585280542e-13
8.817204301075268758e-01 1.250000000001412481e-01 1.149840561358496810e-13
8.826979472140762395e-01 1.250000000000199007e-01 1.620213785674379342e-14
8.836754643206256032e-01 1.250000000000027756e-01 2.279151318124188289e-15
8.846529814271749670e-01 1.250000000000003331e-01 2.979132577063125659e-16
8.856304985337243307e-01 1.250000000000000278e-01 2.911927314799039023e-17
8.866080156402736945e-01 1.250000000000000000e-01 1.119966036565974638e-18
8.875855327468230582e-01 1.250000000000000000e-01 5.893678812175413862e-69
8.885630498533724220e-01 1.250000000000000000e-01 1.387768102988776885e-139
8.895405669599217857e-01 1.250000000000000000e-01 7.125896954421129745e-284
8.905180840664711495e-01 1.250000000000000000e-01 0.000000000000000000e+00
8.914956011730205132e-01 1.250000000000000000e-01 0.000000000000000000e+00
8.924731182795698770e-01 1.250000000000000000e-01 0.000000000000000000e+00
8.934506353861192407e-01 1.250000000000000000e-01 0.000000000000000000e+00
8.944281524926686044e-01 1.250000000000000000e-01 0.000000000000000000e+00
8.954056695992179682e-01 1.250000000000000000e-01 0.000000000000000000e+00
8.963831867057673319e-01 1.250000000000000000e-01 0.000000000000000000e+00
8.973607038123166957e-01 1.250000000000000000e-01 0.000000000000000000e+00
8.983382209188660594e-01 1.250000000000000000e-01 0.000000000000000000e+00
8.993157380254154232e-01 1.250000000000000000e-01 0.000000000000000000e+00
9.002932551319647869e-01 1.250000000000000000e-01 0.000000000000000000e+00
9.012707722385141507e-01 1.250000000000000000e-01 0.000000000000000000e+00
9.022482893450635144e-01 1.250000000000000000e-01 0.000000000000000000e+00
9.032258064516128782e-01 1.250000000000000000e-01 0.000000000000000000e+00
9.042033235581622419e-01 1.250000000000000000e-01 0.000000000000000000e+00
9.051808406647116056e-01 1.250000000000000000e-01 0.000000000000000000e+00
9.061583577712609694e-01 1.250000000000000000e-01 0.000000000000000000e+00
9.071358748778103331e-01 1.250000000000000000e-01 0.000000000000000000e+00
9.081133919843596969e-01 1.250000000000000000e-01 0.000000000000000000e+00
9.090909090909090606e-01 1.250000000000000000e-01 0.000000000000000000e+00
9.100684261974584244e-01 1.250000000000000000e-01 0.000000000000000000e+00
9.110459433040077881e-01 1.250000000000000000e-01 0.000000000000000000e+00
9.120234604105571519e-01 1.250000000000000000e-01 0.000000000000000000e+00
9.130009775171065156e-01 1.250000000000000000e-01 0.000000000000000000e+00
9.139784946236558794e-01 1.250000000000000000e-01 0.000000000000000000e+00
9.149560117302052431e-01 1.250000000000000000e-01 0.000000000000000000e+00
9.159335288367546068e-01 1.250000000000000000e-01 0.000000000000000000e+00
9.169110459433039706e-01 1.250000000000000000e-01 0.000000000000000000e+00
9.178885630498533343e-01 1.250000000000000000e-01 0.000000000000000000e+00
9.188660801564026981e-01 1.250000000000000000e-01 0.000000000000000000e+00
9.198435972629520618e-01 1.250000000000000000e-01 0.000000000000000000e+00
9.208211143695014256e-01 1.250000000000000000e-01 0.000000000000000000e+00
9.217986314760507893e-01 1.250000000000000000e-01 0.000000000000000000e+00
9.227761485826001531e-01 1.250000000000000000e-01 0.000000000000000000e+00
9.237536656891495168e-01 1.250000000000000000e-01 0.000000000000000000e+00
9.247311827956988806e-01 1.250000000000000000e-01 0.000000000000000000e+00
9.257086999022482443e-01 1.250000000000000000e-01 0.000000000000000000e+00
9.266862170087976081e-01 1.250000000000000000e-01 0.000000000000000000e+00
9.276637341153469718e-01 1.250000000000000000e-01 0.000000000000000000e+00
9.286412512218963355e-01 1.250000000000000000e-01 0.000000000000000000e+00
9.296187683284456993e-01 1.250000000000000000e-01 0.000000000000000000e+00
9.305962854349950630e-01 1.250000000000000000e-01 0.000000000000000000e+00
9.315738025415444268e-01 1.250000000000000000e-01 0.000000000000000000e+00
9.325513196480937905e-01 1.250000000000000000e-01 0.000000000000000000e+00
9.335288367546431543e-01 1.250000000000000000e-01 0.000000000000000000e+00
9.345063538611925180e-01 1.250000000000000000e-01 0.000000000000000000e+00
9.354838709677418818e-01 1.250000000000000000e-01 0.000000000000000000e+00
9.364613880742912455e-01 1.250000000000000000e-01 0.000000000000000000e+00
9.374389051808406093e-01 1.250000000000000000e-01 0.000000000000000000e+00
9.384164222873900840e-01 1.250000000000000000e-01 0.000000000000000000e+00
9.393939393939394478e-01 1.250000000000000000e-01 0.000000000000000000e+00
9.403714565004888115e-01 1.250000000000000000e-01 0.000000000000000000e+00
9.413489736070381753e-01 1.250000000000000000e-01 0.000000000000000000e+00
9.423264907135875390e-01 1.250000000000000000e-01 0.000000000000000000e+00
9.433040078201369028e-01 1.250000000000000000e-01 0.000000000000000000e+00
9.442815249266862665e-01 1.250000000000000000e-01 0.000000000000000000e+00
9.452590420332356302e-01 1.250000000000000000e-01 0.000000000000000000e+00
9.462365591397849940e-01 1.250000000000000000e-01 0.000000000000000000e+00
9.472140762463343577e-01 1.250000000000000000e-01 0.000000000000000000e+00
9.481915933528837215e-01 1.250000000000000000e-01 0.000000000000000000e+00
9.491691104594330852e-01 1.250000000000000000e-01 0.000000000000000000e+00
9.501466275659824490e-01 1.250000000000000000e-01 0.000000000000000000e+00
9.511241446725318127e-01 1.250000000000000000e-01 0.000000000000000000e+00
9.521016617790811765e-01 1.250000000000000000e-01 0.000000000000000000e+00
9.530791788856305402e-01 1.250000000000000000e-01 0.000000000000000000e+00
9.540566959921799040e-01 1.250000000000000000e-01 0.000000000000000000e+00
9.550342130987292677e-01 1.250000000000000000e-01 0.000000000000000000e+00
9.560117302052786314e-01 1.250000000000000000e-01 0.000000000000000000e+00
9.569892473118279952e-01 1.250000000000000000e-01 0.000000000000000000e+00
9.579667644183773589e-01 1.250000000000000000e-01 0.000000000000000000e+00
9.589442815249267227e-01 1.250000000000000000e-01 0.000000000000000000e+00
9.599217986314760864e-01 1.250000000000000000e-01 0.000000000000000000e+00
9.608993157380254502e-01 1.250000000000000000e-01 0.000000000000000000e+00
9.618768328445748139e-01 1.250000000000000000e-01 0.000000000000000000e+00
9.628543499511241777e-01 1.250000000000000000e-01 0.000000000000000000e+00
9.638318670576735414e-01 1.250000000000000000e-01 0.000000000000000000e+00
9.648093841642229052e-01 1.250000000000000000e-01 0.000000000000000000e+00
9.657869012707722689e-01 1.250000000000000000e-01 0.000000000000000000e+00
9.667644183773216326e-01 1.250000000000000000e-01 0.000000000000000000e+00
9.677419354838709964e-01 1.250000000000000000e-01 0.000000000000000000e+00
9.687194525904203601e-01 1.250000000000000000e-01 0.000000000000000000e+00
9.696969696969697239e-01 1.250000000000000000e-01 0.000000000000000000e+00
9.706744868035190876e-01 1.250000000000000000e-01 0.000000000000000000e+00
9.716520039100684514e-01 1.250000000000000000e-01 0.000000000000000000e+00
9.726295210166178151e-01 1.250000000000000000e-01 0.000000000000000000e+00
9.736070381231671789e-01 1.250000000000000000e-01 0.000000000000000000e+00
9.745845552297165426e-01 1.250000000000000000e-01 0.000000000000000000e+00
9.755620723362659064e-01 1.250000000000000000e-01 0.000000000000000000e+00
9.765395894428152701e-01 1.250000000000000000e-01 0.000000000000000000e+00
9.775171065493646338e-01 1.250000000000000000e-01 0.000000000000000000e+00
9.784946236559139976e-01 1.250000000000000000e-01 0.000000000000000000e+00
9.794721407624633613e-01 1.250000000000000000e-01 0.000000000000000000e+00
9.804496578690127251e-01 1.250000000000000000e-01 0.000000000000000000e+00
9.814271749755620888e-01 1.250000000000000000e-01 0.000000000000000000e+00
9.824046920821114526e-01 1.250000000000000000e-01 0.000000000000000000e+00
9.833822091886608163e-01 1.250000000000000000e-01 0.000000000000000000e+00
9.843597262952101801e-01 1.250000000000000000e-01 0.000000000000000000e+00
9.853372434017595438e-01 1.250000000000000000e-01 0.000000000000000000e+00
9.863147605083089076e-01 1.250000000000000000e-01 0.000000000000000000e+00
9.872922776148582713e-01 1.250000000000000000e-01 0.000000000000000000e+00
9.882697947214076351e-01 1.250000000000000000e-01 0.000000000000000000e+00
9.892473118279569988e-01 1.250000000000000000e-01 0.000000000000000000e+00
9.902248289345063625e-01 1.250000000000000000e-01 0.000000000000000000e+00
9.912023460410557263e-01 1.250000000000000000e-01 0.000000000000000000e+00
9.921798631476050900e-01 1.250000000000000000e-01 0.000000000000000000e+00
9.931573802541544538e-01 1.250000000000000000e-01 0.000000000000000000e+00
9.941348973607038175e-01 1.250000000000000000e-01 0.000000000000000000e+00
9.951124144672531813e-01 1.250000000000000000e-01 0.000000000000000000e+00
9.960899315738025450e-01 1.250000000000000000e-01 0.000000000000000000e+00
9.970674486803519088e-01 1.250000000000000000e-01 0.000000000000000000e+00
9.980449657869012725e-01 1.250000000000000000e-01 0.000000000000000000e+00
9.990224828934506363e-01 1.250000000000000000e-01 -0.000000000000000000e+00
1.000000000000000000e+00 1.250000000000000000e-01 -0.000000000000000000e+00
