# 0.07875637145120004
0.000000000000000000e+00 1.000000000000000000e+00 -0.000000000000000000e+00
9.775171065493646130e-04 1.000000000000000000e+00 -0.000000000000000000e+00
1.955034213098729226e-03 1.000000000000000000e+00 0.000000000000000000e+00
2.932551319648093839e-03 1.000000000000000000e+00 0.000000000000000000e+00
3.910068426197458452e-03 1.000000000000000000e+00 0.000000000000000000e+00
4.887585532746823065e-03 1.000000000000000000e+00 0.000000000000000000e+00
5.865102639296187678e-03 1.000000000000000000e+00 0.000000000000000000e+00
6.842619745845552291e-03 1.000000000000000000e+00 0.000000000000000000e+00
7.820136852394916904e-03 1.000000000000000000e+00 0.000000000000000000e+00
8.797653958944282385e-03 1.000000000000000000e+00 0.000000000000000000e+00
9.775171065493646130e-03 1.000000000000000000e+00 0.000000000000000000e+00
1.075268817204301161e-02 1.000000000000000000e+00 0.000000000000000000e+00
1.173020527859237536e-02 1.000000000000000000e+00 0.000000000000000000e+00
1.270772238514174084e-02 1.000000000000000000e+00 0.000000000000000000e+00
1.368523949169110458e-02 1.000000000000000000e+00 0.000000000000000000e+00
1.466275659824047006e-02 1.000000000000000000e+00 0.000000000000000000e+00
1.564027370478983381e-02 1.000000000000000000e+00 0.000000000000000000e+00
1.661779081133919755e-02 1.000000000000000000e+00 0.000000000000000000e+00
1.759530791788856477e-02 1.000000000000000000e+00 0.000000000000000000e+00
1.857282502443792851e-02 1.000000000000000000e+00 0.000000000000000000e+00
1.955034213098729226e-02 1.000000000000000000e+00 0.000000000000000000e+00
2.052785923753665601e-02 1.000000000000000000e+00 0.000000000000000000e+00
2.150537634408602322e-02 1.000000000000000000e+00 0.000000000000000000e+00
2.248289345063538697e-02 1.000000000000000000e+00 0.000000000000000000e+00
2.346041055718475071e-02 1.000000000000000000e+00 0.000000000000000000e+00
2.443792766373411446e-02 1.000000000000000000e+00 0.000000000000000000e+00
2.541544477028348167e-02 1.000000000000000000e+00 0.000000000000000000e+00
2.639296187683284542e-02 1.000000000000000000e+00 0.000000000000000000e+00
2.737047898338220916e-02 1.000000000000000000e+00 0.000000000000000000e+00
2.834799608993157291e-02 1.000000000000000000e+00 0.000000000000000000e+00
2.932551319648094013e-02 1.000000000000000000e+00 0.000000000000000000e+00
3.030303030303030387e-02 1.000000000000000000e+00 0.000000000000000000e+00
3.128054740957966762e-02 1.000000000000000000e+00 0.000000000000000000e+00
3.225806451612903136e-02 1.000000000000000000e+00 0.000000000000000000e+00
3.323558162267839511e-02 1.000000000000000000e+00 0.000000000000000000e+00
3.421309872922775885e-02 1.000000000000000000e+00 0.000000000000000000e+00
3.519061583577712954e-02 1.000000000000000000e+00 0.000000000000000000e+00
3.616813294232649328e-02 1.000000000000000000e+00 0.000000000000000000e+00
3.714565004887585703e-02 1.000000000000000000e+00 0.000000000000000000e+00
3.812316715542522078e-02 1.000000000000000000e+00 0.000000000000000000e+00
3.910068426197458452e-02 1.000000000000000000e+00 0.000000000000000000e+00
4.007820136852394827e-02 1.000000000000000000e+00 0.000000000000000000e+00
4.105571847507331201e-02 1.000000000000000000e+00 0.000000000000000000e+00
4.203323558162267576e-02 1.000000000000000000e+00 0.000000000000000000e+00
4.301075268817204644e-02 1.000000000000000000e+00 0.000000000000000000e+00
4.398826979472141019e-02 1.000000000000000000e+00 0.000000000000000000e+00
4.496578690127077393e-02 1.000000000000000000e+00 0.000000000000000000e+00
4.594330400782013768e-02 1.000000000000000000e+00 0.000000000000000000e+00
4.692082111436950143e-02 1.000000000000000000e+00 0.000000000000000000e+00
4.789833822091886517e-02 1.000000000000000000e+00 0.000000000000000000e+00
4.887585532746822892e-02 1.000000000000000000e+00 0.000000000000000000e+00
4.985337243401759266e-02 1.000000000000000000e+00 0.000000000000000000e+00
5.083088954056696335e-02 1.000000000000000000e+00 0.000000000000000000e+00
5.180840664711632709e-02 1.000000000000000000e+00 0.000000000000000000e+00
5.278592375366569084e-02 1.000000000000000000e+00 0.000000000000000000e+00
5.376344086021505458e-02 1.000000000000000000e+00 0.000000000000000000e+00
5.474095796676441833e-02 1.000000000000000000e+00 0.000000000000000000e+00
5.571847507331378208e-02 1.000000000000000000e+00 0.000000000000000000e+00
5.669599217986314582e-02 1.000000000000000000e+00 0.000000000000000000e+00
5.767350928641250957e-02 1.000000000000000000e+00 0.000000000000000000e+00
5.865102639296188025e-02 1.000000000000000000e+00 0.000000000000000000e+00
5.962854349951124400e-02 1.000000000000000000e+00 0.000000000000000000e+00
6.060606060606060774e-02 1.000000000000000000e+00 0.000000000000000000e+00
6.158357771260997149e-02 1.000000000000000000e+00 0.000000000000000000e+00
6.256109481915933523e-02 1.000000000000000000e+00 0.000000000000000000e+00
6.353861192570869898e-02 1.000000000000000000e+00 0.000000000000000000e+00
6.451612903225806273e-02 1.000000000000000000e+00 0.000000000000000000e+00
6.549364613880742647e-02 1.000000000000000000e+00 0.000000000000000000e+00
6.647116324535679022e-02 1.000000000000000000e+00 0.000000000000000000e+00
6.744868035190615396e-02 1.000000000000000000e+00 0.000000000000000000e+00
6.842619745845551771e-02 1.000000000000000000e+00 0.000000000000000000e+00
6.940371456500488145e-02 1.000000000000000000e+00 0.000000000000000000e+00
7.038123167155425908e-02 1.000000000000000000e+00 0.000000000000000000e+00
7.135874877810362282e-02 1.000000000000000000e+00 0.000000000000000000e+00
7.233626588465298657e-02 1.000000000000000000e+00 0.000000000000000000e+00
7.331378299120235031e-02 1.000000000000000000e+00 0.000000000000000000e+00
7.429130009775171406e-02 1.000000000000000000e+00 0.000000000000000000e+00
7.526881720430107781e-02 1.000000000000000000e+00 0.000000000000000000e+00
7.624633431085044155e-02 1.000000000000000000e+00 0.000000000000000000e+00
7.722385141739980530e-02 1.000000000000000000e+00 0.000000000000000000e+00
7.820136852394916904e-02 1.000000000000000000e+00 0.000000000000000000e+00
7.917888563049853279e-02 1.000000000000000000e+00 0.000000000000000000e+00
8.015640273704789653e-02 1.000000000000000000e+00 0.000000000000000000e+00
8.113391984359726028e-02 1.000000000000000000e+00 0.000000000000000000e+00
8.211143695014662403e-02 1.000000000000000000e+00 0.000000000000000000e+00
8.308895405669598777e-02 1.000000000000000000e+00 0.000000000000000000e+00
8.406647116324535152e-02 1.000000000000000000e+00 0.000000000000000000e+00
8.504398826979471526e-02 1.000000000000000000e+00 0.000000000000000000e+00
8.602150537634409289e-02 1.000000000000000000e+00 0.000000000000000000e+00
8.699902248289345663e-02 1.000000000000000000e+00 0.000000000000000000e+00
8.797653958944282038e-02 1.000000000000000000e+00 0.000000000000000000e+00
8.895405669599218412e-02 1.000000000000000000e+00 0.000000000000000000e+00
8.993157380254154787e-02 1.000000000000000000e+00 0.000000000000000000e+00
9.090909090909091161e-02 1.000000000000000000e+00 0.000000000000000000e+00
9.188660801564027536e-02 1.000000000000000000e+00 0.000000000000000000e+00
9.286412512218963911e-02 1.000000000000000000e+00 0.000000000000000000e+00
9.384164222873900285e-02 1.000000000000000000e+00 0.000000000000000000e+00
9.481915933528836660e-02 1.000000000000000000e+00 0.000000000000000000e+00
9.579667644183773034e-02 1.000000000000000000e+00 0.000000000000000000e+00
9.677419354838709409e-02 1.000000000000000000e+00 0.000000000000000000e+00
9.775171065493645783e-02 1.000000000000000000e+00 0.000000000000000000e+00
9.872922776148582158e-02 1.000000000000000000e+00 0.000000000000000000e+00
9.970674486803518533e-02 1.000000000000000000e+00 0.000000000000000000e+00
1.006842619745845491e-01 1.000000000000000000e+00 0.000000000000000000e+00
1.016617790811339267e-01 1.000000000000000000e+00 0.000000000000000000e+00
1.026392961876832904e-01 1.000000000000000000e+00 0.000000000000000000e+00
1.036168132942326542e-01 1.000000000000000000e+00 0.000000000000000000e+00
1.045943304007820179e-01 1.000000000000000000e+00 0.000000000000000000e+00
1.055718475073313817e-01 1.000000000000000000e+00 0.000000000000000000e+00
1.065493646138807454e-01 1.000000000000000000e+00 0.000000000000000000e+00
1.075268817204301092e-01 1.000000000000000000e+00 0.000000000000000000e+00
1.085043988269794729e-01 1.000000000000000000e+00 0.000000000000000000e+00
1.094819159335288367e-01 1.000000000000000000e+00 0.000000000000000000e+00
1.104594330400782004e-01 1.000000000000000000e+00 0.000000000000000000e+00
1.114369501466275642e-01 1.000000000000000000e+00 0.000000000000000000e+00
1.124144672531769279e-01 1.000000000000000000e+00 0.000000000000000000e+00
1.133919843597262916e-01 1.000000000000000000e+00 0.000000000000000000e+00
1.143695014662756554e-01 1.000000000000000000e+00 0.000000000000000000e+00
1.153470185728250191e-01 1.000000000000000000e+00 0.000000000000000000e+00
1.163245356793743829e-01 1.000000000000000000e+00 0.000000000000000000e+00
1.173020527859237605e-01 1.000000000000000000e+00 0.000000000000000000e+00
1.182795698924731242e-01 1.000000000000000000e+00 0.000000000000000000e+00
1.192570869990224880e-01 1.000000000000000000e+00 0.000000000000000000e+00
1.202346041055718517e-01 1.000000000000000000e+00 0.000000000000000000e+00
1.212121212121212155e-01 1.000000000000000000e+00 0.000000000000000000e+00
1.221896383186705792e-01 1.000000000000000000e+00 0.000000000000000000e+00
1.231671554252199430e-01 1.000000000000000000e+00 0.000000000000000000e+00
1.241446725317693067e-01 1.000000000000000000e+00 0.000000000000000000e+00
1.251221896383186705e-01 1.000000000000000000e+00 0.000000000000000000e+00
1.260997067448680342e-01 1.000000000000000000e+00 0.000000000000000000e+00
1.270772238514173980e-01 1.000000000000000000e+00 0.000000000000000000e+00
1.280547409579667617e-01 1.000000000000000000e+00 0.000000000000000000e+00
1.290322580645161255e-01 1.000000000000000000e+00 0.000000000000000000e+00
1.300097751710654892e-01 1.000000000000000000e+00 0.000000000000000000e+00
1.309872922776148529e-01 1.000000000000000000e+00 0.000000000000000000e+00
1.319648093841642167e-01 1.000000000000000000e+00 0.000000000000000000e+00
1.329423264907135804e-01 1.000000000000000000e+00 0.000000000000000000e+00
1.339198435972629442e-01 1.000000000000000000e+00 0.000000000000000000e+00
1.348973607038123079e-01 1.000000000000000000e+00 0.000000000000000000e+00
1.358748778103616717e-01 1.000000000000000000e+00 0.000000000000000000e+00
1.368523949169110354e-01 1.000000000000000000e+00 0.000000000000000000e+00
1.378299120234603992e-01 1.000000000000000000e+00 0.000000000000000000e+00
1.388074291300097629e-01 1.000000000000000000e+00 0.000000000000000000e+00
1.397849462365591267e-01 1.000000000000000000e+00 0.000000000000000000e+00
1.407624633431085182e-01 1.000000000000000000e+00 0.000000000000000000e+00
1.417399804496578819e-01 1.000000000000000000e+00 0.000000000000000000e+00
1.427174975562072456e-01 1.000000000000000000e+00 0.000000000000000000e+00
1.436950146627566094e-01 1.000000000000000000e+00 0.000000000000000000e+00
1.446725317693059731e-01 1.000000000000000000e+00 0.000000000000000000e+00
1.456500488758553369e-01 1.000000000000000000e+00 0.000000000000000000e+00
1.466275659824047006e-01 1.000000000000000000e+00 0.000000000000000000e+00
1.476050830889540644e-01 1.000000000000000000e+00 0.000000000000000000e+00
1.485826001955034281e-01 1.000000000000000000e+00 0.000000000000000000e+00
1.495601173020527919e-01 1.000000000000000000e+00 0.000000000000000000e+00
1.505376344086021556e-01 1.000000000000000000e+00 0.000000000000000000e+00
1.515151515151515194e-01 1.000000000000000000e+00 0.000000000000000000e+00
1.524926686217008831e-01 1.000000000000000000e+00 0.000000000000000000e+00
1.534701857282502468e-01 1.000000000000000000e+00 0.000000000000000000e+00
1.544477028347996106e-01 1.000000000000000000e+00 0.000000000000000000e+00
1.554252199413489743e-01 1.000000000000000000e+00 0.000000000000000000e+00
1.564027370478983381e-01 1.000000000000000000e+00 0.000000000000000000e+00
1.573802541544477018e-01 1.000000000000000000e+00 0.000000000000000000e+00
1.583577712609970656e-01 1.000000000000000000e+00 0.000000000000000000e+00
1.593352883675464293e-01 1.000000000000000000e+00 0.000000000000000000e+00
1.603128054740957931e-01 1.000000000000000000e+00 0.000000000000000000e+00
1.612903225806451568e-01 1.000000000000000000e+00 0.000000000000000000e+00
1.622678396871945206e-01 1.000000000000000000e+00 0.000000000000000000e+00
1.632453567937438843e-01 1.000000000000000000e+00 0.000000000000000000e+00
1.642228739002932481e-01 1.000000000000000000e+00 0.000000000000000000e+00
1.652003910068426118e-01 1.000000000000000000e+00 0.000000000000000000e+00
1.661779081133919755e-01 1.000000000000000000e+00 0.000000000000000000e+00
1.671554252199413393e-01 1.000000000000000000e+00 0.000000000000000000e+00
1.681329423264907030e-01 1.000000000000000000e+00 0.000000000000000000e+00
1.691104594330400668e-01 1.000000000000000000e+00 0.000000000000000000e+00
1.700879765395894305e-01 1.000000000000000000e+00 0.000000000000000000e+00
1.710654936461387943e-01 1.000000000000000000e+00 0.000000000000000000e+00
1.720430107526881858e-01 1.000000000000000000e+00 0.000000000000000000e+00
1.730205278592375495e-01 1.000000000000000000e+00 0.000000000000000000e+00
1.739980449657869133e-01 1.000000000000000000e+00 0.000000000000000000e+00
1.749755620723362770e-01 1.000000000000000000e+00 0.000000000000000000e+00
1.759530791788856408e-01 1.000000000000000000e+00 0.000000000000000000e+00
1.769305962854350045e-01 1.000000000000000000e+00 0.000000000000000000e+00
1.779081133919843682e-01 1.000000000000000000e+00 0.000000000000000000e+00
1.788856304985337320e-01 1.000000000000000000e+00 0.000000000000000000e+00
1.798631476050830957e-01 1.000000000000000000e+00 0.000000000000000000e+00
1.808406647116324595e-01 1.000000000000000000e+00 0.000000000000000000e+00
1.818181818181818232e-01 1.000000000000000000e+00 0.000000000000000000e+00
1.827956989247311870e-01 1.000000000000000000e+00 0.000000000000000000e+00
1.837732160312805507e-01 1.000000000000000000e+00 0.000000000000000000e+00
1.847507331378299145e-01 1.000000000000000000e+00 0.000000000000000000e+00
1.857282502443792782e-01 1.000000000000000000e+00 0.000000000000000000e+00
1.867057673509286420e-01 1.000000000000000000e+00 0.000000000000000000e+00
1.876832844574780057e-01 1.000000000000000000e+00 0.000000000000000000e+00
1.886608015640273694e-01 1.000000000000000000e+00 0.000000000000000000e+00
1.896383186705767332e-01 1.000000000000000000e+00 0.000000000000000000e+00
1.906158357771260969e-01 1.000000000000000000e+00 0.000000000000000000e+00
1.915933528836754607e-01 1.000000000000000000e+00 0.000000000000000000e+00
1.925708699902248244e-01 1.000000000000000000e+00 0.000000000000000000e+00
1.935483870967741882e-01 1.000000000000000000e+00 0.000000000000000000e+00
1.945259042033235519e-01 1.000000000000000000e+00 0.000000000000000000e+00
1.955034213098729157e-01 1.000000000000000000e+00 0.000000000000000000e+00
1.964809384164222794e-01 1.000000000000000000e+00 0.000000000000000000e+00
1.974584555229716432e-01 1.000000000000000000e+00 0.000000000000000000e+00
1.984359726295210069e-01 1.000000000000000000e+00 0.000000000000000000e+00
1.994134897360703707e-01 1.000000000000000000e+00 0.000000000000000000e+00
2.003910068426197344e-01 1.000000000000000000e+00 0.000000000000000000e+00
2.013685239491690981e-01 1.000000000000000000e+00 0.000000000000000000e+00
2.023460410557184619e-01 1.000000000000000000e+00 0.000000000000000000e+00
2.033235581622678534e-01 1.000000000000000000e+00 0.000000000000000000e+00
2.043010752688172171e-01 1.000000000000000000e+00 0.000000000000000000e+00
2.052785923753665809e-01 1.000000000000000000e+00 0.000000000000000000e+00
2.062561094819159446e-01 1.000000000000000000e+00 0.000000000000000000e+00
2.072336265884653084e-01 1.000000000000000000e+00 0.000000000000000000e+00
2.082111436950146721e-01 1.000000000000000000e+00 0.000000000000000000e+00
2.091886608015640359e-01 1.000000000000000000e+00 0.000000000000000000e+00
2.101661779081133996e-01 1.000000000000000000e+00 0.000000000000000000e+00
2.111436950146627634e-01 1.000000000000000000e+00 0.000000000000000000e+00
2.121212121212121271e-01 1.000000000000000000e+00 0.000000000000000000e+00
2.130987292277614908e-01 1.000000000000000000e+00 0.000000000000000000e+00
2.140762463343108546e-01 1.000000000000000000e+00 0.000000000000000000e+00
2.150537634408602183e-01 1.000000000000000000e+00 0.000000000000000000e+00
2.160312805474095821e-01 1.000000000000000000e+00 0.000000000000000000e+00
2.170087976539589458e-01 1.000000000000000000e+00 0.000000000000000000e+00
2.179863147605083096e-01 1.000000000000000000e+00 0.000000000000000000e+00
2.189638318670576733e-01 1.000000000000000000e+00 0.000000000000000000e+00
2.199413489736070371e-01 1.000000000000000000e+00 0.000000000000000000e+00
2.209188660801564008e-01 1.000000000000000000e+00 0.000000000000000000e+00
2.218963831867057646e-01 1.000000000000000000e+00 0.000000000000000000e+00
2.228739002932551283e-01 1.000000000000000000e+00 0.000000000000000000e+00
2.238514173998044920e-01 1.000000000000000000e+00 0.000000000000000000e+00
2.248289345063538558e-01 1.000000000000000000e+00 0.000000000000000000e+00
2.258064516129032195e-01 1.000000000000000000e+00 0.000000000000000000e+00
2.267839687194525833e-01 1.000000000000000000e+00 0.000000000000000000e+00
2.277614858260019470e-01 1.000000000000000000e+00 0.000000000000000000e+00
2.287390029325513108e-01 1.000000000000000000e+00 0.000000000000000000e+00
2.297165200391006745e-01 1.000000000000000000e+00 0.000000000000000000e+00
2.306940371456500383e-01 1.000000000000000000e+00 0.000000000000000000e+00
2.316715542521994020e-01 1.000000000000000000e+00 0.000000000000000000e+00
2.326490713587487658e-01 1.000000000000000000e+00 0.000000000000000000e+00
2.336265884652981295e-01 1.000000000000000000e+00 0.000000000000000000e+00
2.346041055718475210e-01 1.000000000000000000e+00 0.000000000000000000e+00
2.355816226783968848e-01 1.000000000000000000e+00 0.000000000000000000e+00
2.365591397849462485e-01 1.000000000000000000e+00 0.000000000000000000e+00
2.375366568914956122e-01 1.000000000000000000e+00 0.000000000000000000e+00
2.385141739980449760e-01 1.000000000000000000e+00 0.000000000000000000e+00
2.394916911045943397e-01 1.000000000000000000e+00 0.000000000000000000e+00
2.404692082111437035e-01 1.000000000000000000e+00 0.000000000000000000e+00
2.414467253176930672e-01 1.000000000000000000e+00 0.000000000000000000e+00
2.424242424242424310e-01 1.000000000000000000e+00 0.000000000000000000e+00
2.434017595307917947e-01 1.000000000000000000e+00 0.000000000000000000e+00
2.443792766373411585e-01 1.000000000000000000e+00 0.000000000000000000e+00
2.453567937438905222e-01 1.000000000000000000e+00 0.000000000000000000e+00
2.463343108504398860e-01 1.000000000000000000e+00 0.000000000000000000e+00
2.473118279569892497e-01 1.000000000000000000e+00 0.000000000000000000e+00
2.482893450635386134e-01 1.000000000000000000e+00 0.000000000000000000e+00
2.492668621700879772e-01 1.000000000000000000e+00 0.000000000000000000e+00
2.502443792766373409e-01 1.000000000000000000e+00 0.000000000000000000e+00
2.512218963831867047e-01 1.000000000000000000e+00 0.000000000000000000e+00
2.521994134897360684e-01 1.000000000000000000e+00 0.000000000000000000e+00
2.531769305962854322e-01 1.000000000000000000e+00 0.000000000000000000e+00
2.541544477028347959e-01 1.000000000000000000e+00 0.000000000000000000e+00
2.551319648093841597e-01 1.000000000000000000e+00 0.000000000000000000e+00
2.561094819159335234e-01 1.000000000000000000e+00 0.000000000000000000e+00
2.570869990224828872e-01 1.000000000000000000e+00 0.000000000000000000e+00
2.580645161290322509e-01 1.000000000000000000e+00 0.000000000000000000e+00
2.590420332355816146e-01 1.000000000000000000e+00 0.000000000000000000e+00
2.600195503421309784e-01 1.000000000000000000e+00 0.000000000000000000e+00
2.609970674486803421e-01 1.000000000000000000e+00 0.000000000000000000e+00
2.619745845552297059e-01 1.000000000000000000e+00 0.000000000000000000e+00
2.629521016617790696e-01 1.000000000000000000e+00 0.000000000000000000e+00
2.639296187683284334e-01 1.000000000000000000e+00 0.000000000000000000e+00
2.649071358748777971e-01 1.000000000000000000e+00 0.000000000000000000e+00
2.658846529814271609e-01 1.000000000000000000e+00 0.000000000000000000e+00
2.668621700879765246e-01 1.000000000000000000e+00 0.000000000000000000e+00
2.678396871945258884e-01 1.000000000000000000e+00 0.000000000000000000e+00
2.688172043010752521e-01 1.000000000000000000e+00 0.000000000000000000e+00
2.697947214076246158e-01 1.000000000000000000e+00 0.000000000000000000e+00
2.707722385141739796e-01 1.000000000000000000e+00 0.000000000000000000e+00
2.717497556207233433e-01 1.000000000000000000e+00 0.000000000000000000e+00
2.727272727272727071e-01 1.000000000000000000e+00 0.000000000000000000e+00
2.737047898338220708e-01 1.000000000000000000e+00 0.000000000000000000e+00
2.746823069403714346e-01 1.000000000000000000e+00 0.000000000000000000e+00
2.756598240469207983e-01 1.000000000000000000e+00 0.000000000000000000e+00
2.766373411534701621e-01 1.000000000000000000e+00 0.000000000000000000e+00
2.776148582600195258e-01 1.000000000000000000e+00 0.000000000000000000e+00
2.785923753665688896e-01 1.000000000000000000e+00 0.000000000000000000e+00
2.795698924731182533e-01 1.000000000000000000e+00 0.000000000000000000e+00
2.805474095796676171e-01 1.000000000000000000e+00 0.000000000000000000e+00
2.815249266862170363e-01 1.000000000000000000e+00 0.000000000000000000e+00
2.825024437927664001e-01 1.000000000000000000e+00 0.000000000000000000e+00
2.834799608993157638e-01 1.000000000000000000e+00 0.000000000000000000e+00
2.844574780058651275e-01 1.000000000000000000e+00 0.000000000000000000e+00
2.854349951124144913e-01 1.000000000000000000e+00 0.000000000000000000e+00
2.864125122189638550e-01 1.000000000000000000e+00 0.000000000000000000e+00
2.873900293255132188e-01 1.000000000000000000e+00 0.000000000000000000e+00
2.883675464320625825e-01 1.000000000000000000e+00 0.000000000000000000e+00
2.893450635386119463e-01 1.000000000000000000e+00 0.000000000000000000e+00
2.903225806451613100e-01 1.000000000000000000e+00 0.000000000000000000e+00
2.913000977517106738e-01 1.000000000000000000e+00 0.000000000000000000e+00
2.922776148582600375e-01 1.000000000000000000e+00 0.000000000000000000e+00
2.932551319648094013e-01 1.000000000000000000e+00 0.000000000000000000e+00
2.942326490713587650e-01 1.000000000000000000e+00 0.000000000000000000e+00
2.952101661779081287e-01 1.000000000000000000e+00 0.000000000000000000e+00
2.961876832844574925e-01 1.000000000000000000e+00 0.000000000000000000e+00
2.971652003910068562e-01 1.000000000000000000e+00 0.000000000000000000e+00
2.981427174975562200e-01 1.000000000000000000e+00 0.000000000000000000e+00
2.991202346041055837e-01 1.000000000000000000e+00 0.000000000000000000e+00
3.000977517106549475e-01 1.000000000000000000e+00 0.000000000000000000e+00
3.010752688172043112e-01 1.000000000000000000e+00 0.000000000000000000e+00
3.020527859237536750e-01 1.000000000000000000e+00 0.000000000000000000e+00
3.030303030303030387e-01 1.000000000000000000e+00 0.000000000000000000e+00
3.040078201368524025e-01 1.000000000000000000e+00 0.000000000000000000e+00
3.049853372434017662e-01 1.000000000000000000e+00 0.000000000000000000e+00
3.059628543499511300e-01 1.000000000000000000e+00 0.000000000000000000e+00
3.069403714565004937e-01 1.000000000000000000e+00 0.000000000000000000e+00
3.079178885630498574e-01 1.000000000000000000e+00 0.000000000000000000e+00
3.088954056695992212e-01 1.000000000000000000e+00 0.000000000000000000e+00
3.098729227761485849e-01 1.000000000000000000e+00 0.000000000000000000e+00
3.108504398826979487e-01 1.000000000000000000e+00 0.000000000000000000e+00
3.118279569892473124e-01 1.000000000000000000e+00 0.000000000000000000e+00
3.128054740957966762e-01 1.000000000000000000e+00 0.000000000000000000e+00
3.137829912023460399e-01 1.000000000000000000e+00 0.000000000000000000e+00
3.147605083088954037e-01 1.000000000000000000e+00 0.000000000000000000e+00
3.157380254154447674e-01 1.000000000000000000e+00 0.000000000000000000e+00
3.167155425219941312e-01 1.000000000000000000e+00 0.000000000000000000e+00
3.176930596285434949e-01 1.000000000000000000e+00 0.000000000000000000e+00
3.186705767350928586e-01 1.000000000000000000e+00 0.000000000000000000e+00
3.196480938416422224e-01 1.000000000000000000e+00 0.000000000000000000e+00
3.206256109481915861e-01 1.000000000000000000e+00 0.000000000000000000e+00
3.216031280547409499e-01 1.000000000000000000e+00 0.000000000000000000e+00
3.225806451612903136e-01 1.000000000000000000e+00 0.000000000000000000e+00
3.235581622678396774e-01 1.000000000000000000e+00 0.000000000000000000e+00
3.245356793743890411e-01 1.000000000000000000e+00 0.000000000000000000e+00
3.255131964809384049e-01 1.000000000000000000e+00 0.000000000000000000e+00
3.264907135874877686e-01 1.000000000000000000e+00 0.000000000000000000e+00
3.274682306940371324e-01 1.000000000000000000e+00 0.000000000000000000e+00
3.284457478005864961e-01 1.000000000000000000e+00 0.000000000000000000e+00
3.294232649071358598e-01 1.000000000000000000e+00 0.000000000000000000e+00
3.304007820136852236e-01 1.000000000000000000e+00 0.000000000000000000e+00
3.313782991202345873e-01 1.000000000000000000e+00 0.000000000000000000e+00
3.323558162267839511e-01 1.000000000000000000e+00 0.000000000000000000e+00
3.333333333333333148e-01 1.000000000000000000e+00 0.000000000000000000e+00
3.343108504398826786e-01 1.000000000000000000e+00 0.000000000000000000e+00
3.352883675464320423e-01 1.000000000000000000e+00 0.000000000000000000e+00
3.362658846529814061e-01 1.000000000000000000e+00 0.000000000000000000e+00
3.372434017595307698e-01 1.000000000000000000e+00 0.000000000000000000e+00
3.382209188660801336e-01 1.000000000000000000e+00 0.000000000000000000e+00
3.391984359726294973e-01 1.000000000000000000e+00 0.000000000000000000e+00
3.401759530791788610e-01 1.000000000000000000e+00 0.000000000000000000e+00
3.411534701857282248e-01 1.000000000000000000e+00 0.000000000000000000e+00
3.421309872922775885e-01 1.000000000000000000e+00 0.000000000000000000e+00
3.431085043988269523e-01 1.000000000000000000e+00 0.000000000000000000e+00
3.440860215053763715e-01 1.000000000000000000e+00 0.000000000000000000e+00
3.450635386119257353e-01 1.000000000000000000e+00 0.000000000000000000e+00
3.460410557184750990e-01 1.000000000000000000e+00 0.000000000000000000e+00
3.470185728250244628e-01 1.000000000000000000e+00 0.000000000000000000e+00
3.479960899315738265e-01 1.000000000000000000e+00 0.000000000000000000e+00
3.489736070381231903e-01 1.000000000000000000e+00 0.000000000000000000e+00
3.499511241446725540e-01 1.000000000000000000e+00 0.000000000000000000e+00
3.509286412512219178e-01 1.000000000000000000e+00 0.000000000000000000e+00
3.519061583577712815e-01 1.000000000000000000e+00 0.000000000000000000e+00
3.528836754643206453e-01 1.000000000000000000e+00 0.000000000000000000e+00
3.538611925708700090e-01 1.000000000000000000e+00 0.000000000000000000e+00
3.548387096774193727e-01 1.000000000000000000e+00 0.000000000000000000e+00
3.558162267839687365e-01 1.000000000000000000e+00 0.000000000000000000e+00
3.567937438905181002e-01 1.000000000000000000e+00 0.000000000000000000e+00
3.577712609970674640e-01 1.000000000000000000e+00 0.000000000000000000e+00
3.587487781036168277e-01 1.000000000000000000e+00 0.000000000000000000e+00
3.597262952101661915e-01 1.000000000000000000e+00 0.000000000000000000e+00
3.607038123167155552e-01 1.000000000000000000e+00 0.000000000000000000e+00
3.616813294232649190e-01 1.000000000000000000e+00 0.000000000000000000e+00
3.626588465298142827e-01 1.000000000000000000e+00 0.000000000000000000e+00
3.636363636363636465e-01 1.000000000000000000e+00 0.000000000000000000e+00
3.646138807429130102e-01 1.000000000000000000e+00 0.000000000000000000e+00
3.655913978494623739e-01 1.000000000000000000e+00 0.000000000000000000e+00
3.665689149560117377e-01 1.000000000000000000e+00 0.000000000000000000e+00
3.675464320625611014e-01 1.000000000000000000e+00 0.000000000000000000e+00
3.685239491691104652e-01 1.000000000000000000e+00 0.000000000000000000e+00
3.695014662756598289e-01 1.000000000000000000e+00 0.000000000000000000e+00
3.704789833822091927e-01 1.000000000000000000e+00 0.000000000000000000e+00
3.714565004887585564e-01 1.000000000000000000e+00 0.000000000000000000e+00
3.724340175953079202e-01 1.000000000000000000e+00 0.000000000000000000e+00
3.734115347018572839e-01 1.000000000000000000e+00 0.000000000000000000e+00
3.743890518084066477e-01 1.000000000000000000e+00 0.000000000000000000e+00
3.753665689149560114e-01 1.000000000000000000e+00 0.000000000000000000e+00
3.763440860215053752e-01 1.000000000000000000e+00 0.000000000000000000e+00
3.773216031280547389e-01 1.000000000000000000e+00 0.000000000000000000e+00
3.782991202346041026e-01 1.000000000000000000e+00 0.000000000000000000e+00
3.792766373411534664e-01 1.000000000000000000e+00 0.000000000000000000e+00
3.802541544477028301e-01 1.000000000000000000e+00 0.000000000000000000e+00
3.812316715542521939e-01 1.000000000000000000e+00 0.000000000000000000e+00
3.822091886608015576e-01 1.000000000000000000e+00 0.000000000000000000e+00
3.831867057673509214e-01 1.000000000000000000e+00 0.000000000000000000e+00
3.841642228739002851e-01 1.000000000000000000e+00 0.000000000000000000e+00
3.851417399804496489e-01 1.000000000000000000e+00 0.000000000000000000e+00
3.861192570869990126e-01 1.000000000000000000e+00 0.000000000000000000e+00
3.870967741935483764e-01 1.000000000000000000e+00 0.000000000000000000e+00
3.880742913000977401e-01 1.000000000000000000e+00 0.000000000000000000e+00
3.890518084066471038e-01 1.000000000000000000e+00 0.000000000000000000e+00
3.900293255131964676e-01 1.000000000000000000e+00 0.000000000000000000e+00
3.910068426197458313e-01 1.000000000000000000e+00 0.000000000000000000e+00
3.919843597262951951e-01 1.000000000000000000e+00 0.000000000000000000e+00
3.929618768328445588e-01 1.000000000000000000e+00 0.000000000000000000e+00
3.939393939393939226e-01 1.000000000000000000e+00 0.000000000000000000e+00
3.949169110459432863e-01 1.000000000000000000e+00 0.000000000000000000e+00
3.958944281524926501e-01 1.000000000000000000e+00 0.000000000000000000e+00
3.968719452590420138e-01 1.000000000000000000e+00 0.000000000000000000e+00
3.978494623655913776e-01 1.000000000000000000e+00 0.000000000000000000e+00
3.988269794721407413e-01 1.000000000000000000e+00 0.000000000000000000e+00
3.998044965786901050e-01 9.999999999999998890e-01 2.230454329690477008e-16
4.007820136852394688e-01 9.999999999999984457e-01 1.115267177944944955e-15
4.017595307917888325e-01 9.999999999999947820e-01 4.989295162417833551e-15
4.027370478983381963e-01 9.999999999999806821e-01 1.377553367919998318e-14
4.037145650048875600e-01 9.999999999999497069e-01 4.911641287857208484e-14
4.046920821114369238e-01 9.999999999998251399e-01 1.224985707193987117e-13
4.056695992179862875e-01 9.999999999995736744e-01 4.172249879171775809e-13
4.066471163245357068e-01 9.999999999985681454e-01 1.005146371194280277e-12
4.076246334310850705e-01 9.999999999965837327e-01 3.303217920365484488e-12
4.086021505376344343e-01 9.999999999889703783e-01 7.799566768999384058e-12
4.095796676441837980e-01 9.999999999741971957e-01 2.466075354313066804e-11
4.105571847507331618e-01 9.999999999198561085e-01 5.704586860217726776e-11
4.115347018572825255e-01 9.999999998164208481e-01 1.734597875534917262e-10
4.125122189638318893e-01 9.999999994519958024e-01 3.926661919527909140e-10
4.134897360703812530e-01 9.999999987722197892e-01 1.146639313318568081e-09
4.144672531769306167e-01 9.999999964828432120e-01 2.537331394351362678e-09
4.154447702834799805e-01 9.999999923016024139e-01 7.104484104357571669e-09
4.164222873900293442e-01 9.999999788717064408e-01 1.534825182535762572e-08
4.173998044965787080e-01 9.999999548808941041e-01 4.113408686640695043e-08
4.183773216031280717e-01 9.999998815843831323e-01 8.663209061373823603e-08
4.193548387096774355e-01 9.999997536656626274e-01 2.217927204673972765e-07
4.203323558162267992e-01 9.999993830623180591e-01 4.546265400290945072e-07
4.213098729227761630e-01 9.999987520306785616e-01 1.109341934067485637e-06
4.222873900293255267e-01 9.999970246619650505e-01 2.208835482851237295e-06
4.232649071358748905e-01 9.999941596727864868e-01 5.123644243842004151e-06
4.242424242424242542e-01 9.999867821408447988e-01 9.887151153227501313e-06
4.252199413489736179e-01 9.999748860412845941e-01 2.173480652681770867e-05
4.261974584555229817e-01 9.999462246778763053e-01 4.053573522147924221e-05
4.271749755620723454e-01 9.999014015143611323e-01 8.413888149560093215e-05
4.281524926686217092e-01 9.998010475681594622e-01 1.511409772540520070e-04
4.291300097751710729e-01 9.996492989545608943e-01 2.949105696318156822e-04
4.301075268817204367e-01 9.993363267443307052e-01 5.080545975414557398e-04
4.310850439882698004e-01 9.988805333925869778e-01 9.269713525387311302e-04
4.320625610948191642e-01 9.980240743805858239e-01 1.523253364270656411e-03
4.330400782013685279e-01 9.968288175970673182e-01 2.583325059779618786e-03
4.340175953079178917e-01 9.948090998367342674e-01 4.022952802248693470e-03
4.349951124144672554e-01 9.921241690825838289e-01 6.305726223865618096e-03
4.359726295210166191e-01 9.880960407977266158e-01 9.242321512750725082e-03
4.369501466275659829e-01 9.830270845315988160e-01 1.334763423954388704e-02
4.379276637341153466e-01 9.763194798780878703e-01 1.831787546768135280e-02
4.389051808406647104e-01 9.683694008436694034e-01 2.443784011186313221e-02
4.398826979472140741e-01 9.590092667819798411e-01 3.138684426824110002e-02
4.408602150537634379e-01 9.485780640654553064e-01 3.906745961825185132e-02
4.418377321603128016e-01 9.373291906034648679e-01 4.726168314725532477e-02
4.428152492668621654e-01 9.254795600044021242e-01 5.570243720261010972e-02
4.437927663734115291e-01 9.133184326766526917e-01 6.425745038013801202e-02
4.447702834799608929e-01 9.010055638616384366e-01 7.277140303637713581e-02
4.457478005865102566e-01 8.886547785592532334e-01 8.115031123399472912e-02
4.467253176930596203e-01 8.763650445671413713e-01 8.935318387251792172e-02
4.477028347996089841e-01 8.641712957894139846e-01 9.734689545929088583e-02
4.486803519061583478e-01 8.520980015518807571e-01 1.051124616751951124e-01
4.496578690127077116e-01 8.401622898391810645e-01 1.126508955107907717e-01
4.506353861192570753e-01 8.283713566199936151e-01 1.199589538889370005e-01
4.516129032258064391e-01 8.167247937572319483e-01 1.270370693232994175e-01
4.525904203323558028e-01 8.052269120656385670e-01 1.338883877869166128e-01
4.535679374389051666e-01 7.938775505304261904e-01 1.405174860308111007e-01
4.545454545454545303e-01 7.826762865267204994e-01 1.469267059385135354e-01
4.555229716520038941e-01 7.716218368558158680e-01 1.531203532201542705e-01
4.565004887585532578e-01 7.607142901131425106e-01 1.591026650026007017e-01
4.574780058651026216e-01 7.499521168836547069e-01 1.648779056341181937e-01
4.584555229716519853e-01 7.393341866864706624e-01 1.704498317455009349e-01
4.594330400782013490e-01 7.288591883989905540e-01 1.758227432860676454e-01
4.604105571847507128e-01 7.185261403529891178e-01 1.810007984670302383e-01
4.613880742913000765e-01 7.083336663561212720e-01 1.859880626130125947e-01
4.623655913978494403e-01 6.982805333467362319e-01 1.907884580764918347e-01
4.633431085043988040e-01 6.883655355983931967e-01 1.954059886868675655e-01
4.643206256109481678e-01 6.785875706379187466e-01 1.998445914347104224e-01
4.652981427174975315e-01 6.689454971130791572e-01 2.041081120267676796e-01
4.662756598240468953e-01 6.594382363695971971e-01 2.082003153182138133e-01
4.672531769305962590e-01 6.500647853232867091e-01 2.121249380089709202e-01
4.682306940371456228e-01 6.408242232189896859e-01 2.158856678907700721e-01
4.692082111436950420e-01 6.317156866461681730e-01 2.194861240126432245e-01
4.701857282502444058e-01 6.227383859154577150e-01 2.229298597600607168e-01
4.711632453567937695e-01 6.138916241612417668e-01 2.262203801430460182e-01
4.721407624633431332e-01 6.051748066962259198e-01 2.293611451919817801e-01
4.731182795698924970e-01 5.965874412967927531e-01 2.323555642797663356e-01
4.740957966764418607e-01 5.881291450635577345e-01 2.352069952031489164e-01
4.750733137829912245e-01 5.797996584208295889e-01 2.379187507453208728e-01
4.760508308895405882e-01 5.715988594836851622e-01 2.404941051456913337e-01
4.770283479960899520e-01 5.635267757131150468e-01 2.429362965510012684e-01
4.780058651026393157e-01 5.555835960347554892e-01 2.452485283679882999e-01
4.789833822091886795e-01 5.477696865417188699e-01 2.474339730319658759e-01
4.799608993157380432e-01 5.400856094310912958e-01 2.494957779643916240e-01
4.809384164222874070e-01 5.325321433719941711e-01 2.514370715844794768e-01
4.819159335288367707e-01 5.251103048724459210e-01 2.532609686009415495e-01
4.828934506353861345e-01 5.178213716754482832e-01 2.549705755846641830e-01
4.838709677419354982e-01 5.106669090847333337e-01 2.565689978765387513e-01
4.848484848484848619e-01 5.036487991351943361e-01 2.580593478395246665e-01
4.858260019550342257e-01 4.967692720096666403e-01 2.594447538755477178e-01
4.868035190615835894e-01 4.900309393148726267e-01 2.607283699397173748e-01
4.877810361681329532e-01 4.834368291150027419e-01 2.619133858114537361e-01
4.887585532746823169e-01 4.769904224579571417e-01 2.630030384706792401e-01
4.897360703812316807e-01 4.706956905871296226e-01 2.640006246077601371e-01
4.907135874877810444e-01 4.645571314520198780e-01 2.649095139815912936e-01
4.916911045943304082e-01 4.585798036655239218e-01 2.657331632639552965e-01
4.926686217008797719e-01 4.527693555773465439e-01 2.664751300573396375e-01
4.936461388074291357e-01 4.471320464547593465e-01 2.671390867236658750e-01
4.946236559139784994e-01 4.416747558362084658e-01 2.677288334304582795e-01
4.956011730205278631e-01 4.364049760481493734e-01 2.682483094954710712e-01
4.965786901270772269e-01 4.313307817870862815e-01 2.687016018110232607e-01
4.975562072336265906e-01 4.264607696728333619e-01 2.690929488996861574e-01
4.985337243401759544e-01 4.218039598803372536e-01 2.694267389708447924e-01
4.995112414467253181e-01 4.173696515357148695e-01 2.697075002017100820e-01
5.004887585532746819e-01 4.131672238166806399e-01 2.699398814112253242e-01
5.014662756598240456e-01 4.092058760290331332e-01 2.701286214409570618e-01
5.024437927663734094e-01 4.054943027766941821e-01 2.702785060182766874e-01
5.034213098729227731e-01 4.020403050879663986e-01 2.703943117273140961e-01
5.043988269794721369e-01 3.988503452270817373e-01 2.704807379612189644e-01
5.053763440860215006e-01 3.959290618216381730e-01 2.705423293085228442e-01
5.063538611925708643e-01 3.932787723033610572e-01 2.705833925795992356e-01
5.073313782991202281e-01 3.908990002766812855e-01 2.706079143427267408e-01
5.083088954056695918e-01 3.887860743783974060e-01 2.706194860509628652e-01
5.092864125122189556e-01 3.869328500060253972e-01 2.706212441993086082e-01
5.102639296187683193e-01 3.853286034093340584e-01 2.706158321311999404e-01
5.112414467253176831e-01 3.839591371353878735e-01 2.706053880087764818e-01
5.122189638318670468e-01 3.828071162750418255e-01 2.705915602978078982e-01
5.131964809384164106e-01 3.818526281620728824e-01 2.705755484631068297e-01
5.141739980449657743e-01 3.810739282600393851e-01 2.705581632101159983e-01
5.151515151515151381e-01 3.804483077604544627e-01 2.705398983142303093e-01
5.161290322580645018e-01 3.799529999736069308e-01 2.705210053489708333e-01
5.171065493646138655e-01 3.795660374053319575e-01 2.705015635124409790e-01
5.180840664711632293e-01 3.792669808777571760e-01 2.704815388696951706e-01
5.190615835777125930e-01 3.790374639372221521e-01 2.704608300084130335e-01
5.200391006842619568e-01 3.788615249216366054e-01 2.704392996467509525e-01
5.210166177908113205e-01 3.787257289558537687e-01 2.704167936216432255e-01
5.219941348973606843e-01 3.786191069538059062e-01 2.703931497003191353e-01
5.229716520039100480e-01 3.785329546686658775e-01 2.703681988432486416e-01
5.239491691104594118e-01 3.784605408478747268e-01 2.703417611121555209e-01
5.249266862170087755e-01 3.783967708450411416e-01 2.703136376104583460e-01
5.259042033235581393e-01 3.783378432582700235e-01 2.702835988613573326e-01
5.268817204301075030e-01 3.782809253290896345e-01 2.702513689739967084e-01
5.278592375366568668e-01 3.782238605494599448e-01 2.702166038383723712e-01
5.288367546432062305e-01 3.781649109515235474e-01 2.701788603949043521e-01
5.298142717497555942e-01 3.781025277860396439e-01 2.701375527206250071e-01
5.307917888563049580e-01 3.780351379639584342e-01 2.700918893006730714e-01
5.317693059628543217e-01 3.779609296475328062e-01 2.700407845717939237e-01
5.327468230694036855e-01 3.778776186339478094e-01 2.699827369613730932e-01
5.337243401759530492e-01 3.777821778031477673e-01 2.699156657181122632e-01
5.347018572825024130e-01 3.776705153467003195e-01 2.698367005226371407e-01
5.356793743890517767e-01 3.775370944414991325e-01 2.697419219370925658e-01
5.366568914956011405e-01 3.773744981616894978e-01 2.696260578582833634e-01
5.376344086021505042e-01 3.771729590231004403e-01 2.694821515720217109e-01
5.386119257086998680e-01 3.769198920636530059e-01 2.693012303916862971e-01
5.395894428152492317e-01 3.765994919525957330e-01 2.690720188856777217e-01
5.405669599217985954e-01 3.761924749858020500e-01 2.687807549673592034e-01
5.415444770283479592e-01 3.756760613285268779e-01 2.684111772937983198e-01
5.425219941348973229e-01 3.750242961600726566e-01 2.679447546457837115e-01
5.434995112414466867e-01 3.742087954706685426e-01 2.673612186594123141e-01
5.444770283479960504e-01 3.731999699327370745e-01 2.666394381318417661e-01
5.454545454545454142e-01 3.719687284515410530e-01 2.657586360768642852e-01
5.464320625610947779e-01 3.704885957937318897e-01 2.646999026823538825e-01
5.474095796676441417e-01 3.687381045621276887e-01 2.634479043610086224e-01
5.483870967741935054e-01 3.667032526958507455e-01 2.619926397254235262e-01
5.493646138807428692e-01 3.643797671475452193e-01 2.603310572080480556e-01
5.503421309872922329e-01 3.617748947865349063e-01 2.584683350137028657e-01
5.513196480938415966e-01 3.589084612017974241e-01 2.564186380740008930e-01
5.522971652003909604e-01 3.558129988136436439e-01 2.542052100281633753e-01
5.532746823069403241e-01 3.525328418578042577e-01 2.518597269365481783e-01
5.542521994134896879e-01 3.491222045875156943e-01 2.494209243155111333e-01
5.552297165200390516e-01 3.456423826524369636e-01 2.469325974510322153e-01
5.562072336265884154e-01 3.421583265714283617e-01 2.444411528661410149e-01
5.571847507331377791e-01 3.387349131242404221e-01 2.419929438299976421e-01
5.581622678396871429e-01 3.354332734216849965e-01 2.396316463619355686e-01
5.591397849462365066e-01 3.323075211340534296e-01 2.373959212604208890e-01
5.601173020527858704e-01 3.294021648773466926e-01 2.353175651478021935e-01
5.610948191593352341e-01 3.267503962184426514e-01 2.334202873460058669e-01
5.620723362658845979e-01 3.243733349501915497e-01 2.317191708873840850e-01
5.630498533724340726e-01 3.222802034271717853e-01 2.302207974387154021e-01
5.640273704789834364e-01 3.204693073103064282e-01 2.289239484263545510e-01
5.650048875855328001e-01 3.189296322637923953e-01 2.278207461983560167e-01
5.659824046920821639e-01 3.176428306042251570e-01 2.268980736558972866e-01
5.669599217986315276e-01 3.165853685646541349e-01 2.261391084371224269e-01
5.679374389051808913e-01 3.157306289069956584e-01 2.255248251131286297e-01
5.689149560117302551e-01 3.150508069676506984e-01 2.250353501429259440e-01
5.698924731182796188e-01 3.145184908568310900e-01 2.246510919247063087e-01
5.708699902248289826e-01 3.141078683808928296e-01 2.243536040129088804e-01
5.718475073313783463e-01 3.137955474378159582e-01 2.241261684041891411e-01
5.728250244379277101e-01 3.135610141787879557e-01 2.239541122314048782e-01
5.738025415444770738e-01 3.133867936516558927e-01 2.238249106661809040e-01
5.747800586510264376e-01 3.132584229269421705e-01 2.237281857102599303e-01
5.757575757575758013e-01 3.131643548335956706e-01 2.236557254903085989e-01
5.767350928641251651e-01 3.130957818748099086e-01 2.236014746289979871e-01
5.777126099706745288e-01 3.130460676373384432e-01 2.235610137673861575e-01
5.786901270772238925e-01 3.130093371335903596e-01 2.235298198589280028e-01
5.796676441837732563e-01 3.129787097622255820e-01 2.235008830605842711e-01
5.806451612903226200e-01 3.129472173479585506e-01 2.234659673609182551e-01
5.816226783968719838e-01 3.129161106615316323e-01 2.234275196595252588e-01
5.826001955034213475e-01 3.129082065725503070e-01 2.234187029841560312e-01
5.835777126099707113e-01 3.129616508502863215e-01 2.234969867525658238e-01
5.845552297165200750e-01 3.130601737028112508e-01 2.236463945436096834e-01
5.855327468230694388e-01 3.130062590076918561e-01 2.235903538287142001e-01
5.865102639296188025e-01 3.124349697253923086e-01 2.227915218804033815e-01
5.874877810361681663e-01 3.113724996359040764e-01 2.212305567922983607e-01
5.884652981427175300e-01 3.113792039647214627e-01 2.210755015115768718e-01
5.894428152492668938e-01 3.157503607966056225e-01 2.271720447070857685e-01
5.904203323558162575e-01 3.253327765233947622e-01 2.413498619210534823e-01
5.913978494623656212e-01 3.273011572078344256e-01 2.456892151499776578e-01
5.923753665689149850e-01 2.893431484036073642e-01 1.948246000124974897e-01
5.933528836754643487e-01 2.084367023571511157e-01 9.116383111256169680e-02
5.943304007820137125e-01 1.487259212407466280e-01 2.252476888039323111e-02
5.953079178885630762e-01 1.293551050974745265e-01 3.704910219428368331e-03
5.962854349951124400e-01 1.256540817802749288e-01 5.378817902379588733e-04
5.972629521016618037e-01 1.250932420851448568e-01 7.618750932158209596e-05
5.982404692082111675e-01 1.250131707023353078e-01 1.075030270706456931e-05
5.992179863147605312e-01 1.250018577540665532e-01 1.516169857159823273e-06
6.001955034213098950e-01 1.250002619905483670e-01 2.138150683768262120e-07
6.011730205278592587e-01 1.250000369466216232e-01 3.015254201452282821e-08
6.021505376344086224e-01 1.250000052102946679e-01 4.252179944349670763e-09
6.031280547409579862e-01 1.250000007347695785e-01 5.996534082404729794e-10
6.041055718475073499e-01 1.250000001036193631e-01 8.456488530200423527e-11
6.050830889540567137e-01 1.250000000146127555e-01 1.192556348365916244e-11
6.060606060606060774e-01 1.250000000020607405e-01 1.681818562295045177e-12
6.070381231671554412e-01 1.250000000002906564e-01 2.371722351835096412e-13
6.080156402737048049e-01 1.250000000000409117e-01 3.344060398665141244e-14
6.089931573802541687e-01 1.250000000000057454e-01 4.675451858610462868e-15
6.099706744868035324e-01 1.250000000000007494e-01 6.423946877929524862e-16
6.109481915933528962e-01 1.250000000000000833e-01 7.510629686954673063e-17
6.119257086999022599e-01 1.250000000000000000e-01 5.689718830114834157e-18
6.129032258064516236e-01 1.250000000000000000e-01 6.158630075866708348e-36
6.138807429130009874e-01 1.250000000000000000e-01 4.733973762567209232e-73
6.148582600195503511e-01 1.250000000000000000e-01 5.401658837779399845e-274
6.158357771260997149e-01 1.250000000000000000e-01 0.000000000000000000e+00
6.168132942326490786e-01 1.250000000000000000e-01 0.000000000000000000e+00
6.177908113391984424e-01 1.250000000000000000e-01 0.000000000000000000e+00
6.187683284457478061e-01 1.250000000000000000e-01 0.000000000000000000e+00
6.197458455522971699e-01 1.250000000000000000e-01 0.000000000000000000e+00
6.207233626588465336e-01 1.250000000000000000e-01 0.000000000000000000e+00
6.217008797653958974e-01 1.250000000000000000e-01 0.000000000000000000e+00
6.226783968719452611e-01 1.250000000000000000e-01 0.000000000000000000e+00
6.236559139784946248e-01 1.250000000000000000e-01 0.000000000000000000e+00
6.246334310850439886e-01 1.250000000000000000e-01 0.000000000000000000e+00
6.256109481915933523e-01 1.250000000000000000e-01 0.000000000000000000e+00
6.265884652981427161e-01 1.250000000000000000e-01 0.000000000000000000e+00
6.275659824046920798e-01 1.250000000000000000e-01 0.000000000000000000e+00
6.285434995112414436e-01 1.250000000000000000e-01 0.000000000000000000e+00
6.295210166177908073e-01 1.250000000000000000e-01 0.000000000000000000e+00
6.304985337243401711e-01 1.250000000000000000e-01 0.000000000000000000e+00
6.314760508308895348e-01 1.250000000000000000e-01 0.000000000000000000e+00
6.324535679374388986e-01 1.250000000000000000e-01 0.000000000000000000e+00
6.334310850439882623e-01 1.250000000000000000e-01 0.000000000000000000e+00
6.344086021505376261e-01 1.250000000000000000e-01 0.000000000000000000e+00
6.353861192570869898e-01 1.250000000000000000e-01 0.000000000000000000e+00
6.363636363636363535e-01 1.250000000000000000e-01 0.000000000000000000e+00
6.373411534701857173e-01 1.250000000000000000e-01 0.000000000000000000e+00
6.383186705767350810e-01 1.250000000000000000e-01 0.000000000000000000e+00
6.392961876832844448e-01 1.250000000000000000e-01 0.000000000000000000e+00
6.402737047898338085e-01 1.250000000000000000e-01 0.000000000000000000e+00
6.412512218963831723e-01 1.250000000000000000e-01 0.000000000000000000e+00
6.422287390029325360e-01 1.250000000000000000e-01 0.000000000000000000e+00
6.432062561094818998e-01 1.250000000000000000e-01 0.000000000000000000e+00
6.441837732160312635e-01 1.250000000000000000e-01 0.000000000000000000e+00
6.451612903225806273e-01 1.250000000000000000e-01 0.000000000000000000e+00
6.461388074291299910e-01 1.250000000000000000e-01 0.000000000000000000e+00
6.471163245356793547e-01 1.250000000000000000e-01 0.000000000000000000e+00
6.480938416422287185e-01 1.250000000000000000e-01 0.000000000000000000e+00
6.490713587487780822e-01 1.250000000000000000e-01 0.000000000000000000e+00
6.500488758553274460e-01 1.250000000000000000e-01 0.000000000000000000e+00
6.510263929618768097e-01 1.250000000000000000e-01 0.000000000000000000e+00
6.520039100684261735e-01 1.250000000000000000e-01 0.000000000000000000e+00
6.529814271749755372e-01 1.250000000000000000e-01 0.000000000000000000e+00
6.539589442815249010e-01 1.250000000000000000e-01 0.000000000000000000e+00
6.549364613880742647e-01 1.250000000000000000e-01 0.000000000000000000e+00
6.559139784946236285e-01 1.250000000000000000e-01 0.000000000000000000e+00
6.568914956011729922e-01 1.250000000000000000e-01 0.000000000000000000e+00
6.578690127077223559e-01 1.250000000000000000e-01 0.000000000000000000e+00
6.588465298142717197e-01 1.250000000000000000e-01 0.000000000000000000e+00
6.598240469208210834e-01 1.250000000000000000e-01 0.000000000000000000e+00
6.608015640273704472e-01 1.250000000000000000e-01 0.000000000000000000e+00
6.617790811339198109e-01 1.250000000000000000e-01 0.000000000000000000e+00
6.627565982404691747e-01 1.250000000000000000e-01 0.000000000000000000e+00
6.637341153470185384e-01 1.250000000000000000e-01 0.000000000000000000e+00
6.647116324535679022e-01 1.250000000000000000e-01 0.000000000000000000e+00
6.656891495601172659e-01 1.250000000000000000e-01 0.000000000000000000e+00
6.666666666666666297e-01 1.250000000000000000e-01 0.000000000000000000e+00
6.676441837732159934e-01 1.250000000000000000e-01 0.000000000000000000e+00
6.686217008797653572e-01 1.250000000000000000e-01 0.000000000000000000e+00
6.695992179863147209e-01 1.250000000000000000e-01 0.000000000000000000e+00
6.705767350928640846e-01 1.250000000000000000e-01 0.000000000000000000e+00
6.715542521994134484e-01 1.250000000000000000e-01 0.000000000000000000e+00
6.725317693059628121e-01 1.250000000000000000e-01 0.000000000000000000e+00
6.735092864125121759e-01 1.250000000000000000e-01 0.000000000000000000e+00
6.744868035190615396e-01 1.250000000000000000e-01 0.000000000000000000e+00
6.754643206256109034e-01 1.250000000000000000e-01 0.000000000000000000e+00
6.764418377321602671e-01 1.250000000000000000e-01 0.000000000000000000e+00
6.774193548387096309e-01 1.250000000000000000e-01 0.000000000000000000e+00
6.783968719452589946e-01 1.250000000000000000e-01 0.000000000000000000e+00
6.793743890518083584e-01 1.250000000000000000e-01 0.000000000000000000e+00
6.803519061583577221e-01 1.250000000000000000e-01 0.000000000000000000e+00
6.813294232649070858e-01 1.250000000000000000e-01 0.000000000000000000e+00
6.823069403714564496e-01 1.250000000000000000e-01 0.000000000000000000e+00
6.832844574780058133e-01 1.250000000000000000e-01 0.000000000000000000e+00
6.842619745845551771e-01 1.250000000000000000e-01 0.000000000000000000e+00
6.852394916911045408e-01 1.250000000000000000e-01 0.000000000000000000e+00
6.862170087976539046e-01 1.250000000000000000e-01 0.000000000000000000e+00
6.871945259042032683e-01 1.250000000000000000e-01 0.000000000000000000e+00
6.881720430107527431e-01 1.250000000000000000e-01 0.000000000000000000e+00
6.891495601173021068e-01 1.250000000000000000e-01 0.000000000000000000e+00
6.901270772238514706e-01 1.250000000000000000e-01 0.000000000000000000e+00
6.911045943304008343e-01 1.250000000000000000e-01 0.000000000000000000e+00
6.920821114369501981e-01 1.250000000000000000e-01 0.000000000000000000e+00
6.930596285434995618e-01 1.250000000000000000e-01 0.000000000000000000e+00
6.940371456500489256e-01 1.250000000000000000e-01 0.000000000000000000e+00
6.950146627565982893e-01 1.250000000000000000e-01 0.000000000000000000e+00
6.959921798631476531e-01 1.250000000000000000e-01 0.000000000000000000e+00
6.969696969696970168e-01 1.250000000000000000e-01 0.000000000000000000e+00
6.979472140762463805e-01 1.250000000000000000e-01 0.000000000000000000e+00
6.989247311827957443e-01 1.250000000000000000e-01 0.000000000000000000e+00
6.999022482893451080e-01 1.250000000000000000e-01 0.000000000000000000e+00
7.008797653958944718e-01 1.250000000000000000e-01 0.000000000000000000e+00
7.018572825024438355e-01 1.250000000000000000e-01 0.000000000000000000e+00
7.028347996089931993e-01 1.250000000000000000e-01 0.000000000000000000e+00
7.038123167155425630e-01 1.250000000000000000e-01 0.000000000000000000e+00
7.047898338220919268e-01 1.250000000000000000e-01 0.000000000000000000e+00
7.057673509286412905e-01 1.250000000000000000e-01 0.000000000000000000e+00
7.067448680351906543e-01 1.250000000000000000e-01 0.000000000000000000e+00
7.077223851417400180e-01 1.250000000000000000e-01 0.000000000000000000e+00
7.086999022482893817e-01 1.250000000000000000e-01 0.000000000000000000e+00
7.096774193548387455e-01 1.250000000000000000e-01 0.000000000000000000e+00
7.106549364613881092e-01 1.250000000000000000e-01 0.000000000000000000e+00
7.116324535679374730e-01 1.250000000000000000e-01 0.000000000000000000e+00
7.126099706744868367e-01 1.250000000000000000e-01 0.000000000000000000e+00
7.135874877810362005e-01 1.250000000000000000e-01 0.000000000000000000e+00
7.145650048875855642e-01 1.250000000000000000e-01 0.000000000000000000e+00
7.155425219941349280e-01 1.250000000000000000e-01 0.000000000000000000e+00
7.165200391006842917e-01 1.250000000000000000e-01 0.000000000000000000e+00
7.174975562072336555e-01 1.250000000000000000e-01 0.000000000000000000e+00
7.184750733137830192e-01 1.250000000000000000e-01 0.000000000000000000e+00
7.194525904203323829e-01 1.250000000000000000e-01 0.000000000000000000e+00
7.204301075268817467e-01 1.250000000000000000e-01 0.000000000000000000e+00
7.214076246334311104e-01 1.250000000000000000e-01 0.000000000000000000e+00
7.223851417399804742e-01 1.250000000000000000e-01 0.000000000000000000e+00
7.233626588465298379e-01 1.250000000000000000e-01 0.000000000000000000e+00
7.243401759530792017e-01 1.250000000000000000e-01 0.000000000000000000e+00
7.253176930596285654e-01 1.250000000000000000e-01 0.000000000000000000e+00
7.262952101661779292e-01 1.250000000000000000e-01 0.000000000000000000e+00
7.272727272727272929e-01 1.250000000000000000e-01 0.000000000000000000e+00
7.282502443792766567e-01 1.250000000000000000e-01 0.000000000000000000e+00
7.292277614858260204e-01 1.250000000000000000e-01 0.000000000000000000e+00
7.302052785923753842e-01 1.250000000000000000e-01 0.000000000000000000e+00
7.311827956989247479e-01 1.250000000000000000e-01 0.000000000000000000e+00
7.321603128054741116e-01 1.250000000000000000e-01 0.000000000000000000e+00
7.331378299120234754e-01 1.250000000000000000e-01 0.000000000000000000e+00
7.341153470185728391e-01 1.250000000000000000e-01 0.000000000000000000e+00
7.350928641251222029e-01 1.250000000000000000e-01 0.000000000000000000e+00
7.360703812316715666e-01 1.250000000000000000e-01 0.000000000000000000e+00
7.370478983382209304e-01 1.250000000000000000e-01 0.000000000000000000e+00
7.380254154447702941e-01 1.250000000000000000e-01 0.000000000000000000e+00
7.390029325513196579e-01 1.250000000000000000e-01 0.000000000000000000e+00
7.399804496578690216e-01 1.250000000000000000e-01 0.000000000000000000e+00
7.409579667644183854e-01 1.250000000000000000e-01 0.000000000000000000e+00
7.419354838709677491e-01 1.250000000000000000e-01 0.000000000000000000e+00
7.429130009775171128e-01 1.250000000000000000e-01 0.000000000000000000e+00
7.438905180840664766e-01 1.250000000000000000e-01 0.000000000000000000e+00
7.448680351906158403e-01 1.250000000000000000e-01 0.000000000000000000e+00
7.458455522971652041e-01 1.250000000000000000e-01 0.000000000000000000e+00
7.468230694037145678e-01 1.250000000000000000e-01 0.000000000000000000e+00
7.478005865102639316e-01 1.250000000000000000e-01 0.000000000000000000e+00
7.487781036168132953e-01 1.250000000000000000e-01 0.000000000000000000e+00
7.497556207233626591e-01 1.250000000000000000e-01 0.000000000000000000e+00
7.507331378299120228e-01 1.250000000000000000e-01 0.000000000000000000e+00
7.517106549364613866e-01 1.250000000000000000e-01 0.000000000000000000e+00
7.526881720430107503e-01 1.250000000000000000e-01 0.000000000000000000e+00
7.536656891495601140e-01 1.250000000000000000e-01 0.000000000000000000e+00
7.546432062561094778e-01 1.250000000000000000e-01 0.000000000000000000e+00
7.556207233626588415e-01 1.250000000000000000e-01 0.000000000000000000e+00
7.565982404692082053e-01 1.250000000000000000e-01 0.000000000000000000e+00
7.575757575757575690e-01 1.250000000000000000e-01 0.000000000000000000e+00
7.585532746823069328e-01 1.250000000000000000e-01 0.000000000000000000e+00
7.595307917888562965e-01 1.250000000000000000e-01 0.000000000000000000e+00
7.605083088954056603e-01 1.250000000000000000e-01 0.000000000000000000e+00
7.614858260019550240e-01 1.250000000000000000e-01 0.000000000000000000e+00
7.624633431085043878e-01 1.250000000000000000e-01 0.000000000000000000e+00
7.634408602150537515e-01 1.250000000000000000e-01 0.000000000000000000e+00
7.644183773216031152e-01 1.250000000000000000e-01 0.000000000000000000e+00
7.653958944281524790e-01 1.250000000000000000e-01 0.000000000000000000e+00
7.663734115347018427e-01 1.250000000000000000e-01 0.000000000000000000e+00
7.673509286412512065e-01 1.250000000000000000e-01 0.000000000000000000e+00
7.683284457478005702e-01 1.250000000000000000e-01 0.000000000000000000e+00
7.693059628543499340e-01 1.250000000000000000e-01 0.000000000000000000e+00
7.702834799608992977e-01 1.250000000000000000e-01 0.000000000000000000e+00
7.712609970674486615e-01 1.250000000000000000e-01 0.000000000000000000e+00
7.722385141739980252e-01 1.250000000000000000e-01 0.000000000000000000e+00
7.732160312805473890e-01 1.250000000000000000e-01 0.000000000000000000e+00
7.741935483870967527e-01 1.250000000000000000e-01 0.000000000000000000e+00
7.751710654936461165e-01 1.250000000000000000e-01 0.000000000000000000e+00
7.761485826001954802e-01 1.250000000000000000e-01 0.000000000000000000e+00
7.771260997067448439e-01 1.250000000000000000e-01 0.000000000000000000e+00
7.781036168132942077e-01 1.250000000000000000e-01 0.000000000000000000e+00
7.790811339198435714e-01 1.250000000000000000e-01 0.000000000000000000e+00
7.800586510263929352e-01 1.250000000000000000e-01 0.000000000000000000e+00
7.810361681329422989e-01 1.250000000000000000e-01 0.000000000000000000e+00
7.820136852394916627e-01 1.250000000000000000e-01 0.000000000000000000e+00
7.829912023460410264e-01 1.250000000000000000e-01 0.000000000000000000e+00
7.839687194525903902e-01 1.250000000000000000e-01 0.000000000000000000e+00
7.849462365591397539e-01 1.250000000000000000e-01 0.000000000000000000e+00
7.859237536656891177e-01 1.250000000000000000e-01 0.000000000000000000e+00
7.869012707722384814e-01 1.250000000000000000e-01 0.000000000000000000e+00
7.878787878787878451e-01 1.250000000000000000e-01 0.000000000000000000e+00
7.888563049853372089e-01 1.250000000000000000e-01 0.000000000000000000e+00
7.898338220918865726e-01 1.250000000000000000e-01 0.000000000000000000e+00
7.908113391984359364e-01 1.250000000000000000e-01 0.000000000000000000e+00
7.917888563049853001e-01 1.250000000000000000e-01 0.000000000000000000e+00
7.927663734115346639e-01 1.250000000000000000e-01 0.000000000000000000e+00
7.937438905180840276e-01 1.250000000000000000e-01 0.000000000000000000e+00
7.947214076246333914e-01 1.250000000000000000e-01 0.000000000000000000e+00
7.956989247311827551e-01 1.250000000000000000e-01 0.000000000000000000e+00
7.966764418377321189e-01 1.250000000000000000e-01 0.000000000000000000e+00
7.976539589442814826e-01 1.250000000000000000e-01 0.000000000000000000e+00
7.986314760508308463e-01 1.250000000000000000e-01 0.000000000000000000e+00
7.996089931573802101e-01 1.250000000000000000e-01 0.000000000000000000e+00
8.005865102639295738e-01 1.250000000000000000e-01 0.000000000000000000e+00
8.015640273704789376e-01 1.250000000000000000e-01 0.000000000000000000e+00
8.025415444770283013e-01 1.250000000000000000e-01 0.000000000000000000e+00
8.035190615835776651e-01 1.250000000000000000e-01 0.000000000000000000e+00
8.044965786901270288e-01 1.250000000000000000e-01 0.000000000000000000e+00
8.054740957966763926e-01 1.250000000000000000e-01 0.000000000000000000e+00
8.064516129032257563e-01 1.250000000000000000e-01 0.000000000000000000e+00
8.074291300097751201e-01 1.250000000000000000e-01 0.000000000000000000e+00
8.084066471163244838e-01 1.250000000000000000e-01 0.000000000000000000e+00
8.093841642228738475e-01 1.250000000000000000e-01 0.000000000000000000e+00
8.103616813294232113e-01 1.250000000000000000e-01 0.000000000000000000e+00
8.113391984359725750e-01 1.250000000000000000e-01 0.000000000000000000e+00
8.123167155425219388e-01 1.250000000000000000e-01 0.000000000000000000e+00
8.132942326490714136e-01 1.250000000000000000e-01 0.000000000000000000e+00
8.142717497556207773e-01 1.250000000000000000e-01 0.000000000000000000e+00
8.152492668621701410e-01 1.250000000000000000e-01 0.000000000000000000e+00
8.162267839687195048e-01 1.250000000000000000e-01 0.000000000000000000e+00
8.172043010752688685e-01 1.250000000000000000e-01 0.000000000000000000e+00
8.181818181818182323e-01 1.250000000000000000e-01 0.000000000000000000e+00
8.191593352883675960e-01 1.250000000000000000e-01 0.000000000000000000e+00
8.201368523949169598e-01 1.250000000000000000e-01 0.000000000000000000e+00
8.211143695014663235e-01 1.250000000000000000e-01 0.000000000000000000e+00
8.220918866080156873e-01 1.250000000000000000e-01 0.000000000000000000e+00
8.230694037145650510e-01 1.250000000000000000e-01 0.000000000000000000e+00
8.240469208211144148e-01 1.250000000000000000e-01 0.000000000000000000e+00
8.250244379276637785e-01 1.250000000000000000e-01 0.000000000000000000e+00
8.260019550342131422e-01 1.250000000000000000e-01 0.000000000000000000e+00
8.269794721407625060e-01 1.250000000000000000e-01 0.000000000000000000e+00
8.279569892473118697e-01 1.250000000000000000e-01 0.000000000000000000e+00
8.289345063538612335e-01 1.250000000000000000e-01 0.000000000000000000e+00
8.299120234604105972e-01 1.250000000000000000e-01 0.000000000000000000e+00
8.308895405669599610e-01 1.250000000000000000e-01 0.000000000000000000e+00
8.318670576735093247e-01 1.250000000000000000e-01 0.000000000000000000e+00
8.328445747800586885e-01 1.250000000000000000e-01 0.000000000000000000e+00
8.338220918866080522e-01 1.250000000000000000e-01 0.000000000000000000e+00
8.347996089931574160e-01 1.250000000000000000e-01 0.000000000000000000e+00
8.357771260997067797e-01 1.250000000000000000e-01 0.000000000000000000e+00
8.367546432062561435e-01 1.250000000000000000e-01 0.000000000000000000e+00
8.377321603128055072e-01 1.250000000000000000e-01 0.000000000000000000e+00
8.387096774193548709e-01 1.250000000000000000e-01 0.000000000000000000e+00
8.396871945259042347e-01 1.250000000000000000e-01 0.000000000000000000e+00
8.406647116324535984e-01 1.250000000000000000e-01 0.000000000000000000e+00
8.416422287390029622e-01 1.250000000000000000e-01 0.000000000000000000e+00
8.426197458455523259e-01 1.250000000000000000e-01 0.000000000000000000e+00
8.435972629521016897e-01 1.250000000000000000e-01 0.000000000000000000e+00
8.445747800586510534e-01 1.250000000000000000e-01 0.000000000000000000e+00
8.455522971652004172e-01 1.250000000000000000e-01 0.000000000000000000e+00
8.465298142717497809e-01 1.250000000000000000e-01 0.000000000000000000e+00
8.475073313782991447e-01 1.250000000000000000e-01 0.000000000000000000e+00
8.484848484848485084e-01 1.250000000000000000e-01 0.000000000000000000e+00
8.494623655913978721e-01 1.250000000000000000e-01 0.000000000000000000e+00
8.504398826979472359e-01 1.250000000000000000e-01 0.000000000000000000e+00
8.514173998044965996e-01 1.250000000000000000e-01 0.000000000000000000e+00
8.523949169110459634e-01 1.250000000000000000e-01 0.000000000000000000e+00
8.533724340175953271e-01 1.250000000000000000e-01 0.000000000000000000e+00
8.543499511241446909e-01 1.250000000000000000e-01 0.000000000000000000e+00
8.553274682306940546e-01 1.250000000000000000e-01 0.000000000000000000e+00
8.563049853372434184e-01 1.250000000000000000e-01 0.000000000000000000e+00
8.572825024437927821e-01 1.250000000000000000e-01 0.000000000000000000e+00
8.582600195503421459e-01 1.250000000000000000e-01 0.000000000000000000e+00
8.592375366568915096e-01 1.250000000000000000e-01 0.000000000000000000e+00
8.602150537634408733e-01 1.250000000000000000e-01 0.000000000000000000e+00
8.611925708699902371e-01 1.250000000000000000e-01 0.000000000000000000e+00
8.621700879765396008e-01 1.250000000000000000e-01 0.000000000000000000e+00
8.631476050830889646e-01 1.250000000000000000e-01 0.000000000000000000e+00
8.641251221896383283e-01 1.250000000000000000e-01 0.000000000000000000e+00
8.651026392961876921e-01 1.250000000000000000e-01 0.000000000000000000e+00
8.660801564027370558e-01 1.250000000000000000e-01 0.000000000000000000e+00
8.670576735092864196e-01 1.250000000000000000e-01 0.000000000000000000e+00
8.680351906158357833e-01 1.250000000000000000e-01 0.000000000000000000e+00
8.690127077223851471e-01 1.250000000000000000e-01 0.000000000000000000e+00
8.699902248289345108e-01 1.250000000000000000e-01 0.000000000000000000e+00
8.709677419354838745e-01 1.250000000000000000e-01 0.000000000000000000e+00
8.719452590420332383e-01 1.250000000000000000e-01 0.000000000000000000e+00
8.729227761485826020e-01 1.250000000000000000e-01 0.000000000000000000e+00
8.739002932551319658e-01 1.250000000000000000e-01 0.000000000000000000e+00
8.748778103616813295e-01 1.250000000000000000e-01 0.000000000000000000e+00
8.758553274682306933e-01 1.250000000000000000e-01 0.000000000000000000e+00
8.768328445747800570e-01 1.250000000000000000e-01 0.000000000000000000e+00
8.778103616813294208e-01 1.250000000000000000e-01 0.000000000000000000e+00
8.787878787878787845e-01 1.250000000000000000e-01 0.000000000000000000e+00
8.797653958944281483e-01 1.250000000000000000e-01 0.000000000000000000e+00
8.807429130009775120e-01 1.250000000000000000e-01 0.000000000000000000e+00
8.817204301075268758e-01 1.250000000000000000e-01 0.000000000000000000e+00
8.826979472140762395e-01 1.250000000000000000e-01 0.000000000000000000e+00
8.836754643206256032e-01 1.250000000000000000e-01 0.000000000000000000e+00
8.846529814271749670e-01 1.250000000000000000e-01 0.000000000000000000e+00
8.856304985337243307e-01 1.250000000000000000e-01 0.000000000000000000e+00
8.866080156402736945e-01 1.250000000000000000e-01 0.000000000000000000e+00
8.875855327468230582e-01 1.250000000000000000e-01 0.000000000000000000e+00
8.885630498533724220e-01 1.250000000000000000e-01 0.000000000000000000e+00
8.895405669599217857e-01 1.250000000000000000e-01 0.000000000000000000e+00
8.905180840664711495e-01 1.250000000000000000e-01 0.000000000000000000e+00
8.914956011730205132e-01 1.250000000000000000e-01 0.000000000000000000e+00
8.924731182795698770e-01 1.250000000000000000e-01 0.000000000000000000e+00
8.934506353861192407e-01 1.250000000000000000e-01 0.000000000000000000e+00
8.944281524926686044e-01 1.250000000000000000e-01 0.000000000000000000e+00
8.954056695992179682e-01 1.250000000000000000e-01 0.000000000000000000e+00
8.963831867057673319e-01 1.250000000000000000e-01 0.000000000000000000e+00
8.973607038123166957e-01 1.250000000000000000e-01 0.000000000000000000e+00
8.983382209188660594e-01 1.250000000000000000e-01 0.000000000000000000e+00
8.993157380254154232e-01 1.250000000000000000e-01 0.000000000000000000e+00
9.002932551319647869e-01 1.250000000000000000e-01 0.000000000000000000e+00
9.012707722385141507e-01 1.250000000000000000e-01 0.000000000000000000e+00
9.022482893450635144e-01 1.250000000000000000e-01 0.000000000000000000e+00
9.032258064516128782e-01 1.250000000000000000e-01 0.000000000000000000e+00
9.042033235581622419e-01 1.250000000000000000e-01 0.000000000000000000e+00
9.051808406647116056e-01 1.250000000000000000e-01 0.000000000000000000e+00
9.061583577712609694e-01 1.250000000000000000e-01 0.000000000000000000e+00
9.071358748778103331e-01 1.250000000000000000e-01 0.000000000000000000e+00
9.081133919843596969e-01 1.250000000000000000e-01 0.000000000000000000e+00
9.090909090909090606e-01 1.250000000000000000e-01 0.000000000000000000e+00
9.100684261974584244e-01 1.250000000000000000e-01 0.000000000000000000e+00
9.110459433040077881e-01 1.250000000000000000e-01 0.000000000000000000e+00
9.120234604105571519e-01 1.250000000000000000e-01 0.000000000000000000e+00
9.130009775171065156e-01 1.250000000000000000e-01 0.000000000000000000e+00
9.139784946236558794e-01 1.250000000000000000e-01 0.000000000000000000e+00
9.149560117302052431e-01 1.250000000000000000e-01 0.000000000000000000e+00
9.159335288367546068e-01 1.250000000000000000e-01 0.000000000000000000e+00
9.169110459433039706e-01 1.250000000000000000e-01 0.000000000000000000e+00
9.178885630498533343e-01 1.250000000000000000e-01 0.000000000000000000e+00
9.188660801564026981e-01 1.250000000000000000e-01 0.000000000000000000e+00
9.198435972629520618e-01 1.250000000000000000e-01 0.000000000000000000e+00
9.208211143695014256e-01 1.250000000000000000e-01 0.000000000000000000e+00
9.217986314760507893e-01 1.250000000000000000e-01 0.000000000000000000e+00
9.227761485826001531e-01 1.250000000000000000e-01 0.000000000000000000e+00
9.237536656891495168e-01 1.250000000000000000e-01 0.000000000000000000e+00
9.247311827956988806e-01 1.250000000000000000e-01 0.000000000000000000e+00
9.257086999022482443e-01 1.250000000000000000e-01 0.000000000000000000e+00
9.266862170087976081e-01 1.250000000000000000e-01 0.000000000000000000e+00
9.276637341153469718e-01 1.250000000000000000e-01 0.000000000000000000e+00
9.286412512218963355e-01 1.250000000000000000e-01 0.000000000000000000e+00
9.296187683284456993e-01 1.250000000000000000e-01 0.000000000000000000e+00
9.305962854349950630e-01 1.250000000000000000e-01 0.000000000000000000e+00
9.315738025415444268e-01 1.250000000000000000e-01 0.000000000000000000e+00
9.325513196480937905e-01 1.250000000000000000e-01 0.000000000000000000e+00
9.335288367546431543e-01 1.250000000000000000e-01 0.000000000000000000e+00
9.345063538611925180e-01 1.250000000000000000e-01 0.000000000000000000e+00
9.354838709677418818e-01 1.250000000000000000e-01 0.000000000000000000e+00
9.364613880742912455e-01 1.250000000000000000e-01 0.000000000000000000e+00
9.374389051808406093e-01 1.250000000000000000e-01 0.000000000000000000e+00
9.384164222873900840e-01 1.250000000000000000e-01 0.000000000000000000e+00
9.393939393939394478e-01 1.250000000000000000e-01 0.000000000000000000e+00
9.403714565004888115e-01 1.250000000000000000e-01 0.000000000000000000e+00
9.413489736070381753e-01 1.250000000000000000e-01 0.000000000000000000e+00
9.423264907135875390e-01 1.250000000000000000e-01 0.000000000000000000e+00
9.433040078201369028e-01 1.250000000000000000e-01 0.000000000000000000e+00
9.442815249266862665e-01 1.250000000000000000e-01 0.000000000000000000e+00
9.452590420332356302e-01 1.250000000000000000e-01 0.000000000000000000e+00
9.462365591397849940e-01 1.250000000000000000e-01 0.000000000000000000e+00
9.472140762463343577e-01 1.250000000000000000e-01 0.000000000000000000e+00
9.481915933528837215e-01 1.250000000000000000e-01 0.000000000000000000e+00
9.491691104594330852e-01 1.250000000000000000e-01 0.000000000000000000e+00
9.501466275659824490e-01 1.250000000000000000e-01 0.000000000000000000e+00
9.511241446725318127e-01 1.250000000000000000e-01 0.000000000000000000e+00
9.521016617790811765e-01 1.250000000000000000e-01 0.000000000000000000e+00
9.530791788856305402e-01 1.250000000000000000e-01 0.000000000000000000e+00
9.540566959921799040e-01 1.250000000000000000e-01 0.000000000000000000e+00
9.550342130987292677e-01 1.250000000000000000e-01 0.000000000000000000e+00
9.560117302052786314e-01 1.250000000000000000e-01 0.000000000000000000e+00
9.569892473118279952e-01 1.250000000000000000e-01 0.000000000000000000e+00
9.579667644183773589e-01 1.250000000000000000e-01 0.000000000000000000e+00
9.589442815249267227e-01 1.250000000000000000e-01 0.000000000000000000e+00
9.599217986314760864e-01 1.250000000000000000e-01 0.000000000000000000e+00
9.608993157380254502e-01 1.250000000000000000e-01 0.000000000000000000e+00
9.618768328445748139e-01 1.250000000000000000e-01 0.000000000000000000e+00
9.628543499511241777e-01 1.250000000000000000e-01 0.000000000000000000e+00
9.638318670576735414e-01 1.250000000000000000e-01 0.000000000000000000e+00
9.648093841642229052e-01 1.250000000000000000e-01 0.000000000000000000e+00
9.657869012707722689e-01 1.250000000000000000e-01 0.000000000000000000e+00
9.667644183773216326e-01 1.250000000000000000e-01 0.000000000000000000e+00
9.677419354838709964e-01 1.250000000000000000e-01 0.000000000000000000e+00
9.687194525904203601e-01 1.250000000000000000e-01 0.000000000000000000e+00
9.696969696969697239e-01 1.250000000000000000e-01 0.000000000000000000e+00
9.706744868035190876e-01 1.250000000000000000e-01 0.000000000000000000e+00
9.716520039100684514e-01 1.250000000000000000e-01 0.000000000000000000e+00
9.726295210166178151e-01 1.250000000000000000e-01 0.000000000000000000e+00
9.736070381231671789e-01 1.250000000000000000e-01 0.000000000000000000e+00
9.745845552297165426e-01 1.250000000000000000e-01 0.000000000000000000e+00
9.755620723362659064e-01 1.250000000000000000e-01 0.000000000000000000e+00
9.765395894428152701e-01 1.250000000000000000e-01 0.000000000000000000e+00
9.775171065493646338e-01 1.250000000000000000e-01 0.000000000000000000e+00
9.784946236559139976e-01 1.250000000000000000e-01 0.000000000000000000e+00
9.794721407624633613e-01 1.250000000000000000e-01 0.000000000000000000e+00
9.804496578690127251e-01 1.250000000000000000e-01 0.000000000000000000e+00
9.814271749755620888e-01 1.250000000000000000e-01 0.000000000000000000e+00
9.824046920821114526e-01 1.250000000000000000e-01 0.000000000000000000e+00
9.833822091886608163e-01 1.250000000000000000e-01 0.000000000000000000e+00
9.843597262952101801e-01 1.250000000000000000e-01 0.000000000000000000e+00
9.853372434017595438e-01 1.250000000000000000e-01 0.000000000000000000e+00
9.863147605083089076e-01 1.250000000000000000e-01 0.000000000000000000e+00
9.872922776148582713e-01 1.250000000000000000e-01 0.000000000000000000e+00
9.882697947214076351e-01 1.250000000000000000e-01 0.000000000000000000e+00
9.892473118279569988e-01 1.250000000000000000e-01 0.000000000000000000e+00
9.902248289345063625e-01 1.250000000000000000e-01 0.000000000000000000e+00
9.912023460410557263e-01 1.250000000000000000e-01 0.000000000000000000e+00
9.921798631476050900e-01 1.250000000000000000e-01 0.000000000000000000e+00
9.931573802541544538e-01 1.250000000000000000e-01 0.000000000000000000e+00
9.941348973607038175e-01 1.250000000000000000e-01 0.000000000000000000e+00
9.951124144672531813e-01 1.250000000000000000e-01 0.000000000000000000e+00
9.960899315738025450e-01 1.250000000000000000e-01 0.000000000000000000e+00
9.970674486803519088e-01 1.250000000000000000e-01 0.000000000000000000e+00
9.980449657869012725e-01 1.250000000000000000e-01 0.000000000000000000e+00
9.990224828934506363e-01 1.250000000000000000e-01 -0.000000000000000000e+00
1.000000000000000000e+00 1.250000000000000000e-01 -0.000000000000000000e+00
