# 0.2882493172362189
0.000000000000000000e+00 1.000000000000000000e+00 -0.000000000000000000e+00
9.775171065493646130e-04 1.000000000000000000e+00 -0.000000000000000000e+00
1.955034213098729226e-03 1.000000000000000000e+00 0.000000000000000000e+00
2.932551319648093839e-03 1.000000000000000000e+00 0.000000000000000000e+00
3.910068426197458452e-03 1.000000000000000000e+00 0.000000000000000000e+00
4.887585532746823065e-03 1.000000000000000000e+00 0.000000000000000000e+00
5.865102639296187678e-03 1.000000000000000000e+00 0.000000000000000000e+00
6.842619745845552291e-03 1.000000000000000000e+00 0.000000000000000000e+00
7.820136852394916904e-03 1.000000000000000000e+00 0.000000000000000000e+00
8.797653958944282385e-03 1.000000000000000000e+00 0.000000000000000000e+00
9.775171065493646130e-03 1.000000000000000000e+00 0.000000000000000000e+00
1.075268817204301161e-02 1.000000000000000000e+00 0.000000000000000000e+00
1.173020527859237536e-02 1.000000000000000000e+00 0.000000000000000000e+00
1.270772238514174084e-02 1.000000000000000000e+00 0.000000000000000000e+00
1.368523949169110458e-02 1.000000000000000000e+00 0.000000000000000000e+00
1.466275659824047006e-02 1.000000000000000000e+00 0.000000000000000000e+00
1.564027370478983381e-02 1.000000000000000000e+00 0.000000000000000000e+00
1.661779081133919755e-02 1.000000000000000000e+00 0.000000000000000000e+00
1.759530791788856477e-02 1.000000000000000000e+00 0.000000000000000000e+00
1.857282502443792851e-02 1.000000000000000000e+00 0.000000000000000000e+00
1.955034213098729226e-02 1.000000000000000000e+00 0.000000000000000000e+00
2.052785923753665601e-02 1.000000000000000000e+00 0.000000000000000000e+00
2.150537634408602322e-02 1.000000000000000000e+00 0.000000000000000000e+00
2.248289345063538697e-02 1.000000000000000000e+00 0.000000000000000000e+00
2.346041055718475071e-02 1.000000000000000000e+00 0.000000000000000000e+00
2.443792766373411446e-02 1.000000000000000000e+00 0.000000000000000000e+00
2.541544477028348167e-02 1.000000000000000000e+00 0.000000000000000000e+00
2.639296187683284542e-02 1.000000000000000000e+00 0.000000000000000000e+00
2.737047898338220916e-02 1.000000000000000000e+00 0.000000000000000000e+00
2.834799608993157291e-02 1.000000000000000000e+00 0.000000000000000000e+00
2.932551319648094013e-02 1.000000000000000000e+00 0.000000000000000000e+00
3.030303030303030387e-02 1.000000000000000000e+00 0.000000000000000000e+00
3.128054740957966762e-02 1.000000000000000000e+00 0.000000000000000000e+00
3.225806451612903136e-02 1.000000000000000000e+00 0.000000000000000000e+00
3.323558162267839511e-02 1.000000000000000000e+00 0.000000000000000000e+00
3.421309872922775885e-02 1.000000000000000000e+00 0.000000000000000000e+00
3.519061583577712954e-02 1.000000000000000000e+00 0.000000000000000000e+00
3.616813294232649328e-02 1.000000000000000000e+00 0.000000000000000000e+00
3.714565004887585703e-02 1.000000000000000000e+00 0.000000000000000000e+00
3.812316715542522078e-02 1.000000000000000000e+00 0.000000000000000000e+00
3.910068426197458452e-02 1.000000000000000000e+00 0.000000000000000000e+00
4.007820136852394827e-02 1.000000000000000000e+00 0.000000000000000000e+00
4.105571847507331201e-02 1.000000000000000000e+00 0.000000000000000000e+00
4.203323558162267576e-02 1.000000000000000000e+00 0.000000000000000000e+00
4.301075268817204644e-02 1.000000000000000000e+00 0.000000000000000000e+00
4.398826979472141019e-02 1.000000000000000000e+00 0.000000000000000000e+00
4.496578690127077393e-02 1.000000000000000000e+00 0.000000000000000000e+00
4.594330400782013768e-02 1.000000000000000000e+00 0.000000000000000000e+00
4.692082111436950143e-02 1.000000000000000000e+00 0.000000000000000000e+00
4.789833822091886517e-02 1.000000000000000000e+00 0.000000000000000000e+00
4.887585532746822892e-02 1.000000000000000000e+00 0.000000000000000000e+00
4.985337243401759266e-02 1.000000000000000000e+00 0.000000000000000000e+00
5.083088954056696335e-02 1.000000000000000000e+00 0.000000000000000000e+00
5.180840664711632709e-02 1.000000000000000000e+00 0.000000000000000000e+00
5.278592375366569084e-02 1.000000000000000000e+00 0.000000000000000000e+00
5.376344086021505458e-02 1.000000000000000000e+00 0.000000000000000000e+00
5.474095796676441833e-02 1.000000000000000000e+00 0.000000000000000000e+00
5.571847507331378208e-02 1.000000000000000000e+00 0.000000000000000000e+00
5.669599217986314582e-02 1.000000000000000000e+00 0.000000000000000000e+00
5.767350928641250957e-02 1.000000000000000000e+00 0.000000000000000000e+00
5.865102639296188025e-02 1.000000000000000000e+00 0.000000000000000000e+00
5.962854349951124400e-02 1.000000000000000000e+00 0.000000000000000000e+00
6.060606060606060774e-02 1.000000000000000000e+00 0.000000000000000000e+00
6.158357771260997149e-02 1.000000000000000000e+00 0.000000000000000000e+00
6.256109481915933523e-02 1.000000000000000000e+00 0.000000000000000000e+00
6.353861192570869898e-02 1.000000000000000000e+00 0.000000000000000000e+00
6.451612903225806273e-02 1.000000000000000000e+00 0.000000000000000000e+00
6.549364613880742647e-02 1.000000000000000000e+00 0.000000000000000000e+00
6.647116324535679022e-02 1.000000000000000000e+00 0.000000000000000000e+00
6.744868035190615396e-02 1.000000000000000000e+00 0.000000000000000000e+00
6.842619745845551771e-02 1.000000000000000000e+00 0.000000000000000000e+00
6.940371456500488145e-02 1.000000000000000000e+00 0.000000000000000000e+00
7.038123167155425908e-02 1.000000000000000000e+00 0.000000000000000000e+00
7.135874877810362282e-02 1.000000000000000000e+00 0.000000000000000000e+00
7.233626588465298657e-02 1.000000000000000000e+00 0.000000000000000000e+00
7.331378299120235031e-02 1.000000000000000000e+00 0.000000000000000000e+00
7.429130009775171406e-02 1.000000000000000000e+00 0.000000000000000000e+00
7.526881720430107781e-02 1.000000000000000000e+00 0.000000000000000000e+00
7.624633431085044155e-02 1.000000000000000000e+00 0.000000000000000000e+00
7.722385141739980530e-02 1.000000000000000000e+00 0.000000000000000000e+00
7.820136852394916904e-02 1.000000000000000000e+00 0.000000000000000000e+00
7.917888563049853279e-02 1.000000000000000000e+00 0.000000000000000000e+00
8.015640273704789653e-02 1.000000000000000000e+00 0.000000000000000000e+00
8.113391984359726028e-02 1.000000000000000000e+00 0.000000000000000000e+00
8.211143695014662403e-02 1.000000000000000000e+00 0.000000000000000000e+00
8.308895405669598777e-02 1.000000000000000000e+00 0.000000000000000000e+00
8.406647116324535152e-02 1.000000000000000000e+00 0.000000000000000000e+00
8.504398826979471526e-02 1.000000000000000000e+00 0.000000000000000000e+00
8.602150537634409289e-02 1.000000000000000000e+00 0.000000000000000000e+00
8.699902248289345663e-02 1.000000000000000000e+00 0.000000000000000000e+00
8.797653958944282038e-02 1.000000000000000000e+00 0.000000000000000000e+00
8.895405669599218412e-02 1.000000000000000000e+00 0.000000000000000000e+00
8.993157380254154787e-02 1.000000000000000000e+00 0.000000000000000000e+00
9.090909090909091161e-02 1.000000000000000000e+00 0.000000000000000000e+00
9.188660801564027536e-02 1.000000000000000000e+00 0.000000000000000000e+00
9.286412512218963911e-02 1.000000000000000000e+00 0.000000000000000000e+00
9.384164222873900285e-02 1.000000000000000000e+00 0.000000000000000000e+00
9.481915933528836660e-02 1.000000000000000000e+00 0.000000000000000000e+00
9.579667644183773034e-02 1.000000000000000000e+00 0.000000000000000000e+00
9.677419354838709409e-02 1.000000000000000000e+00 0.000000000000000000e+00
9.775171065493645783e-02 1.000000000000000000e+00 0.000000000000000000e+00
9.872922776148582158e-02 1.000000000000000000e+00 0.000000000000000000e+00
9.970674486803518533e-02 1.000000000000000000e+00 0.000000000000000000e+00
1.006842619745845491e-01 1.000000000000000000e+00 0.000000000000000000e+00
1.016617790811339267e-01 1.000000000000000000e+00 0.000000000000000000e+00
1.026392961876832904e-01 1.000000000000000000e+00 0.000000000000000000e+00
1.036168132942326542e-01 1.000000000000000000e+00 0.000000000000000000e+00
1.045943304007820179e-01 1.000000000000000000e+00 0.000000000000000000e+00
1.055718475073313817e-01 1.000000000000000000e+00 0.000000000000000000e+00
1.065493646138807454e-01 1.000000000000000000e+00 0.000000000000000000e+00
1.075268817204301092e-01 1.000000000000000000e+00 0.000000000000000000e+00
1.085043988269794729e-01 1.000000000000000000e+00 0.000000000000000000e+00
1.094819159335288367e-01 1.000000000000000000e+00 0.000000000000000000e+00
1.104594330400782004e-01 1.000000000000000000e+00 0.000000000000000000e+00
1.114369501466275642e-01 1.000000000000000000e+00 0.000000000000000000e+00
1.124144672531769279e-01 1.000000000000000000e+00 0.000000000000000000e+00
1.133919843597262916e-01 1.000000000000000000e+00 0.000000000000000000e+00
1.143695014662756554e-01 1.000000000000000000e+00 0.000000000000000000e+00
1.153470185728250191e-01 1.000000000000000000e+00 0.000000000000000000e+00
1.163245356793743829e-01 1.000000000000000000e+00 0.000000000000000000e+00
1.173020527859237605e-01 1.000000000000000000e+00 0.000000000000000000e+00
1.182795698924731242e-01 1.000000000000000000e+00 0.000000000000000000e+00
1.192570869990224880e-01 1.000000000000000000e+00 0.000000000000000000e+00
1.202346041055718517e-01 1.000000000000000000e+00 0.000000000000000000e+00
1.212121212121212155e-01 1.000000000000000000e+00 0.000000000000000000e+00
1.221896383186705792e-01 1.000000000000000000e+00 0.000000000000000000e+00
1.231671554252199430e-01 1.000000000000000000e+00 0.000000000000000000e+00
1.241446725317693067e-01 1.000000000000000000e+00 0.000000000000000000e+00
1.251221896383186705e-01 1.000000000000000000e+00 0.000000000000000000e+00
1.260997067448680342e-01 1.000000000000000000e+00 0.000000000000000000e+00
1.270772238514173980e-01 1.000000000000000000e+00 0.000000000000000000e+00
1.280547409579667617e-01 1.000000000000000000e+00 0.000000000000000000e+00
1.290322580645161255e-01 1.000000000000000000e+00 0.000000000000000000e+00
1.300097751710654892e-01 1.000000000000000000e+00 0.000000000000000000e+00
1.309872922776148529e-01 1.000000000000000000e+00 0.000000000000000000e+00
1.319648093841642167e-01 1.000000000000000000e+00 0.000000000000000000e+00
1.329423264907135804e-01 1.000000000000000000e+00 0.000000000000000000e+00
1.339198435972629442e-01 1.000000000000000000e+00 0.000000000000000000e+00
1.348973607038123079e-01 1.000000000000000000e+00 0.000000000000000000e+00
1.358748778103616717e-01 1.000000000000000000e+00 0.000000000000000000e+00
1.368523949169110354e-01 1.000000000000000000e+00 0.000000000000000000e+00
1.378299120234603992e-01 1.000000000000000000e+00 0.000000000000000000e+00
1.388074291300097629e-01 1.000000000000000000e+00 0.000000000000000000e+00
1.397849462365591267e-01 1.000000000000000000e+00 0.000000000000000000e+00
1.407624633431085182e-01 1.000000000000000000e+00 0.000000000000000000e+00
1.417399804496578819e-01 1.000000000000000000e+00 0.000000000000000000e+00
1.427174975562072456e-01 1.000000000000000000e+00 0.000000000000000000e+00
1.436950146627566094e-01 1.000000000000000000e+00 0.000000000000000000e+00
1.446725317693059731e-01 1.000000000000000000e+00 0.000000000000000000e+00
1.456500488758553369e-01 1.000000000000000000e+00 0.000000000000000000e+00
1.466275659824047006e-01 1.000000000000000000e+00 0.000000000000000000e+00
1.476050830889540644e-01 1.000000000000000000e+00 0.000000000000000000e+00
1.485826001955034281e-01 1.000000000000000000e+00 0.000000000000000000e+00
1.495601173020527919e-01 1.000000000000000000e+00 0.000000000000000000e+00
1.505376344086021556e-01 1.000000000000000000e+00 0.000000000000000000e+00
1.515151515151515194e-01 1.000000000000000000e+00 0.000000000000000000e+00
1.524926686217008831e-01 1.000000000000000000e+00 0.000000000000000000e+00
1.534701857282502468e-01 1.000000000000000000e+00 0.000000000000000000e+00
1.544477028347996106e-01 1.000000000000000000e+00 0.000000000000000000e+00
1.554252199413489743e-01 1.000000000000000000e+00 0.000000000000000000e+00
1.564027370478983381e-01 1.000000000000000000e+00 0.000000000000000000e+00
1.573802541544477018e-01 1.000000000000000000e+00 0.000000000000000000e+00
1.583577712609970656e-01 1.000000000000000000e+00 0.000000000000000000e+00
1.593352883675464293e-01 1.000000000000000000e+00 0.000000000000000000e+00
1.603128054740957931e-01 1.000000000000000000e+00 0.000000000000000000e+00
1.612903225806451568e-01 1.000000000000000000e+00 0.000000000000000000e+00
1.622678396871945206e-01 1.000000000000000000e+00 0.000000000000000000e+00
1.632453567937438843e-01 1.000000000000000000e+00 0.000000000000000000e+00
1.642228739002932481e-01 1.000000000000000000e+00 0.000000000000000000e+00
1.652003910068426118e-01 1.000000000000000000e+00 0.000000000000000000e+00
1.661779081133919755e-01 1.000000000000000000e+00 0.000000000000000000e+00
1.671554252199413393e-01 1.000000000000000000e+00 0.000000000000000000e+00
1.681329423264907030e-01 1.000000000000000000e+00 0.000000000000000000e+00
1.691104594330400668e-01 1.000000000000000000e+00 0.000000000000000000e+00
1.700879765395894305e-01 1.000000000000000000e+00 0.000000000000000000e+00
1.710654936461387943e-01 1.000000000000000000e+00 0.000000000000000000e+00
1.720430107526881858e-01 1.000000000000000000e+00 0.000000000000000000e+00
1.730205278592375495e-01 1.000000000000000000e+00 0.000000000000000000e+00
1.739980449657869133e-01 1.000000000000000000e+00 0.000000000000000000e+00
1.749755620723362770e-01 1.000000000000000000e+00 0.000000000000000000e+00
1.759530791788856408e-01 1.000000000000000000e+00 0.000000000000000000e+00
1.769305962854350045e-01 1.000000000000000000e+00 0.000000000000000000e+00
1.779081133919843682e-01 1.000000000000000000e+00 0.000000000000000000e+00
1.788856304985337320e-01 1.000000000000000000e+00 0.000000000000000000e+00
1.798631476050830957e-01 1.000000000000000000e+00 0.000000000000000000e+00
1.808406647116324595e-01 1.000000000000000000e+00 0.000000000000000000e+00
1.818181818181818232e-01 1.000000000000000000e+00 0.000000000000000000e+00
1.827956989247311870e-01 1.000000000000000000e+00 0.000000000000000000e+00
1.837732160312805507e-01 1.000000000000000000e+00 0.000000000000000000e+00
1.847507331378299145e-01 1.000000000000000000e+00 0.000000000000000000e+00
1.857282502443792782e-01 1.000000000000000000e+00 0.000000000000000000e+00
1.867057673509286420e-01 1.000000000000000000e+00 0.000000000000000000e+00
1.876832844574780057e-01 1.000000000000000000e+00 0.000000000000000000e+00
1.886608015640273694e-01 1.000000000000000000e+00 0.000000000000000000e+00
1.896383186705767332e-01 1.000000000000000000e+00 0.000000000000000000e+00
1.906158357771260969e-01 1.000000000000000000e+00 0.000000000000000000e+00
1.915933528836754607e-01 1.000000000000000000e+00 0.000000000000000000e+00
1.925708699902248244e-01 1.000000000000000000e+00 0.000000000000000000e+00
1.935483870967741882e-01 1.000000000000000000e+00 0.000000000000000000e+00
1.945259042033235519e-01 1.000000000000000000e+00 0.000000000000000000e+00
1.955034213098729157e-01 1.000000000000000000e+00 0.000000000000000000e+00
1.964809384164222794e-01 1.000000000000000000e+00 0.000000000000000000e+00
1.974584555229716432e-01 1.000000000000000000e+00 0.000000000000000000e+00
1.984359726295210069e-01 1.000000000000000000e+00 0.000000000000000000e+00
1.994134897360703707e-01 1.000000000000000000e+00 0.000000000000000000e+00
2.003910068426197344e-01 1.000000000000000000e+00 0.000000000000000000e+00
2.013685239491690981e-01 1.000000000000000000e+00 0.000000000000000000e+00
2.023460410557184619e-01 1.000000000000000000e+00 0.000000000000000000e+00
2.033235581622678534e-01 1.000000000000000000e+00 0.000000000000000000e+00
2.043010752688172171e-01 1.000000000000000000e+00 0.000000000000000000e+00
2.052785923753665809e-01 1.000000000000000000e+00 0.000000000000000000e+00
2.062561094819159446e-01 1.000000000000000000e+00 0.000000000000000000e+00
2.072336265884653084e-01 1.000000000000000000e+00 0.000000000000000000e+00
2.082111436950146721e-01 1.000000000000000000e+00 0.000000000000000000e+00
2.091886608015640359e-01 1.000000000000000000e+00 0.000000000000000000e+00
2.101661779081133996e-01 1.000000000000000000e+00 0.000000000000000000e+00
2.111436950146627634e-01 1.000000000000000000e+00 0.000000000000000000e+00
2.121212121212121271e-01 1.000000000000000000e+00 0.000000000000000000e+00
2.130987292277614908e-01 1.000000000000000000e+00 0.000000000000000000e+00
2.140762463343108546e-01 1.000000000000000000e+00 0.000000000000000000e+00
2.150537634408602183e-01 1.000000000000000000e+00 0.000000000000000000e+00
2.160312805474095821e-01 1.000000000000000000e+00 0.000000000000000000e+00
2.170087976539589458e-01 1.000000000000000000e+00 0.000000000000000000e+00
2.179863147605083096e-01 1.000000000000000000e+00 0.000000000000000000e+00
2.189638318670576733e-01 9.999999999999998890e-01 1.030989520200053600e-16
2.199413489736070371e-01 9.999999999999988898e-01 1.022035652642220510e-15
2.209188660801564008e-01 9.999999999999955591e-01 3.169222680058067424e-15
2.218963831867057646e-01 9.999999999999894529e-01 9.444992835411031193e-15
2.228739002932551283e-01 9.999999999999736877e-01 1.952661640845816980e-14
2.238514173998044920e-01 9.999999999999477085e-01 4.579094381456030258e-14
2.248289345063538558e-01 9.999999999998827604e-01 8.784801159223489887e-14
2.258064516129032195e-01 9.999999999997787326e-01 1.914040132252292553e-13
2.267839687194525833e-01 9.999999999995230482e-01 3.579920446166686324e-13
2.277614858260019470e-01 9.999999999991135979e-01 7.628566549253289465e-13
2.287390029325513108e-01 9.999999999981306065e-01 1.406948335639068014e-12
2.297165200391006745e-01 9.999999999965718533e-01 2.941985076335174171e-12
2.306940371456500383e-01 9.999999999928849137e-01 5.365963377788856619e-12
2.316715542521994020e-01 9.999999999870897716e-01 1.104020140128004398e-11
2.326490713587487658e-01 9.999999999736378653e-01 1.991899879524961923e-11
2.336265884652981295e-01 9.999999999526728578e-01 4.032097061628485410e-11
2.346041055718475210e-01 9.999999999049438149e-01 7.196758526855106811e-11
2.355816226783968848e-01 9.999999998312041338e-01 1.432614092194428325e-10
2.365591397849462485e-01 9.999999996666529833e-01 2.528956940658115068e-10
2.375366568914956122e-01 9.999999994146552273e-01 4.949052633578403097e-10
2.385141739980449760e-01 9.999999988637947590e-01 8.637562793230147034e-10
2.394916911045943397e-01 9.999999980278030387e-01 1.661054403036318147e-09
2.404692082111437035e-01 9.999999962388629315e-01 2.865120519716120266e-09
2.414467253176930672e-01 9.999999935491228342e-01 5.412024853929981812e-09
2.424242424242424310e-01 9.999999879186347584e-01 9.222070195355869562e-09
2.434017595307917947e-01 9.999999795339626907e-01 1.710272326685422484e-08
2.443792766373411585e-01 9.999999623775545077e-01 2.877707072966104032e-08
2.453567937438905222e-01 9.999999370816510247e-01 5.236986378050215986e-08
2.463343108504398860e-01 9.999998865314813079e-01 8.696802019586928313e-08
2.473118279569892497e-01 9.999998127627880429e-01 1.552208182643468983e-07
2.482893450635386134e-01 9.999996689285949314e-01 2.542650986316122646e-07
2.492668621700879772e-01 9.999994612653584358e-01 4.448015020482126471e-07
2.502443792766373409e-01 9.999990666239884085e-01 7.182858457216589130e-07
2.512218963831867047e-01 9.999985031856492013e-01 1.230753961889889322e-06
2.521994134897360684e-01 9.999974608280799426e-01 1.957947905505690055e-06
2.531769305962854322e-01 9.999959899539233588e-01 3.283532519561908423e-06
2.541544477028347959e-01 9.999933446650081104e-01 5.142062419149242562e-06
2.551319648093841597e-01 9.999896576187756736e-01 8.432876879663795010e-06
2.561094819159335234e-01 9.999832216791080253e-01 1.298853989306760170e-05
2.570869990224828872e-01 9.999743674815801953e-01 2.081046666752042843e-05
2.580645161290322509e-01 9.999593942572720939e-01 3.149367012866825962e-05
2.590420332355816146e-01 9.999390795430481704e-01 4.924453714079565330e-05
2.600195503421309784e-01 9.999058692038989005e-01 7.314089308923403044e-05
2.609970674486803421e-01 9.998614797531032439e-01 1.114751868069830353e-04
2.619745845552297059e-01 9.997915033974765775e-01 1.622820361966977954e-04
2.629521016617790696e-01 9.996994729106462030e-01 2.407582385463573511e-04
2.639296187683284334e-01 9.995599740885857676e-01 3.430140258144584735e-04
2.649071358748777971e-01 9.993797216110992254e-01 4.946269155611223226e-04
2.658846529814271609e-01 9.991178283255308656e-01 6.885235671828639561e-04
2.668621700879765246e-01 9.987859315309870478e-01 9.635878869908331198e-04
2.678396871945258884e-01 9.983251807929661714e-01 1.308168016745700924e-03
2.688172043010752521e-01 9.977536621195076671e-01 1.774408489372367821e-03
2.697947214076246158e-01 9.969976838047761580e-01 2.345236151406110848e-03
2.707722385141739796e-01 9.960819337451922717e-01 3.080159384801693396e-03
2.717497556207233433e-01 9.949296207823061788e-01 3.957400523740711197e-03
2.727272727272727071e-01 9.935696889868236292e-01 5.031231111504058315e-03
2.737047898338220708e-01 9.919410373450733287e-01 6.277940076220124913e-03
2.746823069403714346e-01 9.900724343592437471e-01 7.731501997283713942e-03
2.756598240469207983e-01 9.879355008698591512e-01 9.369842623893996983e-03
2.766373411534701621e-01 9.855552730004749629e-01 1.119811039544748275e-02
2.776148582600195258e-01 9.829396187090503334e-01 1.319740011584969071e-02
2.785923753665688896e-01 9.801104593865083148e-01 1.534893914202823013e-02
2.795698924731182533e-01 9.770983720938171135e-01 1.763513885461499842e-02
2.805474095796676171e-01 9.739258488102040534e-01 2.002831478225736150e-02
2.815249266862170363e-01 9.706261978267287649e-01 2.250991253950809790e-02
2.825024437927664001e-01 9.672235399588210436e-01 2.505666790742573993e-02
2.834799608993157638e-01 9.637422149372983915e-01 2.765042312720243645e-02
2.844574780058651275e-01 9.602037696821534851e-01 3.027613705207624420e-02
2.854349951124144913e-01 9.566234674968484564e-01 3.292000910698759247e-02
2.864125122189638550e-01 9.530157487225233703e-01 3.557265821494767083e-02
2.873900293255132188e-01 9.493904082751668527e-01 3.822628107366163319e-02
2.883675464320625825e-01 9.457550402988633698e-01 4.087488117152556638e-02
2.893450635386119463e-01 9.421155926455544449e-01 4.351469441662843274e-02
2.903225806451613100e-01 9.384760231522984997e-01 4.614242180455309372e-02
2.913000977517106738e-01 9.348392627975432578e-01 4.875603226400617579e-02
2.922776148582600375e-01 9.312076591613546173e-01 5.135401039254731959e-02
2.932551319648094013e-01 9.275825731279749853e-01 5.393524442144259634e-02
2.942326490713587650e-01 9.239652936463227384e-01 5.649892923416993673e-02
2.952101661779081287e-01 9.203566235241172899e-01 5.904457758899407660e-02
2.961876832844574925e-01 9.167572506666417098e-01 6.157168925992356767e-02
2.971652003910068562e-01 9.131676440458117439e-01 6.408003306174096803e-02
2.981427174975562200e-01 9.095882702031699019e-01 6.656934520274611355e-02
2.991202346041055837e-01 9.060193810070186204e-01 6.903949389578095674e-02
3.000977517106549475e-01 9.024612993032027353e-01 7.149033465375650986e-02
3.010752688172043112e-01 8.989141930467238195e-01 7.392182310739177364e-02
3.020527859237536750e-01 8.953782740662491468e-01 7.633387369533396749e-02
3.030303030303030387e-01 8.918536533808762989e-01 7.872648914633813277e-02
3.040078201368524025e-01 8.883404844548373758e-01 8.109963769613215412e-02
3.049853372434017662e-01 8.848388335766145252e-01 8.345334602367820986e-02
3.059628543499511300e-01 8.813488090812987563e-01 8.578761697703270184e-02
3.069403714565004937e-01 8.778704538958401749e-01 8.810249881804138594e-02
3.079178885630498574e-01 8.744038406042946576e-01 9.039801749136047726e-02
3.088954056695992212e-01 8.709489939079188003e-01 9.267423426963339317e-02
3.098729227761485849e-01 8.675059624396143088e-01 9.493119439065152154e-02
3.108504398826979487e-01 8.640747573534696135e-01 9.716896792375691316e-02
3.118279569892473124e-01 8.606554079783764744e-01 9.938761337721568889e-02
3.128054740957966762e-01 8.572479164716019229e-01 1.015872079041703346e-01
3.137829912023460399e-01 8.538522975709517127e-01 1.037678200162321929e-01
3.147605083088954037e-01 8.504685460802156038e-01 1.059295315508390067e-01
3.157380254154447674e-01 8.470966658210653533e-01 1.080724186429232597e-01
3.167155425219941312e-01 8.437366461102472348e-01 1.101965667676723382e-01
3.176930596285434949e-01 8.403884821766913760e-01 1.123020575154910772e-01
3.186705767350928586e-01 8.370521590153833236e-01 1.143889790700411829e-01
3.196480938416422224e-01 8.337276653757937916e-01 1.164574171288433324e-01
3.206256109481915861e-01 8.304149827333023870e-01 1.185074618524014911e-01
3.216031280547409499e-01 8.271140948168698159e-01 1.205392018801531434e-01
3.225806451612903136e-01 8.238249802966021162e-01 1.225527288719660962e-01
3.235581622678396774e-01 8.205476190418585780e-01 1.245481335656861421e-01
3.245356793743890411e-01 8.172819874066309387e-01 1.265255086807134666e-01
3.255131964809384049e-01 8.140280622964968238e-01 1.284849464127757468e-01
3.264907135874877686e-01 8.107858181838435430e-01 1.304265402223824810e-01
3.274682306940371324e-01 8.075552296822071652e-01 1.323503832612389630e-01
3.284457478005864961e-01 8.043362697254984317e-01 1.342565694568032819e-01
3.294232649071358598e-01 8.011289111669269714e-01 1.361451925448226852e-01
3.304007820136852236e-01 7.979331256925061844e-01 1.380163466979600351e-01
3.313782991202345873e-01 7.947488847980267446e-01 1.398701259425345622e-01
3.323558162267839511e-01 7.915761591672082487e-01 1.417066245132810876e-01
3.333333333333333148e-01 7.884149192570111264e-01 1.435259365047186764e-01
3.343108504398826786e-01 7.852651349548793736e-01 1.453281560606073941e-01
3.352883675464320423e-01 7.821267759271774977e-01 1.471133771689198677e-01
3.362658846529814061e-01 7.789998114410999763e-01 1.488816937570817678e-01
3.372434017595307698e-01 7.758842105702007386e-01 1.506331995706746418e-01
3.382209188660801336e-01 7.727799421095244981e-01 1.523679882164066524e-01
3.391984359726294973e-01 7.696869746982084592e-01 1.540861530902694621e-01
3.401759530791788610e-01 7.666052767852351568e-01 1.557877873929170709e-01
3.411534701857282248e-01 7.635348167038125133e-01 1.574729840859053209e-01
3.421309872922775885e-01 7.604755626633830090e-01 1.591418358935491051e-01
3.431085043988269523e-01 7.574274827966638313e-01 1.607944352754813455e-01
3.440860215053763715e-01 7.543905451641592652e-01 1.624308744224500223e-01
3.450635386119257353e-01 7.513647177854833048e-01 1.640512452382430486e-01
3.460410557184750990e-01 7.483499686492087744e-01 1.656556393334113753e-01
3.470185728250244628e-01 7.453462657351321852e-01 1.672441480128186442e-01
3.479960899315738265e-01 7.423535770257415622e-01 1.688168622691291476e-01
3.489736070381231903e-01 7.393718705230454269e-01 1.703738727738354775e-01
3.499511241446725540e-01 7.364011142599842241e-01 1.719152698713662386e-01
3.509286412512219178e-01 7.334412763138645763e-01 1.734411435724210471e-01
3.519061583577712815e-01 7.304923248169877814e-01 1.749515835489657833e-01
3.528836754643206453e-01 7.275542279678294255e-01 1.764466791291846859e-01
3.538611925708700090e-01 7.246269540406918841e-01 1.779265192934108841e-01
3.548387096774193727e-01 7.217104713953012007e-01 1.793911926702857762e-01
3.558162267839687365e-01 7.188047484854983571e-01 1.808407875335488191e-01
3.567937438905181002e-01 7.159097538676707506e-01 1.822753917991355443e-01
3.577712609970674640e-01 7.130254562086001391e-01 1.836950930227253809e-01
3.587487781036168277e-01 7.101518242930114910e-01 1.850999783975949553e-01
3.597262952101661915e-01 7.072888270307142733e-01 1.864901347528142295e-01
3.607038123167155552e-01 7.044364334634720670e-01 1.878656485517172792e-01
3.616813294232649190e-01 7.015946127715801950e-01 1.892266058906493242e-01
3.626588465298142827e-01 6.987633342802177516e-01 1.905730924979510965e-01
3.636363636363636465e-01 6.959425674655858041e-01 1.919051937331689717e-01
3.646138807429130102e-01 6.931322819608743968e-01 1.932229945864699094e-01
3.655913978494623739e-01 6.903324475620773448e-01 1.945265796782429668e-01
3.665689149560117377e-01 6.875430342336832368e-01 1.958160332588743113e-01
3.675464320625611014e-01 6.847640121142682945e-01 1.970914392086812184e-01
3.685239491691104652e-01 6.819953515220117390e-01 1.983528810379926732e-01
3.695014662756598289e-01 6.792370229601564224e-01 1.996004418873625064e-01
3.704789833822091927e-01 6.764889971224307130e-01 2.008342045279088439e-01
3.714565004887585564e-01 6.737512448984609437e-01 2.020542513617681613e-01
3.724340175953079202e-01 6.710237373791831939e-01 2.032606644226535864e-01
3.734115347018572839e-01 6.683064458622778314e-01 2.044535253765133731e-01
3.743890518084066477e-01 6.655993418576431342e-01 2.056329155222793303e-01
3.753665689149560114e-01 6.629023970929250886e-01 2.067989157926995725e-01
3.763440860215053752e-01 6.602155835191202415e-01 2.079516067552504843e-01
3.773216031280547389e-01 6.575388733162673693e-01 2.090910686131209895e-01
3.782991202346041026e-01 6.548722388992448407e-01 2.102173812062664293e-01
3.792766373411534664e-01 6.522156529236912137e-01 2.113306240125258084e-01
3.802541544477028301e-01 6.495690882920615028e-01 2.124308761487991581e-01
3.812316715542521939e-01 6.469325181598397645e-01 2.135182163722812443e-01
3.822091886608015576e-01 6.443059159419198823e-01 2.145927230817495646e-01
3.831867057673509214e-01 6.416892553191733128e-01 2.156544743189023339e-01
3.841642228739002851e-01 6.390825102452230011e-01 2.167035477697453749e-01
3.851417399804496489e-01 6.364856549534333441e-01 2.177400207660240006e-01
3.861192570869990126e-01 6.338986639641410736e-01 2.187639702867005265e-01
3.870967741935483764e-01 6.313215120921396029e-01 2.197754729594734446e-01
3.880742913000977401e-01 6.287541744544389299e-01 2.207746050623385636e-01
3.890518084066471038e-01 6.261966264783164204e-01 2.217614425251905053e-01
3.900293255131964676e-01 6.236488439096812275e-01 2.227360609314625595e-01
3.910068426197458313e-01 6.211108028217687815e-01 2.236985355198072845e-01
3.919843597262951951e-01 6.185824796241924384e-01 2.246489411858145768e-01
3.929618768328445588e-01 6.160638510723663863e-01 2.255873524837678779e-01
3.939393939393939226e-01 6.135548942773292325e-01 2.265138436284397649e-01
3.949169110459432863e-01 6.110555867159882526e-01 2.274284884969253462e-01
3.958944281524926501e-01 6.085659062418115051e-01 2.283313606305160948e-01
3.968719452590420138e-01 6.060858310959917894e-01 2.292225332366127355e-01
3.978494623655913776e-01 6.036153399191119817e-01 2.301020791906793761e-01
3.988269794721407413e-01 6.011544117633399464e-01 2.309700710382399380e-01
3.998044965786901050e-01 5.987030261051816682e-01 2.318265809969174418e-01
4.007820136852394688e-01 5.962611628588270207e-01 2.326716809585190060e-01
4.017595307917888325e-01 5.938288023901200363e-01 2.335054424911670035e-01
4.027370478983381963e-01 5.914059255311903129e-01 2.343279368414794839e-01
4.037145650048875600e-01 5.889925135957805313e-01 2.351392349368014167e-01
4.046920821114369238e-01 5.865885483953131585e-01 2.359394073874897801e-01
4.056695992179862875e-01 5.841940122557363058e-01 2.367285244892553264e-01
4.066471163245357068e-01 5.818088880351899306e-01 2.375066562255636060e-01
4.076246334310850705e-01 5.794331591425455619e-01 2.382738722700986911e-01
4.086021505376344343e-01 5.770668095568616263e-01 2.390302419892941233e-01
4.095796676441837980e-01 5.747098238478119958e-01 2.397758344449340828e-01
4.105571847507331618e-01 5.723621871971401598e-01 2.405107183968293316e-01
4.115347018572825255e-01 5.700238854211989725e-01 2.412349623055729531e-01
4.125122189638318893e-01 5.676949049946369286e-01 2.419486343353810520e-01
4.134897360703812530e-01 5.653752330752996880e-01 2.426518023570233273e-01
4.144672531769306167e-01 5.630648575304115777e-01 2.433445339508502892e-01
4.154447702834799805e-01 5.607637669641171163e-01 2.440268964099224225e-01
4.164222873900293442e-01 5.584719507464567245e-01 2.446989567432493740e-01
4.173998044965787080e-01 5.561893990438631086e-01 2.453607816791465168e-01
4.183773216031280717e-01 5.539161028512650242e-01 2.460124376687151670e-01
4.193548387096774355e-01 5.516520540258943450e-01 2.466539908894575528e-01
4.203323558162267992e-01 5.493972453228954667e-01 2.472855072490348360e-01
4.213098729227761630e-01 5.471516704328444058e-01 2.479070523891775679e-01
4.222873900293255267e-01 5.449153240212898375e-01 2.485186916897599019e-01
4.232649071358748905e-01 5.426882017704357519e-01 2.491204902730496107e-01
4.242424242424242542e-01 5.404703004230986263e-01 2.497125130081463695e-01
4.252199413489736179e-01 5.382616178290657860e-01 2.502948245156202955e-01
4.261974584555229817e-01 5.360621529940080565e-01 2.508674891723666200e-01
4.271749755620723454e-01 5.338719061310980285e-01 2.514305711166929247e-01
4.281524926686217092e-01 5.316908787154952520e-01 2.519841342536531248e-01
4.291300097751710729e-01 5.295190735418742189e-01 2.525282422606483501e-01
4.301075268817204367e-01 5.273564947851813178e-01 2.530629585933136805e-01
4.310850439882698004e-01 5.252031480648154949e-01 2.535883464917102481e-01
4.320625610948191642e-01 5.230590405124433406e-01 2.541044689868487971e-01
4.330400782013685279e-01 5.209241808436720911e-01 2.546113889075637959e-01
4.340175953079178917e-01 5.187985794338154655e-01 2.551091688877688557e-01
4.349951124144672554e-01 5.166822483980052505e-01 2.555978713741191011e-01
4.359726295210166191e-01 5.145752016759194136e-01 2.560775586341108578e-01
4.369501466275659829e-01 5.124774551214057450e-01 2.565482927646525191e-01
4.379276637341153466e-01 5.103890265973084484e-01 2.570101357011402854e-01
4.389051808406647104e-01 5.083099360758187579e-01 2.574631492270765820e-01
4.398826979472140741e-01 5.062402057446880876e-01 2.579073949842726754e-01
4.408602150537634379e-01 5.041798601196709750e-01 2.583429344836788988e-01
4.418377321603128016e-01 5.021289261635789591e-01 2.587698291168890607e-01
4.428152492668621654e-01 5.000874334123547316e-01 2.591881401683699404e-01
4.437927663734115291e-01 4.980554141085997699e-01 2.595979288284704367e-01
4.447702834799608929e-01 4.960329033430132539e-01 2.599992562072689917e-01
4.457478005865102566e-01 4.940199392042269322e-01 2.603921833493216820e-01
4.467253176930596203e-01 4.920165629375500282e-01 2.607767712493792578e-01
4.477028347996089841e-01 4.900228191131639766e-01 2.611530808691464589e-01
4.486803519061583478e-01 4.880387558043409735e-01 2.615211731551591590e-01
4.496578690127077116e-01 4.860644247762864190e-01 2.618811090578667677e-01
4.506353861192570753e-01 4.840998816862403520e-01 2.622329495520056564e-01
4.516129032258064391e-01 4.821451862955031253e-01 2.625767556583636364e-01
4.525904203323558028e-01 4.802004026940835391e-01 2.629125884670356905e-01
4.535679374389051666e-01 4.782655995386996262e-01 2.632405091622829763e-01
4.545454545454545303e-01 4.763408503048933706e-01 2.635605790491116762e-01
4.555229716520038941e-01 4.744262335540523901e-01 2.638728595816972056e-01
4.565004887585532578e-01 4.725218332161622015e-01 2.641774123937898344e-01
4.574780058651026216e-01 4.706277388891381142e-01 2.644742993312404478e-01
4.584555229716519853e-01 4.687440461556098281e-01 2.647635824868012633e-01
4.594330400782013490e-01 4.668708569180574086e-01 2.650453242373592699e-01
4.604105571847507128e-01 4.650082797532072987e-01 2.653195872837736391e-01
4.613880742913000765e-01 4.631564302866075233e-01 2.655864346934931897e-01
4.623655913978494403e-01 4.613154315883076229e-01 2.658459299461445879e-01
4.633431085043988040e-01 4.594854145905534759e-01 2.660981369822874587e-01
4.643206256109481678e-01 4.576665185283924631e-01 2.663431202555393562e-01
4.652981427174975315e-01 4.558588914040461182e-01 2.665809447882860894e-01
4.662756598240468953e-01 4.540626904758567894e-01 2.668116762311979473e-01
4.672531769305962590e-01 4.522780827725443320e-01 2.670353809267763112e-01
4.682306940371456228e-01 4.505052456334047717e-01 2.672521259771613589e-01
4.692082111436950420e-01 4.487443672749637513e-01 2.674619793164359494e-01
4.701857282502444058e-01 4.469956473844329259e-01 2.676650097876537848e-01
4.711632453567937695e-01 4.452592977401177987e-01 2.678612872248239962e-01
4.721407624633431332e-01 4.435355428586775783e-01 2.680508825400705897e-01
4.731182795698924970e-01 4.418246206688414834e-01 2.682338678161785839e-01
4.740957966764418607e-01 4.401267832108201605e-01 2.684103164047150214e-01
4.750733137829912245e-01 4.384422973602195572e-01 2.685803030298912764e-01
4.760508308895405882e-01 4.367714455747547242e-01 2.687439038983007178e-01
4.770283479960899520e-01 4.351145266614529494e-01 2.689011968146203246e-01
4.780058651026393157e-01 4.334718565613314145e-01 2.690522613033149990e-01
4.789833822091886795e-01 4.318437691477157170e-01 2.691971787363128255e-01
4.799608993157380432e-01 4.302306170334095903e-01 2.693360324665434180e-01
4.809384164222874070e-01 4.286327723808380785e-01 2.694689079671287457e-01
4.819159335288367707e-01 4.270506277080403645e-01 2.695958929759040834e-01
4.828934506353861345e-01 4.254845966819685299e-01 2.697170776448052365e-01
4.838709677419354982e-01 4.239351148889538567e-01 2.698325546935015917e-01
4.848484848484848619e-01 4.224026405704121023e-01 2.699424195664665294e-01
4.858260019550342257e-01 4.208876553098649942e-01 2.700467705924631812e-01
4.868035190615835894e-01 4.193906646551600059e-01 2.701457091451838766e-01
4.877810361681329532e-01 4.179121986573655079e-01 2.702393398035063399e-01
4.887585532746823169e-01 4.164528123052125830e-01 2.703277705095288308e-01
4.897360703812316807e-01 4.150130858311676940e-01 2.704111127222121880e-01
4.907135874877810444e-01 4.135936248622720246e-01 2.704894815640925265e-01
4.916911045943304082e-01 4.121950603858139939e-01 2.705629959581427602e-01
4.926686217008797719e-01 4.108180484967799417e-01 2.706317787514513906e-01
4.936461388074291357e-01 4.094632698909054236e-01 2.706959568219601819e-01
4.946236559139784994e-01 4.081314290641497311e-01 2.707556611640818955e-01
4.956011730205278631e-01 4.068232531766558524e-01 2.708110269485988209e-01
4.965786901270772269e-01 4.055394905368847058e-01 2.708621935518533697e-01
4.975562072336265906e-01 4.042809086598248003e-01 2.709093045489014417e-01
4.985337243401759544e-01 4.030482918521871016e-01 2.709525076650239894e-01
4.995112414467253181e-01 4.018424382775572790e-01 2.709919546798232326e-01
5.004887585532746819e-01 4.006641564558821034e-01 2.710278012780925616e-01
5.014662756598240456e-01 3.995142611547098932e-01 2.710602068417756194e-01
5.024437927663734094e-01 3.983935686346270488e-01 2.710893341776622334e-01
5.034213098729227731e-01 3.973028912186692962e-01 2.711153491760469048e-01
5.043988269794721369e-01 3.962430311654377979e-01 2.711384203964194994e-01
5.053763440860215006e-01 3.952147738385232700e-01 2.711587185774188558e-01
5.063538611925708643e-01 3.942188801808408360e-01 2.711764160697549553e-01
5.073313782991202281e-01 3.932560785217257826e-01 2.711916861926254585e-01
5.083088954056695918e-01 3.923270557671238445e-01 2.712047025162902525e-01
5.092864125122189556e-01 3.914324480487184621e-01 2.712156380759032093e-01
5.102639296187683193e-01 3.905728309359700612e-01 2.712246645243833743e-01
5.112414467253176831e-01 3.897487093451104667e-01 2.712319512349354866e-01
5.122189638318670468e-01 3.889605073101783383e-01 2.712376643667198106e-01
5.131964809384164106e-01 3.882085578119595093e-01 2.712419659099643554e-01
5.141739980449657743e-01 3.874930928896316296e-01 2.712450127293479785e-01
5.151515151515151381e-01 3.868142342852373128e-01 2.712469556266018378e-01
5.161290322580645018e-01 3.861719848908140573e-01 2.712479384447673558e-01
5.171065493646138655e-01 3.855662212800390343e-01 2.712480972372623422e-01
5.180840664711632293e-01 3.849966876085915701e-01 2.712475595246809923e-01
5.190615835777125930e-01 3.844629911583025694e-01 2.712464436609763885e-01
5.200391006842619568e-01 3.839645997781844233e-01 2.712448583283145198e-01
5.210166177908113205e-01 3.835008414398414778e-01 2.712429021764459769e-01
5.219941348973606843e-01 3.830709060755561057e-01 2.712406636180407227e-01
5.229716520039100480e-01 3.826738498054604865e-01 2.712382207862421013e-01
5.239491691104594118e-01 3.823086015875393207e-01 2.712356416549887572e-01
5.249266862170087755e-01 3.819739722436673590e-01 2.712329843167404220e-01
5.259042033235581393e-01 3.816686657302218455e-01 2.712302974064819128e-01
5.268817204301075030e-01 3.813912924374704971e-01 2.712276206556342717e-01
5.278592375366568668e-01 3.811403842227076288e-01 2.712249855550845634e-01
5.288367546432062305e-01 3.809144108128164063e-01 2.712224161032611436e-01
5.298142717497555942e-01 3.807117971569854986e-01 2.712199296131818649e-01
5.307917888563049580e-01 3.805309412733222652e-01 2.712175375518020015e-01
5.317693059628543217e-01 3.803702321165907674e-01 2.712152463857447349e-01
5.327468230694036855e-01 3.802280669993859941e-01 2.712130584094888386e-01
5.337243401759530492e-01 3.801028681253845187e-01 2.712109725351063427e-01
5.347018572825024130e-01 3.799930978390632097e-01 2.712089850263960100e-01
5.356793743890517767e-01 3.798972722583436323e-01 2.712070901644599852e-01
5.366568914956011405e-01 3.798139730308796036e-01 2.712052808360904677e-01
5.376344086021505042e-01 3.797418570363943480e-01 2.712035490405063087e-01
5.386119257086998680e-01 3.796796639416251118e-01 2.712018863137611868e-01
5.395894428152492317e-01 3.796262215962353803e-01 2.712002840733678810e-01
5.405669599217985954e-01 3.795804493332838869e-01 2.711987338882533294e-01
5.415444770283479592e-01 3.795413593030405597e-01 2.711972276810179494e-01
5.425219941348973229e-01 3.795080560217244936e-01 2.711957578706634675e-01
5.434995112414466867e-01 3.794797343557131941e-01 2.711943174645222721e-01
5.444770283479960504e-01 3.794556761866423322e-01 2.711929001081692658e-01
5.454545454545454142e-01 3.794352460141496297e-01 2.711915001017280447e-01
5.464320625610947779e-01 3.794178857521610104e-01 2.711901123903180943e-01
5.474095796676441417e-01 3.794031089634209986e-01 2.711887325355245570e-01
5.483870967741935054e-01 3.793904947576114961e-01 2.711873566738016161e-01
5.493646138807428692e-01 3.793796815531695898e-01 2.711859814667385016e-01
5.503421309872922329e-01 3.793703608740192634e-01 2.711846040471455055e-01
5.513196480938415966e-01 3.793622713218998133e-01 2.711832219640437081e-01
5.522971652003909604e-01 3.793551928345370028e-01 2.711818331288439188e-01
5.532746823069403241e-01 3.793489413109424335e-01 2.711804357643358698e-01
5.542521994134896879e-01 3.793433636586805435e-01 2.711790283575409854e-01
5.552297165200390516e-01 3.793383332946809738e-01 2.711776096170375183e-01
5.562072336265884154e-01 3.793337461114777431e-01 2.711761784350143478e-01
5.571847507331377791e-01 3.793295169047212756e-01 2.711747338540485552e-01
5.581622678396871429e-01 3.793255762453446867e-01 2.711732750384201474e-01
5.591397849462365066e-01 3.793218677705977315e-01 2.711718012496490693e-01
5.601173020527858704e-01 3.793183458619404647e-01 2.711703118258698142e-01
5.610948191593352341e-01 3.793149736740860645e-01 2.711688061646212455e-01
5.620723362658845979e-01 3.793117214778645163e-01 2.711672837086212540e-01
5.630498533724340726e-01 3.793085652796034379e-01 2.711657439341113029e-01
5.640273704789834364e-01 3.793054856810030850e-01 2.711641863413787878e-01
5.650048875855328001e-01 3.793024669456395714e-01 2.711626104471046572e-01
5.659824046920821639e-01 3.792994962409779180e-01 2.711610157782162189e-01
5.669599217986315276e-01 3.792965630278422040e-01 2.711594018669706840e-01
5.679374389051808913e-01 3.792936585724858700e-01 2.711577682470288075e-01
5.689149560117302551e-01 3.792907755595639196e-01 2.711561144503188414e-01
5.698924731182796188e-01 3.792879077873356208e-01 2.711544400045207692e-01
5.708699902248289826e-01 3.792850499292311772e-01 2.711527444310312673e-01
5.718475073313783463e-01 3.792821973484630238e-01 2.711510272432962609e-01
5.728250244379277101e-01 3.792793459546323631e-01 2.711492879454193705e-01
5.738025415444770738e-01 3.792764920932606976e-01 2.711475260309724189e-01
5.747800586510264376e-01 3.792736324608855791e-01 2.711457409819510445e-01
5.757575757575758013e-01 3.792707640398110813e-01 2.711439322678283470e-01
5.767350928641251651e-01 3.792678840478161950e-01 2.711420993446753136e-01
5.777126099706745288e-01 3.792649898991349855e-01 2.711402416543158833e-01
5.786901270772238925e-01 3.792620791738439134e-01 2.711383586235023846e-01
5.796676441837732563e-01 3.792591495934610757e-01 2.711364496630895293e-01
5.806451612903226200e-01 3.792561990010923090e-01 2.711345141672012460e-01
5.816226783968719838e-01 3.792532253448859803e-01 2.711325515123779728e-01
5.826001955034213475e-01 3.792502266638798081e-01 2.711305610566983604e-01
5.835777126099707113e-01 3.792472010755852940e-01 2.711285421388712757e-01
5.845552297165200750e-01 3.792441467648382525e-01 2.711264940772933896e-01
5.855327468230694388e-01 3.792410619735952504e-01 2.711244161690686827e-01
5.865102639296188025e-01 3.792379449914549117e-01 2.711223076889867634e-01
5.874877810361681663e-01 3.792347941467591466e-01 2.711201678884572752e-01
5.884652981427175300e-01 3.792316077981816580e-01 2.711179959943963436e-01
5.894428152492668938e-01 3.792283843267443277e-01 2.711157912080627286e-01
5.904203323558162575e-01 3.792251221282231799e-01 2.711135527038403548e-01
5.913978494623656212e-01 3.792218196059189417e-01 2.711112796279618875e-01
5.923753665689149850e-01 3.792184751637704410e-01 2.711089710971696931e-01
5.933528836754643487e-01 3.792150871997929662e-01 2.711066261973105740e-01
5.943304007820137125e-01 3.792116540998222152e-01 2.711042439818579508e-01
5.953079178885630762e-01 3.792081742315399073e-01 2.711018234703547747e-01
5.962854349951124400e-01 3.792046459387561352e-01 2.710993636467743939e-01
5.972629521016618037e-01 3.792010675359189231e-01 2.710968634577887171e-01
5.982404692082111675e-01 3.791974373028179079e-01 2.710943218109380659e-01
5.992179863147605312e-01 3.791937534794491693e-01 2.710917375726954459e-01
6.001955034213098950e-01 3.791900142610039048e-01 2.710891095664152983e-01
6.011730205278592587e-01 3.791862177929417044e-01 2.710864365701580736e-01
6.021505376344086224e-01 3.791823621661108978e-01 2.710837173143793022e-01
6.031280547409579862e-01 3.791784454118757863e-01 2.710809504794741698e-01
6.041055718475073499e-01 3.791744654972111772e-01 2.710781346931629976e-01
6.050830889540567137e-01 3.791704203197239220e-01 2.710752685277068585e-01
6.060606060606060774e-01 3.791663077025619333e-01 2.710723504969371755e-01
6.070381231671554412e-01 3.791621253891708787e-01 2.710693790530857017e-01
6.080156402737048049e-01 3.791578710378578632e-01 2.710663525833962861e-01
6.089931573802541687e-01 3.791535422161213531e-01 2.710632694065002180e-01
6.099706744868035324e-01 3.791491363947068760e-01 2.710601277685367738e-01
6.109481915933528962e-01 3.791446509413435861e-01 2.710569258389936564e-01
6.119257086999022599e-01 3.791400831141201189e-01 2.710536617062455633e-01
6.129032258064516236e-01 3.791354300544513833e-01 2.710503333727622977e-01
6.138807429130009874e-01 3.791306887795871106e-01 2.710469387499581106e-01
6.148582600195503511e-01 3.791258561746109756e-01 2.710434756526480804e-01
6.158357771260997149e-01 3.791209289838712304e-01 2.710399417930751675e-01
6.168132942326490786e-01 3.791159038017838379e-01 2.710363347744684237e-01
6.177908113391984424e-01 3.791107770629376095e-01 2.710326520840859454e-01
6.187683284457478061e-01 3.791055450314280151e-01 2.710288910856901712e-01
6.197458455522971699e-01 3.791002037893363430e-01 2.710250490114017308e-01
6.207233626588465336e-01 3.790947492242610073e-01 2.710211229528633470e-01
6.217008797653958974e-01 3.790891770157950869e-01 2.710171098516424570e-01
6.226783968719452611e-01 3.790834826208318575e-01 2.710130064887880663e-01
6.236559139784946248e-01 3.790776612575608717e-01 2.710088094734443009e-01
6.246334310850439886e-01 3.790717078879995983e-01 2.710045152304118021e-01
6.256109481915933523e-01 3.790656171988756595e-01 2.710001199865252342e-01
6.265884652981427161e-01 3.790593835806492784e-01 2.709956197556965263e-01
6.275659824046920798e-01 3.790530011044230818e-01 2.709910103224441591e-01
6.285434995112414436e-01 3.790464634964380020e-01 2.709862872236948328e-01
6.295210166177908073e-01 3.790397641097962844e-01 2.709814457285975031e-01
6.304985337243401711e-01 3.790328958929674585e-01 2.709764808160384786e-01
6.314760508308895348e-01 3.790258513545389230e-01 2.709713871494668913e-01
6.324535679374388986e-01 3.790186225235356865e-01 2.709661590485528682e-01
6.334310850439882623e-01 3.790112009044659946e-01 2.709607904570714432e-01
6.344086021505376261e-01 3.790035774260252510e-01 2.709552749062537069e-01
6.353861192570869898e-01 3.789957423821003757e-01 2.709496054726308611e-01
6.363636363636363535e-01 3.789876853633348808e-01 2.709437747291289500e-01
6.373411534701857173e-01 3.789793951770211722e-01 2.709377746878188220e-01
6.383186705767350810e-01 3.789708597524437117e-01 2.709315967322620811e-01
6.392961876832844448e-01 3.789620660279655606e-01 2.709252315368067543e-01
6.402737047898338085e-01 3.789529998150851231e-01 2.709186689694162986e-01
6.412512218963831723e-01 3.789436456333297731e-01 2.709118979736493960e-01
6.422287390029325360e-01 3.789339865081322034e-01 2.709049064241764726e-01
6.432062561094818998e-01 3.789240037216757284e-01 2.708976809486710047e-01
6.441837732160312635e-01 3.789136765040128640e-01 2.708902067070032560e-01
6.451612903225806273e-01 3.789029816484686952e-01 2.708824671163028719e-01
6.461388074291299910e-01 3.788918930313351918e-01 2.708744435075991497e-01
6.471163245356793547e-01 3.788803810110647485e-01 2.708661146963135535e-01
6.480938416422287185e-01 3.788684116764938214e-01 2.708574564448230637e-01
6.490713587487780822e-01 3.788559459070249269e-01 2.708484407905922264e-01
6.500488758553274460e-01 3.788429382001335943e-01 2.708390352079645402e-01
6.510263929618768097e-01 3.788293352130890912e-01 2.708292015656427187e-01
6.520039100684261735e-01 3.788150739564753455e-01 2.708188948352423520e-01
6.529814271749755372e-01 3.788000795671878640e-01 2.708080614992110502e-01
6.539589442815249010e-01 3.787842625783404693e-01 2.707966375990881747e-01
6.549364613880742647e-01 3.787675155934216442e-01 2.707845463578627543e-01
6.559139784946236285e-01 3.787497092626773143e-01 2.707716953034946528e-01
6.568914956011729922e-01 3.787306874518532318e-01 2.707579728150556475e-01
6.578690127077223559e-01 3.787102614880547002e-01 2.707432440091044334e-01
6.588465298142717197e-01 3.786882033657158475e-01 2.707273458826506829e-01
6.598240469208210834e-01 3.786642377988038710e-01 2.707100816312998370e-01
6.608015640273704472e-01 3.786380330148445550e-01 2.706912140679380019e-01
6.617790811339198109e-01 3.786091902036295975e-01 2.706704580796615023e-01
6.627565982404691747e-01 3.785772315600353655e-01 2.706474720796593902e-01
6.637341153470185384e-01 3.785415868976466092e-01 2.706218484373858479e-01
6.647116324535679022e-01 3.785015788589500829e-01 2.705931029054520209e-01
6.656891495601172659e-01 3.784564068095629952e-01 2.705606631057705380e-01
6.666666666666666297e-01 3.784051295785074709e-01 2.705238561907822858e-01
6.676441837732159934e-01 3.783466472935390068e-01 2.704818958577871468e-01
6.686217008797653572e-01 3.782796826587047634e-01 2.704338689645811589e-01
6.695992179863147209e-01 3.782027621284430041e-01 2.703787220711967310e-01
6.705767350928640846e-01 3.781141975453594095e-01 2.703152483131923134e-01
6.715542521994134484e-01 3.780120689229452546e-01 2.702420750935348170e-01
6.725317693059628121e-01 3.778942091645088874e-01 2.701576531587553953e-01
6.735092864125121759e-01 3.777581916090313463e-01 2.700602476961478926e-01
6.744868035190615396e-01 3.776013213763441678e-01 2.699479321471708326e-01
6.754643206256109034e-01 3.774206315402600098e-01 2.698185854724155508e-01
6.764418377321602671e-01 3.772128851812591166e-01 2.696698936199160568e-01
6.774193548387096309e-01 3.769745843525696971e-01 2.694993559358757618e-01
6.783968719452589946e-01 3.767019869283889100e-01 2.693042972103446009e-01
6.793743890518083584e-01 3.763911321853737890e-01 2.690818859662905127e-01
6.803519061583577221e-01 3.760378757951974293e-01 2.688291594765886416e-01
6.813294232649070858e-01 3.756379346761989368e-01 2.685430558291882486e-01
6.823069403714564496e-01 3.751869418681944013e-01 2.682204531577064288e-01
6.832844574780058133e-01 3.746805112618245004e-01 2.678582159168583776e-01
6.842619745845551771e-01 3.741143116412566916e-01 2.674532478157906623e-01
6.852394916911045408e-01 3.734841490988284329e-01 2.670025507362583927e-01
6.862170087976539046e-01 3.727860564675313237e-01 2.665032886675631207e-01
6.871945259042032683e-01 3.720163880098725229e-01 2.659528553989494726e-01
6.881720430107527431e-01 3.711719172191647043e-01 2.653489444367267414e-01
6.891495601173021068e-01 3.702499352520963183e-01 2.646896193723285440e-01
6.901270772238514706e-01 3.692483472397282696e-01 2.639733827332940708e-01
6.911045943304008343e-01 3.681657635366081815e-01 2.631992412151546445e-01
6.920821114369501981e-01 3.670015828806718616e-01 2.623667651300125581e-01
6.930596285434995618e-01 3.657560644624003876e-01 2.614761399260601138e-01
6.940371456500489256e-01 3.644303860479807256e-01 2.605282077368716309e-01
6.950146627565982893e-01 3.630266855700547968e-01 2.595244971115117094e-01
6.959921798631476531e-01 3.615480839871232366e-01 2.584672393535215607e-01
6.969696969696970168e-01 3.599986877086304715e-01 2.573593702514172521e-01
6.979472140762463805e-01 3.583835694711219877e-01 2.562045164039642997e-01
6.989247311827957443e-01 3.567087272101088224e-01 2.550069658147837703e-01
6.999022482893451080e-01 3.549810211764775625e-01 2.537716229342857899e-01
7.008797653958944718e-01 3.532080902663142785e-01 2.525039488416630507e-01
7.018572825024438355e-01 3.513982492380113842e-01 2.512098877636773642e-01
7.028347996089931993e-01 3.495603691495960397e-01 2.498957815981263930e-01
7.038123167155425630e-01 3.477037439329905832e-01 2.485682745271985961e-01
7.047898338220919268e-01 3.458379465042524248e-01 2.472342101507277179e-01
7.057673509286412905e-01 3.439726781682007073e-01 2.459005238262461090e-01
7.067448680351906543e-01 3.421176152964913175e-01 2.445741330604559727e-01
7.077223851417400180e-01 3.402822573310241849e-01 2.432618288487797265e-01
7.086999022482893817e-01 3.384757800875380918e-01 2.419701708045598476e-01
7.096774193548387455e-01 3.367068981124232141e-01 2.407053887608786857e-01
7.106549364613881092e-01 3.349837394909671029e-01 2.394732932742952014e-01
7.116324535679374730e-01 3.333137360352052547e-01 2.382791971237492867e-01
7.126099706744868367e-01 3.317035312169500094e-01 2.371278494956736704e-01
7.135874877810362005e-01 3.301589075826386055e-01 2.360233840967287666e-01
7.145650048875855642e-01 3.286847347197203728e-01 2.349692819587912707e-01
7.155425219941349280e-01 3.272849381682638170e-01 2.339683492175329282e-01
7.165200391006842917e-01 3.259624890142603926e-01 2.330227096761028627e-01
7.174975562072336555e-01 3.247194132883734485e-01 2.321338115273930136e-01
7.184750733137830192e-01 3.235568197477726726e-01 2.313024472179757152e-01
7.194525904203323829e-01 3.224749441570067265e-01 2.305287851067517602e-01
7.204301075268817467e-01 3.214732078193850429e-01 2.298124113108035160e-01
7.214076246334311104e-01 3.205502878506066300e-01 2.291523799452768739e-01
7.223851417399804742e-01 3.197041965336595015e-01 2.285472698549618487e-01
7.233626588465298379e-01 3.189323670456736259e-01 2.279952459006966414e-01
7.243401759530792017e-01 3.182317428963780670e-01 2.274941228987424624e-01
7.253176930596285654e-01 3.175988685533825406e-01 2.270414304082067902e-01
7.262952101661779292e-01 3.170299789381689215e-01 2.266344767107770775e-01
7.272727272727272929e-01 3.165210857430718616e-01 2.262704105174782043e-01
7.282502443792766567e-01 3.160680588273502289e-01 2.259462791572319773e-01
7.292277614858260204e-01 3.156667012833656583e-01 2.256590822400025564e-01
7.302052785923753842e-01 3.153128171062973273e-01 2.254058200320966376e-01
7.311827956989247479e-01 3.150022707385412568e-01 2.251835360226215887e-01
7.321603128054741116e-01 3.147310380806912500e-01 2.249893533894037623e-01
7.331378299120234754e-01 3.144952488547653191e-01 2.248205052826748040e-01
7.341153470185728391e-01 3.142912204645349483e-01 2.246743590301245042e-01
7.350928641251222029e-01 3.141154837173394943e-01 2.245484345238502599e-01
7.360703812316715666e-01 3.139648009488839597e-01 2.244404171763436928e-01
7.370478983382209304e-01 3.138361772266652361e-01 2.243481659285499197e-01
7.380254154447702941e-01 3.137268654001587054e-01 2.242697168591460122e-01
7.390029325513196579e-01 3.136343658195779316e-01 2.242032829825565676e-01
7.399804496578690216e-01 3.135564215639096153e-01 2.241472508367188810e-01
7.409579667644183854e-01 3.134910100078527329e-01 2.241001744536951223e-01
7.419354838709677491e-01 3.134363315215287216e-01 2.240607672806527728e-01
7.429130009775171128e-01 3.133907960417833816e-01 2.240278925793837417e-01
7.438905180840664766e-01 3.133530081848605597e-01 2.240005527831715748e-01
7.448680351906158403e-01 3.133217514921156632e-01 2.239778782339735264e-01
7.458455522971652041e-01 3.132959723176874101e-01 2.239591156637256719e-01
7.468230694037145678e-01 3.132747637834538135e-01 2.239436167238213760e-01
7.478005865102639316e-01 3.132573501453208564e-01 2.239308268087056297e-01
7.487781036168132953e-01 3.132430718383595325e-01 2.239202743648198435e-01
7.497556207233626591e-01 3.132313713983331804e-01 2.239115608261046941e-01
7.507331378299120228e-01 3.132217803948984525e-01 2.239043512727651453e-01
7.517106549364613866e-01 3.132139074578796922e-01 2.238983658714809588e-01
7.526881720430107503e-01 3.132074274326699381e-01 2.238933721228273110e-01
7.536656891495601140e-01 3.132020716638124758e-01 2.238891779152252237e-01
7.546432062561094778e-01 3.131976193766934924e-01 2.238856253639184557e-01
7.556207233626588415e-01 3.131938901053311630e-01 2.238825853977887137e-01
7.565982404692082053e-01 3.131907370986786177e-01 2.238799530456919151e-01
7.575757575757575690e-01 3.131880416277795787e-01 2.238776433667949706e-01
7.585532746823069328e-01 3.131857081106397267e-01 2.238755879654756864e-01
7.595307917888562965e-01 3.131836599699292512e-01 2.238737320301047440e-01
7.605083088954056603e-01 3.131818361398138184e-01 2.238720318358684569e-01
7.614858260019550240e-01 3.131801881415879341e-01 2.238704526542097950e-01
7.624633431085043878e-01 3.131786776527163418e-01 2.238689670149887345e-01
7.634408602150537515e-01 3.131772744998388980e-01 2.238675532717170902e-01
7.644183773216031152e-01 3.131759550128063174e-01 2.238661944248781788e-01
7.653958944281524790e-01 3.131747006835373104e-01 2.238648771631492895e-01
7.663734115347018427e-01 3.131734970801407503e-01 2.238635910870983015e-01
7.673509286412512065e-01 3.131723329731311845e-01 2.238623280844942998e-01
7.683284457478005702e-01 3.131711996365400541e-01 2.238610818306372985e-01
7.693059628543499340e-01 3.131700902921961682e-01 2.238598473910288766e-01
7.702834799608992977e-01 3.131689996703801437e-01 2.238586209072264688e-01
7.712609970674486615e-01 3.131679236644240305e-01 2.238573993498472470e-01
7.722385141739980252e-01 3.131668590606434543e-01 2.238561803254157379e-01
7.732160312805473890e-01 3.131658033282876952e-01 2.238549619261059054e-01
7.741935483870967527e-01 3.131647544570031472e-01 2.238537426134382391e-01
7.751710654936461165e-01 3.131637108316774332e-01 2.238525211286868932e-01
7.761485826001954802e-01 3.131626711365165794e-01 2.238512964241723691e-01
7.771260997067448439e-01 3.131616342818479559e-01 2.238500676107864906e-01
7.781036168132942077e-01 3.131605993484885553e-01 2.238488339180603470e-01
7.790811339198435714e-01 3.131595655456124727e-01 2.238475946638689151e-01
7.800586510263929352e-01 3.131585321789379650e-01 2.238463492314981540e-01
7.810361681329422989e-01 3.131574986267599559e-01 2.238450970523064021e-01
7.820136852394916627e-01 3.131564643219168498e-01 2.238438375926156132e-01
7.829912023460410264e-01 3.131554287382245505e-01 2.238425703437834091e-01
7.839687194525903902e-01 3.131543913802579682e-01 2.238412948146577264e-01
7.849462365591397539e-01 3.131533517756301399e-01 2.238400105258088746e-01
7.859237536656891177e-01 3.131523094691306408e-01 2.238387170050841757e-01
7.869012707722384814e-01 3.131512640182413931e-01 2.238374137841449285e-01
7.878787878787878451e-01 3.131502149896756015e-01 2.238361003957353157e-01
7.888563049853372089e-01 3.131491619566746931e-01 2.238347763714964300e-01
7.898338220918865726e-01 3.131481044968693617e-01 2.238334412401926099e-01
7.908113391984359364e-01 3.131470421905646062e-01 2.238320945262521344e-01
7.917888563049853001e-01 3.131459746193456239e-01 2.238307357485538052e-01
7.927663734115346639e-01 3.131449013649305613e-01 2.238293644194094822e-01
7.937438905180840276e-01 3.131438220082182755e-01 2.238279800437089906e-01
7.947214076246333914e-01 3.131427361284920829e-01 2.238265821182034987e-01
7.956989247311827551e-01 3.131416433027529034e-01 2.238251701309096064e-01
7.966764418377321189e-01 3.131405431051618726e-01 2.238237435606212633e-01
7.976539589442814826e-01 3.131394351065759918e-01 2.238223018765202743e-01
7.986314760508308463e-01 3.131383188741675427e-01 2.238208445378763178e-01
7.996089931573802101e-01 3.131371939711151686e-01 2.238193709938293419e-01
8.005865102639295738e-01 3.131360599563604019e-01 2.238178806832469003e-01
8.015640273704789376e-01 3.131349163844173167e-01 2.238163730346446612e-01
8.025415444770283013e-01 3.131337628052215938e-01 2.238148474661498799e-01
8.035190615835776651e-01 3.131325987640015129e-01 2.238133033854871889e-01
8.044965786901270288e-01 3.131314238011747575e-01 2.238117401899882009e-01
8.054740957966763926e-01 3.131302374523165510e-01 2.238101572666937322e-01
8.064516129032257563e-01 3.131290392482610208e-01 2.238085539926402134e-01
8.074291300097751201e-01 3.131278287152479134e-01 2.238069297352230647e-01
8.084066471163244838e-01 3.131266053746398215e-01 2.238052838519602461e-01
8.093841642228738475e-01 3.131253687414967124e-01 2.238036156885928607e-01
8.103616813294232113e-01 3.131241183224042768e-01 2.238019245759657050e-01
8.113391984359725750e-01 3.131228536163742637e-01 2.238002098310598320e-01
8.123167155425219388e-01 3.131215741255001239e-01 2.237984707720706012e-01
8.132942326490714136e-01 3.131202793740514023e-01 2.237967067467411253e-01
8.142717497556207773e-01 3.131189689051674940e-01 2.237949171308426244e-01
8.152492668621701410e-01 3.131176421929662834e-01 2.237931012055010271e-01
8.162267839687195048e-01 3.131162984625145973e-01 2.237912578931871288e-01
8.172043010752688685e-01 3.131149366608995122e-01 2.237893856895760702e-01
8.181818181818182323e-01 3.131135561445712590e-01 2.237874836153392055e-01
8.191593352883675960e-01 3.131121583063511959e-01 2.237855535865568291e-01
8.201368523949169598e-01 3.131107472703694161e-01 2.237836016346874957e-01
8.211143695014663235e-01 3.131093246148387577e-01 2.237816306735614102e-01
8.220918866080156873e-01 3.131078748869339234e-01 2.237796195280707112e-01
8.230694037145650510e-01 3.131063558741286057e-01 2.237775071471644339e-01
8.240469208211144148e-01 3.131047377947092092e-01 2.237752456085537189e-01
8.250244379276637785e-01 3.131031299453584937e-01 2.237729823953329977e-01
8.260019550342131422e-01 3.131018947892565962e-01 2.237712388070388914e-01
8.269794721407625060e-01 3.131013689496429664e-01 2.237705395873893499e-01
8.279569892473118697e-01 3.131007741034315672e-01 2.237698544720544414e-01
8.289345063538612335e-01 3.130969932257461341e-01 2.237647264020833637e-01
8.299120234604105972e-01 3.130864376663464732e-01 2.237496785068039673e-01
8.308895405669599610e-01 3.130742593251074624e-01 2.237313192300717513e-01
8.318670576735093247e-01 3.130867603985353909e-01 2.237470379161101697e-01
8.328445747800586885e-01 3.131601332070093613e-01 2.238512811462551322e-01
8.338220918866080522e-01 3.132638577008403646e-01 2.240072372485182595e-01
8.347996089931574160e-01 3.131794240962383347e-01 2.239061538303598886e-01
8.357771260997067797e-01 3.125552383623774189e-01 2.230254961857252582e-01
8.367546432062561435e-01 3.115341780590402676e-01 2.215106565163518226e-01
8.377321603128055072e-01 3.118827651410764901e-01 2.218372504954326530e-01
8.387096774193548709e-01 3.168965431439750291e-01 2.288976082999187311e-01
8.396871945259042347e-01 3.265581410956795994e-01 2.433104611909238379e-01
8.406647116324535984e-01 3.258549199585178413e-01 2.438896362180336952e-01
8.416422287390029622e-01 2.820798046711047724e-01 1.851461307351070507e-01
8.426197458455523259e-01 2.001195265913287835e-01 8.099393265983204082e-02
8.435972629521016897e-01 1.452265206048432566e-01 1.887934325222121595e-02
8.445747800586510534e-01 1.285972234258530855e-01 3.034482366522356540e-03
8.455522971652004172e-01 1.255349343845461041e-01 4.382265017919380811e-04
8.465298142717497809e-01 1.250760977604001289e-01 6.201444583043582131e-05
8.475073313782991447e-01 1.250107441023220745e-01 8.748053805572480107e-06
8.484848484848485084e-01 1.250015151791902257e-01 1.233557279749776272e-06
8.494623655913978721e-01 1.250002136422324606e-01 1.739317036354960308e-07
8.504398826979472359e-01 1.250000301233457067e-01 2.452403869930703361e-08
8.514173998044965996e-01 1.250000042473396467e-01 3.457847869910994777e-09
8.523949169110459634e-01 1.250000005988671226e-01 4.875505033570163468e-10
8.533724340175953271e-01 1.250000000844392334e-01 6.874372966417225280e-11
8.543499511241446909e-01 1.250000000119056986e-01 9.692775127705595739e-12
8.553274682306940546e-01 1.250000000016787127e-01 1.366646171463843525e-12
8.563049853372434184e-01 1.250000000002366718e-01 1.926361473747998000e-13
8.572825024437927821e-01 1.250000000000333622e-01 2.713306537815778948e-14
8.582600195503421459e-01 1.250000000000046629e-01 3.820279398696364692e-15
8.592375366568915096e-01 1.250000000000006384e-01 5.267029026057363810e-16
8.602150537634408733e-01 1.250000000000000555e-01 6.443693989579408910e-17
8.611925708699902371e-01 1.250000000000000000e-01 2.801590057717932628e-18
8.621700879765396008e-01 1.250000000000000000e-01 8.112694291186984128e-37
8.631476050830889646e-01 1.250000000000000000e-01 1.664896069230635183e-135
8.641251221896383283e-01 1.250000000000000000e-01 3.349672655904241239e-274
8.651026392961876921e-01 1.250000000000000000e-01 0.000000000000000000e+00
8.660801564027370558e-01 1.250000000000000000e-01 0.000000000000000000e+00
8.670576735092864196e-01 1.250000000000000000e-01 0.000000000000000000e+00
8.680351906158357833e-01 1.250000000000000000e-01 0.000000000000000000e+00
8.690127077223851471e-01 1.250000000000000000e-01 0.000000000000000000e+00
8.699902248289345108e-01 1.250000000000000000e-01 0.000000000000000000e+00
8.709677419354838745e-01 1.250000000000000000e-01 0.000000000000000000e+00
8.719452590420332383e-01 1.250000000000000000e-01 0.000000000000000000e+00
8.729227761485826020e-01 1.250000000000000000e-01 0.000000000000000000e+00
8.739002932551319658e-01 1.250000000000000000e-01 0.000000000000000000e+00
8.748778103616813295e-01 1.250000000000000000e-01 0.000000000000000000e+00
8.758553274682306933e-01 1.250000000000000000e-01 0.000000000000000000e+00
8.768328445747800570e-01 1.250000000000000000e-01 0.000000000000000000e+00
8.778103616813294208e-01 1.250000000000000000e-01 0.000000000000000000e+00
8.787878787878787845e-01 1.250000000000000000e-01 0.000000000000000000e+00
8.797653958944281483e-01 1.250000000000000000e-01 0.000000000000000000e+00
8.807429130009775120e-01 1.250000000000000000e-01 0.000000000000000000e+00
8.817204301075268758e-01 1.250000000000000000e-01 0.000000000000000000e+00
8.826979472140762395e-01 1.250000000000000000e-01 0.000000000000000000e+00
8.836754643206256032e-01 1.250000000000000000e-01 0.000000000000000000e+00
8.846529814271749670e-01 1.250000000000000000e-01 0.000000000000000000e+00
8.856304985337243307e-01 1.250000000000000000e-01 0.000000000000000000e+00
8.866080156402736945e-01 1.250000000000000000e-01 0.000000000000000000e+00
8.875855327468230582e-01 1.250000000000000000e-01 0.000000000000000000e+00
8.885630498533724220e-01 1.250000000000000000e-01 0.000000000000000000e+00
8.895405669599217857e-01 1.250000000000000000e-01 0.000000000000000000e+00
8.905180840664711495e-01 1.250000000000000000e-01 0.000000000000000000e+00
8.914956011730205132e-01 1.250000000000000000e-01 0.000000000000000000e+00
8.924731182795698770e-01 1.250000000000000000e-01 0.000000000000000000e+00
8.934506353861192407e-01 1.250000000000000000e-01 0.000000000000000000e+00
8.944281524926686044e-01 1.250000000000000000e-01 0.000000000000000000e+00
8.954056695992179682e-01 1.250000000000000000e-01 0.000000000000000000e+00
8.963831867057673319e-01 1.250000000000000000e-01 0.000000000000000000e+00
8.973607038123166957e-01 1.250000000000000000e-01 0.000000000000000000e+00
8.983382209188660594e-01 1.250000000000000000e-01 0.000000000000000000e+00
8.993157380254154232e-01 1.250000000000000000e-01 0.000000000000000000e+00
9.002932551319647869e-01 1.250000000000000000e-01 0.000000000000000000e+00
9.012707722385141507e-01 1.250000000000000000e-01 0.000000000000000000e+00
9.022482893450635144e-01 1.250000000000000000e-01 0.000000000000000000e+00
9.032258064516128782e-01 1.250000000000000000e-01 0.000000000000000000e+00
9.042033235581622419e-01 1.250000000000000000e-01 0.000000000000000000e+00
9.051808406647116056e-01 1.250000000000000000e-01 0.000000000000000000e+00
9.061583577712609694e-01 1.250000000000000000e-01 0.000000000000000000e+00
9.071358748778103331e-01 1.250000000000000000e-01 0.000000000000000000e+00
9.081133919843596969e-01 1.250000000000000000e-01 0.000000000000000000e+00
9.090909090909090606e-01 1.250000000000000000e-01 0.000000000000000000e+00
9.100684261974584244e-01 1.250000000000000000e-01 0.000000000000000000e+00
9.110459433040077881e-01 1.250000000000000000e-01 0.000000000000000000e+00
9.120234604105571519e-01 1.250000000000000000e-01 0.000000000000000000e+00
9.130009775171065156e-01 1.250000000000000000e-01 0.000000000000000000e+00
9.139784946236558794e-01 1.250000000000000000e-01 0.000000000000000000e+00
9.149560117302052431e-01 1.250000000000000000e-01 0.000000000000000000e+00
9.159335288367546068e-01 1.250000000000000000e-01 0.000000000000000000e+00
9.169110459433039706e-01 1.250000000000000000e-01 0.000000000000000000e+00
9.178885630498533343e-01 1.250000000000000000e-01 0.000000000000000000e+00
9.188660801564026981e-01 1.250000000000000000e-01 0.000000000000000000e+00
9.198435972629520618e-01 1.250000000000000000e-01 0.000000000000000000e+00
9.208211143695014256e-01 1.250000000000000000e-01 0.000000000000000000e+00
9.217986314760507893e-01 1.250000000000000000e-01 0.000000000000000000e+00
9.227761485826001531e-01 1.250000000000000000e-01 0.000000000000000000e+00
9.237536656891495168e-01 1.250000000000000000e-01 0.000000000000000000e+00
9.247311827956988806e-01 1.250000000000000000e-01 0.000000000000000000e+00
9.257086999022482443e-01 1.250000000000000000e-01 0.000000000000000000e+00
9.266862170087976081e-01 1.250000000000000000e-01 0.000000000000000000e+00
9.276637341153469718e-01 1.250000000000000000e-01 0.000000000000000000e+00
9.286412512218963355e-01 1.250000000000000000e-01 0.000000000000000000e+00
9.296187683284456993e-01 1.250000000000000000e-01 0.000000000000000000e+00
9.305962854349950630e-01 1.250000000000000000e-01 0.000000000000000000e+00
9.315738025415444268e-01 1.250000000000000000e-01 0.000000000000000000e+00
9.325513196480937905e-01 1.250000000000000000e-01 0.000000000000000000e+00
9.335288367546431543e-01 1.250000000000000000e-01 0.000000000000000000e+00
9.345063538611925180e-01 1.250000000000000000e-01 0.000000000000000000e+00
9.354838709677418818e-01 1.250000000000000000e-01 0.000000000000000000e+00
9.364613880742912455e-01 1.250000000000000000e-01 0.000000000000000000e+00
9.374389051808406093e-01 1.250000000000000000e-01 0.000000000000000000e+00
9.384164222873900840e-01 1.250000000000000000e-01 0.000000000000000000e+00
9.393939393939394478e-01 1.250000000000000000e-01 0.000000000000000000e+00
9.403714565004888115e-01 1.250000000000000000e-01 0.000000000000000000e+00
9.413489736070381753e-01 1.250000000000000000e-01 0.000000000000000000e+00
9.423264907135875390e-01 1.250000000000000000e-01 0.000000000000000000e+00
9.433040078201369028e-01 1.250000000000000000e-01 0.000000000000000000e+00
9.442815249266862665e-01 1.250000000000000000e-01 0.000000000000000000e+00
9.452590420332356302e-01 1.250000000000000000e-01 0.000000000000000000e+00
9.462365591397849940e-01 1.250000000000000000e-01 0.000000000000000000e+00
9.472140762463343577e-01 1.250000000000000000e-01 0.000000000000000000e+00
9.481915933528837215e-01 1.250000000000000000e-01 0.000000000000000000e+00
9.491691104594330852e-01 1.250000000000000000e-01 0.000000000000000000e+00
9.501466275659824490e-01 1.250000000000000000e-01 0.000000000000000000e+00
9.511241446725318127e-01 1.250000000000000000e-01 0.000000000000000000e+00
9.521016617790811765e-01 1.250000000000000000e-01 0.000000000000000000e+00
9.530791788856305402e-01 1.250000000000000000e-01 0.000000000000000000e+00
9.540566959921799040e-01 1.250000000000000000e-01 0.000000000000000000e+00
9.550342130987292677e-01 1.250000000000000000e-01 0.000000000000000000e+00
9.560117302052786314e-01 1.250000000000000000e-01 0.000000000000000000e+00
9.569892473118279952e-01 1.250000000000000000e-01 0.000000000000000000e+00
9.579667644183773589e-01 1.250000000000000000e-01 0.000000000000000000e+00
9.589442815249267227e-01 1.250000000000000000e-01 0.000000000000000000e+00
9.599217986314760864e-01 1.250000000000000000e-01 0.000000000000000000e+00
9.608993157380254502e-01 1.250000000000000000e-01 0.000000000000000000e+00
9.618768328445748139e-01 1.250000000000000000e-01 0.000000000000000000e+00
9.628543499511241777e-01 1.250000000000000000e-01 0.000000000000000000e+00
9.638318670576735414e-01 1.250000000000000000e-01 0.000000000000000000e+00
9.648093841642229052e-01 1.250000000000000000e-01 0.000000000000000000e+00
9.657869012707722689e-01 1.250000000000000000e-01 0.000000000000000000e+00
9.667644183773216326e-01 1.250000000000000000e-01 0.000000000000000000e+00
9.677419354838709964e-01 1.250000000000000000e-01 0.000000000000000000e+00
9.687194525904203601e-01 1.250000000000000000e-01 0.000000000000000000e+00
9.696969696969697239e-01 1.250000000000000000e-01 0.000000000000000000e+00
9.706744868035190876e-01 1.250000000000000000e-01 0.000000000000000000e+00
9.716520039100684514e-01 1.250000000000000000e-01 0.000000000000000000e+00
9.726295210166178151e-01 1.250000000000000000e-01 0.000000000000000000e+00
9.736070381231671789e-01 1.250000000000000000e-01 0.000000000000000000e+00
9.745845552297165426e-01 1.250000000000000000e-01 0.000000000000000000e+00
9.755620723362659064e-01 1.250000000000000000e-01 0.000000000000000000e+00
9.765395894428152701e-01 1.250000000000000000e-01 0.000000000000000000e+00
9.775171065493646338e-01 1.250000000000000000e-01 0.000000000000000000e+00
9.784946236559139976e-01 1.250000000000000000e-01 0.000000000000000000e+00
9.794721407624633613e-01 1.250000000000000000e-01 0.000000000000000000e+00
9.804496578690127251e-01 1.250000000000000000e-01 0.000000000000000000e+00
9.814271749755620888e-01 1.250000000000000000e-01 0.000000000000000000e+00
9.824046920821114526e-01 1.250000000000000000e-01 0.000000000000000000e+00
9.833822091886608163e-01 1.250000000000000000e-01 0.000000000000000000e+00
9.843597262952101801e-01 1.250000000000000000e-01 0.000000000000000000e+00
9.853372434017595438e-01 1.250000000000000000e-01 0.000000000000000000e+00
9.863147605083089076e-01 1.250000000000000000e-01 0.000000000000000000e+00
9.872922776148582713e-01 1.250000000000000000e-01 0.000000000000000000e+00
9.882697947214076351e-01 1.250000000000000000e-01 0.000000000000000000e+00
9.892473118279569988e-01 1.250000000000000000e-01 0.000000000000000000e+00
9.902248289345063625e-01 1.250000000000000000e-01 0.000000000000000000e+00
9.912023460410557263e-01 1.250000000000000000e-01 0.000000000000000000e+00
9.921798631476050900e-01 1.250000000000000000e-01 0.000000000000000000e+00
9.931573802541544538e-01 1.250000000000000000e-01 0.000000000000000000e+00
9.941348973607038175e-01 1.250000000000000000e-01 0.000000000000000000e+00
9.951124144672531813e-01 1.250000000000000000e-01 0.000000000000000000e+00
9.960899315738025450e-01 1.250000000000000000e-01 0.000000000000000000e+00
9.970674486803519088e-01 1.250000000000000000e-01 0.000000000000000000e+00
9.980449657869012725e-01 1.250000000000000000e-01 0.000000000000000000e+00
9.990224828934506363e-01 1.250000000000000000e-01 -0.000000000000000000e+00
1.000000000000000000e+00 1.250000000000000000e-01 -0.000000000000000000e+00
