# 0.25602771886928066
0.000000000000000000e+00 1.000000000000000000e+00 -0.000000000000000000e+00
9.775171065493646130e-04 1.000000000000000000e+00 -0.000000000000000000e+00
1.955034213098729226e-03 1.000000000000000000e+00 0.000000000000000000e+00
2.932551319648093839e-03 1.000000000000000000e+00 0.000000000000000000e+00
3.910068426197458452e-03 1.000000000000000000e+00 0.000000000000000000e+00
4.887585532746823065e-03 1.000000000000000000e+00 0.000000000000000000e+00
5.865102639296187678e-03 1.000000000000000000e+00 0.000000000000000000e+00
6.842619745845552291e-03 1.000000000000000000e+00 0.000000000000000000e+00
7.820136852394916904e-03 1.000000000000000000e+00 0.000000000000000000e+00
8.797653958944282385e-03 1.000000000000000000e+00 0.000000000000000000e+00
9.775171065493646130e-03 1.000000000000000000e+00 0.000000000000000000e+00
1.075268817204301161e-02 1.000000000000000000e+00 0.000000000000000000e+00
1.173020527859237536e-02 1.000000000000000000e+00 0.000000000000000000e+00
1.270772238514174084e-02 1.000000000000000000e+00 0.000000000000000000e+00
1.368523949169110458e-02 1.000000000000000000e+00 0.000000000000000000e+00
1.466275659824047006e-02 1.000000000000000000e+00 0.000000000000000000e+00
1.564027370478983381e-02 1.000000000000000000e+00 0.000000000000000000e+00
1.661779081133919755e-02 1.000000000000000000e+00 0.000000000000000000e+00
1.759530791788856477e-02 1.000000000000000000e+00 0.000000000000000000e+00
1.857282502443792851e-02 1.000000000000000000e+00 0.000000000000000000e+00
1.955034213098729226e-02 1.000000000000000000e+00 0.000000000000000000e+00
2.052785923753665601e-02 1.000000000000000000e+00 0.000000000000000000e+00
2.150537634408602322e-02 1.000000000000000000e+00 0.000000000000000000e+00
2.248289345063538697e-02 1.000000000000000000e+00 0.000000000000000000e+00
2.346041055718475071e-02 1.000000000000000000e+00 0.000000000000000000e+00
2.443792766373411446e-02 1.000000000000000000e+00 0.000000000000000000e+00
2.541544477028348167e-02 1.000000000000000000e+00 0.000000000000000000e+00
2.639296187683284542e-02 1.000000000000000000e+00 0.000000000000000000e+00
2.737047898338220916e-02 1.000000000000000000e+00 0.000000000000000000e+00
2.834799608993157291e-02 1.000000000000000000e+00 0.000000000000000000e+00
2.932551319648094013e-02 1.000000000000000000e+00 0.000000000000000000e+00
3.030303030303030387e-02 1.000000000000000000e+00 0.000000000000000000e+00
3.128054740957966762e-02 1.000000000000000000e+00 0.000000000000000000e+00
3.225806451612903136e-02 1.000000000000000000e+00 0.000000000000000000e+00
3.323558162267839511e-02 1.000000000000000000e+00 0.000000000000000000e+00
3.421309872922775885e-02 1.000000000000000000e+00 0.000000000000000000e+00
3.519061583577712954e-02 1.000000000000000000e+00 0.000000000000000000e+00
3.616813294232649328e-02 1.000000000000000000e+00 0.000000000000000000e+00
3.714565004887585703e-02 1.000000000000000000e+00 0.000000000000000000e+00
3.812316715542522078e-02 1.000000000000000000e+00 0.000000000000000000e+00
3.910068426197458452e-02 1.000000000000000000e+00 0.000000000000000000e+00
4.007820136852394827e-02 1.000000000000000000e+00 0.000000000000000000e+00
4.105571847507331201e-02 1.000000000000000000e+00 0.000000000000000000e+00
4.203323558162267576e-02 1.000000000000000000e+00 0.000000000000000000e+00
4.301075268817204644e-02 1.000000000000000000e+00 0.000000000000000000e+00
4.398826979472141019e-02 1.000000000000000000e+00 0.000000000000000000e+00
4.496578690127077393e-02 1.000000000000000000e+00 0.000000000000000000e+00
4.594330400782013768e-02 1.000000000000000000e+00 0.000000000000000000e+00
4.692082111436950143e-02 1.000000000000000000e+00 0.000000000000000000e+00
4.789833822091886517e-02 1.000000000000000000e+00 0.000000000000000000e+00
4.887585532746822892e-02 1.000000000000000000e+00 0.000000000000000000e+00
4.985337243401759266e-02 1.000000000000000000e+00 0.000000000000000000e+00
5.083088954056696335e-02 1.000000000000000000e+00 0.000000000000000000e+00
5.180840664711632709e-02 1.000000000000000000e+00 0.000000000000000000e+00
5.278592375366569084e-02 1.000000000000000000e+00 0.000000000000000000e+00
5.376344086021505458e-02 1.000000000000000000e+00 0.000000000000000000e+00
5.474095796676441833e-02 1.000000000000000000e+00 0.000000000000000000e+00
5.571847507331378208e-02 1.000000000000000000e+00 0.000000000000000000e+00
5.669599217986314582e-02 1.000000000000000000e+00 0.000000000000000000e+00
5.767350928641250957e-02 1.000000000000000000e+00 0.000000000000000000e+00
5.865102639296188025e-02 1.000000000000000000e+00 0.000000000000000000e+00
5.962854349951124400e-02 1.000000000000000000e+00 0.000000000000000000e+00
6.060606060606060774e-02 1.000000000000000000e+00 0.000000000000000000e+00
6.158357771260997149e-02 1.000000000000000000e+00 0.000000000000000000e+00
6.256109481915933523e-02 1.000000000000000000e+00 0.000000000000000000e+00
6.353861192570869898e-02 1.000000000000000000e+00 0.000000000000000000e+00
6.451612903225806273e-02 1.000000000000000000e+00 0.000000000000000000e+00
6.549364613880742647e-02 1.000000000000000000e+00 0.000000000000000000e+00
6.647116324535679022e-02 1.000000000000000000e+00 0.000000000000000000e+00
6.744868035190615396e-02 1.000000000000000000e+00 0.000000000000000000e+00
6.842619745845551771e-02 1.000000000000000000e+00 0.000000000000000000e+00
6.940371456500488145e-02 1.000000000000000000e+00 0.000000000000000000e+00
7.038123167155425908e-02 1.000000000000000000e+00 0.000000000000000000e+00
7.135874877810362282e-02 1.000000000000000000e+00 0.000000000000000000e+00
7.233626588465298657e-02 1.000000000000000000e+00 0.000000000000000000e+00
7.331378299120235031e-02 1.000000000000000000e+00 0.000000000000000000e+00
7.429130009775171406e-02 1.000000000000000000e+00 0.000000000000000000e+00
7.526881720430107781e-02 1.000000000000000000e+00 0.000000000000000000e+00
7.624633431085044155e-02 1.000000000000000000e+00 0.000000000000000000e+00
7.722385141739980530e-02 1.000000000000000000e+00 0.000000000000000000e+00
7.820136852394916904e-02 1.000000000000000000e+00 0.000000000000000000e+00
7.917888563049853279e-02 1.000000000000000000e+00 0.000000000000000000e+00
8.015640273704789653e-02 1.000000000000000000e+00 0.000000000000000000e+00
8.113391984359726028e-02 1.000000000000000000e+00 0.000000000000000000e+00
8.211143695014662403e-02 1.000000000000000000e+00 0.000000000000000000e+00
8.308895405669598777e-02 1.000000000000000000e+00 0.000000000000000000e+00
8.406647116324535152e-02 1.000000000000000000e+00 0.000000000000000000e+00
8.504398826979471526e-02 1.000000000000000000e+00 0.000000000000000000e+00
8.602150537634409289e-02 1.000000000000000000e+00 0.000000000000000000e+00
8.699902248289345663e-02 1.000000000000000000e+00 0.000000000000000000e+00
8.797653958944282038e-02 1.000000000000000000e+00 0.000000000000000000e+00
8.895405669599218412e-02 1.000000000000000000e+00 0.000000000000000000e+00
8.993157380254154787e-02 1.000000000000000000e+00 0.000000000000000000e+00
9.090909090909091161e-02 1.000000000000000000e+00 0.000000000000000000e+00
9.188660801564027536e-02 1.000000000000000000e+00 0.000000000000000000e+00
9.286412512218963911e-02 1.000000000000000000e+00 0.000000000000000000e+00
9.384164222873900285e-02 1.000000000000000000e+00 0.000000000000000000e+00
9.481915933528836660e-02 1.000000000000000000e+00 0.000000000000000000e+00
9.579667644183773034e-02 1.000000000000000000e+00 0.000000000000000000e+00
9.677419354838709409e-02 1.000000000000000000e+00 0.000000000000000000e+00
9.775171065493645783e-02 1.000000000000000000e+00 0.000000000000000000e+00
9.872922776148582158e-02 1.000000000000000000e+00 0.000000000000000000e+00
9.970674486803518533e-02 1.000000000000000000e+00 0.000000000000000000e+00
1.006842619745845491e-01 1.000000000000000000e+00 0.000000000000000000e+00
1.016617790811339267e-01 1.000000000000000000e+00 0.000000000000000000e+00
1.026392961876832904e-01 1.000000000000000000e+00 0.000000000000000000e+00
1.036168132942326542e-01 1.000000000000000000e+00 0.000000000000000000e+00
1.045943304007820179e-01 1.000000000000000000e+00 0.000000000000000000e+00
1.055718475073313817e-01 1.000000000000000000e+00 0.000000000000000000e+00
1.065493646138807454e-01 1.000000000000000000e+00 0.000000000000000000e+00
1.075268817204301092e-01 1.000000000000000000e+00 0.000000000000000000e+00
1.085043988269794729e-01 1.000000000000000000e+00 0.000000000000000000e+00
1.094819159335288367e-01 1.000000000000000000e+00 0.000000000000000000e+00
1.104594330400782004e-01 1.000000000000000000e+00 0.000000000000000000e+00
1.114369501466275642e-01 1.000000000000000000e+00 0.000000000000000000e+00
1.124144672531769279e-01 1.000000000000000000e+00 0.000000000000000000e+00
1.133919843597262916e-01 1.000000000000000000e+00 0.000000000000000000e+00
1.143695014662756554e-01 1.000000000000000000e+00 0.000000000000000000e+00
1.153470185728250191e-01 1.000000000000000000e+00 0.000000000000000000e+00
1.163245356793743829e-01 1.000000000000000000e+00 0.000000000000000000e+00
1.173020527859237605e-01 1.000000000000000000e+00 0.000000000000000000e+00
1.182795698924731242e-01 1.000000000000000000e+00 0.000000000000000000e+00
1.192570869990224880e-01 1.000000000000000000e+00 0.000000000000000000e+00
1.202346041055718517e-01 1.000000000000000000e+00 0.000000000000000000e+00
1.212121212121212155e-01 1.000000000000000000e+00 0.000000000000000000e+00
1.221896383186705792e-01 1.000000000000000000e+00 0.000000000000000000e+00
1.231671554252199430e-01 1.000000000000000000e+00 0.000000000000000000e+00
1.241446725317693067e-01 1.000000000000000000e+00 0.000000000000000000e+00
1.251221896383186705e-01 1.000000000000000000e+00 0.000000000000000000e+00
1.260997067448680342e-01 1.000000000000000000e+00 0.000000000000000000e+00
1.270772238514173980e-01 1.000000000000000000e+00 0.000000000000000000e+00
1.280547409579667617e-01 1.000000000000000000e+00 0.000000000000000000e+00
1.290322580645161255e-01 1.000000000000000000e+00 0.000000000000000000e+00
1.300097751710654892e-01 1.000000000000000000e+00 0.000000000000000000e+00
1.309872922776148529e-01 1.000000000000000000e+00 0.000000000000000000e+00
1.319648093841642167e-01 1.000000000000000000e+00 0.000000000000000000e+00
1.329423264907135804e-01 1.000000000000000000e+00 0.000000000000000000e+00
1.339198435972629442e-01 1.000000000000000000e+00 0.000000000000000000e+00
1.348973607038123079e-01 1.000000000000000000e+00 0.000000000000000000e+00
1.358748778103616717e-01 1.000000000000000000e+00 0.000000000000000000e+00
1.368523949169110354e-01 1.000000000000000000e+00 0.000000000000000000e+00
1.378299120234603992e-01 1.000000000000000000e+00 0.000000000000000000e+00
1.388074291300097629e-01 1.000000000000000000e+00 0.000000000000000000e+00
1.397849462365591267e-01 1.000000000000000000e+00 0.000000000000000000e+00
1.407624633431085182e-01 1.000000000000000000e+00 0.000000000000000000e+00
1.417399804496578819e-01 1.000000000000000000e+00 0.000000000000000000e+00
1.427174975562072456e-01 1.000000000000000000e+00 0.000000000000000000e+00
1.436950146627566094e-01 1.000000000000000000e+00 0.000000000000000000e+00
1.446725317693059731e-01 1.000000000000000000e+00 0.000000000000000000e+00
1.456500488758553369e-01 1.000000000000000000e+00 0.000000000000000000e+00
1.466275659824047006e-01 1.000000000000000000e+00 0.000000000000000000e+00
1.476050830889540644e-01 1.000000000000000000e+00 0.000000000000000000e+00
1.485826001955034281e-01 1.000000000000000000e+00 0.000000000000000000e+00
1.495601173020527919e-01 1.000000000000000000e+00 0.000000000000000000e+00
1.505376344086021556e-01 1.000000000000000000e+00 0.000000000000000000e+00
1.515151515151515194e-01 1.000000000000000000e+00 0.000000000000000000e+00
1.524926686217008831e-01 1.000000000000000000e+00 0.000000000000000000e+00
1.534701857282502468e-01 1.000000000000000000e+00 0.000000000000000000e+00
1.544477028347996106e-01 1.000000000000000000e+00 0.000000000000000000e+00
1.554252199413489743e-01 1.000000000000000000e+00 0.000000000000000000e+00
1.564027370478983381e-01 1.000000000000000000e+00 0.000000000000000000e+00
1.573802541544477018e-01 1.000000000000000000e+00 0.000000000000000000e+00
1.583577712609970656e-01 1.000000000000000000e+00 0.000000000000000000e+00
1.593352883675464293e-01 1.000000000000000000e+00 0.000000000000000000e+00
1.603128054740957931e-01 1.000000000000000000e+00 0.000000000000000000e+00
1.612903225806451568e-01 1.000000000000000000e+00 0.000000000000000000e+00
1.622678396871945206e-01 1.000000000000000000e+00 0.000000000000000000e+00
1.632453567937438843e-01 1.000000000000000000e+00 0.000000000000000000e+00
1.642228739002932481e-01 1.000000000000000000e+00 0.000000000000000000e+00
1.652003910068426118e-01 1.000000000000000000e+00 0.000000000000000000e+00
1.661779081133919755e-01 1.000000000000000000e+00 0.000000000000000000e+00
1.671554252199413393e-01 1.000000000000000000e+00 0.000000000000000000e+00
1.681329423264907030e-01 1.000000000000000000e+00 0.000000000000000000e+00
1.691104594330400668e-01 1.000000000000000000e+00 0.000000000000000000e+00
1.700879765395894305e-01 1.000000000000000000e+00 0.000000000000000000e+00
1.710654936461387943e-01 1.000000000000000000e+00 0.000000000000000000e+00
1.720430107526881858e-01 1.000000000000000000e+00 0.000000000000000000e+00
1.730205278592375495e-01 1.000000000000000000e+00 0.000000000000000000e+00
1.739980449657869133e-01 1.000000000000000000e+00 0.000000000000000000e+00
1.749755620723362770e-01 1.000000000000000000e+00 0.000000000000000000e+00
1.759530791788856408e-01 1.000000000000000000e+00 0.000000000000000000e+00
1.769305962854350045e-01 1.000000000000000000e+00 0.000000000000000000e+00
1.779081133919843682e-01 1.000000000000000000e+00 0.000000000000000000e+00
1.788856304985337320e-01 1.000000000000000000e+00 0.000000000000000000e+00
1.798631476050830957e-01 1.000000000000000000e+00 0.000000000000000000e+00
1.808406647116324595e-01 1.000000000000000000e+00 0.000000000000000000e+00
1.818181818181818232e-01 1.000000000000000000e+00 0.000000000000000000e+00
1.827956989247311870e-01 1.000000000000000000e+00 0.000000000000000000e+00
1.837732160312805507e-01 1.000000000000000000e+00 0.000000000000000000e+00
1.847507331378299145e-01 1.000000000000000000e+00 0.000000000000000000e+00
1.857282502443792782e-01 1.000000000000000000e+00 0.000000000000000000e+00
1.867057673509286420e-01 1.000000000000000000e+00 0.000000000000000000e+00
1.876832844574780057e-01 1.000000000000000000e+00 0.000000000000000000e+00
1.886608015640273694e-01 1.000000000000000000e+00 0.000000000000000000e+00
1.896383186705767332e-01 1.000000000000000000e+00 0.000000000000000000e+00
1.906158357771260969e-01 1.000000000000000000e+00 0.000000000000000000e+00
1.915933528836754607e-01 1.000000000000000000e+00 0.000000000000000000e+00
1.925708699902248244e-01 1.000000000000000000e+00 0.000000000000000000e+00
1.935483870967741882e-01 1.000000000000000000e+00 0.000000000000000000e+00
1.945259042033235519e-01 1.000000000000000000e+00 0.000000000000000000e+00
1.955034213098729157e-01 1.000000000000000000e+00 0.000000000000000000e+00
1.964809384164222794e-01 1.000000000000000000e+00 0.000000000000000000e+00
1.974584555229716432e-01 1.000000000000000000e+00 0.000000000000000000e+00
1.984359726295210069e-01 1.000000000000000000e+00 0.000000000000000000e+00
1.994134897360703707e-01 1.000000000000000000e+00 0.000000000000000000e+00
2.003910068426197344e-01 1.000000000000000000e+00 0.000000000000000000e+00
2.013685239491690981e-01 1.000000000000000000e+00 0.000000000000000000e+00
2.023460410557184619e-01 1.000000000000000000e+00 0.000000000000000000e+00
2.033235581622678534e-01 1.000000000000000000e+00 0.000000000000000000e+00
2.043010752688172171e-01 1.000000000000000000e+00 0.000000000000000000e+00
2.052785923753665809e-01 1.000000000000000000e+00 0.000000000000000000e+00
2.062561094819159446e-01 1.000000000000000000e+00 0.000000000000000000e+00
2.072336265884653084e-01 1.000000000000000000e+00 0.000000000000000000e+00
2.082111436950146721e-01 1.000000000000000000e+00 0.000000000000000000e+00
2.091886608015640359e-01 1.000000000000000000e+00 0.000000000000000000e+00
2.101661779081133996e-01 1.000000000000000000e+00 0.000000000000000000e+00
2.111436950146627634e-01 1.000000000000000000e+00 0.000000000000000000e+00
2.121212121212121271e-01 1.000000000000000000e+00 0.000000000000000000e+00
2.130987292277614908e-01 1.000000000000000000e+00 0.000000000000000000e+00
2.140762463343108546e-01 1.000000000000000000e+00 0.000000000000000000e+00
2.150537634408602183e-01 1.000000000000000000e+00 0.000000000000000000e+00
2.160312805474095821e-01 1.000000000000000000e+00 0.000000000000000000e+00
2.170087976539589458e-01 1.000000000000000000e+00 0.000000000000000000e+00
2.179863147605083096e-01 1.000000000000000000e+00 0.000000000000000000e+00
2.189638318670576733e-01 1.000000000000000000e+00 0.000000000000000000e+00
2.199413489736070371e-01 1.000000000000000000e+00 0.000000000000000000e+00
2.209188660801564008e-01 1.000000000000000000e+00 0.000000000000000000e+00
2.218963831867057646e-01 1.000000000000000000e+00 0.000000000000000000e+00
2.228739002932551283e-01 1.000000000000000000e+00 0.000000000000000000e+00
2.238514173998044920e-01 1.000000000000000000e+00 0.000000000000000000e+00
2.248289345063538558e-01 1.000000000000000000e+00 0.000000000000000000e+00
2.258064516129032195e-01 1.000000000000000000e+00 0.000000000000000000e+00
2.267839687194525833e-01 1.000000000000000000e+00 0.000000000000000000e+00
2.277614858260019470e-01 1.000000000000000000e+00 0.000000000000000000e+00
2.287390029325513108e-01 1.000000000000000000e+00 0.000000000000000000e+00
2.297165200391006745e-01 1.000000000000000000e+00 0.000000000000000000e+00
2.306940371456500383e-01 1.000000000000000000e+00 0.000000000000000000e+00
2.316715542521994020e-01 1.000000000000000000e+00 0.000000000000000000e+00
2.326490713587487658e-01 1.000000000000000000e+00 0.000000000000000000e+00
2.336265884652981295e-01 1.000000000000000000e+00 0.000000000000000000e+00
2.346041055718475210e-01 1.000000000000000000e+00 0.000000000000000000e+00
2.355816226783968848e-01 1.000000000000000000e+00 0.000000000000000000e+00
2.365591397849462485e-01 1.000000000000000000e+00 0.000000000000000000e+00
2.375366568914956122e-01 1.000000000000000000e+00 0.000000000000000000e+00
2.385141739980449760e-01 1.000000000000000000e+00 0.000000000000000000e+00
2.394916911045943397e-01 1.000000000000000000e+00 0.000000000000000000e+00
2.404692082111437035e-01 1.000000000000000000e+00 0.000000000000000000e+00
2.414467253176930672e-01 1.000000000000000000e+00 0.000000000000000000e+00
2.424242424242424310e-01 1.000000000000000000e+00 0.000000000000000000e+00
2.434017595307917947e-01 1.000000000000000000e+00 0.000000000000000000e+00
2.443792766373411585e-01 1.000000000000000000e+00 0.000000000000000000e+00
2.453567937438905222e-01 1.000000000000000000e+00 1.794892763375357565e-17
2.463343108504398860e-01 9.999999999999994449e-01 3.455208184233964906e-16
2.473118279569892497e-01 9.999999999999978906e-01 1.911599207768684334e-15
2.482893450635386134e-01 9.999999999999928946e-01 5.129051373173886144e-15
2.492668621700879772e-01 9.999999999999840128e-01 1.396028301717692790e-14
2.502443792766373409e-01 9.999999999999605871e-01 2.923102403012614113e-14
2.512218963831867047e-01 9.999999999999221734e-01 6.789043518453790864e-14
2.521994134897360684e-01 9.999999999998241407e-01 1.318950619486070538e-13
2.531769305962854322e-01 9.999999999996610489e-01 2.947675719441487721e-13
2.541544477028347959e-01 9.999999999992502664e-01 5.610674192544494885e-13
2.551319648093841597e-01 9.999999999985852428e-01 1.226366618110571838e-12
2.561094819159335234e-01 9.999999999969334530e-01 2.300143245261717792e-12
2.570869990224828872e-01 9.999999999942809081e-01 4.938969585821168760e-12
2.580645161290322509e-01 9.999999999878174117e-01 9.155995365241637140e-12
2.590420332355816146e-01 9.999999999775389670e-01 1.931905238242191108e-11
2.600195503421309784e-01 9.999999999529981531e-01 3.540826921769682449e-11
2.609970674486803421e-01 9.999999999143149854e-01 7.338518602718900462e-11
2.619745845552297059e-01 9.999999998239228471e-01 1.329580559381598622e-10
2.629521016617790696e-01 9.999999996827458881e-01 2.705641268298534507e-10
2.639296187683284334e-01 9.999999993599980597e-01 4.843857847704787417e-10
2.649071358748777971e-01 9.999999988607700674e-01 9.674363449158129426e-10
2.658846529814271609e-01 9.999999977449034461e-01 1.710720754799449663e-09
2.668621700879765246e-01 9.999999960359188256e-01 3.351815922892012157e-09
2.678396871945258884e-01 9.999999923040574501e-01 5.851683577030841420e-09
2.688172043010752521e-01 9.999999866467957910e-01 1.124163227409565386e-08
2.697947214076246158e-01 9.999999745879935009e-01 1.936705511521344297e-08
2.707722385141739796e-01 9.999999565000728952e-01 3.646008052970972472e-08
2.717497556207233433e-01 9.999999188993845545e-01 6.195175620777468002e-08
2.727272727272727071e-01 9.999998631146570505e-01 1.142217662787029434e-07
2.737047898338220708e-01 9.999997501391381105e-01 1.913069470734988488e-07
2.746823069403714346e-01 9.999995844288326330e-01 3.452044442776491097e-07
2.756598240469207983e-01 9.999992578573002611e-01 5.695339604788533050e-07
2.766373411534701621e-01 9.999987845163357258e-01 1.005063817360597864e-06
2.776148582600195258e-01 9.999978779623707181e-01 1.632223683954360340e-06
2.785923753665688896e-01 9.999965802657277969e-01 2.814640059633372975e-06
2.795698924731182533e-01 9.999941685157520688e-01 4.495645417073809284e-06
2.805474095796676171e-01 9.999907612278042812e-01 7.568341308397246117e-06
2.815249266862170363e-01 9.999846270762742240e-01 1.187800775859107739e-05
2.825024437927664001e-01 9.999760805264076291e-01 1.950118080534576762e-05
2.834799608993157638e-01 9.999612059538405262e-01 3.004052493341198530e-05
2.844574780058651275e-01 9.999407867351046697e-01 4.804125080021997077e-05
2.854349951124144913e-01 9.999065123288918278e-01 7.254735534688004921e-05
2.864125122189638550e-01 9.998602060063653818e-01 1.128570449229632786e-04
2.873900293255132188e-01 9.997854508646102367e-01 1.668275700076348768e-04
2.883675464320625825e-01 9.996861840169233293e-01 2.520662072338606145e-04
2.893450635386119463e-01 9.995325515233826064e-01 3.641347917130157374e-04
2.903225806451613100e-01 9.993323641558892190e-01 5.334951070555687697e-04
2.913000977517106738e-01 9.990363928741802235e-01 7.517463589527571344e-04
2.922776148582600375e-01 9.986586834114606903e-01 1.066171802285160270e-03
2.932551319648094013e-01 9.981271607751190933e-01 1.462457960974008174e-03
2.942326490713587650e-01 9.974643107646545825e-01 2.004759171690071503e-03
2.952101661779081287e-01 9.965792997870569492e-01 2.671554813258609790e-03
2.961876832844574925e-01 9.955034556249120481e-01 3.535935900961115208e-03
2.971652003910068562e-01 9.941430549866931976e-01 4.570023673092410248e-03
2.981427174975562200e-01 9.925351535367016309e-01 5.838852357109431714e-03
2.991202346041055837e-01 9.906082098119421975e-01 7.311987974607431912e-03
3.000977517106549475e-01 9.883989007818170247e-01 9.026814009985196022e-03
3.010752688172043112e-01 9.858790944579310933e-01 1.095529134747940357e-02
3.020527859237536750e-01 9.830803078329174438e-01 1.309785458231891263e-02
3.030303030303030387e-01 9.800191208729270853e-01 1.543083628913918814e-02
3.040078201368524025e-01 9.767229720393652004e-01 1.792709464366867844e-02
3.049853372434017662e-01 9.732322690826473721e-01 2.056475159781210454e-02
3.059628543499511300e-01 9.695750167178907031e-01 2.330988408297835629e-02
3.069403714565004937e-01 9.657899189887583224e-01 2.613992756717828381e-02
3.079178885630498574e-01 9.619057453636035149e-01 2.902936025085094476e-02
3.088954056695992212e-01 9.579481763218740120e-01 3.195754618095788396e-02
3.098729227761485849e-01 9.539407269104448472e-01 3.490916477731566270e-02
3.108504398826979487e-01 9.498987946262720250e-01 3.787019238611100819e-02
3.118279569892473124e-01 9.458363771847975165e-01 4.083124811917099306e-02
3.128054740957966762e-01 9.417631408188241737e-01 4.378535084564289664e-02
3.137829912023460399e-01 9.376858419630543784e-01 4.672679127828624490e-02
3.147605083088954037e-01 9.336098353579023179e-01 4.965233894384533941e-02
3.157380254154447674e-01 9.295387396749049680e-01 5.255921881116525085e-02
3.167155425219941312e-01 9.254748970044628376e-01 5.544564522873789841e-02
3.176930596285434949e-01 9.214204269301168315e-01 5.831040422667276707e-02
3.186705767350928586e-01 9.173764718592678502e-01 6.115264043318534293e-02
3.196480938416422224e-01 9.133441039305000286e-01 6.397164150405550143e-02
3.206256109481915861e-01 9.093240263673988411e-01 6.676708831256472632e-02
3.216031280547409499e-01 9.053168589467928129e-01 6.953857980321226373e-02
3.225806451612903136e-01 9.013229638282209688e-01 7.228595507679938525e-02
3.235581622678396774e-01 8.973427836910136124e-01 7.500903245943628395e-02
3.245356793743890411e-01 8.933765212215293294e-01 7.770775467282466098e-02
3.255131964809384049e-01 8.894244579109815696e-01 8.038202505163849487e-02
3.264907135874877686e-01 8.854867318937938991e-01 8.303186700923184671e-02
3.274682306940371324e-01 8.815635311886478309e-01 8.565725027519020818e-02
3.284457478005864961e-01 8.776549316025191727e-01 8.825822897494435548e-02
3.294232649071358598e-01 8.737610657207426357e-01 9.083482550639511433e-02
3.304007820136852236e-01 8.698819754366190482e-01 9.338711964511758890e-02
3.313782991202345873e-01 8.660177439525196252e-01 9.591516313717604603e-02
3.323558162267839511e-01 8.621683923183468545e-01 9.841905413899855459e-02
3.333333333333333148e-01 8.583339715630902145e-01 1.008988690396424165e-01
3.343108504398826786e-01 8.545144849568694356e-01 1.033547158237560631e-01
3.352883675464320423e-01 8.507099593314462194e-01 1.057866883222398913e-01
3.362658846529814061e-01 8.469203871354759050e-01 1.081949030021764901e-01
3.372434017595307698e-01 8.431457762738585604e-01 1.105794656679797289e-01
3.382209188660801336e-01 8.393861105467934625e-01 1.129404981972807614e-01
3.391984359726294973e-01 8.356413844450657491e-01 1.152781156646398297e-01
3.401759530791788610e-01 8.319115751843383366e-01 1.175924438262592325e-01
3.411534701857282248e-01 8.281966667823854600e-01 1.198836040182662960e-01
3.421309872922775885e-01 8.244966315156607717e-01 1.221517249039250769e-01
3.431085043988269523e-01 8.208114456917606772e-01 1.243969323461354276e-01
3.440860215053763715e-01 8.171410775217327060e-01 1.266193569233644567e-01
3.450635386119257353e-01 8.134854975141857514e-01 1.288191275733250318e-01
3.460410557184750990e-01 8.098446707302024983e-01 1.309963762491112571e-01
3.470185728250244628e-01 8.062185633149072661e-01 1.331512338905052328e-01
3.479960899315738265e-01 8.026071377649940386e-01 1.352838332774726482e-01
3.489736070381231903e-01 7.990103569899223990e-01 1.373943065887113513e-01
3.499511241446725540e-01 7.954281814578544330e-01 1.394827870490259747e-01
3.509286412512219178e-01 7.918605716500728420e-01 1.415494074690549220e-01
3.519061583577712815e-01 7.883074864296703010e-01 1.435943011890306598e-01
3.528836754643206453e-01 7.847688844910184480e-01 1.456176012223794336e-01
3.538611925708700090e-01 7.812447234486513681e-01 1.476194407597465341e-01
3.548387096774193727e-01 7.777349606828362072e-01 1.495999526791064738e-01
3.558162267839687365e-01 7.742395528619516742e-01 1.515592698070159783e-01
3.567937438905181002e-01 7.707584564250424819e-01 1.534975246377726366e-01
3.577712609970674640e-01 7.672916273451914071e-01 1.554148494562748728e-01
3.587487781036168277e-01 7.638390214068282447e-01 1.573113761799943833e-01
3.597262952101661915e-01 7.604005941016049874e-01 1.591872364105108573e-01
3.607038123167155552e-01 7.569763007875413008e-01 1.610425613420458923e-01
3.616813294232649190e-01 7.535660966529466043e-01 1.628774817769879091e-01
3.626588465298142827e-01 7.501699368115402056e-01 1.646921280725960335e-01
3.636363636363636465e-01 7.467877762994471480e-01 1.664866301402302406e-01
3.646138807429130102e-01 7.434195701344029628e-01 1.682611174124557518e-01
3.655913978494623739e-01 7.400652733273453965e-01 1.700157188359334992e-01
3.665689149560117377e-01 7.367248409222826311e-01 1.717505628504403525e-01
3.675464320625611014e-01 7.333982280131415843e-01 1.734657773801672187e-01
3.685239491691104652e-01 7.300853897725312347e-01 1.751614898194840952e-01
3.695014662756598289e-01 7.267862814696081086e-01 1.768378270247921713e-01
3.704789833822091927e-01 7.235008584924743635e-01 1.784949153046164749e-01
3.714565004887585564e-01 7.202290763652298144e-01 1.801328804127515226e-01
3.724340175953079202e-01 7.169708907663513431e-01 1.817518475411643575e-01
3.734115347018572839e-01 7.137262575443906742e-01 1.833519413146178223e-01
3.743890518084066477e-01 7.104951327337573064e-01 1.849332857856296197e-01
3.753665689149560114e-01 7.072774725690161857e-01 1.864960044304742881e-01
3.763440860215053752e-01 7.040732334988515362e-01 1.880402201456676248e-01
3.773216031280547389e-01 7.008823721991602751e-01 1.895660552451805536e-01
3.782991202346041026e-01 6.977048455857474130e-01 1.910736314581397421e-01
3.792766373411534664e-01 6.945406108264611245e-01 1.925630699270664270e-01
3.802541544477028301e-01 6.913896253529844271e-01 1.940344912065455341e-01
3.812316715542521939e-01 6.882518468722728100e-01 1.954880152623234835e-01
3.822091886608015576e-01 6.851272333777427281e-01 1.969237614707752826e-01
3.831867057673509214e-01 6.820157431602471565e-01 1.983418486187184526e-01
3.841642228739002851e-01 6.789173348189029289e-01 1.997423949035362911e-01
3.851417399804496489e-01 6.758319672718194893e-01 2.011255179335885157e-01
3.861192570869990126e-01 6.727595997667767946e-01 2.024913347288822274e-01
3.870967741935483764e-01 6.697001918918999985e-01 2.038399617219836257e-01
3.880742913000977401e-01 6.666537035863785432e-01 2.051715147591482713e-01
3.890518084066471038e-01 6.636200951512646329e-01 2.064861091016522709e-01
3.900293255131964676e-01 6.605993272604053779e-01 2.077838594273122841e-01
3.910068426197458313e-01 6.575913609715366981e-01 2.090648798321761981e-01
3.919843597262951951e-01 6.545961577375887241e-01 2.103292838323724545e-01
3.929618768328445588e-01 6.516136794182348924e-01 2.115771843661090890e-01
3.939393939393939226e-01 6.486438882917302529e-01 2.128086937958097447e-01
3.949169110459432863e-01 6.456867470670749620e-01 2.140239239103794988e-01
3.958944281524926501e-01 6.427422188965414840e-01 2.152229859275926471e-01
3.968719452590420138e-01 6.398102673886091329e-01 2.164059904965950076e-01
3.978494623655913776e-01 6.368908566213408173e-01 2.175730477005145269e-01
3.988269794721407413e-01 6.339839511562493923e-01 2.187242670591769966e-01
3.998044965786901050e-01 6.310895160526912573e-01 2.198597575319218844e-01
4.007820136852394688e-01 6.282075168828322731e-01 2.209796275205136162e-01
4.017595307917888325e-01 6.253379197472306306e-01 2.220839848721469223e-01
4.027370478983381963e-01 6.224806912910822998e-01 2.231729368825447202e-01
4.037145650048875600e-01 6.196357987211793539e-01 2.242465902991464810e-01
4.046920821114369238e-01 6.168032098236299055e-01 2.253050513243857189e-01
4.056695992179862875e-01 6.139828929823881731e-01 2.263484256190572697e-01
4.066471163245357068e-01 6.111748171986591815e-01 2.273768183057768011e-01
4.076246334310850705e-01 6.083789521112248355e-01 2.283903339725289472e-01
4.086021505376344343e-01 6.055952680177595360e-01 2.293890766763110045e-01
4.095796676441837980e-01 6.028237358971939575e-01 2.303731499468713861e-01
4.105571847507331618e-01 6.000643274331983745e-01 2.313426567905463582e-01
4.115347018572825255e-01 5.973170150388521504e-01 2.322976996941998884e-01
4.125122189638318893e-01 5.945817718825777698e-01 2.332383806292693262e-01
4.134897360703812530e-01 5.918585719154155766e-01 2.341648010559220783e-01
4.144672531769306167e-01 5.891473898997248160e-01 2.350770619273290507e-01
4.154447702834799805e-01 5.864482014393999076e-01 2.359752636940617432e-01
4.164222873900293442e-01 5.837609830116965437e-01 2.368595063086190167e-01
4.173998044965787080e-01 5.810857120007647536e-01 2.377298892300908351e-01
4.183773216031280717e-01 5.784223667329991825e-01 2.385865114289682787e-01
4.193548387096774355e-01 5.757709265143186039e-01 2.394294713921102102e-01
4.203323558162267992e-01 5.731313716694939053e-01 2.402588671278741150e-01
4.213098729227761630e-01 5.705036835836517772e-01 2.410747961714249654e-01
4.222873900293255267e-01 5.678878447460938839e-01 2.418773555902322681e-01
4.232649071358748905e-01 5.652838387965721800e-01 2.426666419897706983e-01
4.242424242424242542e-01 5.626916505741811347e-01 2.434427515194378666e-01
4.252199413489736179e-01 5.601112661690240691e-01 2.442057798787032608e-01
4.261974584555229817e-01 5.575426729768344636e-01 2.449558223235087095e-01
4.271749755620723454e-01 5.549858597567403073e-01 2.456929736729367431e-01
4.281524926686217092e-01 5.524408166923677754e-01 2.464173283161675554e-01
4.291300097751710729e-01 5.499075354565017282e-01 2.471289802197464414e-01
4.301075268817204367e-01 5.473860092795264087e-01 2.478280229351849107e-01
4.310850439882698004e-01 5.448762330218925865e-01 2.485145496069214588e-01
4.320625610948191642e-01 5.423782032508696060e-01 2.491886529806701667e-01
4.330400782013685279e-01 5.398919183218615636e-01 2.498504254121861889e-01
4.340175953079178917e-01 5.374173784645770446e-01 2.504999588764810770e-01
4.349951124144672554e-01 5.349545858743763871e-01 2.511373449775226585e-01
4.359726295210166191e-01 5.325035448091260948e-01 2.517626749584579438e-01
4.369501466275659829e-01 5.300642616919256644e-01 2.523760397124009125e-01
4.379276637341153466e-01 5.276367452200882990e-01 2.529775297938269274e-01
4.389051808406647104e-01 5.252210064807870671e-01 2.535672354306264253e-01
4.398826979472140741e-01 5.228170590738016044e-01 2.541452465368658209e-01
4.408602150537634379e-01 5.204249192418336500e-01 2.547116527263134089e-01
4.418377321603128016e-01 5.180446060088902405e-01 2.552665433267932715e-01
4.428152492668621654e-01 5.156761413272643590e-01 2.558100073954306941e-01
4.437927663734115291e-01 5.133195502336785898e-01 2.563421337348609219e-01
4.447702834799608929e-01 5.109748610151941817e-01 2.568630109104784731e-01
4.457478005865102566e-01 5.086421053855286756e-01 2.573727272688130507e-01
4.467253176930596203e-01 5.063213186724623283e-01 2.578713709571187063e-01
4.477028347996089841e-01 5.040125400170631931e-01 2.583590299442745652e-01
4.486803519061583478e-01 5.017158125854950246e-01 2.588357920431041959e-01
4.496578690127077116e-01 4.994311837942348453e-01 2.593017449342268077e-01
4.506353861192570753e-01 4.971587055495585439e-01 2.597569761915606290e-01
4.516129032258064391e-01 4.948984345022175990e-01 2.602015733096138539e-01
4.525904203323558028e-01 4.926504323182761547e-01 2.606356237327047687e-01
4.535679374389051666e-01 4.904147659671315718e-01 2.610592148862641571e-01
4.545454545454545303e-01 4.881915080277962615e-01 2.614724342103862953e-01
4.555229716520038941e-01 4.859807370145734495e-01 2.618753691958041196e-01
4.565004887585532578e-01 4.837825377233151980e-01 2.622681074224829656e-01
4.574780058651026216e-01 4.815970015995046372e-01 2.626507366010348843e-01
4.584555229716519853e-01 4.794242271294525959e-01 2.630233446171736378e-01
4.594330400782013490e-01 4.772643202559519460e-01 2.633860195794435199e-01
4.604105571847507128e-01 4.751173948197723318e-01 2.637388498704733020e-01
4.613880742913000765e-01 4.729835730284222550e-01 2.640819242020208124e-01
4.623655913978494403e-01 4.708629859536276885e-01 2.644153316740903703e-01
4.633431085043988040e-01 4.687557740589995969e-01 2.647391618384225542e-01
4.643206256109481678e-01 4.666620877593665173e-01 2.650535047666707777e-01
4.652981427174975315e-01 4.645820880132375263e-01 2.653584511235990151e-01
4.662756598240468953e-01 4.625159469498248965e-01 2.656540922456444020e-01
4.672531769305962590e-01 4.604638485319998420e-01 2.659405202252095313e-01
4.682306940371456228e-01 4.584259892564614969e-01 2.662178280010560893e-01
4.692082111436950420e-01 4.564025788922717597e-01 2.664861094551870258e-01
4.701857282502444058e-01 4.543938412587338327e-01 2.667454595166042219e-01
4.711632453567937695e-01 4.524000150433626910e-01 2.669959742723421736e-01
4.721407624633431332e-01 4.504213546604041718e-01 2.672377510861649874e-01
4.731182795698924970e-01 4.484581311499885592e-01 2.674708887253114953e-01
4.740957966764418607e-01 4.465106331175509036e-01 2.676954874956568586e-01
4.750733137829912245e-01 4.445791677125856545e-01 2.679116493856271153e-01
4.760508308895405882e-01 4.426640616451267829e-01 2.681194782191708703e-01
4.770283479960899520e-01 4.407656622375256683e-01 2.683190798180308256e-01
4.780058651026393157e-01 4.388843385081258042e-01 2.685105621734977799e-01
4.789833822091886795e-01 4.370204822822781887e-01 2.686940356277280340e-01
4.799608993157380432e-01 4.351745093247857410e-01 2.688696130645996107e-01
4.809384164222874070e-01 4.333468604862793505e-01 2.690374101099352044e-01
4.819159335288367707e-01 4.315380028541946911e-01 2.691975453407516872e-01
4.828934506353861345e-01 4.297484308968987365e-01 2.693501405029831153e-01
4.838709677419354982e-01 4.279786675870940194e-01 2.694953207368784853e-01
4.848484848484848619e-01 4.262292654878786502e-01 2.696332148089825576e-01
4.858260019550342257e-01 4.245008077817374326e-01 2.697639553492638953e-01
4.868035190615835894e-01 4.227939092192722348e-01 2.698876790915618606e-01
4.877810361681329532e-01 4.211092169606398539e-01 2.700045271150723347e-01
4.887585532746823169e-01 4.194474112784521980e-01 2.701146450840853919e-01
4.897360703812316807e-01 4.178092060863307089e-01 2.702181834826155038e-01
4.907135874877810444e-01 4.161953492524243514e-01 2.703152978399470108e-01
4.916911045943304082e-01 4.146066226520687681e-01 2.704061489424339215e-01
4.926686217008797719e-01 4.130438419084644930e-01 2.704909030261758995e-01
4.936461388074291357e-01 4.115078557649269331e-01 2.705697319444351767e-01
4.946236559139784994e-01 4.099995450270716435e-01 2.706428133028979666e-01
4.956011730205278631e-01 4.085198210084809434e-01 2.707103305551225580e-01
4.965786901270772269e-01 4.070696234092309185e-01 2.707724730498139998e-01
4.975562072336265906e-01 4.056499175534846180e-01 2.708294360209304030e-01
4.985337243401759544e-01 4.042616909106050982e-01 2.708814205111409468e-01
4.995112414467253181e-01 4.029059488243790232e-01 2.709286332188518553e-01
5.004887585532746819e-01 4.015837093775214139e-01 2.709712862589704341e-01
5.014662756598240456e-01 4.002959973242573577e-01 2.710095968278624645e-01
5.024437927663734094e-01 3.990438370330584017e-01 2.710437867636401044e-01
5.034213098729227731e-01 3.978282443952200764e-01 2.710740819940843371e-01
5.043988269794721369e-01 3.966502176734663654e-01 2.711007118662046023e-01
5.053763440860215006e-01 3.955107272886955738e-01 2.711239083537487216e-01
5.063538611925708643e-01 3.944107045726803484e-01 2.711439051419090029e-01
5.073313782991202281e-01 3.933510295501302378e-01 2.711609365920373271e-01
5.083088954056695918e-01 3.923325178548168202e-01 2.711752365933476905e-01
5.092864125122189556e-01 3.913559069308488181e-01 2.711870373132523326e-01
5.102639296187683193e-01 3.904218417205522762e-01 2.711965678630022247e-01
5.112414467253176831e-01 3.895308600931010057e-01 2.712040529004809963e-01
5.122189638318670468e-01 3.886833783207922499e-01 2.712097111970662722e-01
5.131964809384164106e-01 3.878796769597875338e-01 2.712137542000937485e-01
5.141739980449657743e-01 3.871198875358654590e-01 2.712163846262982680e-01
5.151515151515151381e-01 3.864039804694529012e-01 2.712177951242734086e-01
5.161290322580645018e-01 3.857317546939498243e-01 2.712181670451481175e-01
5.171065493646138655e-01 3.851028294233027061e-01 2.712176693600275579e-01
5.180840664711632293e-01 3.845166385055491798e-01 2.712164577600709725e-01
5.190615835777125930e-01 3.839724277561773480e-01 2.712146739703271692e-01
5.200391006842619568e-01 3.834692555974755224e-01 2.712124453016913628e-01
5.210166177908113205e-01 3.830059972380828737e-01 2.712098844568569533e-01
5.219941348973606843e-01 3.825813525131393500e-01 2.712070895963464290e-01
5.229716520039100480e-01 3.821938573742288958e-01 2.712041446601963224e-01
5.239491691104594118e-01 3.818418988761166921e-01 2.712011199303355213e-01
5.249266862170087755e-01 3.815237333620745686e-01 2.711980728088619341e-01
5.259042033235581393e-01 3.812375074104059625e-01 2.711950487789854258e-01
5.268817204301075030e-01 3.809812809809346446e-01 2.711920825089642606e-01
5.278592375366568668e-01 3.807530521004999224e-01 2.711891990553394471e-01
5.288367546432062305e-01 3.805507823582592319e-01 2.711864151203775553e-01
5.298142717497555942e-01 3.803724224500359963e-01 2.711837403198598118e-01
5.307917888563049580e-01 3.802159370184980958e-01 2.711811784209283704e-01
5.317693059628543217e-01 3.800793280820407016e-01 2.711787285152237326e-01
5.327468230694036855e-01 3.799606564262983932e-01 2.711763860994190756e-01
5.337243401759530492e-01 3.798580604420562223e-01 2.711741440428805938e-01
5.347018572825024130e-01 3.797697720237843688e-01 2.711719934299118839e-01
5.356793743890517767e-01 3.796941292847905158e-01 2.711699242713548341e-01
5.366568914956011405e-01 3.796295859884817880e-01 2.711679260867483898e-01
5.376344086021505042e-01 3.795747177315031973e-01 2.711659883635316182e-01
5.386119257086998680e-01 3.795282250359639509e-01 2.711641009037399908e-01
5.395894428152492317e-01 3.794889336088159704e-01 2.711622540712879670e-01
5.405669599217985954e-01 3.794557921031073144e-01 2.711604389543363913e-01
5.415444770283479592e-01 3.794278677668410094e-01 2.711586474575901629e-01
5.425219941348973229e-01 3.794043403910842271e-01 2.711568723388703139e-01
5.434995112414466867e-01 3.793844949719586412e-01 2.711551072031786469e-01
5.444770283479960504e-01 3.793677134846064614e-01 2.711533464659585113e-01
5.454545454545454142e-01 3.793534661352819248e-01 2.711515852955175276e-01
5.464320625610947779e-01 3.793413024147667123e-01 2.711498195428101443e-01
5.474095796676441417e-01 3.793308422266658542e-01 2.711480456650575133e-01
5.483870967741935054e-01 3.793217673116882627e-01 2.711462606481309656e-01
5.493646138807428692e-01 3.793138131370680788e-01 2.711444619312515236e-01
5.503421309872922329e-01 3.793067613714106723e-01 2.711426473364187406e-01
5.513196480938415966e-01 3.793004330213078368e-01 2.711408150040456322e-01
5.522971652003909604e-01 3.792946822682020658e-01 2.711389633355554829e-01
5.532746823069403241e-01 3.792893910127335677e-01 2.711370909431495280e-01
5.542521994134896879e-01 3.792844641091988600e-01 2.711351966065684849e-01
5.552297165200390516e-01 3.792798252544425375e-01 2.711332792364126720e-01
5.562072336265884154e-01 3.792754134828632551e-01 2.711313378434229704e-01
5.571847507331377791e-01 3.792711802114735464e-01 2.711293715130534410e-01
5.581622678396871429e-01 3.792670867752528374e-01 2.711273793846373237e-01
5.591397849462365066e-01 3.792631023925284173e-01 2.711253606344714018e-01
5.601173020527858704e-01 3.792592025020128377e-01 2.711233144621850721e-01
5.610948191593352341e-01 3.792553674167062905e-01 2.711212400798224675e-01
5.620723362658845979e-01 3.792515812445364509e-01 2.711191367031313693e-01
5.630498533724340726e-01 3.792478310308538547e-01 2.711170035446232029e-01
5.640273704789834364e-01 3.792441060833462441e-01 2.711148398080314159e-01
5.650048875855328001e-01 3.792403974452936422e-01 2.711126446838588167e-01
5.659824046920821639e-01 3.792366974881530295e-01 2.711104173457580813e-01
5.669599217986315276e-01 3.792329995991135516e-01 2.711081569475375375e-01
5.679374389051808913e-01 3.792292979434263023e-01 2.711058626206227506e-01
5.689149560117302551e-01 3.792255872849674692e-01 2.711035334718428502e-01
5.698924731182796188e-01 3.792218628516392243e-01 2.711011685814337935e-01
5.708699902248289826e-01 3.792181202348824942e-01 2.710987670011760220e-01
5.718475073313783463e-01 3.792143553148090707e-01 2.710963277526030613e-01
5.728250244379277101e-01 3.792105642043042124e-01 2.710938498252302709e-01
5.738025415444770738e-01 3.792067432069542443e-01 2.710913321747637217e-01
5.747800586510264376e-01 3.792028887848744034e-01 2.710887737212612225e-01
5.757575757575758013e-01 3.791989975334745799e-01 2.710861733472205715e-01
5.767350928641251651e-01 3.791950661609736484e-01 2.710835298955747152e-01
5.777126099706745288e-01 3.791910914710679426e-01 2.710808421675816593e-01
5.786901270772238925e-01 3.791870703476198923e-01 2.710781089205911432e-01
5.796676441837732563e-01 3.791829997405853914e-01 2.710753288656805871e-01
5.806451612903226200e-01 3.791788766526581478e-01 2.710725006651454883e-01
5.816226783968719838e-01 3.791746981262979488e-01 2.710696229298346638e-01
5.826001955034213475e-01 3.791704612309491629e-01 2.710666942163174054e-01
5.835777126099707113e-01 3.791661630503461722e-01 2.710637130238710557e-01
5.845552297165200750e-01 3.791618006698590504e-01 2.710606777912740739e-01
5.855327468230694388e-01 3.791573711638740463e-01 2.710575868933908228e-01
5.865102639296188025e-01 3.791528715832132024e-01 2.710544386375297043e-01
5.874877810361681663e-01 3.791482989426069317e-01 2.710512312595571571e-01
5.884652981427175300e-01 3.791436502082261017e-01 2.710479629197480311e-01
5.894428152492668938e-01 3.791389222852709628e-01 2.710446316983470272e-01
5.904203323558162575e-01 3.791341120056007097e-01 2.710412355908182747e-01
5.913978494623656212e-01 3.791292161153744789e-01 2.710377725027542373e-01
5.923753665689149850e-01 3.791242312626572075e-01 2.710342402444129717e-01
5.933528836754643487e-01 3.791191539849335101e-01 2.710306365248506544e-01
5.943304007820137125e-01 3.791139806964567427e-01 2.710269589456101302e-01
5.953079178885630762e-01 3.791087076753484331e-01 2.710232049939243493e-01
5.962854349951124400e-01 3.791033310503546527e-01 2.710193720353869518e-01
5.972629521016618037e-01 3.790978467871523039e-01 2.710154573060394867e-01
5.982404692082111675e-01 3.790922506740911913e-01 2.710114579038145344e-01
5.992179863147605312e-01 3.790865383072464234e-01 2.710073707792704512e-01
6.001955034213098950e-01 3.790807050746431428e-01 2.710031927255445172e-01
6.011730205278592587e-01 3.790747461395075346e-01 2.709989203674392222e-01
6.021505376344086224e-01 3.790686564223818000e-01 2.709945501495481524e-01
6.031280547409579862e-01 3.790624305819249584e-01 2.709900783233136212e-01
6.041055718475073499e-01 3.790560629942018589e-01 2.709855009328917541e-01
6.050830889540567137e-01 3.790495477302405214e-01 2.709808137996825850e-01
6.060606060606060774e-01 3.790428785316075633e-01 2.709760125053616298e-01
6.070381231671554412e-01 3.790360487837143855e-01 2.709710923732167598e-01
6.080156402737048049e-01 3.790290514865227722e-01 2.709660484475670539e-01
6.089931573802541687e-01 3.790218792222598276e-01 2.709608754709920131e-01
6.099706744868035324e-01 3.790145241196787307e-01 2.709555678590466754e-01
6.109481915933528962e-01 3.790069778143082546e-01 2.709501196720737193e-01
6.119257086999022599e-01 3.789992314040085408e-01 2.709445245836266669e-01
6.129032258064516236e-01 3.789912753989914673e-01 2.709387758449104955e-01
6.138807429130009874e-01 3.789830996652542305e-01 2.709328662444907554e-01
6.148582600195503511e-01 3.789746933600912637e-01 2.709267880623179581e-01
6.158357771260997149e-01 3.789660448579837415e-01 2.709205330168604764e-01
6.168132942326490786e-01 3.789571416646733137e-01 2.709140922037727717e-01
6.177908113391984424e-01 3.789479703165768432e-01 2.709074560240741780e-01
6.187683284457478061e-01 3.789385162618393865e-01 2.709006140991908063e-01
6.197458455522971699e-01 3.789287637181925072e-01 2.708935551694062194e-01
6.207233626588465336e-01 3.789186955013010838e-01 2.708862669712086557e-01
6.217008797653958974e-01 3.789082928153609808e-01 2.708787360876442341e-01
6.226783968719452611e-01 3.788975349952212746e-01 2.708709477640118268e-01
6.236559139784946248e-01 3.788863991861362579e-01 2.708628856789642714e-01
6.246334310850439886e-01 3.788748599432389397e-01 2.708545316582168794e-01
6.256109481915933523e-01 3.788628887278167046e-01 2.708458653144776851e-01
6.265884652981427161e-01 3.788504532712863582e-01 2.708368635927949630e-01
6.275659824046920798e-01 3.788375167702426882e-01 2.708275001951401806e-01
6.285434995112414436e-01 3.788240368669487657e-01 2.708177448516042030e-01
6.295210166177908073e-01 3.788099643590347454e-01 2.708075623980088498e-01
6.304985337243401711e-01 3.787952415699364361e-01 2.707969116109850694e-01
6.314760508308895348e-01 3.787798002977985634e-01 2.707857437417034441e-01
6.324535679374388986e-01 3.787635592453874045e-01 2.707740006785873677e-01
6.334310850439882623e-01 3.787464208173929592e-01 2.707616126577864768e-01
6.344086021505376261e-01 3.787282671549681012e-01 2.707484954283660983e-01
6.353861192570869898e-01 3.787089552613435717e-01 2.707345467677299000e-01
6.363636363636363535e-01 3.786883110580925305e-01 2.707196422325877649e-01
6.373411534701857173e-01 3.786661222006272309e-01 2.707036300229336834e-01
6.383186705767350810e-01 3.786421294757275624e-01 2.706863248323563287e-01
6.392961876832844448e-01 3.786160166055317355e-01 2.706675005591775429e-01
6.402737047898338085e-01 3.785873982939895188e-01 2.706468817611840105e-01
6.412512218963831723e-01 3.785558063759807412e-01 2.706241337540203906e-01
6.422287390029325360e-01 3.785206739688566357e-01 2.705988512815895586e-01
6.432062561094818998e-01 3.784813175836339583e-01 2.705705457278954063e-01
6.441837732160312635e-01 3.784369172306494278e-01 2.705386308952192342e-01
6.451612903225806273e-01 3.783864946536080187e-01 2.705024074443893589e-01
6.461388074291299910e-01 3.783288899471433098e-01 2.704610461795322607e-01
6.471163245356793547e-01 3.782627369553779317e-01 2.704135704614734625e-01
6.480938416422287185e-01 3.781864380100526390e-01 2.703588381491093817e-01
6.490713587487780822e-01 3.780981387422071571e-01 2.702955235934670908e-01
6.500488758553274460e-01 3.779957038846950002e-01 2.702221003402079380e-01
6.510263929618768097e-01 3.778766951654289330e-01 2.701368253268691122e-01
6.520039100684261735e-01 3.777383525625876426e-01 2.700377254836209828e-01
6.529814271749755372e-01 3.775775803407175335e-01 2.699225877518994787e-01
6.539589442815249010e-01 3.773909393971310311e-01 2.697889536142355493e-01
6.549364613880742647e-01 3.771746475070357207e-01 2.696341192707997214e-01
6.559139784946236285e-01 3.769245890495318552e-01 2.694551425936677069e-01
6.568914956011729922e-01 3.766363357123923006e-01 2.692488579295936879e-01
6.578690127077223559e-01 3.763051795012590794e-01 2.690118996989108169e-01
6.588465298142717197e-01 3.759261791119913876e-01 2.687407355473669934e-01
6.598240469208210834e-01 3.754942203615131979e-01 2.684317095479207826e-01
6.608015640273704472e-01 3.750040909163359082e-01 2.680810956234069842e-01
6.617790811339198109e-01 3.744505690189290359e-01 2.676851609756571992e-01
6.627565982404691747e-01 3.738285253067460956e-01 2.672402388738991941e-01
6.637341153470185384e-01 3.731330361698122489e-01 2.667428096913743163e-01
6.647116324535679022e-01 3.723595064289134671e-01 2.661895886045406723e-01
6.656891495601172659e-01 3.715037984707231788e-01 2.655776179076367871e-01
6.666666666666666297e-01 3.705623643847607562e-01 2.649043614725944407e-01
6.676441837732159934e-01 3.695323771469372076e-01 2.641677985267673612e-01
6.686217008797653572e-01 3.684118565212752827e-01 2.633665136541967766e-01
6.695992179863147209e-01 3.671997851370362165e-01 2.624997797729268223e-01
6.705767350928640846e-01 3.658962101685787061e-01 2.615676308195276634e-01
6.715542521994134484e-01 3.645023262170096756e-01 2.605709209947814631e-01
6.725317693059628121e-01 3.630205353731042472e-01 2.595113676964663219e-01
6.735092864125121759e-01 3.614544810257027674e-01 2.583915756832049215e-01
6.744868035190615396e-01 3.598090527526262017e-01 2.572150405658451544e-01
6.754643206256109034e-01 3.580903605643206977e-01 2.559861303899563234e-01
6.764418377321602671e-01 3.563056778257175372e-01 2.547100448274172146e-01
6.774193548387096309e-01 3.544633533124069702e-01 2.533927523033263074e-01
6.783968719452589946e-01 3.525726940103738327e-01 2.520409062088077579e-01
6.793743890518083584e-01 3.506438213884374155e-01 2.506617421508599008e-01
6.803519061583577221e-01 3.486875049037498897e-01 2.492629589275545954e-01
6.813294232649070858e-01 3.467149773914942057e-01 2.478525865536668205e-01
6.823069403714564496e-01 3.447377376954608996e-01 2.464388451661521096e-01
6.832844574780058133e-01 3.427673463813005750e-01 2.450299989856459248e-01
6.842619745845551771e-01 3.408152206155527497e-01 2.436342096826224490e-01
6.852394916911045408e-01 3.388924342808000145e-01 2.422593934876935140e-01
6.862170087976539046e-01 3.370095291338779386e-01 2.409130861971797988e-01
6.871945259042032683e-01 3.351763423165921019e-01 2.396023198694174627e-01
6.881720430107527431e-01 3.334018548254500947e-01 2.383335145047206782e-01
6.891495601173021068e-01 3.316940646770800138e-01 2.371123873800761728e-01
6.901270772238514706e-01 3.300598875153069045e-01 2.359438820014078120e-01
6.911045943304008343e-01 3.285050863447626091e-01 2.348321178776958118e-01
6.920821114369501981e-01 3.270342309963386596e-01 2.337803615494873644e-01
6.930596285434995618e-01 3.256506868819790679e-01 2.327910185552906908e-01
6.940371456500489256e-01 3.243566316260900195e-01 2.318656453257842143e-01
6.950146627565982893e-01 3.231530973073043489e-01 2.310049793856194800e-01
6.959921798631476531e-01 3.220400353380641900e-01 2.302089857377305759e-01
6.969696969696970168e-01 3.210164004714227137e-01 2.294769169204487480e-01
6.979472140762463805e-01 3.200802500655411387e-01 2.288073839711635971e-01
6.989247311827957443e-01 3.192288545576052461e-01 2.281984354025214101e-01
6.999022482893451080e-01 3.184588150923242100e-01 2.276476412924877679e-01
7.008797653958944718e-01 3.177661844000267966e-01 2.271521796967528595e-01
7.018572825024438355e-01 3.171465873036791172e-01 2.267089227952245323e-01
7.028347996089931993e-01 3.165953376266499308e-01 2.263145204649575082e-01
7.038123167155425630e-01 3.161075487449793164e-01 2.259654793092521763e-01
7.047898338220919268e-01 3.156782355499302417e-01 2.256582355458379707e-01
7.057673509286412905e-01 3.153024061303567604e-01 2.253892205457770914e-01
7.067448680351906543e-01 3.149751420240024524e-01 2.251549182004505267e-01
7.077223851417400180e-01 3.146916663998220454e-01 2.249519136606960290e-01
7.086999022482893817e-01 3.144474000015869408e-01 2.247769333268396508e-01
7.096774193548387455e-01 3.142380050928127444e-01 2.246268762612889935e-01
7.106549364613881092e-01 3.140594179855201173e-01 2.244988374401677422e-01
7.116324535679374730e-01 3.139078710060634325e-01 2.243901234539910639e-01
7.126099706744868367e-01 3.137799049498239401e-01 2.242982614093135818e-01
7.135874877810362005e-01 3.136723732059781278e-01 2.242210018757848922e-01
7.145650048875855642e-01 3.135824387995595486e-01 2.241563167702222970e-01
7.155425219941349280e-01 3.135075656083725626e-01 2.241023930766918859e-01
7.165200391006842917e-01 3.134455049759714562e-01 2.240576232756017749e-01
7.174975562072336555e-01 3.133942788684814240e-01 2.240205933023016738e-01
7.184750733137830192e-01 3.133521606220597278e-01 2.239900687834971427e-01
7.194525904203323829e-01 3.133176542083872529e-01 2.239649802144181023e-01
7.204301075268817467e-01 3.132894728159576481e-01 2.239444076470174794e-01
7.214076246334311104e-01 3.132665174122264418e-01 2.239275653646089770e-01
7.223851417399804742e-01 3.132478558217873799e-01 2.239137869254928803e-01
7.233626588465298379e-01 3.132327027332355018e-01 2.239025108705454958e-01
7.243401759530792017e-01 3.132204009355987750e-01 2.238932673098410486e-01
7.253176930596285654e-01 3.132104039863394251e-01 2.238856655326919853e-01
7.262952101661779292e-01 3.132022604280884082e-01 2.238793827248460599e-01
7.272727272727272929e-01 3.131955996007600995e-01 2.238741538261727615e-01
7.282502443792766567e-01 3.131901190391022660e-01 2.238697625217172527e-01
7.292277614858260204e-01 3.131855734021428139e-01 2.238660333278404135e-01
7.302052785923753842e-01 3.131817648491256323e-01 2.238628247123800596e-01
7.311827956989247479e-01 3.131785347548984300e-01 2.238600231723116563e-01
7.321603128054741116e-01 3.131757566447421204e-01 2.238575381831134359e-01
7.331378299120234754e-01 3.131733302227480142e-01 2.238552979298354118e-01
7.341153470185728391e-01 3.131711763675543159e-01 2.238532457296647515e-01
7.350928641251222029e-01 3.131692329731849411e-01 2.238513370585900608e-01
7.360703812316715666e-01 3.131674515196901099e-01 2.238495370997421741e-01
7.370478983382209304e-01 3.131657942672400052e-01 2.238478187373895700e-01
7.380254154447702941e-01 3.131642319774261551e-01 2.238461609277894726e-01
7.390029325513196579e-01 3.131627420761047831e-01 2.238445473856598145e-01
7.399804496578690216e-01 3.131613071826542249e-01 2.238429655325719636e-01
7.409579667644183854e-01 3.131599139406473498e-01 2.238414056608034608e-01
7.419354838709677491e-01 3.131585520943832579e-01 2.238398602729430309e-01
7.429130009775171128e-01 3.131572137643444664e-01 2.238383235637033675e-01
7.438905180840664766e-01 3.131558928823484078e-01 2.238367910159028973e-01
7.448680351906158403e-01 3.131545847539299321e-01 2.238352590874163328e-01
7.458455522971652041e-01 3.131532857213498722e-01 2.238337249700816101e-01
7.468230694037145678e-01 3.131519929056224560e-01 2.238321864051213972e-01
7.478005865102639316e-01 3.131507040101664252e-01 2.238306415426495055e-01
7.487781036168132953e-01 3.131494171721920239e-01 2.238290888353378083e-01
7.497556207233626591e-01 3.131481308508249906e-01 2.238275269583830107e-01
7.507331378299120228e-01 3.131468437433239105e-01 2.238259547495954627e-01
7.517106549364613866e-01 3.131455547226491554e-01 2.238243711647899536e-01
7.526881720430107503e-01 3.131442627911613097e-01 2.238227752447442542e-01
7.536656891495601140e-01 3.131429670464334070e-01 2.238211660908506484e-01
7.546432062561094778e-01 3.131416666561092077e-01 2.238195428472637138e-01
7.556207233626588415e-01 3.131403608394769944e-01 2.238179046878721323e-01
7.565982404692082053e-01 3.131390488540025108e-01 2.238162508068319290e-01
7.575757575757575690e-01 3.131377299855001017e-01 2.238145804117102622e-01
7.585532746823069328e-01 3.131364035409588964e-01 2.238128927185265848e-01
7.595307917888562965e-01 3.131350688432918417e-01 2.238111869481616834e-01
7.605083088954056603e-01 3.131337252274667415e-01 2.238094623237378011e-01
7.614858260019550240e-01 3.131323720376236186e-01 2.238077180686784684e-01
7.624633431085043878e-01 3.131310086248835223e-01 2.238059534052307398e-01
7.634408602150537515e-01 3.131296343456336784e-01 2.238041675532849439e-01
7.644183773216031152e-01 3.131282485601246668e-01 2.238023597293620492e-01
7.653958944281524790e-01 3.131268506312596678e-01 2.238005291456706680e-01
7.663734115347018427e-01 3.131254399235117725e-01 2.237986750091953969e-01
7.673509286412512065e-01 3.131240158019749642e-01 2.237967965208606524e-01
7.683284457478005702e-01 3.131225776315628706e-01 2.237948928748273447e-01
7.693059628543499340e-01 3.131211247761818139e-01 2.237929632577075612e-01
7.702834799608992977e-01 3.131196565972945156e-01 2.237910068468753622e-01
7.712609970674486615e-01 3.131181724512143716e-01 2.237890228068789011e-01
7.722385141739980252e-01 3.131166716860562804e-01 2.237870102851471088e-01
7.732160312805473890e-01 3.131151536430614724e-01 2.237849684137048212e-01
7.741935483870967527e-01 3.131136176687392414e-01 2.237828963265988957e-01
7.751710654936461165e-01 3.131120631322152348e-01 2.237807931862354216e-01
7.761485826001954802e-01 3.131104894085443013e-01 2.237786581631731331e-01
7.771260997067448439e-01 3.131088957653815341e-01 2.237764902761781305e-01
7.781036168132942077e-01 3.131072811796296596e-01 2.237742881198211409e-01
7.790811339198435714e-01 3.131056444039495013e-01 2.237720499287302323e-01
7.800586510263929352e-01 3.131039848733594422e-01 2.237697748493126804e-01
7.810361681329422989e-01 3.131023044098806829e-01 2.237674654523522100e-01
7.820136852394916627e-01 3.131006071673331226e-01 2.237651279219026179e-01
7.829912023460410264e-01 3.130988923826137360e-01 2.237627619640250032e-01
7.839687194525903902e-01 3.130971387036103892e-01 2.237603378787031694e-01
7.849462365591397539e-01 3.130953000978315970e-01 2.237577884288945995e-01
7.859237536656891177e-01 3.130933623521430231e-01 2.237550867937747323e-01
7.869012707722384814e-01 3.130914840753534767e-01 2.237524514972552558e-01
7.878787878787878451e-01 3.130900698748500521e-01 2.237504701499498094e-01
7.888563049853372089e-01 3.130893416865600520e-01 2.237495145803277408e-01
7.898338220918865726e-01 3.130880927320747742e-01 2.237479408868047193e-01
7.908113391984359364e-01 3.130827455730237352e-01 2.237405852293918307e-01
7.917888563049853001e-01 3.130704929640588663e-01 2.237229860702026896e-01
7.927663734115346639e-01 3.130601229505913796e-01 2.237069299409515377e-01
7.937438905180840276e-01 3.130826389386537345e-01 2.237369092434875750e-01
7.947214076246333914e-01 3.131693381860220504e-01 2.238612964501759950e-01
7.956989247311827551e-01 3.132592855602191473e-01 2.240002118316891389e-01
7.966764418377321189e-01 3.130877340883633231e-01 2.237758999247368430e-01
7.976539589442814826e-01 3.123293609585083286e-01 2.226954969918003568e-01
7.986314760508308463e-01 3.113764099140922670e-01 2.212546991477561398e-01
7.996089931573802101e-01 3.124277541382209922e-01 2.225693248268515168e-01
8.005865102639295738e-01 3.187181290415936341e-01 2.315384024247947037e-01
8.015640273704789376e-01 3.282094480304939554e-01 2.459341329433406553e-01
8.025415444770283013e-01 3.212321590900799606e-01 2.377312635657369000e-01
8.035190615835776651e-01 2.659959577374450546e-01 1.639840931994012430e-01
8.044965786901270288e-01 1.845285171349371756e-01 6.244698051748181350e-02
8.054740957966763926e-01 1.394098329590962027e-01 1.306485242936182914e-02
8.064516129032257563e-01 1.274219985742137129e-01 2.023022644301095737e-03
8.074291300097751201e-01 1.253545037332406409e-01 2.898505282853210585e-04
8.084066471163244838e-01 1.250502817503081898e-01 4.096895251357949024e-05
8.093841642228738475e-01 1.250070958562278234e-01 5.778393398090145058e-06
8.103616813294232113e-01 1.250010006345520508e-01 8.147780395722981031e-07
8.113391984359725750e-01 1.250001410895569265e-01 1.148836060588918169e-07
8.123167155425219388e-01 1.250000198934408946e-01 1.619838567099772363e-08
8.132942326490714136e-01 1.250000028049430278e-01 2.283944043668450973e-09
8.142717497556207773e-01 1.250000003954920003e-01 3.220322642816810418e-10
8.152492668621701410e-01 1.250000000557636715e-01 4.540600148802182721e-11
8.162267839687195048e-01 1.250000000078625439e-01 6.402130580934649142e-12
8.172043010752688685e-01 1.250000000011085577e-01 9.026522459255645571e-13
8.181818181818182323e-01 1.250000000001562361e-01 1.272428304816456814e-13
8.191593352883675960e-01 1.250000000000219824e-01 1.791319696632203367e-14
8.201368523949169598e-01 1.250000000000030531e-01 2.521286411519234331e-15
8.211143695014663235e-01 1.250000000000003886e-01 3.365450781264677887e-16
8.220918866080156873e-01 1.250000000000000278e-01 3.309347508925941599e-17
8.230694037145650510e-01 1.250000000000000000e-01 1.121804835813268861e-18
8.240469208211144148e-01 1.250000000000000000e-01 9.975505988335038569e-69
8.250244379276637785e-01 1.250000000000000000e-01 2.531791502242631483e-139
8.260019550342131422e-01 1.250000000000000000e-01 7.498763388757369219e-284
8.269794721407625060e-01 1.250000000000000000e-01 0.000000000000000000e+00
8.279569892473118697e-01 1.250000000000000000e-01 0.000000000000000000e+00
8.289345063538612335e-01 1.250000000000000000e-01 0.000000000000000000e+00
8.299120234604105972e-01 1.250000000000000000e-01 0.000000000000000000e+00
8.308895405669599610e-01 1.250000000000000000e-01 0.000000000000000000e+00
8.318670576735093247e-01 1.250000000000000000e-01 0.000000000000000000e+00
8.328445747800586885e-01 1.250000000000000000e-01 0.000000000000000000e+00
8.338220918866080522e-01 1.250000000000000000e-01 0.000000000000000000e+00
8.347996089931574160e-01 1.250000000000000000e-01 0.000000000000000000e+00
8.357771260997067797e-01 1.250000000000000000e-01 0.000000000000000000e+00
8.367546432062561435e-01 1.250000000000000000e-01 0.000000000000000000e+00
8.377321603128055072e-01 1.250000000000000000e-01 0.000000000000000000e+00
8.387096774193548709e-01 1.250000000000000000e-01 0.000000000000000000e+00
8.396871945259042347e-01 1.250000000000000000e-01 0.000000000000000000e+00
8.406647116324535984e-01 1.250000000000000000e-01 0.000000000000000000e+00
8.416422287390029622e-01 1.250000000000000000e-01 0.000000000000000000e+00
8.426197458455523259e-01 1.250000000000000000e-01 0.000000000000000000e+00
8.435972629521016897e-01 1.250000000000000000e-01 0.000000000000000000e+00
8.445747800586510534e-01 1.250000000000000000e-01 0.000000000000000000e+00
8.455522971652004172e-01 1.250000000000000000e-01 0.000000000000000000e+00
8.465298142717497809e-01 1.250000000000000000e-01 0.000000000000000000e+00
8.475073313782991447e-01 1.250000000000000000e-01 0.000000000000000000e+00
8.484848484848485084e-01 1.250000000000000000e-01 0.000000000000000000e+00
8.494623655913978721e-01 1.250000000000000000e-01 0.000000000000000000e+00
8.504398826979472359e-01 1.250000000000000000e-01 0.000000000000000000e+00
8.514173998044965996e-01 1.250000000000000000e-01 0.000000000000000000e+00
8.523949169110459634e-01 1.250000000000000000e-01 0.000000000000000000e+00
8.533724340175953271e-01 1.250000000000000000e-01 0.000000000000000000e+00
8.543499511241446909e-01 1.250000000000000000e-01 0.000000000000000000e+00
8.553274682306940546e-01 1.250000000000000000e-01 0.000000000000000000e+00
8.563049853372434184e-01 1.250000000000000000e-01 0.000000000000000000e+00
8.572825024437927821e-01 1.250000000000000000e-01 0.000000000000000000e+00
8.582600195503421459e-01 1.250000000000000000e-01 0.000000000000000000e+00
8.592375366568915096e-01 1.250000000000000000e-01 0.000000000000000000e+00
8.602150537634408733e-01 1.250000000000000000e-01 0.000000000000000000e+00
8.611925708699902371e-01 1.250000000000000000e-01 0.000000000000000000e+00
8.621700879765396008e-01 1.250000000000000000e-01 0.000000000000000000e+00
8.631476050830889646e-01 1.250000000000000000e-01 0.000000000000000000e+00
8.641251221896383283e-01 1.250000000000000000e-01 0.000000000000000000e+00
8.651026392961876921e-01 1.250000000000000000e-01 0.000000000000000000e+00
8.660801564027370558e-01 1.250000000000000000e-01 0.000000000000000000e+00
8.670576735092864196e-01 1.250000000000000000e-01 0.000000000000000000e+00
8.680351906158357833e-01 1.250000000000000000e-01 0.000000000000000000e+00
8.690127077223851471e-01 1.250000000000000000e-01 0.000000000000000000e+00
8.699902248289345108e-01 1.250000000000000000e-01 0.000000000000000000e+00
8.709677419354838745e-01 1.250000000000000000e-01 0.000000000000000000e+00
8.719452590420332383e-01 1.250000000000000000e-01 0.000000000000000000e+00
8.729227761485826020e-01 1.250000000000000000e-01 0.000000000000000000e+00
8.739002932551319658e-01 1.250000000000000000e-01 0.000000000000000000e+00
8.748778103616813295e-01 1.250000000000000000e-01 0.000000000000000000e+00
8.758553274682306933e-01 1.250000000000000000e-01 0.000000000000000000e+00
8.768328445747800570e-01 1.250000000000000000e-01 0.000000000000000000e+00
8.778103616813294208e-01 1.250000000000000000e-01 0.000000000000000000e+00
8.787878787878787845e-01 1.250000000000000000e-01 0.000000000000000000e+00
8.797653958944281483e-01 1.250000000000000000e-01 0.000000000000000000e+00
8.807429130009775120e-01 1.250000000000000000e-01 0.000000000000000000e+00
8.817204301075268758e-01 1.250000000000000000e-01 0.000000000000000000e+00
8.826979472140762395e-01 1.250000000000000000e-01 0.000000000000000000e+00
8.836754643206256032e-01 1.250000000000000000e-01 0.000000000000000000e+00
8.846529814271749670e-01 1.250000000000000000e-01 0.000000000000000000e+00
8.856304985337243307e-01 1.250000000000000000e-01 0.000000000000000000e+00
8.866080156402736945e-01 1.250000000000000000e-01 0.000000000000000000e+00
8.875855327468230582e-01 1.250000000000000000e-01 0.000000000000000000e+00
8.885630498533724220e-01 1.250000000000000000e-01 0.000000000000000000e+00
8.895405669599217857e-01 1.250000000000000000e-01 0.000000000000000000e+00
8.905180840664711495e-01 1.250000000000000000e-01 0.000000000000000000e+00
8.914956011730205132e-01 1.250000000000000000e-01 0.000000000000000000e+00
8.924731182795698770e-01 1.250000000000000000e-01 0.000000000000000000e+00
8.934506353861192407e-01 1.250000000000000000e-01 0.000000000000000000e+00
8.944281524926686044e-01 1.250000000000000000e-01 0.000000000000000000e+00
8.954056695992179682e-01 1.250000000000000000e-01 0.000000000000000000e+00
8.963831867057673319e-01 1.250000000000000000e-01 0.000000000000000000e+00
8.973607038123166957e-01 1.250000000000000000e-01 0.000000000000000000e+00
8.983382209188660594e-01 1.250000000000000000e-01 0.000000000000000000e+00
8.993157380254154232e-01 1.250000000000000000e-01 0.000000000000000000e+00
9.002932551319647869e-01 1.250000000000000000e-01 0.000000000000000000e+00
9.012707722385141507e-01 1.250000000000000000e-01 0.000000000000000000e+00
9.022482893450635144e-01 1.250000000000000000e-01 0.000000000000000000e+00
9.032258064516128782e-01 1.250000000000000000e-01 0.000000000000000000e+00
9.042033235581622419e-01 1.250000000000000000e-01 0.000000000000000000e+00
9.051808406647116056e-01 1.250000000000000000e-01 0.000000000000000000e+00
9.061583577712609694e-01 1.250000000000000000e-01 0.000000000000000000e+00
9.071358748778103331e-01 1.250000000000000000e-01 0.000000000000000000e+00
9.081133919843596969e-01 1.250000000000000000e-01 0.000000000000000000e+00
9.090909090909090606e-01 1.250000000000000000e-01 0.000000000000000000e+00
9.100684261974584244e-01 1.250000000000000000e-01 0.000000000000000000e+00
9.110459433040077881e-01 1.250000000000000000e-01 0.000000000000000000e+00
9.120234604105571519e-01 1.250000000000000000e-01 0.000000000000000000e+00
9.130009775171065156e-01 1.250000000000000000e-01 0.000000000000000000e+00
9.139784946236558794e-01 1.250000000000000000e-01 0.000000000000000000e+00
9.149560117302052431e-01 1.250000000000000000e-01 0.000000000000000000e+00
9.159335288367546068e-01 1.250000000000000000e-01 0.000000000000000000e+00
9.169110459433039706e-01 1.250000000000000000e-01 0.000000000000000000e+00
9.178885630498533343e-01 1.250000000000000000e-01 0.000000000000000000e+00
9.188660801564026981e-01 1.250000000000000000e-01 0.000000000000000000e+00
9.198435972629520618e-01 1.250000000000000000e-01 0.000000000000000000e+00
9.208211143695014256e-01 1.250000000000000000e-01 0.000000000000000000e+00
9.217986314760507893e-01 1.250000000000000000e-01 0.000000000000000000e+00
9.227761485826001531e-01 1.250000000000000000e-01 0.000000000000000000e+00
9.237536656891495168e-01 1.250000000000000000e-01 0.000000000000000000e+00
9.247311827956988806e-01 1.250000000000000000e-01 0.000000000000000000e+00
9.257086999022482443e-01 1.250000000000000000e-01 0.000000000000000000e+00
9.266862170087976081e-01 1.250000000000000000e-01 0.000000000000000000e+00
9.276637341153469718e-01 1.250000000000000000e-01 0.000000000000000000e+00
9.286412512218963355e-01 1.250000000000000000e-01 0.000000000000000000e+00
9.296187683284456993e-01 1.250000000000000000e-01 0.000000000000000000e+00
9.305962854349950630e-01 1.250000000000000000e-01 0.000000000000000000e+00
9.315738025415444268e-01 1.250000000000000000e-01 0.000000000000000000e+00
9.325513196480937905e-01 1.250000000000000000e-01 0.000000000000000000e+00
9.335288367546431543e-01 1.250000000000000000e-01 0.000000000000000000e+00
9.345063538611925180e-01 1.250000000000000000e-01 0.000000000000000000e+00
9.354838709677418818e-01 1.250000000000000000e-01 0.000000000000000000e+00
9.364613880742912455e-01 1.250000000000000000e-01 0.000000000000000000e+00
9.374389051808406093e-01 1.250000000000000000e-01 0.000000000000000000e+00
9.384164222873900840e-01 1.250000000000000000e-01 0.000000000000000000e+00
9.393939393939394478e-01 1.250000000000000000e-01 0.000000000000000000e+00
9.403714565004888115e-01 1.250000000000000000e-01 0.000000000000000000e+00
9.413489736070381753e-01 1.250000000000000000e-01 0.000000000000000000e+00
9.423264907135875390e-01 1.250000000000000000e-01 0.000000000000000000e+00
9.433040078201369028e-01 1.250000000000000000e-01 0.000000000000000000e+00
9.442815249266862665e-01 1.250000000000000000e-01 0.000000000000000000e+00
9.452590420332356302e-01 1.250000000000000000e-01 0.000000000000000000e+00
9.462365591397849940e-01 1.250000000000000000e-01 0.000000000000000000e+00
9.472140762463343577e-01 1.250000000000000000e-01 0.000000000000000000e+00
9.481915933528837215e-01 1.250000000000000000e-01 0.000000000000000000e+00
9.491691104594330852e-01 1.250000000000000000e-01 0.000000000000000000e+00
9.501466275659824490e-01 1.250000000000000000e-01 0.000000000000000000e+00
9.511241446725318127e-01 1.250000000000000000e-01 0.000000000000000000e+00
9.521016617790811765e-01 1.250000000000000000e-01 0.000000000000000000e+00
9.530791788856305402e-01 1.250000000000000000e-01 0.000000000000000000e+00
9.540566959921799040e-01 1.250000000000000000e-01 0.000000000000000000e+00
9.550342130987292677e-01 1.250000000000000000e-01 0.000000000000000000e+00
9.560117302052786314e-01 1.250000000000000000e-01 0.000000000000000000e+00
9.569892473118279952e-01 1.250000000000000000e-01 0.000000000000000000e+00
9.579667644183773589e-01 1.250000000000000000e-01 0.000000000000000000e+00
9.589442815249267227e-01 1.250000000000000000e-01 0.000000000000000000e+00
9.599217986314760864e-01 1.250000000000000000e-01 0.000000000000000000e+00
9.608993157380254502e-01 1.250000000000000000e-01 0.000000000000000000e+00
9.618768328445748139e-01 1.250000000000000000e-01 0.000000000000000000e+00
9.628543499511241777e-01 1.250000000000000000e-01 0.000000000000000000e+00
9.638318670576735414e-01 1.250000000000000000e-01 0.000000000000000000e+00
9.648093841642229052e-01 1.250000000000000000e-01 0.000000000000000000e+00
9.657869012707722689e-01 1.250000000000000000e-01 0.000000000000000000e+00
9.667644183773216326e-01 1.250000000000000000e-01 0.000000000000000000e+00
9.677419354838709964e-01 1.250000000000000000e-01 0.000000000000000000e+00
9.687194525904203601e-01 1.250000000000000000e-01 0.000000000000000000e+00
9.696969696969697239e-01 1.250000000000000000e-01 0.000000000000000000e+00
9.706744868035190876e-01 1.250000000000000000e-01 0.000000000000000000e+00
9.716520039100684514e-01 1.250000000000000000e-01 0.000000000000000000e+00
9.726295210166178151e-01 1.250000000000000000e-01 0.000000000000000000e+00
9.736070381231671789e-01 1.250000000000000000e-01 0.000000000000000000e+00
9.745845552297165426e-01 1.250000000000000000e-01 0.000000000000000000e+00
9.755620723362659064e-01 1.250000000000000000e-01 0.000000000000000000e+00
9.765395894428152701e-01 1.250000000000000000e-01 0.000000000000000000e+00
9.775171065493646338e-01 1.250000000000000000e-01 0.000000000000000000e+00
9.784946236559139976e-01 1.250000000000000000e-01 0.000000000000000000e+00
9.794721407624633613e-01 1.250000000000000000e-01 0.000000000000000000e+00
9.804496578690127251e-01 1.250000000000000000e-01 0.000000000000000000e+00
9.814271749755620888e-01 1.250000000000000000e-01 0.000000000000000000e+00
9.824046920821114526e-01 1.250000000000000000e-01 0.000000000000000000e+00
9.833822091886608163e-01 1.250000000000000000e-01 0.000000000000000000e+00
9.843597262952101801e-01 1.250000000000000000e-01 0.000000000000000000e+00
9.853372434017595438e-01 1.250000000000000000e-01 0.000000000000000000e+00
9.863147605083089076e-01 1.250000000000000000e-01 0.000000000000000000e+00
9.872922776148582713e-01 1.250000000000000000e-01 0.000000000000000000e+00
9.882697947214076351e-01 1.250000000000000000e-01 0.000000000000000000e+00
9.892473118279569988e-01 1.250000000000000000e-01 0.000000000000000000e+00
9.902248289345063625e-01 1.250000000000000000e-01 0.000000000000000000e+00
9.912023460410557263e-01 1.250000000000000000e-01 0.000000000000000000e+00
9.921798631476050900e-01 1.250000000000000000e-01 0.000000000000000000e+00
9.931573802541544538e-01 1.250000000000000000e-01 0.000000000000000000e+00
9.941348973607038175e-01 1.250000000000000000e-01 0.000000000000000000e+00
9.951124144672531813e-01 1.250000000000000000e-01 0.000000000000000000e+00
9.960899315738025450e-01 1.250000000000000000e-01 0.000000000000000000e+00
9.970674486803519088e-01 1.250000000000000000e-01 0.000000000000000000e+00
9.980449657869012725e-01 1.250000000000000000e-01 0.000000000000000000e+00
9.990224828934506363e-01 1.250000000000000000e-01 -0.000000000000000000e+00
1.000000000000000000e+00 1.250000000000000000e-01 -0.000000000000000000e+00
