# 0.2745118445678222
0.000000000000000000e+00 1.000000000000000000e+00 -0.000000000000000000e+00
9.775171065493646130e-04 1.000000000000000000e+00 -0.000000000000000000e+00
1.955034213098729226e-03 1.000000000000000000e+00 0.000000000000000000e+00
2.932551319648093839e-03 1.000000000000000000e+00 0.000000000000000000e+00
3.910068426197458452e-03 1.000000000000000000e+00 0.000000000000000000e+00
4.887585532746823065e-03 1.000000000000000000e+00 0.000000000000000000e+00
5.865102639296187678e-03 1.000000000000000000e+00 0.000000000000000000e+00
6.842619745845552291e-03 1.000000000000000000e+00 0.000000000000000000e+00
7.820136852394916904e-03 1.000000000000000000e+00 0.000000000000000000e+00
8.797653958944282385e-03 1.000000000000000000e+00 0.000000000000000000e+00
9.775171065493646130e-03 1.000000000000000000e+00 0.000000000000000000e+00
1.075268817204301161e-02 1.000000000000000000e+00 0.000000000000000000e+00
1.173020527859237536e-02 1.000000000000000000e+00 0.000000000000000000e+00
1.270772238514174084e-02 1.000000000000000000e+00 0.000000000000000000e+00
1.368523949169110458e-02 1.000000000000000000e+00 0.000000000000000000e+00
1.466275659824047006e-02 1.000000000000000000e+00 0.000000000000000000e+00
1.564027370478983381e-02 1.000000000000000000e+00 0.000000000000000000e+00
1.661779081133919755e-02 1.000000000000000000e+00 0.000000000000000000e+00
1.759530791788856477e-02 1.000000000000000000e+00 0.000000000000000000e+00
1.857282502443792851e-02 1.000000000000000000e+00 0.000000000000000000e+00
1.955034213098729226e-02 1.000000000000000000e+00 0.000000000000000000e+00
2.052785923753665601e-02 1.000000000000000000e+00 0.000000000000000000e+00
2.150537634408602322e-02 1.000000000000000000e+00 0.000000000000000000e+00
2.248289345063538697e-02 1.000000000000000000e+00 0.000000000000000000e+00
2.346041055718475071e-02 1.000000000000000000e+00 0.000000000000000000e+00
2.443792766373411446e-02 1.000000000000000000e+00 0.000000000000000000e+00
2.541544477028348167e-02 1.000000000000000000e+00 0.000000000000000000e+00
2.639296187683284542e-02 1.000000000000000000e+00 0.000000000000000000e+00
2.737047898338220916e-02 1.000000000000000000e+00 0.000000000000000000e+00
2.834799608993157291e-02 1.000000000000000000e+00 0.000000000000000000e+00
2.932551319648094013e-02 1.000000000000000000e+00 0.000000000000000000e+00
3.030303030303030387e-02 1.000000000000000000e+00 0.000000000000000000e+00
3.128054740957966762e-02 1.000000000000000000e+00 0.000000000000000000e+00
3.225806451612903136e-02 1.000000000000000000e+00 0.000000000000000000e+00
3.323558162267839511e-02 1.000000000000000000e+00 0.000000000000000000e+00
3.421309872922775885e-02 1.000000000000000000e+00 0.000000000000000000e+00
3.519061583577712954e-02 1.000000000000000000e+00 0.000000000000000000e+00
3.616813294232649328e-02 1.000000000000000000e+00 0.000000000000000000e+00
3.714565004887585703e-02 1.000000000000000000e+00 0.000000000000000000e+00
3.812316715542522078e-02 1.000000000000000000e+00 0.000000000000000000e+00
3.910068426197458452e-02 1.000000000000000000e+00 0.000000000000000000e+00
4.007820136852394827e-02 1.000000000000000000e+00 0.000000000000000000e+00
4.105571847507331201e-02 1.000000000000000000e+00 0.000000000000000000e+00
4.203323558162267576e-02 1.000000000000000000e+00 0.000000000000000000e+00
4.301075268817204644e-02 1.000000000000000000e+00 0.000000000000000000e+00
4.398826979472141019e-02 1.000000000000000000e+00 0.000000000000000000e+00
4.496578690127077393e-02 1.000000000000000000e+00 0.000000000000000000e+00
4.594330400782013768e-02 1.000000000000000000e+00 0.000000000000000000e+00
4.692082111436950143e-02 1.000000000000000000e+00 0.000000000000000000e+00
4.789833822091886517e-02 1.000000000000000000e+00 0.000000000000000000e+00
4.887585532746822892e-02 1.000000000000000000e+00 0.000000000000000000e+00
4.985337243401759266e-02 1.000000000000000000e+00 0.000000000000000000e+00
5.083088954056696335e-02 1.000000000000000000e+00 0.000000000000000000e+00
5.180840664711632709e-02 1.000000000000000000e+00 0.000000000000000000e+00
5.278592375366569084e-02 1.000000000000000000e+00 0.000000000000000000e+00
5.376344086021505458e-02 1.000000000000000000e+00 0.000000000000000000e+00
5.474095796676441833e-02 1.000000000000000000e+00 0.000000000000000000e+00
5.571847507331378208e-02 1.000000000000000000e+00 0.000000000000000000e+00
5.669599217986314582e-02 1.000000000000000000e+00 0.000000000000000000e+00
5.767350928641250957e-02 1.000000000000000000e+00 0.000000000000000000e+00
5.865102639296188025e-02 1.000000000000000000e+00 0.000000000000000000e+00
5.962854349951124400e-02 1.000000000000000000e+00 0.000000000000000000e+00
6.060606060606060774e-02 1.000000000000000000e+00 0.000000000000000000e+00
6.158357771260997149e-02 1.000000000000000000e+00 0.000000000000000000e+00
6.256109481915933523e-02 1.000000000000000000e+00 0.000000000000000000e+00
6.353861192570869898e-02 1.000000000000000000e+00 0.000000000000000000e+00
6.451612903225806273e-02 1.000000000000000000e+00 0.000000000000000000e+00
6.549364613880742647e-02 1.000000000000000000e+00 0.000000000000000000e+00
6.647116324535679022e-02 1.000000000000000000e+00 0.000000000000000000e+00
6.744868035190615396e-02 1.000000000000000000e+00 0.000000000000000000e+00
6.842619745845551771e-02 1.000000000000000000e+00 0.000000000000000000e+00
6.940371456500488145e-02 1.000000000000000000e+00 0.000000000000000000e+00
7.038123167155425908e-02 1.000000000000000000e+00 0.000000000000000000e+00
7.135874877810362282e-02 1.000000000000000000e+00 0.000000000000000000e+00
7.233626588465298657e-02 1.000000000000000000e+00 0.000000000000000000e+00
7.331378299120235031e-02 1.000000000000000000e+00 0.000000000000000000e+00
7.429130009775171406e-02 1.000000000000000000e+00 0.000000000000000000e+00
7.526881720430107781e-02 1.000000000000000000e+00 0.000000000000000000e+00
7.624633431085044155e-02 1.000000000000000000e+00 0.000000000000000000e+00
7.722385141739980530e-02 1.000000000000000000e+00 0.000000000000000000e+00
7.820136852394916904e-02 1.000000000000000000e+00 0.000000000000000000e+00
7.917888563049853279e-02 1.000000000000000000e+00 0.000000000000000000e+00
8.015640273704789653e-02 1.000000000000000000e+00 0.000000000000000000e+00
8.113391984359726028e-02 1.000000000000000000e+00 0.000000000000000000e+00
8.211143695014662403e-02 1.000000000000000000e+00 0.000000000000000000e+00
8.308895405669598777e-02 1.000000000000000000e+00 0.000000000000000000e+00
8.406647116324535152e-02 1.000000000000000000e+00 0.000000000000000000e+00
8.504398826979471526e-02 1.000000000000000000e+00 0.000000000000000000e+00
8.602150537634409289e-02 1.000000000000000000e+00 0.000000000000000000e+00
8.699902248289345663e-02 1.000000000000000000e+00 0.000000000000000000e+00
8.797653958944282038e-02 1.000000000000000000e+00 0.000000000000000000e+00
8.895405669599218412e-02 1.000000000000000000e+00 0.000000000000000000e+00
8.993157380254154787e-02 1.000000000000000000e+00 0.000000000000000000e+00
9.090909090909091161e-02 1.000000000000000000e+00 0.000000000000000000e+00
9.188660801564027536e-02 1.000000000000000000e+00 0.000000000000000000e+00
9.286412512218963911e-02 1.000000000000000000e+00 0.000000000000000000e+00
9.384164222873900285e-02 1.000000000000000000e+00 0.000000000000000000e+00
9.481915933528836660e-02 1.000000000000000000e+00 0.000000000000000000e+00
9.579667644183773034e-02 1.000000000000000000e+00 0.000000000000000000e+00
9.677419354838709409e-02 1.000000000000000000e+00 0.000000000000000000e+00
9.775171065493645783e-02 1.000000000000000000e+00 0.000000000000000000e+00
9.872922776148582158e-02 1.000000000000000000e+00 0.000000000000000000e+00
9.970674486803518533e-02 1.000000000000000000e+00 0.000000000000000000e+00
1.006842619745845491e-01 1.000000000000000000e+00 0.000000000000000000e+00
1.016617790811339267e-01 1.000000000000000000e+00 0.000000000000000000e+00
1.026392961876832904e-01 1.000000000000000000e+00 0.000000000000000000e+00
1.036168132942326542e-01 1.000000000000000000e+00 0.000000000000000000e+00
1.045943304007820179e-01 1.000000000000000000e+00 0.000000000000000000e+00
1.055718475073313817e-01 1.000000000000000000e+00 0.000000000000000000e+00
1.065493646138807454e-01 1.000000000000000000e+00 0.000000000000000000e+00
1.075268817204301092e-01 1.000000000000000000e+00 0.000000000000000000e+00
1.085043988269794729e-01 1.000000000000000000e+00 0.000000000000000000e+00
1.094819159335288367e-01 1.000000000000000000e+00 0.000000000000000000e+00
1.104594330400782004e-01 1.000000000000000000e+00 0.000000000000000000e+00
1.114369501466275642e-01 1.000000000000000000e+00 0.000000000000000000e+00
1.124144672531769279e-01 1.000000000000000000e+00 0.000000000000000000e+00
1.133919843597262916e-01 1.000000000000000000e+00 0.000000000000000000e+00
1.143695014662756554e-01 1.000000000000000000e+00 0.000000000000000000e+00
1.153470185728250191e-01 1.000000000000000000e+00 0.000000000000000000e+00
1.163245356793743829e-01 1.000000000000000000e+00 0.000000000000000000e+00
1.173020527859237605e-01 1.000000000000000000e+00 0.000000000000000000e+00
1.182795698924731242e-01 1.000000000000000000e+00 0.000000000000000000e+00
1.192570869990224880e-01 1.000000000000000000e+00 0.000000000000000000e+00
1.202346041055718517e-01 1.000000000000000000e+00 0.000000000000000000e+00
1.212121212121212155e-01 1.000000000000000000e+00 0.000000000000000000e+00
1.221896383186705792e-01 1.000000000000000000e+00 0.000000000000000000e+00
1.231671554252199430e-01 1.000000000000000000e+00 0.000000000000000000e+00
1.241446725317693067e-01 1.000000000000000000e+00 0.000000000000000000e+00
1.251221896383186705e-01 1.000000000000000000e+00 0.000000000000000000e+00
1.260997067448680342e-01 1.000000000000000000e+00 0.000000000000000000e+00
1.270772238514173980e-01 1.000000000000000000e+00 0.000000000000000000e+00
1.280547409579667617e-01 1.000000000000000000e+00 0.000000000000000000e+00
1.290322580645161255e-01 1.000000000000000000e+00 0.000000000000000000e+00
1.300097751710654892e-01 1.000000000000000000e+00 0.000000000000000000e+00
1.309872922776148529e-01 1.000000000000000000e+00 0.000000000000000000e+00
1.319648093841642167e-01 1.000000000000000000e+00 0.000000000000000000e+00
1.329423264907135804e-01 1.000000000000000000e+00 0.000000000000000000e+00
1.339198435972629442e-01 1.000000000000000000e+00 0.000000000000000000e+00
1.348973607038123079e-01 1.000000000000000000e+00 0.000000000000000000e+00
1.358748778103616717e-01 1.000000000000000000e+00 0.000000000000000000e+00
1.368523949169110354e-01 1.000000000000000000e+00 0.000000000000000000e+00
1.378299120234603992e-01 1.000000000000000000e+00 0.000000000000000000e+00
1.388074291300097629e-01 1.000000000000000000e+00 0.000000000000000000e+00
1.397849462365591267e-01 1.000000000000000000e+00 0.000000000000000000e+00
1.407624633431085182e-01 1.000000000000000000e+00 0.000000000000000000e+00
1.417399804496578819e-01 1.000000000000000000e+00 0.000000000000000000e+00
1.427174975562072456e-01 1.000000000000000000e+00 0.000000000000000000e+00
1.436950146627566094e-01 1.000000000000000000e+00 0.000000000000000000e+00
1.446725317693059731e-01 1.000000000000000000e+00 0.000000000000000000e+00
1.456500488758553369e-01 1.000000000000000000e+00 0.000000000000000000e+00
1.466275659824047006e-01 1.000000000000000000e+00 0.000000000000000000e+00
1.476050830889540644e-01 1.000000000000000000e+00 0.000000000000000000e+00
1.485826001955034281e-01 1.000000000000000000e+00 0.000000000000000000e+00
1.495601173020527919e-01 1.000000000000000000e+00 0.000000000000000000e+00
1.505376344086021556e-01 1.000000000000000000e+00 0.000000000000000000e+00
1.515151515151515194e-01 1.000000000000000000e+00 0.000000000000000000e+00
1.524926686217008831e-01 1.000000000000000000e+00 0.000000000000000000e+00
1.534701857282502468e-01 1.000000000000000000e+00 0.000000000000000000e+00
1.544477028347996106e-01 1.000000000000000000e+00 0.000000000000000000e+00
1.554252199413489743e-01 1.000000000000000000e+00 0.000000000000000000e+00
1.564027370478983381e-01 1.000000000000000000e+00 0.000000000000000000e+00
1.573802541544477018e-01 1.000000000000000000e+00 0.000000000000000000e+00
1.583577712609970656e-01 1.000000000000000000e+00 0.000000000000000000e+00
1.593352883675464293e-01 1.000000000000000000e+00 0.000000000000000000e+00
1.603128054740957931e-01 1.000000000000000000e+00 0.000000000000000000e+00
1.612903225806451568e-01 1.000000000000000000e+00 0.000000000000000000e+00
1.622678396871945206e-01 1.000000000000000000e+00 0.000000000000000000e+00
1.632453567937438843e-01 1.000000000000000000e+00 0.000000000000000000e+00
1.642228739002932481e-01 1.000000000000000000e+00 0.000000000000000000e+00
1.652003910068426118e-01 1.000000000000000000e+00 0.000000000000000000e+00
1.661779081133919755e-01 1.000000000000000000e+00 0.000000000000000000e+00
1.671554252199413393e-01 1.000000000000000000e+00 0.000000000000000000e+00
1.681329423264907030e-01 1.000000000000000000e+00 0.000000000000000000e+00
1.691104594330400668e-01 1.000000000000000000e+00 0.000000000000000000e+00
1.700879765395894305e-01 1.000000000000000000e+00 0.000000000000000000e+00
1.710654936461387943e-01 1.000000000000000000e+00 0.000000000000000000e+00
1.720430107526881858e-01 1.000000000000000000e+00 0.000000000000000000e+00
1.730205278592375495e-01 1.000000000000000000e+00 0.000000000000000000e+00
1.739980449657869133e-01 1.000000000000000000e+00 0.000000000000000000e+00
1.749755620723362770e-01 1.000000000000000000e+00 0.000000000000000000e+00
1.759530791788856408e-01 1.000000000000000000e+00 0.000000000000000000e+00
1.769305962854350045e-01 1.000000000000000000e+00 0.000000000000000000e+00
1.779081133919843682e-01 1.000000000000000000e+00 0.000000000000000000e+00
1.788856304985337320e-01 1.000000000000000000e+00 0.000000000000000000e+00
1.798631476050830957e-01 1.000000000000000000e+00 0.000000000000000000e+00
1.808406647116324595e-01 1.000000000000000000e+00 0.000000000000000000e+00
1.818181818181818232e-01 1.000000000000000000e+00 0.000000000000000000e+00
1.827956989247311870e-01 1.000000000000000000e+00 0.000000000000000000e+00
1.837732160312805507e-01 1.000000000000000000e+00 0.000000000000000000e+00
1.847507331378299145e-01 1.000000000000000000e+00 0.000000000000000000e+00
1.857282502443792782e-01 1.000000000000000000e+00 0.000000000000000000e+00
1.867057673509286420e-01 1.000000000000000000e+00 0.000000000000000000e+00
1.876832844574780057e-01 1.000000000000000000e+00 0.000000000000000000e+00
1.886608015640273694e-01 1.000000000000000000e+00 0.000000000000000000e+00
1.896383186705767332e-01 1.000000000000000000e+00 0.000000000000000000e+00
1.906158357771260969e-01 1.000000000000000000e+00 0.000000000000000000e+00
1.915933528836754607e-01 1.000000000000000000e+00 0.000000000000000000e+00
1.925708699902248244e-01 1.000000000000000000e+00 0.000000000000000000e+00
1.935483870967741882e-01 1.000000000000000000e+00 0.000000000000000000e+00
1.945259042033235519e-01 1.000000000000000000e+00 0.000000000000000000e+00
1.955034213098729157e-01 1.000000000000000000e+00 0.000000000000000000e+00
1.964809384164222794e-01 1.000000000000000000e+00 0.000000000000000000e+00
1.974584555229716432e-01 1.000000000000000000e+00 0.000000000000000000e+00
1.984359726295210069e-01 1.000000000000000000e+00 0.000000000000000000e+00
1.994134897360703707e-01 1.000000000000000000e+00 0.000000000000000000e+00
2.003910068426197344e-01 1.000000000000000000e+00 0.000000000000000000e+00
2.013685239491690981e-01 1.000000000000000000e+00 0.000000000000000000e+00
2.023460410557184619e-01 1.000000000000000000e+00 0.000000000000000000e+00
2.033235581622678534e-01 1.000000000000000000e+00 0.000000000000000000e+00
2.043010752688172171e-01 1.000000000000000000e+00 0.000000000000000000e+00
2.052785923753665809e-01 1.000000000000000000e+00 0.000000000000000000e+00
2.062561094819159446e-01 1.000000000000000000e+00 0.000000000000000000e+00
2.072336265884653084e-01 1.000000000000000000e+00 0.000000000000000000e+00
2.082111436950146721e-01 1.000000000000000000e+00 0.000000000000000000e+00
2.091886608015640359e-01 1.000000000000000000e+00 0.000000000000000000e+00
2.101661779081133996e-01 1.000000000000000000e+00 0.000000000000000000e+00
2.111436950146627634e-01 1.000000000000000000e+00 0.000000000000000000e+00
2.121212121212121271e-01 1.000000000000000000e+00 0.000000000000000000e+00
2.130987292277614908e-01 1.000000000000000000e+00 0.000000000000000000e+00
2.140762463343108546e-01 1.000000000000000000e+00 0.000000000000000000e+00
2.150537634408602183e-01 1.000000000000000000e+00 0.000000000000000000e+00
2.160312805474095821e-01 1.000000000000000000e+00 0.000000000000000000e+00
2.170087976539589458e-01 1.000000000000000000e+00 0.000000000000000000e+00
2.179863147605083096e-01 1.000000000000000000e+00 0.000000000000000000e+00
2.189638318670576733e-01 1.000000000000000000e+00 0.000000000000000000e+00
2.199413489736070371e-01 1.000000000000000000e+00 0.000000000000000000e+00
2.209188660801564008e-01 1.000000000000000000e+00 0.000000000000000000e+00
2.218963831867057646e-01 1.000000000000000000e+00 0.000000000000000000e+00
2.228739002932551283e-01 1.000000000000000000e+00 0.000000000000000000e+00
2.238514173998044920e-01 1.000000000000000000e+00 0.000000000000000000e+00
2.248289345063538558e-01 1.000000000000000000e+00 0.000000000000000000e+00
2.258064516129032195e-01 1.000000000000000000e+00 0.000000000000000000e+00
2.267839687194525833e-01 1.000000000000000000e+00 0.000000000000000000e+00
2.277614858260019470e-01 1.000000000000000000e+00 0.000000000000000000e+00
2.287390029325513108e-01 1.000000000000000000e+00 0.000000000000000000e+00
2.297165200391006745e-01 1.000000000000000000e+00 8.968887656492566258e-18
2.306940371456500383e-01 9.999999999999996669e-01 2.018013883835796728e-16
2.316715542521994020e-01 9.999999999999983347e-01 1.497830495668049455e-15
2.326490713587487658e-01 9.999999999999942268e-01 4.296197095940489839e-15
2.336265884652981295e-01 9.999999999999865663e-01 1.191105367777345851e-14
2.346041055718475210e-01 9.999999999999668043e-01 2.441420783558961117e-14
2.355816226783968848e-01 9.999999999999340528e-01 5.715659864943382956e-14
2.365591397849462485e-01 9.999999999998526734e-01 1.106898682590141018e-13
2.375366568914956122e-01 9.999999999997186695e-01 2.431397674654871401e-13
2.385141739980449760e-01 9.999999999993903765e-01 4.575022120247349419e-13
2.394916911045943397e-01 9.999999999988617994e-01 9.826790203958830764e-13
2.404692082111437035e-01 9.999999999975719422e-01 1.825016389962591573e-12
2.414467253176930672e-01 9.999999999955180296e-01 3.855344218399733662e-12
2.424242424242424310e-01 9.999999999906052928e-01 7.075022125193957993e-12
2.434017595307917947e-01 9.999999999828503849e-01 1.469830743883009101e-11
2.443792766373411585e-01 9.999999999646532745e-01 2.667747670182346721e-11
2.453567937438905222e-01 9.999999999361727232e-01 5.448559985919375255e-11
2.463343108504398860e-01 9.999999998706929905e-01 9.780189099931924365e-11
2.473118279569892497e-01 9.999999997691217946e-01 1.963060910454411579e-10
2.482893450635386134e-01 9.999999995403985320e-01 3.483736070129134035e-10
2.492668621700879772e-01 9.999999991888230966e-01 6.869536085200428212e-10
2.502443792766373409e-01 9.999999984139339437e-01 1.204813619241048858e-09
2.512218963831867047e-01 9.999999972339951304e-01 2.332971142764264903e-09
2.521994134897360684e-01 9.999999946902902170e-01 4.042081650657878530e-09
2.531769305962854322e-01 9.999999908543186766e-01 7.682446469976644834e-09
2.541544477028347959e-01 9.999999827719374679e-01 1.314333341574217122e-08
2.551319648093841597e-01 9.999999707049876951e-01 2.450671776550106445e-08
2.561094819159335234e-01 9.999999458763210169e-01 4.137998849427622310e-08
2.570869990224828872e-01 9.999999091894966607e-01 7.565119958828489677e-08
2.580645161290322509e-01 9.999998355426916730e-01 1.260050098745252828e-07
2.590420332355816146e-01 9.999997278867681638e-01 2.257339385960545058e-07
2.600195503421309784e-01 9.999995172571858326e-01 3.706622411368218554e-07
2.609970674486803421e-01 9.999992127920749319e-01 6.502522507309620623e-07
2.619745845552297059e-01 9.999986328972830796e-01 1.051928431862926405e-06
2.629521016617790696e-01 9.999978044187139981e-01 1.805773224085758908e-06
2.639296187683284334e-01 9.999962703445707257e-01 2.875865903257634332e-06
2.649071358748777971e-01 9.999941054422734066e-01 4.826810469620133006e-06
2.658846529814271609e-01 9.999902141438897774e-01 7.561409011800633233e-06
2.668621700879765246e-01 9.999847935123173936e-01 1.239666468327603124e-05
2.678396871945258884e-01 9.999753522524864602e-01 1.908399098984313403e-05
2.688172043010752521e-01 9.999623805031043755e-01 3.052983312093942919e-05
2.697947214076246158e-01 9.999405327350336936e-01 4.613534013732601753e-05
2.707722385141739796e-01 9.999109545857290948e-01 7.193223798695985271e-05
2.717497556207233433e-01 9.998628970513215863e-01 1.065682224171632733e-04
2.727272727272727071e-01 9.997988619147064604e-01 1.617216528987668218e-04
2.737047898338220708e-01 9.996987748854214706e-01 2.345491662715423449e-04
2.746823069403714346e-01 9.995676990110911042e-01 3.459235336276832618e-04
2.756598240469207983e-01 9.993712360782797122e-01 4.903290189543919441e-04
2.766373411534701621e-01 9.991187773641372338e-01 7.017094232114972187e-04
2.776148582600195258e-01 9.987571346525908611e-01 9.703153403487398826e-04
2.785923753665688896e-01 9.983020377200658713e-01 1.345367260178980231e-03
2.795698924731182533e-01 9.976810063471163170e-01 1.811420394888084906e-03
2.805474095796676171e-01 9.969173768732215724e-01 2.430261287360811328e-03
2.815249266862170363e-01 9.959271483800687941e-01 3.180412396115142940e-03
2.825024437927664001e-01 9.947402903890761872e-01 4.125892380196999679e-03
2.834799608993157638e-01 9.932789410823786858e-01 5.241076692521530467e-03
2.844574780058651275e-01 9.915757150542064968e-01 6.575736119429152760e-03
2.854349951124144913e-01 9.895806395613081508e-01 8.104019492554502893e-03
2.864125122189638550e-01 9.873238240808809296e-01 9.846892626693626999e-03
2.873900293255132188e-01 9.847959379107905642e-01 1.178168514272938221e-02
2.883675464320625825e-01 9.820225093946662875e-01 1.389842136288735840e-02
2.893450635386119463e-01 9.790282180965619307e-01 1.617744319986536700e-02
2.903225806451613100e-01 9.758369337534205101e-01 1.859068763937932189e-02
2.913000977517106738e-01 9.724860139270335990e-01 2.111857744683648744e-02
2.922776148582600375e-01 9.690010377918110152e-01 2.373251886667346669e-02
2.932551319648094013e-01 9.654132282668251852e-01 2.641229131341564507e-02
2.942326490713587650e-01 9.617477296237554318e-01 2.913801396131765822e-02
2.952101661779081287e-01 9.580245336883218554e-01 3.189243532256293145e-02
2.961876832844574925e-01 9.542625987785420261e-01 3.466347994724112286e-02
2.971652003910068562e-01 9.504743417837605568e-01 3.744029772952625623e-02
2.981427174975562200e-01 9.466704207257852222e-01 4.021523187302434438e-02
2.991202346041055837e-01 9.428586632130652179e-01 4.298299709433993365e-02
3.000977517106549475e-01 9.390443453361874138e-01 4.573906756817818636e-02
3.010752688172043112e-01 9.352316187772361511e-01 4.848081905449675572e-02
3.020527859237536750e-01 9.314234775234382369e-01 5.120611321703134183e-02
3.030303030303030387e-01 9.276217643072376395e-01 5.391347308185759357e-02
3.040078201368524025e-01 9.238281999479756035e-01 5.660188805581917865e-02
3.049853372434017662e-01 9.200437679146826753e-01 5.927067358674223407e-02
3.059628543499511300e-01 9.162693487531532455e-01 6.191921007643137048e-02
3.069403714565004937e-01 9.125055420243877169e-01 6.454721458311039883e-02
3.079178885630498574e-01 9.087528938482717367e-01 6.715434569547075461e-02
3.088954056695992212e-01 9.050117169567126751e-01 6.974044649558548692e-02
3.098729227761485849e-01 9.012823992369495274e-01 7.230534777462949148e-02
3.108504398826979487e-01 8.975651306147054420e-01 7.484898969056652529e-02
3.118279569892473124e-01 8.938601608739671356e-01 7.737127387764677899e-02
3.128054740957966762e-01 8.901676195309549122e-01 7.987220615458978656e-02
3.137829912023460399e-01 8.864876802017362944e-01 8.235174831663137629e-02
3.147605083088954037e-01 8.828204177135443587e-01 8.480993362054453644e-02
3.157380254154447674e-01 8.791659558920333906e-01 8.724676805113223965e-02
3.167155425219941312e-01 8.755243403246693035e-01 8.966230879440505175e-02
3.176930596285434949e-01 8.718956520378122743e-01 9.205658803261677903e-02
3.186705767350928586e-01 8.682799169726309607e-01 9.442967915397131040e-02
3.196480938416422224e-01 8.646771879575185782e-01 9.678163641509475446e-02
3.206256109481915861e-01 8.610874749272486861e-01 9.911254268300594139e-02
3.216031280547409499e-01 8.575108089669660760e-01 1.014224678237345689e-01
3.225806451612903136e-01 8.539471899079279504e-01 1.037115026741592810e-01
3.235581622678396774e-01 8.503966319061471157e-01 1.059797282123977613e-01
3.245356793743890411e-01 8.468591267043560356e-01 1.082272405164990126e-01
3.255131964809384049e-01 8.433346761793193425e-01 1.104541291923607921e-01
3.264907135874877686e-01 8.398232659118145538e-01 1.126604941822731132e-01
3.274682306940371324e-01 8.363248881321174721e-01 1.148464311257510889e-01
3.284457478005864961e-01 8.328395237314869526e-01 1.170120429016652114e-01
3.294232649071358598e-01 8.293671577120639293e-01 1.191574296130125943e-01
3.304007820136852236e-01 8.259077671116173969e-01 1.212826961890917238e-01
3.313782991202345873e-01 8.224613314191278057e-01 1.233879458963344639e-01
3.323558162267839511e-01 8.190278246401365703e-01 1.254732851997116538e-01
3.333333333333333148e-01 8.156072220455781174e-01 1.275388195484797316e-01
3.343108504398826786e-01 8.121994951545865593e-01 1.295846564505537257e-01
3.352883675464320423e-01 8.088046160476780599e-01 1.316109028309860041e-01
3.362658846529814061e-01 8.054225542379463976e-01 1.336176668834497538e-01
3.372434017595307698e-01 8.020532793632126900e-01 1.356050564434185535e-01
3.382209188660801336e-01 7.986967593171043767e-01 1.375731800900878710e-01
3.391984359726294973e-01 7.953529618892124509e-01 1.395221461604481406e-01
3.401759530791788610e-01 7.920218536744446647e-01 1.414520633722043952e-01
3.411534701857282248e-01 7.887034010596077893e-01 1.433630402417138128e-01
3.421309872922775885e-01 7.853975696153372432e-01 1.452551854255234587e-01
3.431085043988269523e-01 7.821043246759794565e-01 1.471286073776532088e-01
3.440860215053763715e-01 7.788236310155494113e-01 1.489834145257468712e-01
3.450635386119257353e-01 7.755554531878535718e-01 1.508197150732226155e-01
3.460410557184750990e-01 7.722997553652534153e-01 1.526376170833221024e-01
3.470185728250244628e-01 7.690565015365042889e-01 1.544372283634265486e-01
3.479960899315738265e-01 7.658256554353929380e-01 1.562186564999860916e-01
3.489736070381231903e-01 7.626071806579867163e-01 1.579820087907057302e-01
3.499511241446725540e-01 7.594010406381452860e-01 1.597273922544125702e-01
3.509286412512219178e-01 7.562071987187019007e-01 1.614549135898301069e-01
3.519061583577712815e-01 7.530256181503408586e-01 1.631646791740039848e-01
3.528836754643206453e-01 7.498562621371609449e-01 1.648567950363966084e-01
3.538611925708700090e-01 7.466990938458617499e-01 1.665313668526318680e-01
3.548387096774193727e-01 7.435540764367267741e-01 1.681884999273138004e-01
3.558162267839687365e-01 7.404211730767251698e-01 1.698282991866530423e-01
3.567937438905181002e-01 7.373003469621332018e-01 1.714508691665689588e-01
3.577712609970674640e-01 7.341915613323237721e-01 1.730563140056663174e-01
3.587487781036168277e-01 7.310947794873419170e-01 1.746447374366548733e-01
3.597262952101661915e-01 7.280099648010877056e-01 1.762162427803231901e-01
3.607038123167155552e-01 7.249370807356967372e-01 1.777709329392138937e-01
3.616813294232649190e-01 7.218760908536216991e-01 1.793089103927153205e-01
3.626588465298142827e-01 7.188269588298534796e-01 1.808302771923557817e-01
3.636363636363636465e-01 7.157896484628615275e-01 1.823351349579777347e-01
3.646138807429130102e-01 7.127641236852835238e-01 1.838235848742681977e-01
3.655913978494623739e-01 7.097503485738311246e-01 1.852957276878864912e-01
3.665689149560117377e-01 7.067482873588518677e-01 1.867516637049662920e-01
3.675464320625611014e-01 7.037579044333757139e-01 1.881914927890673828e-01
3.685239491691104652e-01 7.007791643618396238e-01 1.896153143594675183e-01
3.695014662756598289e-01 6.978120318884507567e-01 1.910232273898051780e-01
3.704789833822091927e-01 6.948564719452913208e-01 1.924153304070205794e-01
3.714565004887585564e-01 6.919124496601697372e-01 1.937917214905825192e-01
3.724340175953079202e-01 6.889799303642831774e-01 1.951524982719665124e-01
3.734115347018572839e-01 6.860588795997097922e-01 1.964977579343709646e-01
3.743890518084066477e-01 6.831492631267762627e-01 1.978275972126464499e-01
3.753665689149560114e-01 6.802510469313275410e-01 1.991421123934222770e-01
3.763440860215053752e-01 6.773641972319325300e-01 2.004413993154142426e-01
3.773216031280547389e-01 6.744886804870507957e-01 2.017255533698985304e-01
3.782991202346041026e-01 6.716244634021955040e-01 2.029946695013391533e-01
3.792766373411534664e-01 6.687715129371077927e-01 2.042488422081560617e-01
3.802541544477028301e-01 6.659297963129807707e-01 2.054881655436236743e-01
3.812316715542521939e-01 6.630992810197502418e-01 2.067127331168910065e-01
3.822091886608015576e-01 6.602799348234775767e-01 2.079226380941126273e-01
3.831867057673509214e-01 6.574717257738517118e-01 2.091179731996838931e-01
3.841642228739002851e-01 6.546746222118315917e-01 2.102988307175726046e-01
3.851417399804496489e-01 6.518885927774503708e-01 2.114653024927412861e-01
3.861192570869990126e-01 6.491136064178109066e-01 2.126174799326542852e-01
3.870967741935483764e-01 6.463496323952887535e-01 2.137554540088636157e-01
3.880742913000977401e-01 6.435966402959704125e-01 2.148793152586700450e-01
3.890518084066471038e-01 6.408546000383490426e-01 2.159891537868553479e-01
3.900293255131964676e-01 6.381234818823022792e-01 2.170850592674816171e-01
3.910068426197458313e-01 6.354032564383776949e-01 2.181671209457554106e-01
3.919843597262951951e-01 6.326938946774055550e-01 2.192354276399532120e-01
3.929618768328445588e-01 6.299953679404728391e-01 2.202900677434073140e-01
3.939393939393939226e-01 6.273076479492795121e-01 2.213311292265485730e-01
3.949169110459432863e-01 6.246307068169045795e-01 2.223586996390068959e-01
3.958944281524926501e-01 6.219645170590122341e-01 2.233728661117662107e-01
3.968719452590420138e-01 6.193090516055270722e-01 2.243737153593753642e-01
3.978494623655913776e-01 6.166642838128097992e-01 2.253613336822129776e-01
3.988269794721407413e-01 6.140301874763606227e-01 2.263358069688063412e-01
3.998044965786901050e-01 6.114067368440906369e-01 2.272972206982062093e-01
4.007820136852394688e-01 6.087939066301938373e-01 2.282456599424172172e-01
4.017595307917888325e-01 6.061916720296530725e-01 2.291812093688842256e-01
4.027370478983381963e-01 6.036000087334226771e-01 2.301039532430370349e-01
4.037145650048875600e-01 6.010188929443278649e-01 2.310139754308946636e-01
4.046920821114369238e-01 5.984483013937206275e-01 2.319113594017309099e-01
4.056695992179862875e-01 5.958882113589420992e-01 2.327961882308042796e-01
4.066471163245357068e-01 5.933386006816337988e-01 2.336685446021544432e-01
4.076246334310850705e-01 5.907994477869510375e-01 2.345285108114671391e-01
4.086021505376344343e-01 5.882707317037324524e-01 2.353761687690145987e-01
4.095796676441837980e-01 5.857524320856797306e-01 2.362116000026702745e-01
4.105571847507331618e-01 5.832445292336058129e-01 2.370348856610056676e-01
4.115347018572825255e-01 5.807470041188191878e-01 2.378461065164731714e-01
4.125122189638318893e-01 5.782598384077064502e-01 2.386453429686792860e-01
4.134897360703812530e-01 5.757830144875878409e-01 2.394326750477538401e-01
4.144672531769306167e-01 5.733165154939154906e-01 2.402081824178216585e-01
4.154447702834799805e-01 5.708603253389015197e-01 2.409719443805843908e-01
4.164222873900293442e-01 5.684144287416532659e-01 2.417240398790166667e-01
4.173998044965787080e-01 5.659788112599106746e-01 2.424645475011870110e-01
4.183773216031280717e-01 5.635534593234791112e-01 2.431935454842114874e-01
4.193548387096774355e-01 5.611383602694601791e-01 2.439111117183483390e-01
4.203323558162267992e-01 5.587335023793875699e-01 2.446173237512438980e-01
4.213098729227761630e-01 5.563388749183828530e-01 2.453122587923401710e-01
4.222873900293255267e-01 5.539544681764563272e-01 2.459959937174570621e-01
4.232649071358748905e-01 5.515802735120780564e-01 2.466686050735592273e-01
4.242424242424242542e-01 5.492162833981613090e-01 2.473301690837224343e-01
4.252199413489736179e-01 5.468624914706045059e-01 2.479807616523143354e-01
4.261974584555229817e-01 5.445188925795487744e-01 2.486204583704042237e-01
4.271749755620723454e-01 5.421854828435185292e-01 2.492493345214190636e-01
4.281524926686217092e-01 5.398622597066218276e-01 2.498674650870636171e-01
4.291300097751710729e-01 5.375492219990015696e-01 2.504749247535253964e-01
4.301075268817204367e-01 5.352463700007388248e-01 2.510717879179837908e-01
4.310850439882698004e-01 5.329537055094238918e-01 2.516581286954485686e-01
4.320625610948191642e-01 5.306712319116241305e-01 2.522340209259492649e-01
4.330400782013685279e-01 5.283989542584912602e-01 2.527995381821059317e-01
4.340175953079178917e-01 5.261368793457708026e-01 2.533547537771049796e-01
4.349951124144672554e-01 5.238850157984887845e-01 2.538997407731161116e-01
4.359726295210166191e-01 5.216433741606129049e-01 2.544345719901809910e-01
4.369501466275659829e-01 5.194119669899990299e-01 2.549593200156085038e-01
4.379276637341153466e-01 5.171908089589609681e-01 2.554740572139175825e-01
4.389051808406647104e-01 5.149799169608192395e-01 2.559788557373698370e-01
4.398826979472140741e-01 5.127793102228060951e-01 2.564737875371349007e-01
4.408602150537634379e-01 5.105890104257309048e-01 2.569589243751377317e-01
4.418377321603128016e-01 5.084090418308365722e-01 2.574343378366426571e-01
4.428152492668621654e-01 5.062394314143019436e-01 2.579000993436272871e-01
4.437927663734115291e-01 5.040802090098717159e-01 2.583562801690104660e-01
4.447702834799608929e-01 5.019314074601328723e-01 2.588029514517981577e-01
4.457478005865102566e-01 4.997930627769803236e-01 2.592401842132185386e-01
4.467253176930596203e-01 4.976652143118521221e-01 2.596680493739235707e-01
4.477028347996089841e-01 4.955479049363428201e-01 2.600866177723376582e-01
4.486803519061583478e-01 4.934411812338498349e-01 2.604959601842435357e-01
4.496578690127077116e-01 4.913450937029323340e-01 2.608961473437005907e-01
4.506353861192570753e-01 4.892596969731091705e-01 2.612872499653958180e-01
4.516129032258064391e-01 4.871850500338547607e-01 2.616693387685398164e-01
4.525904203323558028e-01 4.851212164775988156e-01 2.620424845024259541e-01
4.535679374389051666e-01 4.830682647575688660e-01 2.624067579737774381e-01
4.545454545454545303e-01 4.810262684613574313e-01 2.627622300760194540e-01
4.555229716520038941e-01 4.789953066011362059e-01 2.631089718206222061e-01
4.565004887585532578e-01 4.769754639214781045e-01 2.634470543706686763e-01
4.574780058651026216e-01 4.749668312257830927e-01 2.637765490768141374e-01
4.584555229716519853e-01 4.729695057223389232e-01 2.640975275158131130e-01
4.594330400782013490e-01 4.709835913910794258e-01 2.644100615318022984e-01
4.604105571847507128e-01 4.690091993721273722e-01 2.647142232805391182e-01
4.613880742913000765e-01 4.670464483772299169e-01 2.650100852768068616e-01
4.623655913978494403e-01 4.650954651252023342e-01 2.652977204452083848e-01
4.633431085043988040e-01 4.631563848024998764e-01 2.655772021745830269e-01
4.643206256109481678e-01 4.612293515500242580e-01 2.658486043762945394e-01
4.652981427174975315e-01 4.593145189772437909e-01 2.661120015466437727e-01
4.662756598240468953e-01 4.574120507046594009e-01 2.663674688336754581e-01
4.672531769305962590e-01 4.555221209355781453e-01 2.666150821086519240e-01
4.682306940371456228e-01 4.536449150580616485e-01 2.668549180424785172e-01
4.692082111436950420e-01 4.517806302777838678e-01 2.670870541873661130e-01
4.701857282502444058e-01 4.499294762823672911e-01 2.673115690640208153e-01
4.711632453567937695e-01 4.480916759375507818e-01 2.675285422546494485e-01
4.721407624633431332e-01 4.462674660152763928e-01 2.677380545020598412e-01
4.731182795698924970e-01 4.444570979534532840e-01 2.679401878151289607e-01
4.740957966764418607e-01 4.426608386467578149e-01 2.681350255808900851e-01
4.750733137829912245e-01 4.408789712673436556e-01 2.683226526834635584e-01
4.760508308895405882e-01 4.391117961137573911e-01 2.685031556300223055e-01
4.770283479960899520e-01 4.373596314856715295e-01 2.686766226839352179e-01
4.780058651026393157e-01 4.356228145812338637e-01 2.688431440051695098e-01
4.789833822091886795e-01 4.339017024128865585e-01 2.690028117979610944e-01
4.799608993157380432e-01 4.321966727364052185e-01 2.691557204656628288e-01
4.809384164222874070e-01 4.305081249866293813e-01 2.693019667725713440e-01
4.819159335288367707e-01 4.288364812118947156e-01 2.694416500123933966e-01
4.828934506353861345e-01 4.271821869974969377e-01 2.695748721828494232e-01
4.838709677419354982e-01 4.255457123666211428e-01 2.697017381657175750e-01
4.848484848484848619e-01 4.239275526450295151e-01 2.698223559114016901e-01
4.858260019550342257e-01 4.223282292734032439e-01 2.699368366268415920e-01
4.868035190615835894e-01 4.207482905485819269e-01 2.700452949652906165e-01
4.877810361681329532e-01 4.191883122720225230e-01 2.701478492161506484e-01
4.887585532746823169e-01 4.176488982806208505e-01 2.702446214926749191e-01
4.897360703812316807e-01 4.161306808316195260e-01 2.703357379149382012e-01
4.907135874877810444e-01 4.146343208096938682e-01 2.704213287850156799e-01
4.916911045943304082e-01 4.131605077205152687e-01 2.705015287508269473e-01
4.926686217008797719e-01 4.117099594311979804e-01 2.705764769545799253e-01
4.936461388074291357e-01 4.102834216141539869e-01 2.706463171612165652e-01
4.946236559139784994e-01 4.088816668471152438e-01 2.707111978617171566e-01
4.956011730205278631e-01 4.075054933186098016e-01 2.707712723455890647e-01
4.965786901270772269e-01 4.061557230851904898e-01 2.708266987363656675e-01
4.975562072336265906e-01 4.048331998244503738e-01 2.708776399835034487e-01
4.985337243401759544e-01 4.035387860266105853e-01 2.709242638037161477e-01
4.995112414467253181e-01 4.022733595675596630e-01 2.709667425645730932e-01
5.004887585532746819e-01 4.010378096080294830e-01 2.710052531031427181e-01
5.014662756598240456e-01 3.998330317675224399e-01 2.710399764726459382e-01
5.024437927663734094e-01 3.986599225280852976e-01 2.710710976105301651e-01
5.034213098729227731e-01 3.975193728324858955e-01 2.710988049221431662e-01
5.043988269794721369e-01 3.964122608542184900e-01 2.711232897753244053e-01
5.053763440860215006e-01 3.953394439333891563e-01 2.711447459027600537e-01
5.063538611925708643e-01 3.943017496931879862e-01 2.711633687109203938e-01
5.073313782991202281e-01 3.932999663764759068e-01 2.711793544967956437e-01
5.083088954056695918e-01 3.923348324709196588e-01 2.711928995764645856e-01
5.092864125122189556e-01 3.914070257237818318e-01 2.712041993327211631e-01
5.102639296187683193e-01 3.905171516832937617e-01 2.712134471924626533e-01
5.112414467253176831e-01 3.896657319415107734e-01 2.712208335481861576e-01
5.122189638318670468e-01 3.888531922923066375e-01 2.712265446415934589e-01
5.131964809384164106e-01 3.880798510559247405e-01 2.712307614307680192e-01
5.141739980449657743e-01 3.873459078561343194e-01 2.712336584654337357e-01
5.151515151515151381e-01 3.866514331650623970e-01 2.712354027971985437e-01
5.161290322580645018e-01 3.859963589515414961e-01 2.712361529531777671e-01
5.171065493646138655e-01 3.853804707786291361e-01 2.712360580017648681e-01
5.180840664711632293e-01 3.848034016922862732e-01 2.712352567383895519e-01
5.190615835777125930e-01 3.842646282239476352e-01 2.712338770167774804e-01
5.200391006842619568e-01 3.837634687934401434e-01 2.712320352474674179e-01
5.210166177908113205e-01 3.832990847449053162e-01 2.712298360802561925e-01
5.219941348973606843e-01 3.828704841777224033e-01 2.712273722810146781e-01
5.229716520039100480e-01 3.824765286488456817e-01 2.712247248062693017e-01
5.239491691104594118e-01 3.821159427257517227e-01 2.712219630714626240e-01
5.249266862170087755e-01 3.817873262648625032e-01 2.712191454013624936e-01
5.259042033235581393e-01 3.814891691843995680e-01 2.712163196441587654e-01
5.268817204301075030e-01 3.812198683993127668e-01 2.712135239248262830e-01
5.278592375366568668e-01 3.809777464955647064e-01 2.712107875087496067e-01
5.288367546432062305e-01 3.807610716476065305e-01 2.712081317436557115e-01
5.298142717497555942e-01 3.805680782314021515e-01 2.712055710467594083e-01
5.307917888563049580e-01 3.803969875594963579e-01 2.712031139046738315e-01
5.317693059628543217e-01 3.802460281662226049e-01 2.712007638559372769e-01
5.327468230694036855e-01 3.801134551001058570e-01 2.711985204296848972e-01
5.337243401759530492e-01 3.799975677347209313e-01 2.711963800186891760e-01
5.347018572825024130e-01 3.798967256848537755e-01 2.711943366703021829e-01
5.356793743890517767e-01 3.798093625064897783e-01 2.711923827843326640e-01
5.366568914956011405e-01 3.797339969607368415e-01 2.711905097122082609e-01
5.376344086021505042e-01 3.796692417267630848e-01 2.711887082565962448e-01
5.386119257086998680e-01 3.796138095508930221e-01 2.711869690747381600e-01
5.395894428152492317e-01 3.795665169125918004e-01 2.711852829919856878e-01
5.405669599217985954e-01 3.795262853687273452e-01 2.711836412343351377e-01
5.415444770283479592e-01 3.794921408021016962e-01 2.711820355901863877e-01
5.425219941348973229e-01 3.794632108471277521e-01 2.711804585121948552e-01
5.434995112414466867e-01 3.794387207943851759e-01 2.711789031700563846e-01
5.444770283479960504e-01 3.794179882875197141e-01 2.711773634645210374e-01
5.454545454545454142e-01 3.794004171224333311e-01 2.711758340120234978e-01
5.464320625610947779e-01 3.793854904424651675e-01 2.711743101081778851e-01
5.474095796676441417e-01 3.793727635971890222e-01 2.711727876771432011e-01
5.483870967741935054e-01 3.793618568995479889e-01 2.711712632126040412e-01
5.493646138807428692e-01 3.793524484791644391e-01 2.711697337149198139e-01
5.503421309872922329e-01 3.793442673913790530e-01 2.711681966279085310e-01
5.513196480938415966e-01 3.793370871039960512e-01 2.711666497777772689e-01
5.522971652003909604e-01 3.793307194485463496e-01 2.711650913159175391e-01
5.532746823069403241e-01 3.793250090912830275e-01 2.711635196666254966e-01
5.542521994134896879e-01 3.793198285518406543e-01 2.711619334802938819e-01
5.552297165200390516e-01 3.793150737748676171e-01 2.711603315922377910e-01
5.562072336265884154e-01 3.793106602419702988e-01 2.711587129870283719e-01
5.571847507331377791e-01 3.793065195977805559e-01 2.711570767680214211e-01
5.581622678396871429e-01 3.793025967544282340e-01 2.711554221316436197e-01
5.591397849462365066e-01 3.792988474326763892e-01 2.711537483459358078e-01
5.601173020527858704e-01 3.792952360948696477e-01 2.711520547328319930e-01
5.610948191593352341e-01 3.792917342240827439e-01 2.711503406536553418e-01
5.620723362658845979e-01 3.792883189048889547e-01 2.711486054973467064e-01
5.630498533724340726e-01 3.792849716635079416e-01 2.711468486709754933e-01
5.640273704789834364e-01 3.792816775282959463e-01 2.711450695921345244e-01
5.650048875855328001e-01 3.792784242752696433e-01 2.711432676828676724e-01
5.659824046920821639e-01 3.792752018273019554e-01 2.711414423648290106e-01
5.669599217986315276e-01 3.792720017795955800e-01 2.711395930554192368e-01
5.679374389051808913e-01 3.792688170278487036e-01 2.711377191646845430e-01
5.689149560117302551e-01 3.792656414790867014e-01 2.711358200928031814e-01
5.698924731182796188e-01 3.792624698283673657e-01 2.711338952280174519e-01
5.708699902248289826e-01 3.792592973874464035e-01 2.711319439448948709e-01
5.718475073313783463e-01 3.792561199540080419e-01 2.711299656028270388e-01
5.728250244379277101e-01 3.792529337122316213e-01 2.711279595446945412e-01
5.738025415444770738e-01 3.792497351573002606e-01 2.711259250956414291e-01
5.747800586510264376e-01 3.792465210379961649e-01 2.711238615619145365e-01
5.757575757575758013e-01 3.792432883127956900e-01 2.711217682297351605e-01
5.767350928641251651e-01 3.792400341159146704e-01 2.711196443641772369e-01
5.777126099706745288e-01 3.792367557305944548e-01 2.711174892080324139e-01
5.786901270772238925e-01 3.792334505675855061e-01 2.711153019806476494e-01
5.796676441837732563e-01 3.792301161473131677e-01 2.711130818767231720e-01
5.806451612903226200e-01 3.792267500846214223e-01 2.711108280650632585e-01
5.816226783968719838e-01 3.792233500753079412e-01 2.711085396872709441e-01
5.826001955034213475e-01 3.792199138838985295e-01 2.711062158563822821e-01
5.835777126099707113e-01 3.792164393322906557e-01 2.711038556554342671e-01
5.845552297165200750e-01 3.792129242890212026e-01 2.711014581359602049e-01
5.855327468230694388e-01 3.792093666590073409e-01 2.710990223164087554e-01
5.865102639296188025e-01 3.792057643736692074e-01 2.710965471804797633e-01
5.874877810361681663e-01 3.792021153813855960e-01 2.710940316753726598e-01
5.884652981427175300e-01 3.791984176382559579e-01 2.710914747099385513e-01
5.894428152492668938e-01 3.791946690991545577e-01 2.710888751527318896e-01
5.904203323558162575e-01 3.791908677090682911e-01 2.710862318299501750e-01
5.913978494623656212e-01 3.791870113947068965e-01 2.710835435232559765e-01
5.923753665689149850e-01 3.791830980563729581e-01 2.710808089674702770e-01
5.933528836754643487e-01 3.791791255600680532e-01 2.710780268481258748e-01
5.943304007820137125e-01 3.791750917298100654e-01 2.710751957988707939e-01
5.953079178885630762e-01 3.791709943401284644e-01 2.710723143987077699e-01
5.962854349951124400e-01 3.791668311086965892e-01 2.710693811690566557e-01
5.972629521016618037e-01 3.791625996890564676e-01 2.710663945706238698e-01
5.982404692082111675e-01 3.791582976633877111e-01 2.710633530000626235e-01
5.992179863147605312e-01 3.791539225352669185e-01 2.710602547864068290e-01
6.001955034213098950e-01 3.791494717223628519e-01 2.710570981872571505e-01
6.011730205278592587e-01 3.791449425490088232e-01 2.710538813846992690e-01
6.021505376344086224e-01 3.791403322385922814e-01 2.710506024809307135e-01
6.031280547409579862e-01 3.791356379057007620e-01 2.710472594935682822e-01
6.041055718475073499e-01 3.791308565479579729e-01 2.710438503506101826e-01
6.050830889540567137e-01 3.791259850374870677e-01 2.710403728850204752e-01
6.060606060606060774e-01 3.791210201119299961e-01 2.710368248289002913e-01
6.070381231671554412e-01 3.791159583649521547e-01 2.710332038072070793e-01
6.080156402737048049e-01 3.791107962361556227e-01 2.710295073309814673e-01
6.089931573802541687e-01 3.791055300003204898e-01 2.710257327900301716e-01
6.099706744868035324e-01 3.791001557558867363e-01 2.710218774450144918e-01
6.109481915933528962e-01 3.790946694125810201e-01 2.710179384188814988e-01
6.119257086999022599e-01 3.790890666780851181e-01 2.710139126875719673e-01
6.129032258064516236e-01 3.790833430436284512e-01 2.710097970699269498e-01
6.138807429130009874e-01 3.790774937683784040e-01 2.710055882167055619e-01
6.148582600195503511e-01 3.790715138624789482e-01 2.710012825986140572e-01
6.158357771260997149e-01 3.790653980685735336e-01 2.709968764932297880e-01
6.168132942326490786e-01 3.790591408416209007e-01 2.709923659706888754e-01
6.177908113391984424e-01 3.790527363267821026e-01 2.709877468779788301e-01
6.187683284457478061e-01 3.790461783351197211e-01 2.709830148216560430e-01
6.197458455522971699e-01 3.790394603168035226e-01 2.709781651487683796e-01
6.207233626588465336e-01 3.790325753314556234e-01 2.709731929257253591e-01
6.217008797653958974e-01 3.790255160151937419e-01 2.709680929147990636e-01
6.226783968719452611e-01 3.790182745438313017e-01 2.709628595478706381e-01
6.236559139784946248e-01 3.790108425915677537e-01 2.709574868969475414e-01
6.246334310850439886e-01 3.790032112843347845e-01 2.709519686408554673e-01
6.256109481915933523e-01 3.789953711467494157e-01 2.709462980273554811e-01
6.265884652981427161e-01 3.789873120413371210e-01 2.709404678297313018e-01
6.275659824046920798e-01 3.789790230983169361e-01 2.709344702966257623e-01
6.285434995112414436e-01 3.789704926337439939e-01 2.709282970935524282e-01
6.295210166177908073e-01 3.789617080531684778e-01 2.709219392340497246e-01
6.304985337243401711e-01 3.789526557371215021e-01 2.709153869978412343e-01
6.314760508308895348e-01 3.789433209036553452e-01 2.709086298325907860e-01
6.324535679374388986e-01 3.789336874417553735e-01 2.709016562348318669e-01
6.334310850439882623e-01 3.789237377076427049e-01 2.708944536043664808e-01
6.344086021505376261e-01 3.789134522737052091e-01 2.708870080647973744e-01
6.353861192570869898e-01 3.789028096169232418e-01 2.708793042408029206e-01
6.363636363636363535e-01 3.788917857300871384e-01 2.708713249802168210e-01
6.373411534701857173e-01 3.788803536347206125e-01 2.708630510058355201e-01
6.383186705767350810e-01 3.788684827693008517e-01 2.708544604780759313e-01
6.392961876832844448e-01 3.788561382199983618e-01 2.708455284450498879e-01
6.402737047898338085e-01 3.788432797536590568e-01 2.708362261512626823e-01
6.412512218963831723e-01 3.788298606040644834e-01 2.708265201699298630e-01
6.422287390029325360e-01 3.788158259526434590e-01 2.708163713168603159e-01
6.432062561094818998e-01 3.788011110338614373e-01 2.708057332960224772e-01
6.441837732160312635e-01 3.787856387836753269e-01 2.707945510184516236e-01
6.451612903225806273e-01 3.787693169370617285e-01 2.707827585273043791e-01
6.461388074291299910e-01 3.787520344682022699e-01 2.707702764529844042e-01
6.471163245356793547e-01 3.787336572551597280e-01 2.707570089138646718e-01
6.480938416422287185e-01 3.787140228407245846e-01 2.707428397708721013e-01
6.490713587487780822e-01 3.786929341537205174e-01 2.707276281389188743e-01
6.500488758553274460e-01 3.786701520518315212e-01 2.707112030558550542e-01
6.510263929618768097e-01 3.786453865495638671e-01 2.706933572114469944e-01
6.520039100684261735e-01 3.786182866050871731e-01 2.706738396461220719e-01
6.529814271749755372e-01 3.785884283593036748e-01 2.706523473432465576e-01
6.539589442815249010e-01 3.785553017514943774e-01 2.706285156608531639e-01
6.549364613880742647e-01 3.785182954800521138e-01 2.706019075803177687e-01
6.559139784946236285e-01 3.784766803356691689e-01 2.705720017915543285e-01
6.568914956011729922e-01 3.784295910088968373e-01 2.705381796875978018e-01
6.578690127077223559e-01 3.783760065646166182e-01 2.704997114062276942e-01
6.588465298142717197e-01 3.783147298820994098e-01 2.704557411321613092e-01
6.598240469208210834e-01 3.782443664793628813e-01 2.704052719591599208e-01
6.608015640273704472e-01 3.781633032715620013e-01 2.703471507050536626e-01
6.617790811339198109e-01 3.780696879508783081e-01 2.702800531711556653e-01
6.627565982404691747e-01 3.779614098140778311e-01 2.702024704366939312e-01
6.637341153470185384e-01 3.778360829964551026e-01 2.701126968736364264e-01
6.647116324535679022e-01 3.776910331888893579e-01 2.700088206516546019e-01
6.656891495601172659e-01 3.775232890088560112e-01 2.698887175702404662e-01
6.666666666666666297e-01 3.773295792565630746e-01 2.697500490981193932e-01
6.676441837732159934e-01 3.771063373039533206e-01 2.695902655119386537e-01
6.686217008797653572e-01 3.768497138278124603e-01 2.694066150001140358e-01
6.695992179863147209e-01 3.765555990006230203e-01 2.691961595279327990e-01
6.705767350928640846e-01 3.762196550881690138e-01 2.689557981423122968e-01
6.715542521994134484e-01 3.758373601681118670e-01 2.686822982267602078e-01
6.725317693059628121e-01 3.754040633791735360e-01 2.683723349993326068e-01
6.735092864125121759e-01 3.749150517405669403e-01 2.680225392818769148e-01
6.744868035190615396e-01 3.743656281546306475e-01 2.676295532638117147e-01
6.754643206256109034e-01 3.737511997354090454e-01 2.671900936475430921e-01
6.764418377321602671e-01 3.730673751095839319e-01 2.667010212077958742e-01
6.774193548387096309e-01 3.723100688347966147e-01 2.661594154387180722e-01
6.783968719452589946e-01 3.714756105979792888e-01 2.655626526177536917e-01
6.793743890518083584e-01 3.705608564185741138e-01 2.649084853023465080e-01
6.803519061583577221e-01 3.695632987145193171e-01 2.641951210131945893e-01
6.813294232649070858e-01 3.684811718175708961e-01 2.634212976638304893e-01
6.823069403714564496e-01 3.673135493710116828e-01 2.625863531865723632e-01
6.832844574780058133e-01 3.660604300248665455e-01 2.616902867920931075e-01
6.842619745845551771e-01 3.647228079733559336e-01 2.607338093925311573e-01
6.852394916911045408e-01 3.633027251615206787e-01 2.597183809198275184e-01
6.862170087976539046e-01 3.618033024200160153e-01 2.586462325798688511e-01
6.871945259042032683e-01 3.602287473582065358e-01 2.575203724913308068e-01
6.881720430107527431e-01 3.585843375371677300e-01 2.563445736524483931e-01
6.891495601173021068e-01 3.568763782300090615e-01 2.551233437407170457e-01
6.901270772238514706e-01 3.551121349250209169e-01 2.538618768568142170e-01
6.911045943304008343e-01 3.532997416008999969e-01 2.525659879486660819e-01
6.920821114369501981e-01 3.514480866636361944e-01 2.512420312666089894e-01
6.930596285434995618e-01 3.495666792419915292e-01 2.498968047777480606e-01
6.940371456500489256e-01 3.476654992552096757e-01 2.485374429799593610e-01
6.950146627565982893e-01 3.457548352589666085e-01 2.471713009794414273e-01
6.959921798631476531e-01 3.438451145158707978e-01 2.458058330104564704e-01
6.969696969696970168e-01 3.419467300048100178e-01 2.444484687674578216e-01
6.979472140762463805e-01 3.400698691675536067e-01 2.431064909799028062e-01
6.989247311827957443e-01 3.382243490889016435e-01 2.417869175870197840e-01
6.999022482893451080e-01 3.364194625252539539e-01 2.404963916685902148e-01
7.008797653958944718e-01 3.346638387513934942e-01 2.392410819696052793e-01
7.018572825024438355e-01 3.329653226098749919e-01 2.380265964381400312e-01
7.028347996089931993e-01 3.313308744511995196e-01 2.368579106980657489e-01
7.038123167155425630e-01 3.297664928798673123e-01 2.357393128255410031e-01
7.047898338220919268e-01 3.282771614077477085e-01 2.346743652165517724e-01
7.057673509286412905e-01 3.268668192986756704e-01 2.336658837483348017e-01
7.067448680351906543e-01 3.255383561018115324e-01 2.327159338753568008e-01
7.077223851417400180e-01 3.242936286477372532e-01 2.318258427832742274e-01
7.086999022482893817e-01 3.231334986472841897e-01 2.309962262710884562e-01
7.096774193548387455e-01 3.220578885094875776e-01 2.302270286574206737e-01
7.106549364613881092e-01 3.210658525959962373e-01 2.295175737215622846e-01
7.116324535679374730e-01 3.201556608619749444e-01 2.288666244988942777e-01
7.126099706744868367e-01 3.193248916985348962e-01 2.282724496537855141e-01
7.135874877810362005e-01 3.185705307833452404e-01 2.277328941470987134e-01
7.145650048875855642e-01 3.178890728532554610e-01 2.272454519920774629e-01
7.155425219941349280e-01 3.172766235201850971e-01 2.268073390406851741e-01
7.165200391006842917e-01 3.167289985407776287e-01 2.264155639492530236e-01
7.174975562072336555e-01 3.162418183011199702e-01 2.260669957230893867e-01
7.184750733137830192e-01 3.158105956693239014e-01 2.257584265195807238e-01
7.194525904203323829e-01 3.154308157805896795e-01 2.254866286837246270e-01
7.204301075268817467e-01 3.150980067326201728e-01 2.252484052854577257e-01
7.214076246334311104e-01 3.148078005672703128e-01 2.250406337126758527e-01
7.223851417399804742e-01 3.145559842832230668e-01 2.248603021375631950e-01
7.233626588465298379e-01 3.143385409535013331e-01 2.247045389090499834e-01
7.243401759530792017e-01 3.141516813032193545e-01 2.245706351255167266e-01
7.253176930596285654e-01 3.139918663327350146e-01 2.244560608061073326e-01
7.262952101661779292e-01 3.138558217478084611e-01 2.243584752051366316e-01
7.272727272727272929e-01 3.137405450825541675e-01 2.242757319028509666e-01
7.282502443792766567e-01 3.136433064760941192e-01 2.242058793594889632e-01
7.292277614858260204e-01 3.135616440946770167e-01 2.241471576416441402e-01
7.302052785923753842e-01 3.134933551835859533e-01 2.240979920246062296e-01
7.311827956989247479e-01 3.134364836940450871e-01 2.240569841463873890e-01
7.321603128054741116e-01 3.133893053664011386e-01 2.240229013434340555e-01
7.331378299120234754e-01 3.133503110688487525e-01 2.239946647393935564e-01
7.341153470185728391e-01 3.133181890971936112e-01 2.239713365912672227e-01
7.350928641251222029e-01 3.132918070412737399e-01 2.239521073258792239e-01
7.360703812316715666e-01 3.132701937225607636e-01 2.239362826273196549e-01
7.370478983382209304e-01 3.132525216091443521e-01 2.239232708657323823e-01
7.380254154447702941e-01 3.132380900218871833e-01 2.239125710917528322e-01
7.390029325513196579e-01 3.132263093612671079e-01 2.239037617606594310e-01
7.399804496578690216e-01 3.132166865097804065e-01 2.238964902969421966e-01
7.409579667644183854e-01 3.132088115005190465e-01 2.238904635640537322e-01
7.419354838709677491e-01 3.132023454888397951e-01 2.238854392657269876e-01
7.429130009775171128e-01 3.131970100206289409e-01 2.238812182742055401e-01
7.438905180840664766e-01 3.131925775568737969e-01 2.238776378565793812e-01
7.448680351906158403e-01 3.131888631891910912e-01 2.238745657525040844e-01
7.458455522971652041e-01 3.131857174635791496e-01 2.238718950441537237e-01
7.468230694037145678e-01 3.131830202188310430e-01 2.238695397515196583e-01
7.478005865102639316e-01 3.131806753406460309e-01 2.238674310823058899e-01
7.487781036168132953e-01 3.131786063314212498e-01 2.238655142649193797e-01
7.497556207233626591e-01 3.131767525980005407e-01 2.238637458946926284e-01
7.507331378299120228e-01 3.131750663644066734e-01 2.238620917268753785e-01
7.517106549364613866e-01 3.131735101230296858e-01 2.238605248545355586e-01
7.526881720430107503e-01 3.131720545452248428e-01 2.238590242148633114e-01
7.536656891495601140e-01 3.131706767802803215e-01 2.238575733730904793e-01
7.546432062561094778e-01 3.131693590798270144e-01 2.238561595390430592e-01
7.556207233626588415e-01 3.131680876926776769e-01 2.238547727769953644e-01
7.565982404692082053e-01 3.131668519825724917e-01 2.238534053748557906e-01
7.575757575757575690e-01 3.131656437282386296e-01 2.238520513436643433e-01
7.585532746823069328e-01 3.131644565714442607e-01 2.238507060228685785e-01
7.595307917888562965e-01 3.131632855843184959e-01 2.238493657708394702e-01
7.605083088954056603e-01 3.131621269321064882e-01 2.238480277235941618e-01
7.614858260019550240e-01 3.131609776117708077e-01 2.238466896077210555e-01
7.624633431085043878e-01 3.131598352504682548e-01 2.238453495960917305e-01
7.634408602150537515e-01 3.131586979509876079e-01 2.238440061971303241e-01
7.644183773216031152e-01 3.131575641737885940e-01 2.238426581702355200e-01
7.653958944281524790e-01 3.131564326473921800e-01 2.238413044614614711e-01
7.663734115347018427e-01 3.131553023006020675e-01 2.238399441547985480e-01
7.673509286412512065e-01 3.131541722114393189e-01 2.238385764353998386e-01
7.683284457478005702e-01 3.131530415688033586e-01 2.238372005619075067e-01
7.693059628543499340e-01 3.131519096437715421e-01 2.238358158456754399e-01
7.702834799608992977e-01 3.131507757681643578e-01 2.238344216351969840e-01
7.712609970674486615e-01 3.131496393185623228e-01 2.238330173044455751e-01
7.722385141739980252e-01 3.131484997043980645e-01 2.238316022441478870e-01
7.732160312805473890e-01 3.131473563590845277e-01 2.238301758552525000e-01
7.741935483870967527e-01 3.131462087333998223e-01 2.238287375440391191e-01
7.751710654936461165e-01 3.131450562905467305e-01 2.238272867184558645e-01
7.761485826001954802e-01 3.131438985024546651e-01 2.238258227853776594e-01
7.771260997067448439e-01 3.131427348470040561e-01 2.238243451485596169e-01
7.781036168132942077e-01 3.131415648059379109e-01 2.238228532071144528e-01
7.790811339198435714e-01 3.131403878632844640e-01 2.238213463543906601e-01
7.800586510263929352e-01 3.131392035041639654e-01 2.238198239771564679e-01
7.810361681329422989e-01 3.131380112138827942e-01 2.238182854550179179e-01
7.820136852394916627e-01 3.131368104772436767e-01 2.238167301600154924e-01
7.829912023460410264e-01 3.131356007780169981e-01 2.238151574563568280e-01
7.839687194525903902e-01 3.131343815985342949e-01 2.238135667002498774e-01
7.849462365591397539e-01 3.131331524193657345e-01 2.238119572398049872e-01
7.859237536656891177e-01 3.131319127190530516e-01 2.238103284149716432e-01
7.869012707722384814e-01 3.131306619738634667e-01 2.238086795574743271e-01
7.878787878787878451e-01 3.131293996575515437e-01 2.238070099907288890e-01
7.888563049853372089e-01 3.131281252411529659e-01 2.238053190297805417e-01
7.898338220918865726e-01 3.131268381928728473e-01 2.238036059813572343e-01
7.908113391984359364e-01 3.131255379780459314e-01 2.238018701440218639e-01
7.917888563049853001e-01 3.131242240588152925e-01 2.238001108079311074e-01
7.927663734115346639e-01 3.131228958928097272e-01 2.237983272531468559e-01
7.937438905180840276e-01 3.131215529306782264e-01 2.237965187461934957e-01
7.947214076246333914e-01 3.131201946151450644e-01 2.237946845385453409e-01
7.956989247311827551e-01 3.131188203879952670e-01 2.237928238763776945e-01
7.966764418377321189e-01 3.131174297078857527e-01 2.237909360266075454e-01
7.976539589442814826e-01 3.131160220585377796e-01 2.237890202912349025e-01
7.986314760508308463e-01 3.131145968903507604e-01 2.237870759275682464e-01
7.996089931573802101e-01 3.131131534559154495e-01 2.237851019104921679e-01
8.005865102639295738e-01 3.131116906907073227e-01 2.237830967410737171e-01
8.015640273704789376e-01 3.131102076358868169e-01 2.237810590163145930e-01
8.025415444770283013e-01 3.131087048610657897e-01 2.237789894742955865e-01
8.035190615835776651e-01 3.131071858149861442e-01 2.237768930946534007e-01
8.044965786901270288e-01 3.131056538393811595e-01 2.237747751550245301e-01
8.054740957966763926e-01 3.131040999706075079e-01 2.237726237977852861e-01
8.064516129032257563e-01 3.131024886549672037e-01 2.237703882610004857e-01
8.074291300097751201e-01 3.131007773831248064e-01 2.237680039681070598e-01
8.084066471163244838e-01 3.130990194530998139e-01 2.237655385323065460e-01
8.093841642228738475e-01 3.130975073545853027e-01 2.237634072037902044e-01
8.103616813294232113e-01 3.130966578723602955e-01 2.237622353599356961e-01
8.113391984359725750e-01 3.130961607674564440e-01 2.237616564076069792e-01
8.123167155425219388e-01 3.130935911329438825e-01 2.237582490255383416e-01
8.132942326490714136e-01 3.130849229034978753e-01 2.237460355892121056e-01
8.142717497556207773e-01 3.130714552157238262e-01 2.237261968542985924e-01
8.152492668621701410e-01 3.130728615262821646e-01 2.237263006839516066e-01
8.162267839687195048e-01 3.131268790088118648e-01 2.238019061143368404e-01
8.172043010752688685e-01 3.132340983649257171e-01 2.239597257285354526e-01
8.181818181818182323e-01 3.132379280886328776e-01 2.239819966795995321e-01
8.191593352883675960e-01 3.127922413902237131e-01 2.233631146428483871e-01
8.201368523949169598e-01 3.117937249505551289e-01 2.219069897242652301e-01
8.211143695014663235e-01 3.114528812745594455e-01 2.212790285577080074e-01
8.220918866080156873e-01 3.148455917538610649e-01 2.259570654439618798e-01
8.230694037145650510e-01 3.238027005231904898e-01 2.390878981767666778e-01
8.240469208211144148e-01 3.289087044465470178e-01 2.477327437554600054e-01
8.250244379276637785e-01 3.001848907987317294e-01 2.093286514207161053e-01
8.260019550342131422e-01 2.232337991320670345e-01 1.093606985942510296e-01
8.269794721407625060e-01 1.558449319122021393e-01 3.003486047907085940e-02
8.279569892473118697e-01 1.310203875756339731e-01 5.175056952827650041e-03
8.289345063538612335e-01 1.259228566041743491e-01 7.594428940597495580e-04
8.299120234604105972e-01 1.251321075970518448e-01 1.077357465779157382e-04
8.308895405669599610e-01 1.250186699327796025e-01 1.520367258226169133e-05
8.318670576735093247e-01 1.250026332317812627e-01 2.144000795537219377e-06
8.328445747800586885e-01 1.250003712985336690e-01 3.023042628403385836e-07
8.338220918866080522e-01 1.250000523528669305e-01 4.262440940643615986e-08
8.347996089931574160e-01 1.250000073816589508e-01 6.009974170118577421e-09
8.357771260997067797e-01 1.250000010408009732e-01 8.473953655347537795e-10
8.367546432062561435e-01 1.250000001467510835e-01 1.194811745809511777e-10
8.377321603128055072e-01 1.250000000206915596e-01 1.684662292970287725e-11
8.387096774193548709e-01 1.250000000029174441e-01 2.375296186238385187e-12
8.396871945259042347e-01 1.250000000004113654e-01 3.349728749093779100e-13
8.406647116324535984e-01 1.250000000000579814e-01 4.722215566550751104e-14
8.416422287390029622e-01 1.250000000000081601e-01 6.612927500880003934e-15
8.426197458455523259e-01 1.250000000000011102e-01 9.198785185653453533e-16
8.435972629521016897e-01 1.250000000000001388e-01 1.143539748090294445e-16
8.445747800586510534e-01 1.250000000000000000e-01 1.009002125958146168e-17
8.455522971652004172e-01 1.250000000000000000e-01 2.619695133951273961e-35
8.465298142717497809e-01 1.250000000000000000e-01 2.284175874573750337e-71
8.475073313782991447e-01 1.250000000000000000e-01 1.175371837823565434e-145
8.484848484848485084e-01 1.250000000000000000e-01 0.000000000000000000e+00
8.494623655913978721e-01 1.250000000000000000e-01 0.000000000000000000e+00
8.504398826979472359e-01 1.250000000000000000e-01 0.000000000000000000e+00
8.514173998044965996e-01 1.250000000000000000e-01 0.000000000000000000e+00
8.523949169110459634e-01 1.250000000000000000e-01 0.000000000000000000e+00
8.533724340175953271e-01 1.250000000000000000e-01 0.000000000000000000e+00
8.543499511241446909e-01 1.250000000000000000e-01 0.000000000000000000e+00
8.553274682306940546e-01 1.250000000000000000e-01 0.000000000000000000e+00
8.563049853372434184e-01 1.250000000000000000e-01 0.000000000000000000e+00
8.572825024437927821e-01 1.250000000000000000e-01 0.000000000000000000e+00
8.582600195503421459e-01 1.250000000000000000e-01 0.000000000000000000e+00
8.592375366568915096e-01 1.250000000000000000e-01 0.000000000000000000e+00
8.602150537634408733e-01 1.250000000000000000e-01 0.000000000000000000e+00
8.611925708699902371e-01 1.250000000000000000e-01 0.000000000000000000e+00
8.621700879765396008e-01 1.250000000000000000e-01 0.000000000000000000e+00
8.631476050830889646e-01 1.250000000000000000e-01 0.000000000000000000e+00
8.641251221896383283e-01 1.250000000000000000e-01 0.000000000000000000e+00
8.651026392961876921e-01 1.250000000000000000e-01 0.000000000000000000e+00
8.660801564027370558e-01 1.250000000000000000e-01 0.000000000000000000e+00
8.670576735092864196e-01 1.250000000000000000e-01 0.000000000000000000e+00
8.680351906158357833e-01 1.250000000000000000e-01 0.000000000000000000e+00
8.690127077223851471e-01 1.250000000000000000e-01 0.000000000000000000e+00
8.699902248289345108e-01 1.250000000000000000e-01 0.000000000000000000e+00
8.709677419354838745e-01 1.250000000000000000e-01 0.000000000000000000e+00
8.719452590420332383e-01 1.250000000000000000e-01 0.000000000000000000e+00
8.729227761485826020e-01 1.250000000000000000e-01 0.000000000000000000e+00
8.739002932551319658e-01 1.250000000000000000e-01 0.000000000000000000e+00
8.748778103616813295e-01 1.250000000000000000e-01 0.000000000000000000e+00
8.758553274682306933e-01 1.250000000000000000e-01 0.000000000000000000e+00
8.768328445747800570e-01 1.250000000000000000e-01 0.000000000000000000e+00
8.778103616813294208e-01 1.250000000000000000e-01 0.000000000000000000e+00
8.787878787878787845e-01 1.250000000000000000e-01 0.000000000000000000e+00
8.797653958944281483e-01 1.250000000000000000e-01 0.000000000000000000e+00
8.807429130009775120e-01 1.250000000000000000e-01 0.000000000000000000e+00
8.817204301075268758e-01 1.250000000000000000e-01 0.000000000000000000e+00
8.826979472140762395e-01 1.250000000000000000e-01 0.000000000000000000e+00
8.836754643206256032e-01 1.250000000000000000e-01 0.000000000000000000e+00
8.846529814271749670e-01 1.250000000000000000e-01 0.000000000000000000e+00
8.856304985337243307e-01 1.250000000000000000e-01 0.000000000000000000e+00
8.866080156402736945e-01 1.250000000000000000e-01 0.000000000000000000e+00
8.875855327468230582e-01 1.250000000000000000e-01 0.000000000000000000e+00
8.885630498533724220e-01 1.250000000000000000e-01 0.000000000000000000e+00
8.895405669599217857e-01 1.250000000000000000e-01 0.000000000000000000e+00
8.905180840664711495e-01 1.250000000000000000e-01 0.000000000000000000e+00
8.914956011730205132e-01 1.250000000000000000e-01 0.000000000000000000e+00
8.924731182795698770e-01 1.250000000000000000e-01 0.000000000000000000e+00
8.934506353861192407e-01 1.250000000000000000e-01 0.000000000000000000e+00
8.944281524926686044e-01 1.250000000000000000e-01 0.000000000000000000e+00
8.954056695992179682e-01 1.250000000000000000e-01 0.000000000000000000e+00
8.963831867057673319e-01 1.250000000000000000e-01 0.000000000000000000e+00
8.973607038123166957e-01 1.250000000000000000e-01 0.000000000000000000e+00
8.983382209188660594e-01 1.250000000000000000e-01 0.000000000000000000e+00
8.993157380254154232e-01 1.250000000000000000e-01 0.000000000000000000e+00
9.002932551319647869e-01 1.250000000000000000e-01 0.000000000000000000e+00
9.012707722385141507e-01 1.250000000000000000e-01 0.000000000000000000e+00
9.022482893450635144e-01 1.250000000000000000e-01 0.000000000000000000e+00
9.032258064516128782e-01 1.250000000000000000e-01 0.000000000000000000e+00
9.042033235581622419e-01 1.250000000000000000e-01 0.000000000000000000e+00
9.051808406647116056e-01 1.250000000000000000e-01 0.000000000000000000e+00
9.061583577712609694e-01 1.250000000000000000e-01 0.000000000000000000e+00
9.071358748778103331e-01 1.250000000000000000e-01 0.000000000000000000e+00
9.081133919843596969e-01 1.250000000000000000e-01 0.000000000000000000e+00
9.090909090909090606e-01 1.250000000000000000e-01 0.000000000000000000e+00
9.100684261974584244e-01 1.250000000000000000e-01 0.000000000000000000e+00
9.110459433040077881e-01 1.250000000000000000e-01 0.000000000000000000e+00
9.120234604105571519e-01 1.250000000000000000e-01 0.000000000000000000e+00
9.130009775171065156e-01 1.250000000000000000e-01 0.000000000000000000e+00
9.139784946236558794e-01 1.250000000000000000e-01 0.000000000000000000e+00
9.149560117302052431e-01 1.250000000000000000e-01 0.000000000000000000e+00
9.159335288367546068e-01 1.250000000000000000e-01 0.000000000000000000e+00
9.169110459433039706e-01 1.250000000000000000e-01 0.000000000000000000e+00
9.178885630498533343e-01 1.250000000000000000e-01 0.000000000000000000e+00
9.188660801564026981e-01 1.250000000000000000e-01 0.000000000000000000e+00
9.198435972629520618e-01 1.250000000000000000e-01 0.000000000000000000e+00
9.208211143695014256e-01 1.250000000000000000e-01 0.000000000000000000e+00
9.217986314760507893e-01 1.250000000000000000e-01 0.000000000000000000e+00
9.227761485826001531e-01 1.250000000000000000e-01 0.000000000000000000e+00
9.237536656891495168e-01 1.250000000000000000e-01 0.000000000000000000e+00
9.247311827956988806e-01 1.250000000000000000e-01 0.000000000000000000e+00
9.257086999022482443e-01 1.250000000000000000e-01 0.000000000000000000e+00
9.266862170087976081e-01 1.250000000000000000e-01 0.000000000000000000e+00
9.276637341153469718e-01 1.250000000000000000e-01 0.000000000000000000e+00
9.286412512218963355e-01 1.250000000000000000e-01 0.000000000000000000e+00
9.296187683284456993e-01 1.250000000000000000e-01 0.000000000000000000e+00
9.305962854349950630e-01 1.250000000000000000e-01 0.000000000000000000e+00
9.315738025415444268e-01 1.250000000000000000e-01 0.000000000000000000e+00
9.325513196480937905e-01 1.250000000000000000e-01 0.000000000000000000e+00
9.335288367546431543e-01 1.250000000000000000e-01 0.000000000000000000e+00
9.345063538611925180e-01 1.250000000000000000e-01 0.000000000000000000e+00
9.354838709677418818e-01 1.250000000000000000e-01 0.000000000000000000e+00
9.364613880742912455e-01 1.250000000000000000e-01 0.000000000000000000e+00
9.374389051808406093e-01 1.250000000000000000e-01 0.000000000000000000e+00
9.384164222873900840e-01 1.250000000000000000e-01 0.000000000000000000e+00
9.393939393939394478e-01 1.250000000000000000e-01 0.000000000000000000e+00
9.403714565004888115e-01 1.250000000000000000e-01 0.000000000000000000e+00
9.413489736070381753e-01 1.250000000000000000e-01 0.000000000000000000e+00
9.423264907135875390e-01 1.250000000000000000e-01 0.000000000000000000e+00
9.433040078201369028e-01 1.250000000000000000e-01 0.000000000000000000e+00
9.442815249266862665e-01 1.250000000000000000e-01 0.000000000000000000e+00
9.452590420332356302e-01 1.250000000000000000e-01 0.000000000000000000e+00
9.462365591397849940e-01 1.250000000000000000e-01 0.000000000000000000e+00
9.472140762463343577e-01 1.250000000000000000e-01 0.000000000000000000e+00
9.481915933528837215e-01 1.250000000000000000e-01 0.000000000000000000e+00
9.491691104594330852e-01 1.250000000000000000e-01 0.000000000000000000e+00
9.501466275659824490e-01 1.250000000000000000e-01 0.000000000000000000e+00
9.511241446725318127e-01 1.250000000000000000e-01 0.000000000000000000e+00
9.521016617790811765e-01 1.250000000000000000e-01 0.000000000000000000e+00
9.530791788856305402e-01 1.250000000000000000e-01 0.000000000000000000e+00
9.540566959921799040e-01 1.250000000000000000e-01 0.000000000000000000e+00
9.550342130987292677e-01 1.250000000000000000e-01 0.000000000000000000e+00
9.560117302052786314e-01 1.250000000000000000e-01 0.000000000000000000e+00
9.569892473118279952e-01 1.250000000000000000e-01 0.000000000000000000e+00
9.579667644183773589e-01 1.250000000000000000e-01 0.000000000000000000e+00
9.589442815249267227e-01 1.250000000000000000e-01 0.000000000000000000e+00
9.599217986314760864e-01 1.250000000000000000e-01 0.000000000000000000e+00
9.608993157380254502e-01 1.250000000000000000e-01 0.000000000000000000e+00
9.618768328445748139e-01 1.250000000000000000e-01 0.000000000000000000e+00
9.628543499511241777e-01 1.250000000000000000e-01 0.000000000000000000e+00
9.638318670576735414e-01 1.250000000000000000e-01 0.000000000000000000e+00
9.648093841642229052e-01 1.250000000000000000e-01 0.000000000000000000e+00
9.657869012707722689e-01 1.250000000000000000e-01 0.000000000000000000e+00
9.667644183773216326e-01 1.250000000000000000e-01 0.000000000000000000e+00
9.677419354838709964e-01 1.250000000000000000e-01 0.000000000000000000e+00
9.687194525904203601e-01 1.250000000000000000e-01 0.000000000000000000e+00
9.696969696969697239e-01 1.250000000000000000e-01 0.000000000000000000e+00
9.706744868035190876e-01 1.250000000000000000e-01 0.000000000000000000e+00
9.716520039100684514e-01 1.250000000000000000e-01 0.000000000000000000e+00
9.726295210166178151e-01 1.250000000000000000e-01 0.000000000000000000e+00
9.736070381231671789e-01 1.250000000000000000e-01 0.000000000000000000e+00
9.745845552297165426e-01 1.250000000000000000e-01 0.000000000000000000e+00
9.755620723362659064e-01 1.250000000000000000e-01 0.000000000000000000e+00
9.765395894428152701e-01 1.250000000000000000e-01 0.000000000000000000e+00
9.775171065493646338e-01 1.250000000000000000e-01 0.000000000000000000e+00
9.784946236559139976e-01 1.250000000000000000e-01 0.000000000000000000e+00
9.794721407624633613e-01 1.250000000000000000e-01 0.000000000000000000e+00
9.804496578690127251e-01 1.250000000000000000e-01 0.000000000000000000e+00
9.814271749755620888e-01 1.250000000000000000e-01 0.000000000000000000e+00
9.824046920821114526e-01 1.250000000000000000e-01 0.000000000000000000e+00
9.833822091886608163e-01 1.250000000000000000e-01 0.000000000000000000e+00
9.843597262952101801e-01 1.250000000000000000e-01 0.000000000000000000e+00
9.853372434017595438e-01 1.250000000000000000e-01 0.000000000000000000e+00
9.863147605083089076e-01 1.250000000000000000e-01 0.000000000000000000e+00
9.872922776148582713e-01 1.250000000000000000e-01 0.000000000000000000e+00
9.882697947214076351e-01 1.250000000000000000e-01 0.000000000000000000e+00
9.892473118279569988e-01 1.250000000000000000e-01 0.000000000000000000e+00
9.902248289345063625e-01 1.250000000000000000e-01 0.000000000000000000e+00
9.912023460410557263e-01 1.250000000000000000e-01 0.000000000000000000e+00
9.921798631476050900e-01 1.250000000000000000e-01 0.000000000000000000e+00
9.931573802541544538e-01 1.250000000000000000e-01 0.000000000000000000e+00
9.941348973607038175e-01 1.250000000000000000e-01 0.000000000000000000e+00
9.951124144672531813e-01 1.250000000000000000e-01 0.000000000000000000e+00
9.960899315738025450e-01 1.250000000000000000e-01 0.000000000000000000e+00
9.970674486803519088e-01 1.250000000000000000e-01 0.000000000000000000e+00
9.980449657869012725e-01 1.250000000000000000e-01 0.000000000000000000e+00
9.990224828934506363e-01 1.250000000000000000e-01 -0.000000000000000000e+00
1.000000000000000000e+00 1.250000000000000000e-01 -0.000000000000000000e+00
