# 0.17783085308055632
0.000000000000000000e+00 1.000000000000000000e+00 -0.000000000000000000e+00
9.775171065493646130e-04 1.000000000000000000e+00 -0.000000000000000000e+00
1.955034213098729226e-03 1.000000000000000000e+00 0.000000000000000000e+00
2.932551319648093839e-03 1.000000000000000000e+00 0.000000000000000000e+00
3.910068426197458452e-03 1.000000000000000000e+00 0.000000000000000000e+00
4.887585532746823065e-03 1.000000000000000000e+00 0.000000000000000000e+00
5.865102639296187678e-03 1.000000000000000000e+00 0.000000000000000000e+00
6.842619745845552291e-03 1.000000000000000000e+00 0.000000000000000000e+00
7.820136852394916904e-03 1.000000000000000000e+00 0.000000000000000000e+00
8.797653958944282385e-03 1.000000000000000000e+00 0.000000000000000000e+00
9.775171065493646130e-03 1.000000000000000000e+00 0.000000000000000000e+00
1.075268817204301161e-02 1.000000000000000000e+00 0.000000000000000000e+00
1.173020527859237536e-02 1.000000000000000000e+00 0.000000000000000000e+00
1.270772238514174084e-02 1.000000000000000000e+00 0.000000000000000000e+00
1.368523949169110458e-02 1.000000000000000000e+00 0.000000000000000000e+00
1.466275659824047006e-02 1.000000000000000000e+00 0.000000000000000000e+00
1.564027370478983381e-02 1.000000000000000000e+00 0.000000000000000000e+00
1.661779081133919755e-02 1.000000000000000000e+00 0.000000000000000000e+00
1.759530791788856477e-02 1.000000000000000000e+00 0.000000000000000000e+00
1.857282502443792851e-02 1.000000000000000000e+00 0.000000000000000000e+00
1.955034213098729226e-02 1.000000000000000000e+00 0.000000000000000000e+00
2.052785923753665601e-02 1.000000000000000000e+00 0.000000000000000000e+00
2.150537634408602322e-02 1.000000000000000000e+00 0.000000000000000000e+00
2.248289345063538697e-02 1.000000000000000000e+00 0.000000000000000000e+00
2.346041055718475071e-02 1.000000000000000000e+00 0.000000000000000000e+00
2.443792766373411446e-02 1.000000000000000000e+00 0.000000000000000000e+00
2.541544477028348167e-02 1.000000000000000000e+00 0.000000000000000000e+00
2.639296187683284542e-02 1.000000000000000000e+00 0.000000000000000000e+00
2.737047898338220916e-02 1.000000000000000000e+00 0.000000000000000000e+00
2.834799608993157291e-02 1.000000000000000000e+00 0.000000000000000000e+00
2.932551319648094013e-02 1.000000000000000000e+00 0.000000000000000000e+00
3.030303030303030387e-02 1.000000000000000000e+00 0.000000000000000000e+00
3.128054740957966762e-02 1.000000000000000000e+00 0.000000000000000000e+00
3.225806451612903136e-02 1.000000000000000000e+00 0.000000000000000000e+00
3.323558162267839511e-02 1.000000000000000000e+00 0.000000000000000000e+00
3.421309872922775885e-02 1.000000000000000000e+00 0.000000000000000000e+00
3.519061583577712954e-02 1.000000000000000000e+00 0.000000000000000000e+00
3.616813294232649328e-02 1.000000000000000000e+00 0.000000000000000000e+00
3.714565004887585703e-02 1.000000000000000000e+00 0.000000000000000000e+00
3.812316715542522078e-02 1.000000000000000000e+00 0.000000000000000000e+00
3.910068426197458452e-02 1.000000000000000000e+00 0.000000000000000000e+00
4.007820136852394827e-02 1.000000000000000000e+00 0.000000000000000000e+00
4.105571847507331201e-02 1.000000000000000000e+00 0.000000000000000000e+00
4.203323558162267576e-02 1.000000000000000000e+00 0.000000000000000000e+00
4.301075268817204644e-02 1.000000000000000000e+00 0.000000000000000000e+00
4.398826979472141019e-02 1.000000000000000000e+00 0.000000000000000000e+00
4.496578690127077393e-02 1.000000000000000000e+00 0.000000000000000000e+00
4.594330400782013768e-02 1.000000000000000000e+00 0.000000000000000000e+00
4.692082111436950143e-02 1.000000000000000000e+00 0.000000000000000000e+00
4.789833822091886517e-02 1.000000000000000000e+00 0.000000000000000000e+00
4.887585532746822892e-02 1.000000000000000000e+00 0.000000000000000000e+00
4.985337243401759266e-02 1.000000000000000000e+00 0.000000000000000000e+00
5.083088954056696335e-02 1.000000000000000000e+00 0.000000000000000000e+00
5.180840664711632709e-02 1.000000000000000000e+00 0.000000000000000000e+00
5.278592375366569084e-02 1.000000000000000000e+00 0.000000000000000000e+00
5.376344086021505458e-02 1.000000000000000000e+00 0.000000000000000000e+00
5.474095796676441833e-02 1.000000000000000000e+00 0.000000000000000000e+00
5.571847507331378208e-02 1.000000000000000000e+00 0.000000000000000000e+00
5.669599217986314582e-02 1.000000000000000000e+00 0.000000000000000000e+00
5.767350928641250957e-02 1.000000000000000000e+00 0.000000000000000000e+00
5.865102639296188025e-02 1.000000000000000000e+00 0.000000000000000000e+00
5.962854349951124400e-02 1.000000000000000000e+00 0.000000000000000000e+00
6.060606060606060774e-02 1.000000000000000000e+00 0.000000000000000000e+00
6.158357771260997149e-02 1.000000000000000000e+00 0.000000000000000000e+00
6.256109481915933523e-02 1.000000000000000000e+00 0.000000000000000000e+00
6.353861192570869898e-02 1.000000000000000000e+00 0.000000000000000000e+00
6.451612903225806273e-02 1.000000000000000000e+00 0.000000000000000000e+00
6.549364613880742647e-02 1.000000000000000000e+00 0.000000000000000000e+00
6.647116324535679022e-02 1.000000000000000000e+00 0.000000000000000000e+00
6.744868035190615396e-02 1.000000000000000000e+00 0.000000000000000000e+00
6.842619745845551771e-02 1.000000000000000000e+00 0.000000000000000000e+00
6.940371456500488145e-02 1.000000000000000000e+00 0.000000000000000000e+00
7.038123167155425908e-02 1.000000000000000000e+00 0.000000000000000000e+00
7.135874877810362282e-02 1.000000000000000000e+00 0.000000000000000000e+00
7.233626588465298657e-02 1.000000000000000000e+00 0.000000000000000000e+00
7.331378299120235031e-02 1.000000000000000000e+00 0.000000000000000000e+00
7.429130009775171406e-02 1.000000000000000000e+00 0.000000000000000000e+00
7.526881720430107781e-02 1.000000000000000000e+00 0.000000000000000000e+00
7.624633431085044155e-02 1.000000000000000000e+00 0.000000000000000000e+00
7.722385141739980530e-02 1.000000000000000000e+00 0.000000000000000000e+00
7.820136852394916904e-02 1.000000000000000000e+00 0.000000000000000000e+00
7.917888563049853279e-02 1.000000000000000000e+00 0.000000000000000000e+00
8.015640273704789653e-02 1.000000000000000000e+00 0.000000000000000000e+00
8.113391984359726028e-02 1.000000000000000000e+00 0.000000000000000000e+00
8.211143695014662403e-02 1.000000000000000000e+00 0.000000000000000000e+00
8.308895405669598777e-02 1.000000000000000000e+00 0.000000000000000000e+00
8.406647116324535152e-02 1.000000000000000000e+00 0.000000000000000000e+00
8.504398826979471526e-02 1.000000000000000000e+00 0.000000000000000000e+00
8.602150537634409289e-02 1.000000000000000000e+00 0.000000000000000000e+00
8.699902248289345663e-02 1.000000000000000000e+00 0.000000000000000000e+00
8.797653958944282038e-02 1.000000000000000000e+00 0.000000000000000000e+00
8.895405669599218412e-02 1.000000000000000000e+00 0.000000000000000000e+00
8.993157380254154787e-02 1.000000000000000000e+00 0.000000000000000000e+00
9.090909090909091161e-02 1.000000000000000000e+00 0.000000000000000000e+00
9.188660801564027536e-02 1.000000000000000000e+00 0.000000000000000000e+00
9.286412512218963911e-02 1.000000000000000000e+00 0.000000000000000000e+00
9.384164222873900285e-02 1.000000000000000000e+00 0.000000000000000000e+00
9.481915933528836660e-02 1.000000000000000000e+00 0.000000000000000000e+00
9.579667644183773034e-02 1.000000000000000000e+00 0.000000000000000000e+00
9.677419354838709409e-02 1.000000000000000000e+00 0.000000000000000000e+00
9.775171065493645783e-02 1.000000000000000000e+00 0.000000000000000000e+00
9.872922776148582158e-02 1.000000000000000000e+00 0.000000000000000000e+00
9.970674486803518533e-02 1.000000000000000000e+00 0.000000000000000000e+00
1.006842619745845491e-01 1.000000000000000000e+00 0.000000000000000000e+00
1.016617790811339267e-01 1.000000000000000000e+00 0.000000000000000000e+00
1.026392961876832904e-01 1.000000000000000000e+00 0.000000000000000000e+00
1.036168132942326542e-01 1.000000000000000000e+00 0.000000000000000000e+00
1.045943304007820179e-01 1.000000000000000000e+00 0.000000000000000000e+00
1.055718475073313817e-01 1.000000000000000000e+00 0.000000000000000000e+00
1.065493646138807454e-01 1.000000000000000000e+00 0.000000000000000000e+00
1.075268817204301092e-01 1.000000000000000000e+00 0.000000000000000000e+00
1.085043988269794729e-01 1.000000000000000000e+00 0.000000000000000000e+00
1.094819159335288367e-01 1.000000000000000000e+00 0.000000000000000000e+00
1.104594330400782004e-01 1.000000000000000000e+00 0.000000000000000000e+00
1.114369501466275642e-01 1.000000000000000000e+00 0.000000000000000000e+00
1.124144672531769279e-01 1.000000000000000000e+00 0.000000000000000000e+00
1.133919843597262916e-01 1.000000000000000000e+00 0.000000000000000000e+00
1.143695014662756554e-01 1.000000000000000000e+00 0.000000000000000000e+00
1.153470185728250191e-01 1.000000000000000000e+00 0.000000000000000000e+00
1.163245356793743829e-01 1.000000000000000000e+00 0.000000000000000000e+00
1.173020527859237605e-01 1.000000000000000000e+00 0.000000000000000000e+00
1.182795698924731242e-01 1.000000000000000000e+00 0.000000000000000000e+00
1.192570869990224880e-01 1.000000000000000000e+00 0.000000000000000000e+00
1.202346041055718517e-01 1.000000000000000000e+00 0.000000000000000000e+00
1.212121212121212155e-01 1.000000000000000000e+00 0.000000000000000000e+00
1.221896383186705792e-01 1.000000000000000000e+00 0.000000000000000000e+00
1.231671554252199430e-01 1.000000000000000000e+00 0.000000000000000000e+00
1.241446725317693067e-01 1.000000000000000000e+00 0.000000000000000000e+00
1.251221896383186705e-01 1.000000000000000000e+00 0.000000000000000000e+00
1.260997067448680342e-01 1.000000000000000000e+00 0.000000000000000000e+00
1.270772238514173980e-01 1.000000000000000000e+00 0.000000000000000000e+00
1.280547409579667617e-01 1.000000000000000000e+00 0.000000000000000000e+00
1.290322580645161255e-01 1.000000000000000000e+00 0.000000000000000000e+00
1.300097751710654892e-01 1.000000000000000000e+00 0.000000000000000000e+00
1.309872922776148529e-01 1.000000000000000000e+00 0.000000000000000000e+00
1.319648093841642167e-01 1.000000000000000000e+00 0.000000000000000000e+00
1.329423264907135804e-01 1.000000000000000000e+00 0.000000000000000000e+00
1.339198435972629442e-01 1.000000000000000000e+00 0.000000000000000000e+00
1.348973607038123079e-01 1.000000000000000000e+00 0.000000000000000000e+00
1.358748778103616717e-01 1.000000000000000000e+00 0.000000000000000000e+00
1.368523949169110354e-01 1.000000000000000000e+00 0.000000000000000000e+00
1.378299120234603992e-01 1.000000000000000000e+00 0.000000000000000000e+00
1.388074291300097629e-01 1.000000000000000000e+00 0.000000000000000000e+00
1.397849462365591267e-01 1.000000000000000000e+00 0.000000000000000000e+00
1.407624633431085182e-01 1.000000000000000000e+00 0.000000000000000000e+00
1.417399804496578819e-01 1.000000000000000000e+00 0.000000000000000000e+00
1.427174975562072456e-01 1.000000000000000000e+00 0.000000000000000000e+00
1.436950146627566094e-01 1.000000000000000000e+00 0.000000000000000000e+00
1.446725317693059731e-01 1.000000000000000000e+00 0.000000000000000000e+00
1.456500488758553369e-01 1.000000000000000000e+00 0.000000000000000000e+00
1.466275659824047006e-01 1.000000000000000000e+00 0.000000000000000000e+00
1.476050830889540644e-01 1.000000000000000000e+00 0.000000000000000000e+00
1.485826001955034281e-01 1.000000000000000000e+00 0.000000000000000000e+00
1.495601173020527919e-01 1.000000000000000000e+00 0.000000000000000000e+00
1.505376344086021556e-01 1.000000000000000000e+00 0.000000000000000000e+00
1.515151515151515194e-01 1.000000000000000000e+00 0.000000000000000000e+00
1.524926686217008831e-01 1.000000000000000000e+00 0.000000000000000000e+00
1.534701857282502468e-01 1.000000000000000000e+00 0.000000000000000000e+00
1.544477028347996106e-01 1.000000000000000000e+00 0.000000000000000000e+00
1.554252199413489743e-01 1.000000000000000000e+00 0.000000000000000000e+00
1.564027370478983381e-01 1.000000000000000000e+00 0.000000000000000000e+00
1.573802541544477018e-01 1.000000000000000000e+00 0.000000000000000000e+00
1.583577712609970656e-01 1.000000000000000000e+00 0.000000000000000000e+00
1.593352883675464293e-01 1.000000000000000000e+00 0.000000000000000000e+00
1.603128054740957931e-01 1.000000000000000000e+00 0.000000000000000000e+00
1.612903225806451568e-01 1.000000000000000000e+00 0.000000000000000000e+00
1.622678396871945206e-01 1.000000000000000000e+00 0.000000000000000000e+00
1.632453567937438843e-01 1.000000000000000000e+00 0.000000000000000000e+00
1.642228739002932481e-01 1.000000000000000000e+00 0.000000000000000000e+00
1.652003910068426118e-01 1.000000000000000000e+00 0.000000000000000000e+00
1.661779081133919755e-01 1.000000000000000000e+00 0.000000000000000000e+00
1.671554252199413393e-01 1.000000000000000000e+00 0.000000000000000000e+00
1.681329423264907030e-01 1.000000000000000000e+00 0.000000000000000000e+00
1.691104594330400668e-01 1.000000000000000000e+00 0.000000000000000000e+00
1.700879765395894305e-01 1.000000000000000000e+00 0.000000000000000000e+00
1.710654936461387943e-01 1.000000000000000000e+00 0.000000000000000000e+00
1.720430107526881858e-01 1.000000000000000000e+00 0.000000000000000000e+00
1.730205278592375495e-01 1.000000000000000000e+00 0.000000000000000000e+00
1.739980449657869133e-01 1.000000000000000000e+00 0.000000000000000000e+00
1.749755620723362770e-01 1.000000000000000000e+00 0.000000000000000000e+00
1.759530791788856408e-01 1.000000000000000000e+00 0.000000000000000000e+00
1.769305962854350045e-01 1.000000000000000000e+00 0.000000000000000000e+00
1.779081133919843682e-01 1.000000000000000000e+00 0.000000000000000000e+00
1.788856304985337320e-01 1.000000000000000000e+00 0.000000000000000000e+00
1.798631476050830957e-01 1.000000000000000000e+00 0.000000000000000000e+00
1.808406647116324595e-01 1.000000000000000000e+00 0.000000000000000000e+00
1.818181818181818232e-01 1.000000000000000000e+00 0.000000000000000000e+00
1.827956989247311870e-01 1.000000000000000000e+00 0.000000000000000000e+00
1.837732160312805507e-01 1.000000000000000000e+00 0.000000000000000000e+00
1.847507331378299145e-01 1.000000000000000000e+00 0.000000000000000000e+00
1.857282502443792782e-01 1.000000000000000000e+00 0.000000000000000000e+00
1.867057673509286420e-01 1.000000000000000000e+00 0.000000000000000000e+00
1.876832844574780057e-01 1.000000000000000000e+00 0.000000000000000000e+00
1.886608015640273694e-01 1.000000000000000000e+00 0.000000000000000000e+00
1.896383186705767332e-01 1.000000000000000000e+00 0.000000000000000000e+00
1.906158357771260969e-01 1.000000000000000000e+00 0.000000000000000000e+00
1.915933528836754607e-01 1.000000000000000000e+00 0.000000000000000000e+00
1.925708699902248244e-01 1.000000000000000000e+00 0.000000000000000000e+00
1.935483870967741882e-01 1.000000000000000000e+00 0.000000000000000000e+00
1.945259042033235519e-01 1.000000000000000000e+00 0.000000000000000000e+00
1.955034213098729157e-01 1.000000000000000000e+00 0.000000000000000000e+00
1.964809384164222794e-01 1.000000000000000000e+00 0.000000000000000000e+00
1.974584555229716432e-01 1.000000000000000000e+00 0.000000000000000000e+00
1.984359726295210069e-01 1.000000000000000000e+00 0.000000000000000000e+00
1.994134897360703707e-01 1.000000000000000000e+00 0.000000000000000000e+00
2.003910068426197344e-01 1.000000000000000000e+00 0.000000000000000000e+00
2.013685239491690981e-01 1.000000000000000000e+00 0.000000000000000000e+00
2.023460410557184619e-01 1.000000000000000000e+00 0.000000000000000000e+00
2.033235581622678534e-01 1.000000000000000000e+00 0.000000000000000000e+00
2.043010752688172171e-01 1.000000000000000000e+00 0.000000000000000000e+00
2.052785923753665809e-01 1.000000000000000000e+00 0.000000000000000000e+00
2.062561094819159446e-01 1.000000000000000000e+00 0.000000000000000000e+00
2.072336265884653084e-01 1.000000000000000000e+00 0.000000000000000000e+00
2.082111436950146721e-01 1.000000000000000000e+00 0.000000000000000000e+00
2.091886608015640359e-01 1.000000000000000000e+00 0.000000000000000000e+00
2.101661779081133996e-01 1.000000000000000000e+00 0.000000000000000000e+00
2.111436950146627634e-01 1.000000000000000000e+00 0.000000000000000000e+00
2.121212121212121271e-01 1.000000000000000000e+00 0.000000000000000000e+00
2.130987292277614908e-01 1.000000000000000000e+00 0.000000000000000000e+00
2.140762463343108546e-01 1.000000000000000000e+00 0.000000000000000000e+00
2.150537634408602183e-01 1.000000000000000000e+00 0.000000000000000000e+00
2.160312805474095821e-01 1.000000000000000000e+00 0.000000000000000000e+00
2.170087976539589458e-01 1.000000000000000000e+00 0.000000000000000000e+00
2.179863147605083096e-01 1.000000000000000000e+00 0.000000000000000000e+00
2.189638318670576733e-01 1.000000000000000000e+00 0.000000000000000000e+00
2.199413489736070371e-01 1.000000000000000000e+00 0.000000000000000000e+00
2.209188660801564008e-01 1.000000000000000000e+00 0.000000000000000000e+00
2.218963831867057646e-01 1.000000000000000000e+00 0.000000000000000000e+00
2.228739002932551283e-01 1.000000000000000000e+00 0.000000000000000000e+00
2.238514173998044920e-01 1.000000000000000000e+00 0.000000000000000000e+00
2.248289345063538558e-01 1.000000000000000000e+00 0.000000000000000000e+00
2.258064516129032195e-01 1.000000000000000000e+00 0.000000000000000000e+00
2.267839687194525833e-01 1.000000000000000000e+00 0.000000000000000000e+00
2.277614858260019470e-01 1.000000000000000000e+00 0.000000000000000000e+00
2.287390029325513108e-01 1.000000000000000000e+00 0.000000000000000000e+00
2.297165200391006745e-01 1.000000000000000000e+00 0.000000000000000000e+00
2.306940371456500383e-01 1.000000000000000000e+00 0.000000000000000000e+00
2.316715542521994020e-01 1.000000000000000000e+00 0.000000000000000000e+00
2.326490713587487658e-01 1.000000000000000000e+00 0.000000000000000000e+00
2.336265884652981295e-01 1.000000000000000000e+00 0.000000000000000000e+00
2.346041055718475210e-01 1.000000000000000000e+00 0.000000000000000000e+00
2.355816226783968848e-01 1.000000000000000000e+00 0.000000000000000000e+00
2.365591397849462485e-01 1.000000000000000000e+00 0.000000000000000000e+00
2.375366568914956122e-01 1.000000000000000000e+00 0.000000000000000000e+00
2.385141739980449760e-01 1.000000000000000000e+00 0.000000000000000000e+00
2.394916911045943397e-01 1.000000000000000000e+00 0.000000000000000000e+00
2.404692082111437035e-01 1.000000000000000000e+00 0.000000000000000000e+00
2.414467253176930672e-01 1.000000000000000000e+00 0.000000000000000000e+00
2.424242424242424310e-01 1.000000000000000000e+00 0.000000000000000000e+00
2.434017595307917947e-01 1.000000000000000000e+00 0.000000000000000000e+00
2.443792766373411585e-01 1.000000000000000000e+00 0.000000000000000000e+00
2.453567937438905222e-01 1.000000000000000000e+00 0.000000000000000000e+00
2.463343108504398860e-01 1.000000000000000000e+00 0.000000000000000000e+00
2.473118279569892497e-01 1.000000000000000000e+00 0.000000000000000000e+00
2.482893450635386134e-01 1.000000000000000000e+00 0.000000000000000000e+00
2.492668621700879772e-01 1.000000000000000000e+00 0.000000000000000000e+00
2.502443792766373409e-01 1.000000000000000000e+00 0.000000000000000000e+00
2.512218963831867047e-01 1.000000000000000000e+00 0.000000000000000000e+00
2.521994134897360684e-01 1.000000000000000000e+00 0.000000000000000000e+00
2.531769305962854322e-01 1.000000000000000000e+00 0.000000000000000000e+00
2.541544477028347959e-01 1.000000000000000000e+00 0.000000000000000000e+00
2.551319648093841597e-01 1.000000000000000000e+00 0.000000000000000000e+00
2.561094819159335234e-01 1.000000000000000000e+00 0.000000000000000000e+00
2.570869990224828872e-01 1.000000000000000000e+00 0.000000000000000000e+00
2.580645161290322509e-01 1.000000000000000000e+00 0.000000000000000000e+00
2.590420332355816146e-01 1.000000000000000000e+00 0.000000000000000000e+00
2.600195503421309784e-01 1.000000000000000000e+00 0.000000000000000000e+00
2.609970674486803421e-01 1.000000000000000000e+00 0.000000000000000000e+00
2.619745845552297059e-01 1.000000000000000000e+00 0.000000000000000000e+00
2.629521016617790696e-01 1.000000000000000000e+00 0.000000000000000000e+00
2.639296187683284334e-01 1.000000000000000000e+00 0.000000000000000000e+00
2.649071358748777971e-01 1.000000000000000000e+00 0.000000000000000000e+00
2.658846529814271609e-01 1.000000000000000000e+00 0.000000000000000000e+00
2.668621700879765246e-01 1.000000000000000000e+00 0.000000000000000000e+00
2.678396871945258884e-01 1.000000000000000000e+00 0.000000000000000000e+00
2.688172043010752521e-01 1.000000000000000000e+00 0.000000000000000000e+00
2.697947214076246158e-01 1.000000000000000000e+00 0.000000000000000000e+00
2.707722385141739796e-01 1.000000000000000000e+00 0.000000000000000000e+00
2.717497556207233433e-01 1.000000000000000000e+00 0.000000000000000000e+00
2.727272727272727071e-01 1.000000000000000000e+00 0.000000000000000000e+00
2.737047898338220708e-01 1.000000000000000000e+00 0.000000000000000000e+00
2.746823069403714346e-01 1.000000000000000000e+00 0.000000000000000000e+00
2.756598240469207983e-01 1.000000000000000000e+00 0.000000000000000000e+00
2.766373411534701621e-01 1.000000000000000000e+00 0.000000000000000000e+00
2.776148582600195258e-01 1.000000000000000000e+00 0.000000000000000000e+00
2.785923753665688896e-01 1.000000000000000000e+00 0.000000000000000000e+00
2.795698924731182533e-01 1.000000000000000000e+00 0.000000000000000000e+00
2.805474095796676171e-01 1.000000000000000000e+00 0.000000000000000000e+00
2.815249266862170363e-01 1.000000000000000000e+00 0.000000000000000000e+00
2.825024437927664001e-01 1.000000000000000000e+00 0.000000000000000000e+00
2.834799608993157638e-01 1.000000000000000000e+00 0.000000000000000000e+00
2.844574780058651275e-01 1.000000000000000000e+00 0.000000000000000000e+00
2.854349951124144913e-01 1.000000000000000000e+00 0.000000000000000000e+00
2.864125122189638550e-01 1.000000000000000000e+00 0.000000000000000000e+00
2.873900293255132188e-01 1.000000000000000000e+00 0.000000000000000000e+00
2.883675464320625825e-01 1.000000000000000000e+00 0.000000000000000000e+00
2.893450635386119463e-01 1.000000000000000000e+00 0.000000000000000000e+00
2.903225806451613100e-01 1.000000000000000000e+00 0.000000000000000000e+00
2.913000977517106738e-01 1.000000000000000000e+00 0.000000000000000000e+00
2.922776148582600375e-01 1.000000000000000000e+00 0.000000000000000000e+00
2.932551319648094013e-01 1.000000000000000000e+00 0.000000000000000000e+00
2.942326490713587650e-01 1.000000000000000000e+00 0.000000000000000000e+00
2.952101661779081287e-01 1.000000000000000000e+00 0.000000000000000000e+00
2.961876832844574925e-01 1.000000000000000000e+00 0.000000000000000000e+00
2.971652003910068562e-01 1.000000000000000000e+00 0.000000000000000000e+00
2.981427174975562200e-01 1.000000000000000000e+00 0.000000000000000000e+00
2.991202346041055837e-01 1.000000000000000000e+00 0.000000000000000000e+00
3.000977517106549475e-01 1.000000000000000000e+00 0.000000000000000000e+00
3.010752688172043112e-01 1.000000000000000000e+00 0.000000000000000000e+00
3.020527859237536750e-01 1.000000000000000000e+00 0.000000000000000000e+00
3.030303030303030387e-01 1.000000000000000000e+00 0.000000000000000000e+00
3.040078201368524025e-01 1.000000000000000000e+00 0.000000000000000000e+00
3.049853372434017662e-01 1.000000000000000000e+00 0.000000000000000000e+00
3.059628543499511300e-01 1.000000000000000000e+00 0.000000000000000000e+00
3.069403714565004937e-01 1.000000000000000000e+00 0.000000000000000000e+00
3.079178885630498574e-01 1.000000000000000000e+00 0.000000000000000000e+00
3.088954056695992212e-01 1.000000000000000000e+00 0.000000000000000000e+00
3.098729227761485849e-01 1.000000000000000000e+00 0.000000000000000000e+00
3.108504398826979487e-01 1.000000000000000000e+00 0.000000000000000000e+00
3.118279569892473124e-01 1.000000000000000000e+00 7.655883126523299678e-17
3.128054740957966762e-01 9.999999999999992228e-01 4.638643936652981366e-16
3.137829912023460399e-01 9.999999999999974465e-01 2.571556775455153523e-15
3.147605083088954037e-01 9.999999999999903411e-01 6.498769085653412558e-15
3.157380254154447674e-01 9.999999999999790168e-01 1.913626316181442592e-14
3.167155425219941312e-01 9.999999999999437117e-01 4.077678908219243523e-14
3.176930596285434949e-01 9.999999999998823164e-01 1.056987378357756627e-13
3.186705767350928586e-01 9.999999999997039035e-01 2.174555335659283636e-13
3.196480938416422224e-01 9.999999999993965938e-01 5.393369584766919155e-13
3.206256109481915861e-01 9.999999999985228483e-01 1.090069852001852342e-12
3.216031280547409499e-01 9.999999999970322628e-01 2.637576043627784159e-12
3.225806451612903136e-01 9.999999999928952388e-01 5.258488932411425932e-12
3.235581622678396774e-01 9.999999999859263689e-01 1.244124624439672375e-11
3.245356793743890411e-01 9.999999999670476925e-01 2.446591407689107204e-11
3.255131964809384049e-01 9.999999999356192770e-01 5.659030995027559472e-11
3.264907135874877686e-01 9.999999998526746259e-01 1.097352964974404539e-10
3.274682306940371324e-01 9.999999997162164478e-01 2.480009075554240288e-10
3.284457478005864961e-01 9.999999993657000541e-01 4.740105027918779323e-10
3.294232649071358598e-01 9.999999987960144221e-01 1.046008385542248254e-09
3.304007820136852236e-01 9.999999973731854563e-01 1.969512798618581306e-09
3.313782991202345873e-01 9.999999950895614997e-01 4.240801584340544738e-09
3.323558162267839511e-01 9.999999895499507296e-01 7.861248842636927015e-09
3.333333333333333148e-01 9.999999807738670921e-01 1.650435420711060717e-08
3.343108504398826786e-01 9.999999601213417355e-01 3.009995997304401557e-08
3.352883675464320423e-01 9.999999278418199022e-01 6.156493692053309487e-08
3.362658846529814061e-01 9.999998542493800935e-01 1.103812464063768611e-07
3.372434017595307698e-01 9.999997408330745241e-01 2.197498189216366121e-07
3.382209188660801336e-01 9.999994907096196872e-01 3.870043885580836917e-07
3.391984359726294973e-01 9.999991108638213166e-01 7.491606125215790821e-07
3.401759530791788610e-01 9.999983019485404467e-01 1.294705164302638689e-06
3.411534701857282248e-01 9.999970923365171238e-01 2.434228817408144258e-06
3.421309872922775885e-01 9.999946098687602092e-01 4.123729679134921961e-06
3.431085043988269523e-01 9.999909577767411850e-01 7.520580492048198298e-06
3.440860215053763715e-01 9.999837517634012629e-01 1.247281004501338667e-05
3.450635386119257353e-01 9.999733328549075262e-01 2.203200226909862069e-05
3.460410557184750990e-01 9.999536234697197212e-01 3.571997729732009832e-05
3.470185728250244628e-01 9.999256509971307105e-01 6.100828641622951527e-05
3.479960899315738265e-01 9.998750896137549304e-01 9.652431699016180713e-05
3.489736070381231903e-01 9.998047582559662638e-01 1.590919315420005861e-04
3.499511241446725540e-01 9.996837756489302951e-01 2.451292576074420686e-04
3.509286412512219178e-01 9.995191431156503770e-01 3.890166583028644267e-04
3.519061583577712815e-01 9.992509117010184294e-01 5.823260560881940743e-04
3.528836754643206453e-01 9.988946450005268263e-01 8.876421767271855216e-04
3.538611925708700090e-01 9.983477967549569954e-01 1.287326185294079654e-03
3.548387096774193727e-01 9.976407928422712512e-01 1.880161664830443721e-03
3.558162267839687365e-01 9.966239266438651212e-01 2.633981774552373711e-03
3.567937438905181002e-01 9.953482152686961015e-01 3.678546007360180160e-03
3.577712609970674640e-01 9.936362734237144112e-01 4.964177745117866886e-03
3.587487781036168277e-01 9.915591465310837904e-01 6.623102493015467496e-03
3.597262952101661915e-01 9.889615743444657436e-01 8.592565745291937465e-03
3.607038123167155552e-01 9.859230601252497728e-01 1.096136942916971398e-02
3.616813294232649190e-01 9.823677391298646366e-01 1.366642303890783054e-02
3.626588465298142827e-01 9.783667967974177815e-01 1.672082258145206682e-02
3.636363636363636465e-01 9.739415997335016950e-01 2.007252172513734195e-02
3.646138807429130102e-01 9.691490938284011980e-01 2.367203758326862778e-02
3.655913978494623739e-01 9.640653969538227619e-01 2.747715177131999226e-02
3.665689149560117377e-01 9.587418706449233330e-01 3.142386234285507451e-02
3.675464320625611014e-01 9.532485029875185090e-01 3.547278575446956295e-02
3.685239491691104652e-01 9.476346111587057308e-01 3.958094321991387915e-02
3.695014662756598289e-01 9.419401018435382689e-01 4.371497309759451999e-02
3.704789833822091927e-01 9.362013909074433649e-01 4.785318292106597454e-02
3.714565004887585564e-01 9.304392822124156748e-01 5.197642615725485415e-02
3.724340175953079202e-01 9.246714454751101542e-01 5.607252111084405632e-02
3.734115347018572839e-01 9.189099328881846773e-01 6.013432192035623319e-02
3.743890518084066477e-01 9.131618771589625760e-01 6.415535352946474812e-02
3.753665689149560114e-01 9.074325465035048000e-01 6.813264870365119685e-02
3.763440860215053752e-01 9.017259650866639165e-01 7.206396474484773329e-02
3.773216031280547389e-01 8.960438841012364763e-01 7.594780383545431113e-02
3.782991202346041026e-01 8.903883371462102403e-01 7.978322603658442869e-02
3.792766373411534664e-01 8.847603535774696271e-01 8.356995959184453093e-02
3.802541544477028301e-01 8.791608337175245147e-01 8.730747727354408461e-02
3.812316715542521939e-01 8.735902533784526414e-01 9.099582202808725873e-02
3.822091886608015576e-01 8.680492566964977952e-01 9.463493295084535184e-02
3.831867057673509214e-01 8.625379937231056893e-01 9.822496042044064068e-02
3.841642228739002851e-01 8.570568196570050867e-01 1.017659847290069558e-01
3.851417399804496489e-01 8.516058255069702820e-01 1.052583034783936000e-01
3.861192570869990126e-01 8.461851948664526057e-01 1.087020989058316567e-01
3.870967741935483764e-01 8.407949190640793269e-01 1.120976927969251635e-01
3.880742913000977401e-01 8.354350987329658418e-01 1.154453578364179889e-01
3.890518084066471038e-01 8.301056868795374521e-01 1.187454488561899696e-01
3.900293255131964676e-01 8.248066991615737864e-01 1.219982743765915117e-01
3.910068426197458313e-01 8.195380649227982373e-01 1.252042076335810050e-01
3.919843597262951951e-01 8.142997562217212382e-01 1.283635934572620318e-01
3.929618768328445588e-01 8.090916808562913509e-01 1.314768110401218770e-01
3.939393939393939226e-01 8.039137750725250386e-01 1.345442230959311147e-01
3.949169110459432863e-01 7.987659372111852729e-01 1.375662161064407918e-01
3.958944281524926501e-01 7.936480802671852519e-01 1.405431648133271816e-01
3.968719452590420138e-01 7.885600925610644074e-01 1.434754566064931069e-01
3.978494623655913776e-01 7.835018716703540109e-01 1.463634729269783219e-01
3.988269794721407413e-01 7.784733004666606337e-01 1.492076021656667251e-01
3.998044965786901050e-01 7.734742657472141181e-01 1.520082282322084977e-01
4.007820136852394688e-01 7.685046457451837343e-01 1.547657381978901348e-01
4.017595307917888325e-01 7.635643208252905767e-01 1.574805164219413578e-01
4.027370478983381963e-01 7.586531664273225006e-01 1.601529480439270459e-01
4.037145650048875600e-01 7.537710587153546582e-01 1.627834157913233548e-01
4.046920821114369238e-01 7.489178713375436169e-01 1.653723019027366625e-01
4.056695992179862875e-01 7.440934783751416148e-01 1.679199865278565296e-01
4.066471163245357068e-01 7.392977527125793591e-01 1.704268484587882493e-01
4.076246334310850705e-01 7.345305675488289499e-01 1.728932643378390532e-01
4.086021505376344343e-01 7.297917957988635518e-01 1.753196090192542522e-01
4.095796676441837980e-01 7.250813108509720495e-01 1.777062551757108144e-01
4.105571847507331618e-01 7.203989863377717739e-01 1.800535733846150288e-01
4.115347018572825255e-01 7.157446965416034423e-01 1.823619319404517491e-01
4.125122189638318893e-01 7.111183163875889335e-01 1.846316968881560883e-01
4.134897360703812530e-01 7.065197216697394200e-01 1.868632319269170894e-01
4.144672531769306167e-01 7.019487890985632861e-01 1.890568983962130634e-01
4.154447702834799805e-01 6.974053964499699054e-01 1.912130552287814866e-01
4.164222873900293442e-01 6.928894226477412266e-01 1.933320589427038050e-01
4.173998044965787080e-01 6.884007478737665942e-01 1.954142636179473091e-01
4.183773216031280717e-01 6.839392536496079478e-01 1.974600208859737527e-01
4.193548387096774355e-01 6.795048229299648357e-01 1.994696799200531279e-01
4.203323558162267992e-01 6.750973401875302038e-01 2.014435874342211663e-01
4.213098729227761630e-01 6.707166914993593076e-01 2.033820876827764357e-01
4.222873900293255267e-01 6.663627646292116236e-01 2.052855224628403474e-01
4.232649071358748905e-01 6.620354491116153817e-01 2.071542311195317954e-01
4.242424242424242542e-01 6.577346363364516835e-01 2.089885505544469002e-01
4.252199413489736179e-01 6.534602196349437175e-01 2.107888152359651546e-01
4.261974584555229817e-01 6.492120943669436040e-01 2.125553572111542611e-01
4.271749755620723454e-01 6.449901580108183818e-01 2.142885061194101382e-01
4.281524926686217092e-01 6.407943102565711868e-01 2.159885892079565495e-01
4.291300097751710729e-01 6.366244531026319375e-01 2.176559313488543590e-01
4.301075268817204367e-01 6.324804909567144362e-01 2.192908550572605642e-01
4.310850439882698004e-01 6.283623307414256676e-01 2.208936805109273649e-01
4.320625610948191642e-01 6.242698820053320663e-01 2.224647255710103799e-01
4.330400782013685279e-01 6.202030570400864917e-01 2.240043058041298607e-01
4.340175953079178917e-01 6.161617710041792373e-01 2.255127345055819299e-01
4.349951124144672554e-01 6.121459420539755447e-01 2.269903227236774179e-01
4.359726295210166191e-01 6.081554914827810299e-01 2.284373792852573137e-01
4.369501466275659829e-01 6.041903438686989647e-01 2.298542108224256586e-01
4.379276637341153466e-01 6.002504272320331458e-01 2.312411218005147595e-01
4.389051808406647104e-01 5.963356732030700158e-01 2.325984145473134201e-01
4.398826979472140741e-01 5.924460172011205561e-01 2.339263892836220826e-01
4.408602150537634379e-01 5.885813986257970587e-01 2.352253441552287216e-01
4.418377321603128016e-01 5.847417610615378569e-01 2.364955752663964184e-01
4.428152492668621654e-01 5.809270524964719185e-01 2.377373767149621453e-01
4.437927663734115291e-01 5.771372255567949194e-01 2.389510406291667499e-01
4.447702834799608929e-01 5.733722377579252294e-01 2.401368572063567186e-01
4.457478005865102566e-01 5.696320517738101552e-01 2.412951147537223395e-01
4.467253176930596203e-01 5.659166357258502700e-01 2.424260997312486787e-01
4.477028347996089841e-01 5.622259634930265593e-01 2.435300967970752406e-01
4.486803519061583478e-01 5.585600150449425705e-01 2.446073888554857745e-01
4.496578690127077116e-01 5.549187767996289766e-01 2.456582571077751409e-01
4.506353861192570753e-01 5.513022420081062913e-01 2.466829811062667133e-01
4.516129032258064391e-01 5.477104111678563481e-01 2.476818388117839886e-01
4.525904203323558028e-01 5.441432924675225768e-01 2.486551066549075872e-01
4.535679374389051666e-01 5.406009022653421869e-01 2.496030596013860403e-01
4.545454545454545303e-01 5.370832656040082087e-01 2.505259712221090673e-01
4.555229716520038941e-01 5.335904167648650720e-01 2.514241137680871541e-01
4.565004887585532578e-01 5.301223998645617774e-01 2.522977582509347005e-01
4.574780058651026216e-01 5.266792694975195310e-01 2.531471745293927267e-01
4.584555229716519853e-01 5.232610914278136294e-01 2.539726314024884357e-01
4.594330400782013490e-01 5.198679433343287304e-01 2.547743967099815321e-01
4.604105571847507128e-01 5.164999156133067704e-01 2.555527374408129715e-01
4.613880742913000765e-01 5.131571122426847875e-01 2.563079198503362410e-01
4.623655913978494403e-01 5.098396517128972460e-01 2.570402095871862636e-01
4.633431085043988040e-01 5.065476680290916800e-01 2.577498718307164594e-01
4.643206256109481678e-01 5.032813117899890276e-01 2.584371714400177655e-01
4.652981427174975315e-01 5.000407513488775990e-01 2.591023731156233967e-01
4.662756598240468953e-01 4.968261740624786982e-01 2.597457415750913379e-01
4.672531769305962590e-01 4.936377876336365822e-01 2.603675417437562034e-01
4.682306940371456228e-01 4.904758215539591348e-01 2.609680389620414043e-01
4.692082111436950420e-01 4.873405286526454328e-01 2.615474992108198227e-01
4.701857282502444058e-01 4.842321867577734085e-01 2.621061893564176071e-01
4.711632453567937695e-01 4.811511004762453747e-01 2.626443774169489043e-01
4.721407624633431332e-01 4.780976030983847269e-01 2.631623328517664340e-01
4.731182795698924970e-01 4.750720586327930595e-01 2.636603268758930252e-01
4.740957966764418607e-01 4.720748639764810739e-01 2.641386328013662355e-01
4.750733137829912245e-01 4.691064512244185192e-01 2.645975264074766908e-01
4.760508308895405882e-01 4.661672901214466980e-01 2.650372863418954394e-01
4.770283479960899520e-01 4.632578906578866396e-01 2.654581945546594657e-01
4.780058651026393157e-01 4.603788058080703904e-01 2.658605367669128472e-01
4.789833822091886795e-01 4.575306344083250321e-01 2.662446029761519894e-01
4.799608993157380432e-01 4.547140241675193262e-01 2.666106879995018275e-01
4.809384164222874070e-01 4.519296747990264040e-01 2.669590920562073255e-01
4.819159335288367707e-01 4.491783412577005641e-01 2.672901213900703010e-01
4.828934506353861345e-01 4.464608370590569253e-01 2.676040889319369898e-01
4.838709677419354982e-01 4.437780376500895518e-01 2.679013150015299161e-01
4.848484848484848619e-01 4.411308837918893611e-01 2.681821280468908997e-01
4.858260019550342257e-01 4.385203849032315304e-01 2.684468654184039571e-01
4.868035190615835894e-01 4.359476223013947771e-01 2.686958741727804023e-01
4.877810361681329532e-01 4.334137522614902593e-01 2.689295119004527779e-01
4.887585532746823169e-01 4.309200087983726668e-01 2.691481475675234769e-01
4.897360703812316807e-01 4.284677060557041117e-01 2.693521623607011417e-01
4.907135874877810444e-01 4.260582401649510298e-01 2.695419505205269850e-01
4.916911045943304082e-01 4.236930904131682718e-01 2.697179201446307517e-01
4.926686217008797719e-01 4.213738195326701685e-01 2.698804939387855484e-01
4.936461388074291357e-01 4.191020728986869504e-01 2.700301098892274321e-01
4.946236559139784994e-01 4.168795763937105381e-01 2.701672218251338631e-01
4.956011730205278631e-01 4.147081326706992255e-01 2.702922998355122286e-01
4.965786901270772269e-01 4.125896155233498286e-01 2.704058305002357554e-01
4.975562072336265906e-01 4.105259620524785991e-01 2.705083168909006575e-01
4.985337243401759544e-01 4.085191623060088761e-01 2.706002782939503915e-01
4.995112414467253181e-01 4.065712460695508623e-01 2.706822496066125794e-01
5.004887585532746819e-01 4.046842664990781269e-01 2.707547803561857203e-01
5.014662756598240456e-01 4.028602803212167904e-01 2.708184332957160878e-01
5.024437927663734094e-01 4.011013243848893239e-01 2.708737825347971584e-01
5.034213098729227731e-01 3.994093884351173629e-01 2.709214111736963360e-01
5.043988269794721369e-01 3.977863840997509226e-01 2.709619084228021557e-01
5.053763440860215006e-01 3.962341102355402822e-01 2.709958662077656122e-01
5.063538611925708643e-01 3.947542149720420501e-01 2.710238752836569565e-01
5.073313782991202281e-01 3.933481550180856767e-01 2.710465209084718108e-01
5.083088954056695918e-01 3.920171530497118528e-01 2.710643781563565335e-01
5.092864125122189556e-01 3.907621542696324002e-01 2.710780069822992799e-01
5.102639296187683193e-01 3.895837835000463545e-01 2.710879471804232832e-01
5.112414467253176831e-01 3.884823044214422705e-01 2.710947134045935125e-01
5.122189638318670468e-01 3.874575827736307931e-01 2.710987904396075510e-01
5.131964809384164106e-01 3.865090554626273711e-01 2.711006289206194797e-01
5.141739980449657743e-01 3.856357075389703071e-01 2.711006416949233722e-01
5.151515151515151381e-01 3.848360589040134561e-01 2.710992010019723231e-01
5.161290322580645018e-01 3.841081623429481451e-01 2.710966366141490669e-01
5.171065493646138655e-01 3.834496140713080647e-01 2.710932350336283103e-01
5.180840664711632293e-01 3.828575774259031506e-01 2.710892397828617018e-01
5.190615835777125930e-01 3.823288196598594313e-01 2.710848527625789317e-01
5.200391006842619568e-01 3.818597610606336290e-01 2.710802365877292841e-01
5.210166177908113205e-01 3.814465348598197747e-01 2.710755177548426209e-01
5.219941348973606843e-01 3.810850557128481753e-01 2.710707904497196008e-01
5.229716520039100480e-01 3.807710939638471181e-01 2.710661207765742708e-01
5.239491691104594118e-01 3.805003525352445570e-01 2.710615511810559597e-01
5.249266862170087755e-01 3.802685431343513223e-01 2.710571048498320312e-01
5.259042033235581393e-01 3.800714585669823231e-01 2.710527898961453963e-01
5.268817204301075030e-01 3.799050382806443693e-01 2.710486031796636164e-01
5.278592375366568668e-01 3.797654247905303815e-01 2.710445336546523643e-01
5.288367546432062305e-01 3.796490093135328481e-01 2.710405651875266164e-01
5.298142717497555942e-01 3.795524656794848628e-01 2.710366788283165573e-01
5.307917888563049580e-01 3.794727723330239555e-01 2.710328545569120617e-01
5.317693059628543217e-01 3.794072229187122614e-01 2.710290725520606014e-01
5.327468230694036855e-01 3.793534265052382892e-01 2.710253140483918632e-01
5.337243401759530492e-01 3.793092989190627318e-01 2.710215618549181582e-01
5.347018572825024130e-01 3.792730469108647195e-01 2.710178006090330771e-01
5.356793743890517767e-01 3.792431469747725159e-01 2.710140168349638445e-01
5.366568914956011405e-01 3.792183206000652174e-01 2.710101988669603168e-01
5.376344086021505042e-01 3.791975075866024780e-01 2.710063366870270052e-01
5.386119257086998680e-01 3.791798388317801360e-01 2.710024217161814408e-01
5.395894428152492317e-01 3.791646097311758279e-01 2.709984465880725391e-01
5.405669599217985954e-01 3.791512550565515061e-01 2.709944049249347064e-01
5.415444770283479592e-01 3.791393259070603983e-01 2.709902911285876348e-01
5.425219941348973229e-01 3.791284690892626208e-01 2.709861001935447433e-01
5.434995112414466867e-01 3.791184090792096284e-01 2.709818275451507108e-01
5.444770283479960504e-01 3.791089325599080739e-01 2.709774689028192074e-01
5.454545454545454142e-01 3.790998754097904544e-01 2.709730201666352700e-01
5.464320625610947779e-01 3.790911119389351880e-01 2.709684773245714662e-01
5.474095796676441417e-01 3.790825461241951189e-01 2.709638363771392222e-01
5.483870967741935054e-01 3.790741045756114702e-01 2.709590932762492299e-01
5.493646138807428692e-01 3.790657309679144049e-01 2.709542438752572946e-01
5.503421309872922329e-01 3.790573816864036272e-01 2.709492838875034448e-01
5.513196480938415966e-01 3.790490224607737102e-01 2.709442088510408686e-01
5.522971652003909604e-01 3.790406257892021125e-01 2.709390140976336570e-01
5.532746823069403241e-01 3.790321689850003062e-01 2.709336947244556093e-01
5.542521994134896879e-01 3.790236327070574118e-01 2.709282455672287759e-01
5.552297165200390516e-01 3.790149998616877958e-01 2.709226611737793888e-01
5.562072336265884154e-01 3.790062547865585274e-01 2.709169357771783471e-01
5.571847507331377791e-01 3.789973826468112650e-01 2.709110632677674824e-01
5.581622678396871429e-01 3.789883689893787655e-01 2.709050371634583732e-01
5.591397849462365066e-01 3.789791994141294418e-01 2.708988505777340516e-01
5.601173020527858704e-01 3.789698593302754381e-01 2.708924961847945512e-01
5.610948191593352341e-01 3.789603337739294586e-01 2.708859661812694775e-01
5.620723362658845979e-01 3.789506072682534144e-01 2.708792522438711048e-01
5.630498533724340726e-01 3.789406637117381793e-01 2.708723454822859478e-01
5.640273704789834364e-01 3.789304862831435194e-01 2.708652363865027834e-01
5.650048875855328001e-01 3.789200573537962469e-01 2.708579147676324350e-01
5.659824046920821639e-01 3.789093583995089554e-01 2.708503696910957159e-01
5.669599217986315276e-01 3.788983699054786491e-01 2.708425894008069101e-01
5.679374389051808913e-01 3.788870712582395606e-01 2.708345612326624186e-01
5.689149560117302551e-01 3.788754406190995572e-01 2.708262715151930622e-01
5.698924731182796188e-01 3.788634547734572866e-01 2.708177054546376805e-01
5.708699902248289826e-01 3.788510889499137613e-01 2.708088470008568338e-01
5.718475073313783463e-01 3.788383166020191650e-01 2.707996786893361874e-01
5.728250244379277101e-01 3.788251091436687923e-01 2.707901814529065643e-01
5.738025415444770738e-01 3.788114356263224680e-01 2.707803343945340280e-01
5.747800586510264376e-01 3.787972623420389207e-01 2.707701145093834860e-01
5.757575757575758013e-01 3.787825523303642861e-01 2.707594963400014043e-01
5.767350928641251651e-01 3.787672647588118391e-01 2.707484515424892768e-01
5.777126099706745288e-01 3.787513541353487723e-01 2.707369483334528537e-01
5.786901270772238925e-01 3.787347692961094414e-01 2.707249507766854024e-01
5.796676441837732563e-01 3.787174520915214671e-01 2.707124178542882342e-01
5.806451612903226200e-01 3.786993356681194745e-01 2.706993022484830980e-01
5.816226783968719838e-01 3.786803422104577099e-01 2.706855487369574931e-01
5.826001955034213475e-01 3.786603799668044057e-01 2.706710920755478478e-01
5.835777126099707113e-01 3.786393393330997892e-01 2.706558542069628648e-01
5.845552297165200750e-01 3.786170877119902634e-01 2.706397405930858202e-01
5.855327468230694388e-01 3.785934627985415024e-01 2.706226354218271846e-01
5.865102639296188025e-01 3.785682638737524752e-01 2.706043953891543175e-01
5.874877810361681663e-01 3.785412406152754428e-01 2.705848417056890831e-01
5.884652981427175300e-01 3.785120788680145232e-01 2.705637499295738824e-01
5.894428152492668938e-01 3.784803827642572727e-01 2.705408371894291175e-01
5.904203323558162575e-01 3.784456525551259110e-01 2.705157463413005448e-01
5.913978494623656212e-01 3.784072575264192384e-01 2.704880266115718412e-01
5.923753665689149850e-01 3.783644034384748833e-01 2.704571103253914921e-01
5.933528836754643487e-01 3.783160940687698148e-01 2.704222854195827974e-01
5.943304007820137125e-01 3.782610866644925407e-01 2.703826636023525243e-01
5.953079178885630762e-01 3.781978414447633163e-01 2.703371442597399810e-01
5.962854349951124400e-01 3.781244657380444241e-01 2.702843745274517429e-01
5.972629521016618037e-01 3.780386539012344782e-01 2.702227063476909108e-01
5.982404692082111675e-01 3.779376248337927291e-01 2.701501518072491059e-01
5.992179863147605312e-01 3.778180596503271094e-01 2.700643385892707027e-01
6.001955034213098950e-01 3.776760428702876093e-01 2.699624679395030702e-01
6.011730205278592587e-01 3.775070112695251834e-01 2.698412781097223045e-01
6.021505376344086224e-01 3.773057152461051222e-01 2.696970167468041857e-01
6.031280547409579862e-01 3.770661981004208019e-01 2.695254260873271024e-01
6.041055718475073499e-01 3.767817989289771741e-01 2.693217450314875361e-01
6.050830889540567137e-01 3.764451847943869334e-01 2.690807321437315713e-01
6.060606060606060774e-01 3.760484173831071808e-01 2.687967133050438440e-01
6.070381231671554412e-01 3.755830584391364746e-01 2.684636570818068058e-01
6.080156402737048049e-01 3.750403168385528230e-01 2.680752798586741315e-01
6.089931573802541687e-01 3.744112382580035425e-01 2.676251814163398413e-01
6.099706744868035324e-01 3.736869360477304558e-01 2.671070099606288051e-01
6.109481915933528962e-01 3.728588592528901402e-01 2.665146537030981810e-01
6.119257086999022599e-01 3.719190908891548686e-01 2.658424540649489409e-01
6.129032258064516236e-01 3.708606667627614151e-01 2.650854335633778813e-01
6.138807429130009874e-01 3.696779025511391370e-01 2.642395295996960436e-01
6.148582600195503511e-01 3.683667147574803957e-01 2.633018238656328891e-01
6.158357771260997149e-01 3.669249197397255191e-01 2.622707560744785282e-01
6.168132942326490786e-01 3.653524944772255645e-01 2.611463103399133678e-01
6.177908113391984424e-01 3.636517832089486424e-01 2.599301628619438143e-01
6.187683284457478061e-01 3.618276356163462881e-01 2.586257806798022973e-01
6.197458455522971699e-01 3.598874648096532236e-01 2.572384631000338429e-01
6.207233626588465336e-01 3.578412168985594666e-01 2.557753199257498666e-01
6.217008797653958974e-01 3.557012481933788939e-01 2.542451836618217498e-01
6.226783968719452611e-01 3.534821108263652700e-01 2.526584562614493934e-01
6.236559139784946248e-01 3.512002524890033284e-01 2.510268944863877638e-01
6.246334310850439886e-01 3.488736407091274638e-01 2.493633413325575254e-01
6.256109481915933523e-01 3.465213263048957937e-01 2.476814139841370388e-01
6.265884652981427161e-01 3.441629640478517382e-01 2.459951611858721965e-01
6.275659824046920798e-01 3.418183109017049470e-01 2.443187045916910272e-01
6.285434995112414436e-01 3.395067233156287001e-01 2.426658794423990906e-01
6.295210166177908073e-01 3.372466748741959619e-01 2.410498897986726452e-01
6.304985337243401711e-01 3.350553141731605900e-01 2.394829925310800467e-01
6.314760508308895348e-01 3.329480802280684326e-01 2.379762224371956836e-01
6.324535679374388986e-01 3.309383892389550219e-01 2.365391683655834187e-01
6.334310850439882623e-01 3.290374023975551343e-01 2.351798072693616348e-01
6.344086021505376261e-01 3.272538799375139251e-01 2.339043999055377132e-01
6.353861192570869898e-01 3.255941221059369672e-01 2.327174486639543294e-01
6.363636363636363535e-01 3.240619934719697337e-01 2.316217149628955196e-01
6.373411534701857173e-01 3.226590232408754755e-01 2.306182909700788819e-01
6.383186705767350810e-01 3.213845712089583029e-01 2.297067182399054053e-01
6.392961876832844448e-01 3.202360468061050125e-01 2.288851442936793434e-01
6.402737047898338085e-01 3.192091673869192903e-01 2.281505072506455067e-01
6.412512218963831723e-01 3.182982415369601803e-01 2.274987383359399762e-01
6.422287390029325360e-01 3.174964635847628003e-01 2.269249723949169628e-01
6.432062561094818998e-01 3.167962066316760139e-01 2.264237573449973395e-01
6.441837732160312635e-01 3.161893030752188638e-01 2.259892546854624096e-01
6.451612903225806273e-01 3.156673036353977446e-01 2.256154246393815010e-01
6.461388074291299910e-01 3.152217081231048490e-01 2.252961910956381986e-01
6.471163245356793547e-01 3.148441634526879529e-01 2.250255831365588488e-01
6.480938416422287185e-01 3.145266265564154451e-01 2.247978514774289227e-01
6.490713587487780822e-01 3.142614917953220344e-01 2.246075595284995063e-01
6.500488758553274460e-01 3.140416840999481485e-01 2.244496499615623586e-01
6.510263929618768097e-01 3.138607203699245729e-01 2.243194885890539558e-01
6.520039100684261735e-01 3.137127425979937545e-01 2.242128880330566953e-01
6.529814271749755372e-01 3.135925267728982835e-01 2.241261140823787579e-01
6.539589442815249010e-01 3.134954718881680091e-01 2.240558778306678267e-01
6.549364613880742647e-01 3.134175733860813384e-01 2.239993166900559329e-01
6.559139784946236285e-01 3.133553851520732847e-01 2.239539672218109900e-01
6.568914956011729922e-01 3.133059738013955764e-01 2.239177324584860351e-01
6.578690127077223559e-01 3.132668685218251703e-01 2.238888460503541122e-01
6.588465298142717197e-01 3.132360092032615007e-01 2.238658351879554975e-01
6.598240469208210834e-01 3.132116950391226617e-01 2.238474838623559227e-01
6.608015640273704472e-01 3.131925352587641154e-01 2.238327976489668802e-01
6.617790811339198109e-01 3.131774031688600579e-01 2.238209708567728828e-01
6.627565982404691747e-01 3.131653942604560314e-01 2.238113565837399066e-01
6.637341153470185384e-01 3.131557887853483324e-01 2.238034399668359098e-01
6.647116324535679022e-01 3.131480189225080424e-01 2.237968147128753527e-01
6.656891495601172659e-01 3.131416404396379360e-01 2.237911628422898369e-01
6.666666666666666297e-01 3.131363086005030660e-01 2.237862374675492483e-01
6.676441837732159934e-01 3.131317579672581730e-01 2.237818483554785687e-01
6.686217008797653572e-01 3.131277856894922329e-01 2.237778499816322209e-01
6.695992179863147209e-01 3.131242378489637046e-01 2.237741317686371134e-01
6.705767350928640846e-01 3.131209984323510276e-01 2.237706102028179100e-01
6.715542521994134484e-01 3.131179805261139482e-01 2.237672225389802649e-01
6.725317693059628121e-01 3.131151193612431993e-01 2.237639218273132224e-01
6.735092864125121759e-01 3.131123668760255052e-01 2.237606730252300336e-01
6.744868035190615396e-01 3.131096875078741015e-01 2.237574499876871792e-01
6.754643206256109034e-01 3.131070549677432147e-01 2.237542331598638967e-01
6.764418377321602671e-01 3.131044497904742485e-01 2.237510078243807599e-01
6.774193548387096309e-01 3.131018574903876028e-01 2.237477627806000458e-01
6.783968719452589946e-01 3.130992671836049790e-01 2.237444893565109227e-01
6.793743890518083584e-01 3.130966705681701434e-01 2.237411806761772370e-01
6.803519061583577221e-01 3.130940611803414986e-01 2.237378311282882393e-01
6.813294232649070858e-01 3.130914338653110751e-01 2.237344359966549900e-01
6.823069403714564496e-01 3.130887844007518295e-01 2.237309912032705850e-01
6.832844574780058133e-01 3.130861091873997082e-01 2.237274930700750009e-01
6.842619745845551771e-01 3.130834049148518150e-01 2.237239379848389997e-01
6.852394916911045408e-01 3.130806682365647187e-01 2.237203220238969392e-01
6.862170087976539046e-01 3.130778958185597149e-01 2.237166410585836873e-01
6.871945259042032683e-01 3.130750853484889351e-01 2.237128922288327826e-01
6.881720430107527431e-01 3.130722372172126677e-01 2.237090764830385881e-01
6.891495601173021068e-01 3.130693537576817453e-01 2.237051978128831997e-01
6.901270772238514706e-01 3.130664303949761695e-01 2.237012508493723684e-01
6.911045943304008343e-01 3.130634393241985558e-01 2.236971967990568910e-01
6.920821114369501981e-01 3.130603306106584105e-01 2.236929624361996549e-01
6.930596285434995618e-01 3.130571026356598341e-01 2.236885382413079104e-01
6.940371456500489256e-01 3.130539516912124731e-01 2.236841974250737830e-01
6.950146627565982893e-01 3.130513055039615966e-01 2.236805659076441799e-01
6.959921798631476531e-01 3.130492722644042103e-01 2.236778614152214184e-01
6.969696969696970168e-01 3.130462940361600221e-01 2.236739349770160423e-01
6.979472140762463805e-01 3.130384972824648004e-01 2.236631575879717559e-01
6.989247311827957443e-01 3.130238913855017402e-01 2.236421570059668185e-01
6.999022482893451080e-01 3.130142744725225024e-01 2.236270277850582744e-01
7.008797653958944718e-01 3.130437858436974641e-01 2.236670837755735941e-01
7.018572825024438355e-01 3.131379592324547434e-01 2.238031759162739665e-01
7.028347996089931993e-01 3.132101342152555645e-01 2.239187870005166503e-01
7.038123167155425630e-01 3.129635810400349660e-01 2.235878082153565649e-01
7.047898338220919268e-01 3.121112176299998819e-01 2.223658297763267400e-01
7.057673509286412905e-01 3.112606084731643352e-01 2.210528834640354268e-01
7.067448680351906543e-01 3.129188519001061541e-01 2.232277941746059480e-01
7.077223851417400180e-01 3.201221131214594395e-01 2.335814783093546343e-01
7.086999022482893817e-01 3.289929270304113862e-01 2.472564764203920296e-01
7.096774193548387455e-01 3.164137981374816055e-01 2.312294893452863376e-01
7.106549364613881092e-01 2.533751901852486221e-01 1.476180549206233261e-01
7.116324535679374730e-01 1.744656624202537143e-01 5.079590672045192212e-02
7.126099706744868367e-01 1.361448396975199204e-01 9.920196789504657012e-03
7.135874877810362005e-01 1.268104852814550543e-01 1.504566155331338003e-03
7.145650048875855642e-01 1.252627002914246945e-01 2.146884184432003252e-04
7.155425219941349280e-01 1.250372055516978664e-01 3.032633489919937645e-05
7.165200391006842917e-01 1.250052493243287710e-01 4.277097870403857891e-06
7.174975562072336555e-01 1.250007402319751326e-01 6.030884592804248198e-07
7.184750733137830192e-01 1.250001043741995888e-01 8.503652398082971495e-08
7.194525904203323829e-01 1.250000147168433828e-01 1.199020883057890572e-08
7.204301075268817467e-01 1.250000020750863250e-01 1.690626504128828294e-09
7.214076246334311104e-01 1.250000002925885922e-01 2.383795786460182457e-10
7.223851417399804742e-01 1.250000000412550827e-01 3.361163582174056988e-11
7.233626588465298379e-01 1.250000000058169580e-01 4.739237835925783481e-12
7.243401759530792017e-01 1.250000000008202050e-01 6.681982390668392283e-13
7.253176930596285654e-01 1.250000000001156852e-01 9.417579670716357511e-14
7.262952101661779292e-01 1.250000000000162648e-01 1.328367587043014898e-14
7.272727272727272929e-01 1.250000000000022760e-01 1.853194247426589461e-15
7.282502443792766567e-01 1.250000000000003053e-01 2.533218889110317026e-16
7.292277614858260204e-01 1.250000000000000000e-01 2.645793847378313736e-17
7.302052785923753842e-01 1.250000000000000000e-01 2.661428120761102537e-34
7.311827956989247479e-01 1.250000000000000000e-01 6.114587167807369162e-69
7.321603128054741116e-01 1.250000000000000000e-01 1.501691169136847408e-139
7.331378299120234754e-01 1.250000000000000000e-01 8.388731830182454032e-284
7.341153470185728391e-01 1.250000000000000000e-01 0.000000000000000000e+00
7.350928641251222029e-01 1.250000000000000000e-01 0.000000000000000000e+00
7.360703812316715666e-01 1.250000000000000000e-01 0.000000000000000000e+00
7.370478983382209304e-01 1.250000000000000000e-01 0.000000000000000000e+00
7.380254154447702941e-01 1.250000000000000000e-01 0.000000000000000000e+00
7.390029325513196579e-01 1.250000000000000000e-01 0.000000000000000000e+00
7.399804496578690216e-01 1.250000000000000000e-01 0.000000000000000000e+00
7.409579667644183854e-01 1.250000000000000000e-01 0.000000000000000000e+00
7.419354838709677491e-01 1.250000000000000000e-01 0.000000000000000000e+00
7.429130009775171128e-01 1.250000000000000000e-01 0.000000000000000000e+00
7.438905180840664766e-01 1.250000000000000000e-01 0.000000000000000000e+00
7.448680351906158403e-01 1.250000000000000000e-01 0.000000000000000000e+00
7.458455522971652041e-01 1.250000000000000000e-01 0.000000000000000000e+00
7.468230694037145678e-01 1.250000000000000000e-01 0.000000000000000000e+00
7.478005865102639316e-01 1.250000000000000000e-01 0.000000000000000000e+00
7.487781036168132953e-01 1.250000000000000000e-01 0.000000000000000000e+00
7.497556207233626591e-01 1.250000000000000000e-01 0.000000000000000000e+00
7.507331378299120228e-01 1.250000000000000000e-01 0.000000000000000000e+00
7.517106549364613866e-01 1.250000000000000000e-01 0.000000000000000000e+00
7.526881720430107503e-01 1.250000000000000000e-01 0.000000000000000000e+00
7.536656891495601140e-01 1.250000000000000000e-01 0.000000000000000000e+00
7.546432062561094778e-01 1.250000000000000000e-01 0.000000000000000000e+00
7.556207233626588415e-01 1.250000000000000000e-01 0.000000000000000000e+00
7.565982404692082053e-01 1.250000000000000000e-01 0.000000000000000000e+00
7.575757575757575690e-01 1.250000000000000000e-01 0.000000000000000000e+00
7.585532746823069328e-01 1.250000000000000000e-01 0.000000000000000000e+00
7.595307917888562965e-01 1.250000000000000000e-01 0.000000000000000000e+00
7.605083088954056603e-01 1.250000000000000000e-01 0.000000000000000000e+00
7.614858260019550240e-01 1.250000000000000000e-01 0.000000000000000000e+00
7.624633431085043878e-01 1.250000000000000000e-01 0.000000000000000000e+00
7.634408602150537515e-01 1.250000000000000000e-01 0.000000000000000000e+00
7.644183773216031152e-01 1.250000000000000000e-01 0.000000000000000000e+00
7.653958944281524790e-01 1.250000000000000000e-01 0.000000000000000000e+00
7.663734115347018427e-01 1.250000000000000000e-01 0.000000000000000000e+00
7.673509286412512065e-01 1.250000000000000000e-01 0.000000000000000000e+00
7.683284457478005702e-01 1.250000000000000000e-01 0.000000000000000000e+00
7.693059628543499340e-01 1.250000000000000000e-01 0.000000000000000000e+00
7.702834799608992977e-01 1.250000000000000000e-01 0.000000000000000000e+00
7.712609970674486615e-01 1.250000000000000000e-01 0.000000000000000000e+00
7.722385141739980252e-01 1.250000000000000000e-01 0.000000000000000000e+00
7.732160312805473890e-01 1.250000000000000000e-01 0.000000000000000000e+00
7.741935483870967527e-01 1.250000000000000000e-01 0.000000000000000000e+00
7.751710654936461165e-01 1.250000000000000000e-01 0.000000000000000000e+00
7.761485826001954802e-01 1.250000000000000000e-01 0.000000000000000000e+00
7.771260997067448439e-01 1.250000000000000000e-01 0.000000000000000000e+00
7.781036168132942077e-01 1.250000000000000000e-01 0.000000000000000000e+00
7.790811339198435714e-01 1.250000000000000000e-01 0.000000000000000000e+00
7.800586510263929352e-01 1.250000000000000000e-01 0.000000000000000000e+00
7.810361681329422989e-01 1.250000000000000000e-01 0.000000000000000000e+00
7.820136852394916627e-01 1.250000000000000000e-01 0.000000000000000000e+00
7.829912023460410264e-01 1.250000000000000000e-01 0.000000000000000000e+00
7.839687194525903902e-01 1.250000000000000000e-01 0.000000000000000000e+00
7.849462365591397539e-01 1.250000000000000000e-01 0.000000000000000000e+00
7.859237536656891177e-01 1.250000000000000000e-01 0.000000000000000000e+00
7.869012707722384814e-01 1.250000000000000000e-01 0.000000000000000000e+00
7.878787878787878451e-01 1.250000000000000000e-01 0.000000000000000000e+00
7.888563049853372089e-01 1.250000000000000000e-01 0.000000000000000000e+00
7.898338220918865726e-01 1.250000000000000000e-01 0.000000000000000000e+00
7.908113391984359364e-01 1.250000000000000000e-01 0.000000000000000000e+00
7.917888563049853001e-01 1.250000000000000000e-01 0.000000000000000000e+00
7.927663734115346639e-01 1.250000000000000000e-01 0.000000000000000000e+00
7.937438905180840276e-01 1.250000000000000000e-01 0.000000000000000000e+00
7.947214076246333914e-01 1.250000000000000000e-01 0.000000000000000000e+00
7.956989247311827551e-01 1.250000000000000000e-01 0.000000000000000000e+00
7.966764418377321189e-01 1.250000000000000000e-01 0.000000000000000000e+00
7.976539589442814826e-01 1.250000000000000000e-01 0.000000000000000000e+00
7.986314760508308463e-01 1.250000000000000000e-01 0.000000000000000000e+00
7.996089931573802101e-01 1.250000000000000000e-01 0.000000000000000000e+00
8.005865102639295738e-01 1.250000000000000000e-01 0.000000000000000000e+00
8.015640273704789376e-01 1.250000000000000000e-01 0.000000000000000000e+00
8.025415444770283013e-01 1.250000000000000000e-01 0.000000000000000000e+00
8.035190615835776651e-01 1.250000000000000000e-01 0.000000000000000000e+00
8.044965786901270288e-01 1.250000000000000000e-01 0.000000000000000000e+00
8.054740957966763926e-01 1.250000000000000000e-01 0.000000000000000000e+00
8.064516129032257563e-01 1.250000000000000000e-01 0.000000000000000000e+00
8.074291300097751201e-01 1.250000000000000000e-01 0.000000000000000000e+00
8.084066471163244838e-01 1.250000000000000000e-01 0.000000000000000000e+00
8.093841642228738475e-01 1.250000000000000000e-01 0.000000000000000000e+00
8.103616813294232113e-01 1.250000000000000000e-01 0.000000000000000000e+00
8.113391984359725750e-01 1.250000000000000000e-01 0.000000000000000000e+00
8.123167155425219388e-01 1.250000000000000000e-01 0.000000000000000000e+00
8.132942326490714136e-01 1.250000000000000000e-01 0.000000000000000000e+00
8.142717497556207773e-01 1.250000000000000000e-01 0.000000000000000000e+00
8.152492668621701410e-01 1.250000000000000000e-01 0.000000000000000000e+00
8.162267839687195048e-01 1.250000000000000000e-01 0.000000000000000000e+00
8.172043010752688685e-01 1.250000000000000000e-01 0.000000000000000000e+00
8.181818181818182323e-01 1.250000000000000000e-01 0.000000000000000000e+00
8.191593352883675960e-01 1.250000000000000000e-01 0.000000000000000000e+00
8.201368523949169598e-01 1.250000000000000000e-01 0.000000000000000000e+00
8.211143695014663235e-01 1.250000000000000000e-01 0.000000000000000000e+00
8.220918866080156873e-01 1.250000000000000000e-01 0.000000000000000000e+00
8.230694037145650510e-01 1.250000000000000000e-01 0.000000000000000000e+00
8.240469208211144148e-01 1.250000000000000000e-01 0.000000000000000000e+00
8.250244379276637785e-01 1.250000000000000000e-01 0.000000000000000000e+00
8.260019550342131422e-01 1.250000000000000000e-01 0.000000000000000000e+00
8.269794721407625060e-01 1.250000000000000000e-01 0.000000000000000000e+00
8.279569892473118697e-01 1.250000000000000000e-01 0.000000000000000000e+00
8.289345063538612335e-01 1.250000000000000000e-01 0.000000000000000000e+00
8.299120234604105972e-01 1.250000000000000000e-01 0.000000000000000000e+00
8.308895405669599610e-01 1.250000000000000000e-01 0.000000000000000000e+00
8.318670576735093247e-01 1.250000000000000000e-01 0.000000000000000000e+00
8.328445747800586885e-01 1.250000000000000000e-01 0.000000000000000000e+00
8.338220918866080522e-01 1.250000000000000000e-01 0.000000000000000000e+00
8.347996089931574160e-01 1.250000000000000000e-01 0.000000000000000000e+00
8.357771260997067797e-01 1.250000000000000000e-01 0.000000000000000000e+00
8.367546432062561435e-01 1.250000000000000000e-01 0.000000000000000000e+00
8.377321603128055072e-01 1.250000000000000000e-01 0.000000000000000000e+00
8.387096774193548709e-01 1.250000000000000000e-01 0.000000000000000000e+00
8.396871945259042347e-01 1.250000000000000000e-01 0.000000000000000000e+00
8.406647116324535984e-01 1.250000000000000000e-01 0.000000000000000000e+00
8.416422287390029622e-01 1.250000000000000000e-01 0.000000000000000000e+00
8.426197458455523259e-01 1.250000000000000000e-01 0.000000000000000000e+00
8.435972629521016897e-01 1.250000000000000000e-01 0.000000000000000000e+00
8.445747800586510534e-01 1.250000000000000000e-01 0.000000000000000000e+00
8.455522971652004172e-01 1.250000000000000000e-01 0.000000000000000000e+00
8.465298142717497809e-01 1.250000000000000000e-01 0.000000000000000000e+00
8.475073313782991447e-01 1.250000000000000000e-01 0.000000000000000000e+00
8.484848484848485084e-01 1.250000000000000000e-01 0.000000000000000000e+00
8.494623655913978721e-01 1.250000000000000000e-01 0.000000000000000000e+00
8.504398826979472359e-01 1.250000000000000000e-01 0.000000000000000000e+00
8.514173998044965996e-01 1.250000000000000000e-01 0.000000000000000000e+00
8.523949169110459634e-01 1.250000000000000000e-01 0.000000000000000000e+00
8.533724340175953271e-01 1.250000000000000000e-01 0.000000000000000000e+00
8.543499511241446909e-01 1.250000000000000000e-01 0.000000000000000000e+00
8.553274682306940546e-01 1.250000000000000000e-01 0.000000000000000000e+00
8.563049853372434184e-01 1.250000000000000000e-01 0.000000000000000000e+00
8.572825024437927821e-01 1.250000000000000000e-01 0.000000000000000000e+00
8.582600195503421459e-01 1.250000000000000000e-01 0.000000000000000000e+00
8.592375366568915096e-01 1.250000000000000000e-01 0.000000000000000000e+00
8.602150537634408733e-01 1.250000000000000000e-01 0.000000000000000000e+00
8.611925708699902371e-01 1.250000000000000000e-01 0.000000000000000000e+00
8.621700879765396008e-01 1.250000000000000000e-01 0.000000000000000000e+00
8.631476050830889646e-01 1.250000000000000000e-01 0.000000000000000000e+00
8.641251221896383283e-01 1.250000000000000000e-01 0.000000000000000000e+00
8.651026392961876921e-01 1.250000000000000000e-01 0.000000000000000000e+00
8.660801564027370558e-01 1.250000000000000000e-01 0.000000000000000000e+00
8.670576735092864196e-01 1.250000000000000000e-01 0.000000000000000000e+00
8.680351906158357833e-01 1.250000000000000000e-01 0.000000000000000000e+00
8.690127077223851471e-01 1.250000000000000000e-01 0.000000000000000000e+00
8.699902248289345108e-01 1.250000000000000000e-01 0.000000000000000000e+00
8.709677419354838745e-01 1.250000000000000000e-01 0.000000000000000000e+00
8.719452590420332383e-01 1.250000000000000000e-01 0.000000000000000000e+00
8.729227761485826020e-01 1.250000000000000000e-01 0.000000000000000000e+00
8.739002932551319658e-01 1.250000000000000000e-01 0.000000000000000000e+00
8.748778103616813295e-01 1.250000000000000000e-01 0.000000000000000000e+00
8.758553274682306933e-01 1.250000000000000000e-01 0.000000000000000000e+00
8.768328445747800570e-01 1.250000000000000000e-01 0.000000000000000000e+00
8.778103616813294208e-01 1.250000000000000000e-01 0.000000000000000000e+00
8.787878787878787845e-01 1.250000000000000000e-01 0.000000000000000000e+00
8.797653958944281483e-01 1.250000000000000000e-01 0.000000000000000000e+00
8.807429130009775120e-01 1.250000000000000000e-01 0.000000000000000000e+00
8.817204301075268758e-01 1.250000000000000000e-01 0.000000000000000000e+00
8.826979472140762395e-01 1.250000000000000000e-01 0.000000000000000000e+00
8.836754643206256032e-01 1.250000000000000000e-01 0.000000000000000000e+00
8.846529814271749670e-01 1.250000000000000000e-01 0.000000000000000000e+00
8.856304985337243307e-01 1.250000000000000000e-01 0.000000000000000000e+00
8.866080156402736945e-01 1.250000000000000000e-01 0.000000000000000000e+00
8.875855327468230582e-01 1.250000000000000000e-01 0.000000000000000000e+00
8.885630498533724220e-01 1.250000000000000000e-01 0.000000000000000000e+00
8.895405669599217857e-01 1.250000000000000000e-01 0.000000000000000000e+00
8.905180840664711495e-01 1.250000000000000000e-01 0.000000000000000000e+00
8.914956011730205132e-01 1.250000000000000000e-01 0.000000000000000000e+00
8.924731182795698770e-01 1.250000000000000000e-01 0.000000000000000000e+00
8.934506353861192407e-01 1.250000000000000000e-01 0.000000000000000000e+00
8.944281524926686044e-01 1.250000000000000000e-01 0.000000000000000000e+00
8.954056695992179682e-01 1.250000000000000000e-01 0.000000000000000000e+00
8.963831867057673319e-01 1.250000000000000000e-01 0.000000000000000000e+00
8.973607038123166957e-01 1.250000000000000000e-01 0.000000000000000000e+00
8.983382209188660594e-01 1.250000000000000000e-01 0.000000000000000000e+00
8.993157380254154232e-01 1.250000000000000000e-01 0.000000000000000000e+00
9.002932551319647869e-01 1.250000000000000000e-01 0.000000000000000000e+00
9.012707722385141507e-01 1.250000000000000000e-01 0.000000000000000000e+00
9.022482893450635144e-01 1.250000000000000000e-01 0.000000000000000000e+00
9.032258064516128782e-01 1.250000000000000000e-01 0.000000000000000000e+00
9.042033235581622419e-01 1.250000000000000000e-01 0.000000000000000000e+00
9.051808406647116056e-01 1.250000000000000000e-01 0.000000000000000000e+00
9.061583577712609694e-01 1.250000000000000000e-01 0.000000000000000000e+00
9.071358748778103331e-01 1.250000000000000000e-01 0.000000000000000000e+00
9.081133919843596969e-01 1.250000000000000000e-01 0.000000000000000000e+00
9.090909090909090606e-01 1.250000000000000000e-01 0.000000000000000000e+00
9.100684261974584244e-01 1.250000000000000000e-01 0.000000000000000000e+00
9.110459433040077881e-01 1.250000000000000000e-01 0.000000000000000000e+00
9.120234604105571519e-01 1.250000000000000000e-01 0.000000000000000000e+00
9.130009775171065156e-01 1.250000000000000000e-01 0.000000000000000000e+00
9.139784946236558794e-01 1.250000000000000000e-01 0.000000000000000000e+00
9.149560117302052431e-01 1.250000000000000000e-01 0.000000000000000000e+00
9.159335288367546068e-01 1.250000000000000000e-01 0.000000000000000000e+00
9.169110459433039706e-01 1.250000000000000000e-01 0.000000000000000000e+00
9.178885630498533343e-01 1.250000000000000000e-01 0.000000000000000000e+00
9.188660801564026981e-01 1.250000000000000000e-01 0.000000000000000000e+00
9.198435972629520618e-01 1.250000000000000000e-01 0.000000000000000000e+00
9.208211143695014256e-01 1.250000000000000000e-01 0.000000000000000000e+00
9.217986314760507893e-01 1.250000000000000000e-01 0.000000000000000000e+00
9.227761485826001531e-01 1.250000000000000000e-01 0.000000000000000000e+00
9.237536656891495168e-01 1.250000000000000000e-01 0.000000000000000000e+00
9.247311827956988806e-01 1.250000000000000000e-01 0.000000000000000000e+00
9.257086999022482443e-01 1.250000000000000000e-01 0.000000000000000000e+00
9.266862170087976081e-01 1.250000000000000000e-01 0.000000000000000000e+00
9.276637341153469718e-01 1.250000000000000000e-01 0.000000000000000000e+00
9.286412512218963355e-01 1.250000000000000000e-01 0.000000000000000000e+00
9.296187683284456993e-01 1.250000000000000000e-01 0.000000000000000000e+00
9.305962854349950630e-01 1.250000000000000000e-01 0.000000000000000000e+00
9.315738025415444268e-01 1.250000000000000000e-01 0.000000000000000000e+00
9.325513196480937905e-01 1.250000000000000000e-01 0.000000000000000000e+00
9.335288367546431543e-01 1.250000000000000000e-01 0.000000000000000000e+00
9.345063538611925180e-01 1.250000000000000000e-01 0.000000000000000000e+00
9.354838709677418818e-01 1.250000000000000000e-01 0.000000000000000000e+00
9.364613880742912455e-01 1.250000000000000000e-01 0.000000000000000000e+00
9.374389051808406093e-01 1.250000000000000000e-01 0.000000000000000000e+00
9.384164222873900840e-01 1.250000000000000000e-01 0.000000000000000000e+00
9.393939393939394478e-01 1.250000000000000000e-01 0.000000000000000000e+00
9.403714565004888115e-01 1.250000000000000000e-01 0.000000000000000000e+00
9.413489736070381753e-01 1.250000000000000000e-01 0.000000000000000000e+00
9.423264907135875390e-01 1.250000000000000000e-01 0.000000000000000000e+00
9.433040078201369028e-01 1.250000000000000000e-01 0.000000000000000000e+00
9.442815249266862665e-01 1.250000000000000000e-01 0.000000000000000000e+00
9.452590420332356302e-01 1.250000000000000000e-01 0.000000000000000000e+00
9.462365591397849940e-01 1.250000000000000000e-01 0.000000000000000000e+00
9.472140762463343577e-01 1.250000000000000000e-01 0.000000000000000000e+00
9.481915933528837215e-01 1.250000000000000000e-01 0.000000000000000000e+00
9.491691104594330852e-01 1.250000000000000000e-01 0.000000000000000000e+00
9.501466275659824490e-01 1.250000000000000000e-01 0.000000000000000000e+00
9.511241446725318127e-01 1.250000000000000000e-01 0.000000000000000000e+00
9.521016617790811765e-01 1.250000000000000000e-01 0.000000000000000000e+00
9.530791788856305402e-01 1.250000000000000000e-01 0.000000000000000000e+00
9.540566959921799040e-01 1.250000000000000000e-01 0.000000000000000000e+00
9.550342130987292677e-01 1.250000000000000000e-01 0.000000000000000000e+00
9.560117302052786314e-01 1.250000000000000000e-01 0.000000000000000000e+00
9.569892473118279952e-01 1.250000000000000000e-01 0.000000000000000000e+00
9.579667644183773589e-01 1.250000000000000000e-01 0.000000000000000000e+00
9.589442815249267227e-01 1.250000000000000000e-01 0.000000000000000000e+00
9.599217986314760864e-01 1.250000000000000000e-01 0.000000000000000000e+00
9.608993157380254502e-01 1.250000000000000000e-01 0.000000000000000000e+00
9.618768328445748139e-01 1.250000000000000000e-01 0.000000000000000000e+00
9.628543499511241777e-01 1.250000000000000000e-01 0.000000000000000000e+00
9.638318670576735414e-01 1.250000000000000000e-01 0.000000000000000000e+00
9.648093841642229052e-01 1.250000000000000000e-01 0.000000000000000000e+00
9.657869012707722689e-01 1.250000000000000000e-01 0.000000000000000000e+00
9.667644183773216326e-01 1.250000000000000000e-01 0.000000000000000000e+00
9.677419354838709964e-01 1.250000000000000000e-01 0.000000000000000000e+00
9.687194525904203601e-01 1.250000000000000000e-01 0.000000000000000000e+00
9.696969696969697239e-01 1.250000000000000000e-01 0.000000000000000000e+00
9.706744868035190876e-01 1.250000000000000000e-01 0.000000000000000000e+00
9.716520039100684514e-01 1.250000000000000000e-01 0.000000000000000000e+00
9.726295210166178151e-01 1.250000000000000000e-01 0.000000000000000000e+00
9.736070381231671789e-01 1.250000000000000000e-01 0.000000000000000000e+00
9.745845552297165426e-01 1.250000000000000000e-01 0.000000000000000000e+00
9.755620723362659064e-01 1.250000000000000000e-01 0.000000000000000000e+00
9.765395894428152701e-01 1.250000000000000000e-01 0.000000000000000000e+00
9.775171065493646338e-01 1.250000000000000000e-01 0.000000000000000000e+00
9.784946236559139976e-01 1.250000000000000000e-01 0.000000000000000000e+00
9.794721407624633613e-01 1.250000000000000000e-01 0.000000000000000000e+00
9.804496578690127251e-01 1.250000000000000000e-01 0.000000000000000000e+00
9.814271749755620888e-01 1.250000000000000000e-01 0.000000000000000000e+00
9.824046920821114526e-01 1.250000000000000000e-01 0.000000000000000000e+00
9.833822091886608163e-01 1.250000000000000000e-01 0.000000000000000000e+00
9.843597262952101801e-01 1.250000000000000000e-01 0.000000000000000000e+00
9.853372434017595438e-01 1.250000000000000000e-01 0.000000000000000000e+00
9.863147605083089076e-01 1.250000000000000000e-01 0.000000000000000000e+00
9.872922776148582713e-01 1.250000000000000000e-01 0.000000000000000000e+00
9.882697947214076351e-01 1.250000000000000000e-01 0.000000000000000000e+00
9.892473118279569988e-01 1.250000000000000000e-01 0.000000000000000000e+00
9.902248289345063625e-01 1.250000000000000000e-01 0.000000000000000000e+00
9.912023460410557263e-01 1.250000000000000000e-01 0.000000000000000000e+00
9.921798631476050900e-01 1.250000000000000000e-01 0.000000000000000000e+00
9.931573802541544538e-01 1.250000000000000000e-01 0.000000000000000000e+00
9.941348973607038175e-01 1.250000000000000000e-01 0.000000000000000000e+00
9.951124144672531813e-01 1.250000000000000000e-01 0.000000000000000000e+00
9.960899315738025450e-01 1.250000000000000000e-01 0.000000000000000000e+00
9.970674486803519088e-01 1.250000000000000000e-01 0.000000000000000000e+00
9.980449657869012725e-01 1.250000000000000000e-01 0.000000000000000000e+00
9.990224828934506363e-01 1.250000000000000000e-01 -0.000000000000000000e+00
1.000000000000000000e+00 1.250000000000000000e-01 -0.000000000000000000e+00
