# 0.29314290366092716
0.000000000000000000e+00 1.000000000000000000e+00 -0.000000000000000000e+00
9.775171065493646130e-04 1.000000000000000000e+00 -0.000000000000000000e+00
1.955034213098729226e-03 1.000000000000000000e+00 0.000000000000000000e+00
2.932551319648093839e-03 1.000000000000000000e+00 0.000000000000000000e+00
3.910068426197458452e-03 1.000000000000000000e+00 0.000000000000000000e+00
4.887585532746823065e-03 1.000000000000000000e+00 0.000000000000000000e+00
5.865102639296187678e-03 1.000000000000000000e+00 0.000000000000000000e+00
6.842619745845552291e-03 1.000000000000000000e+00 0.000000000000000000e+00
7.820136852394916904e-03 1.000000000000000000e+00 0.000000000000000000e+00
8.797653958944282385e-03 1.000000000000000000e+00 0.000000000000000000e+00
9.775171065493646130e-03 1.000000000000000000e+00 0.000000000000000000e+00
1.075268817204301161e-02 1.000000000000000000e+00 0.000000000000000000e+00
1.173020527859237536e-02 1.000000000000000000e+00 0.000000000000000000e+00
1.270772238514174084e-02 1.000000000000000000e+00 0.000000000000000000e+00
1.368523949169110458e-02 1.000000000000000000e+00 0.000000000000000000e+00
1.466275659824047006e-02 1.000000000000000000e+00 0.000000000000000000e+00
1.564027370478983381e-02 1.000000000000000000e+00 0.000000000000000000e+00
1.661779081133919755e-02 1.000000000000000000e+00 0.000000000000000000e+00
1.759530791788856477e-02 1.000000000000000000e+00 0.000000000000000000e+00
1.857282502443792851e-02 1.000000000000000000e+00 0.000000000000000000e+00
1.955034213098729226e-02 1.000000000000000000e+00 0.000000000000000000e+00
2.052785923753665601e-02 1.000000000000000000e+00 0.000000000000000000e+00
2.150537634408602322e-02 1.000000000000000000e+00 0.000000000000000000e+00
2.248289345063538697e-02 1.000000000000000000e+00 0.000000000000000000e+00
2.346041055718475071e-02 1.000000000000000000e+00 0.000000000000000000e+00
2.443792766373411446e-02 1.000000000000000000e+00 0.000000000000000000e+00
2.541544477028348167e-02 1.000000000000000000e+00 0.000000000000000000e+00
2.639296187683284542e-02 1.000000000000000000e+00 0.000000000000000000e+00
2.737047898338220916e-02 1.000000000000000000e+00 0.000000000000000000e+00
2.834799608993157291e-02 1.000000000000000000e+00 0.000000000000000000e+00
2.932551319648094013e-02 1.000000000000000000e+00 0.000000000000000000e+00
3.030303030303030387e-02 1.000000000000000000e+00 0.000000000000000000e+00
3.128054740957966762e-02 1.000000000000000000e+00 0.000000000000000000e+00
3.225806451612903136e-02 1.000000000000000000e+00 0.000000000000000000e+00
3.323558162267839511e-02 1.000000000000000000e+00 0.000000000000000000e+00
3.421309872922775885e-02 1.000000000000000000e+00 0.000000000000000000e+00
3.519061583577712954e-02 1.000000000000000000e+00 0.000000000000000000e+00
3.616813294232649328e-02 1.000000000000000000e+00 0.000000000000000000e+00
3.714565004887585703e-02 1.000000000000000000e+00 0.000000000000000000e+00
3.812316715542522078e-02 1.000000000000000000e+00 0.000000000000000000e+00
3.910068426197458452e-02 1.000000000000000000e+00 0.000000000000000000e+00
4.007820136852394827e-02 1.000000000000000000e+00 0.000000000000000000e+00
4.105571847507331201e-02 1.000000000000000000e+00 0.000000000000000000e+00
4.203323558162267576e-02 1.000000000000000000e+00 0.000000000000000000e+00
4.301075268817204644e-02 1.000000000000000000e+00 0.000000000000000000e+00
4.398826979472141019e-02 1.000000000000000000e+00 0.000000000000000000e+00
4.496578690127077393e-02 1.000000000000000000e+00 0.000000000000000000e+00
4.594330400782013768e-02 1.000000000000000000e+00 0.000000000000000000e+00
4.692082111436950143e-02 1.000000000000000000e+00 0.000000000000000000e+00
4.789833822091886517e-02 1.000000000000000000e+00 0.000000000000000000e+00
4.887585532746822892e-02 1.000000000000000000e+00 0.000000000000000000e+00
4.985337243401759266e-02 1.000000000000000000e+00 0.000000000000000000e+00
5.083088954056696335e-02 1.000000000000000000e+00 0.000000000000000000e+00
5.180840664711632709e-02 1.000000000000000000e+00 0.000000000000000000e+00
5.278592375366569084e-02 1.000000000000000000e+00 0.000000000000000000e+00
5.376344086021505458e-02 1.000000000000000000e+00 0.000000000000000000e+00
5.474095796676441833e-02 1.000000000000000000e+00 0.000000000000000000e+00
5.571847507331378208e-02 1.000000000000000000e+00 0.000000000000000000e+00
5.669599217986314582e-02 1.000000000000000000e+00 0.000000000000000000e+00
5.767350928641250957e-02 1.000000000000000000e+00 0.000000000000000000e+00
5.865102639296188025e-02 1.000000000000000000e+00 0.000000000000000000e+00
5.962854349951124400e-02 1.000000000000000000e+00 0.000000000000000000e+00
6.060606060606060774e-02 1.000000000000000000e+00 0.000000000000000000e+00
6.158357771260997149e-02 1.000000000000000000e+00 0.000000000000000000e+00
6.256109481915933523e-02 1.000000000000000000e+00 0.000000000000000000e+00
6.353861192570869898e-02 1.000000000000000000e+00 0.000000000000000000e+00
6.451612903225806273e-02 1.000000000000000000e+00 0.000000000000000000e+00
6.549364613880742647e-02 1.000000000000000000e+00 0.000000000000000000e+00
6.647116324535679022e-02 1.000000000000000000e+00 0.000000000000000000e+00
6.744868035190615396e-02 1.000000000000000000e+00 0.000000000000000000e+00
6.842619745845551771e-02 1.000000000000000000e+00 0.000000000000000000e+00
6.940371456500488145e-02 1.000000000000000000e+00 0.000000000000000000e+00
7.038123167155425908e-02 1.000000000000000000e+00 0.000000000000000000e+00
7.135874877810362282e-02 1.000000000000000000e+00 0.000000000000000000e+00
7.233626588465298657e-02 1.000000000000000000e+00 0.000000000000000000e+00
7.331378299120235031e-02 1.000000000000000000e+00 0.000000000000000000e+00
7.429130009775171406e-02 1.000000000000000000e+00 0.000000000000000000e+00
7.526881720430107781e-02 1.000000000000000000e+00 0.000000000000000000e+00
7.624633431085044155e-02 1.000000000000000000e+00 0.000000000000000000e+00
7.722385141739980530e-02 1.000000000000000000e+00 0.000000000000000000e+00
7.820136852394916904e-02 1.000000000000000000e+00 0.000000000000000000e+00
7.917888563049853279e-02 1.000000000000000000e+00 0.000000000000000000e+00
8.015640273704789653e-02 1.000000000000000000e+00 0.000000000000000000e+00
8.113391984359726028e-02 1.000000000000000000e+00 0.000000000000000000e+00
8.211143695014662403e-02 1.000000000000000000e+00 0.000000000000000000e+00
8.308895405669598777e-02 1.000000000000000000e+00 0.000000000000000000e+00
8.406647116324535152e-02 1.000000000000000000e+00 0.000000000000000000e+00
8.504398826979471526e-02 1.000000000000000000e+00 0.000000000000000000e+00
8.602150537634409289e-02 1.000000000000000000e+00 0.000000000000000000e+00
8.699902248289345663e-02 1.000000000000000000e+00 0.000000000000000000e+00
8.797653958944282038e-02 1.000000000000000000e+00 0.000000000000000000e+00
8.895405669599218412e-02 1.000000000000000000e+00 0.000000000000000000e+00
8.993157380254154787e-02 1.000000000000000000e+00 0.000000000000000000e+00
9.090909090909091161e-02 1.000000000000000000e+00 0.000000000000000000e+00
9.188660801564027536e-02 1.000000000000000000e+00 0.000000000000000000e+00
9.286412512218963911e-02 1.000000000000000000e+00 0.000000000000000000e+00
9.384164222873900285e-02 1.000000000000000000e+00 0.000000000000000000e+00
9.481915933528836660e-02 1.000000000000000000e+00 0.000000000000000000e+00
9.579667644183773034e-02 1.000000000000000000e+00 0.000000000000000000e+00
9.677419354838709409e-02 1.000000000000000000e+00 0.000000000000000000e+00
9.775171065493645783e-02 1.000000000000000000e+00 0.000000000000000000e+00
9.872922776148582158e-02 1.000000000000000000e+00 0.000000000000000000e+00
9.970674486803518533e-02 1.000000000000000000e+00 0.000000000000000000e+00
1.006842619745845491e-01 1.000000000000000000e+00 0.000000000000000000e+00
1.016617790811339267e-01 1.000000000000000000e+00 0.000000000000000000e+00
1.026392961876832904e-01 1.000000000000000000e+00 0.000000000000000000e+00
1.036168132942326542e-01 1.000000000000000000e+00 0.000000000000000000e+00
1.045943304007820179e-01 1.000000000000000000e+00 0.000000000000000000e+00
1.055718475073313817e-01 1.000000000000000000e+00 0.000000000000000000e+00
1.065493646138807454e-01 1.000000000000000000e+00 0.000000000000000000e+00
1.075268817204301092e-01 1.000000000000000000e+00 0.000000000000000000e+00
1.085043988269794729e-01 1.000000000000000000e+00 0.000000000000000000e+00
1.094819159335288367e-01 1.000000000000000000e+00 0.000000000000000000e+00
1.104594330400782004e-01 1.000000000000000000e+00 0.000000000000000000e+00
1.114369501466275642e-01 1.000000000000000000e+00 0.000000000000000000e+00
1.124144672531769279e-01 1.000000000000000000e+00 0.000000000000000000e+00
1.133919843597262916e-01 1.000000000000000000e+00 0.000000000000000000e+00
1.143695014662756554e-01 1.000000000000000000e+00 0.000000000000000000e+00
1.153470185728250191e-01 1.000000000000000000e+00 0.000000000000000000e+00
1.163245356793743829e-01 1.000000000000000000e+00 0.000000000000000000e+00
1.173020527859237605e-01 1.000000000000000000e+00 0.000000000000000000e+00
1.182795698924731242e-01 1.000000000000000000e+00 0.000000000000000000e+00
1.192570869990224880e-01 1.000000000000000000e+00 0.000000000000000000e+00
1.202346041055718517e-01 1.000000000000000000e+00 0.000000000000000000e+00
1.212121212121212155e-01 1.000000000000000000e+00 0.000000000000000000e+00
1.221896383186705792e-01 1.000000000000000000e+00 0.000000000000000000e+00
1.231671554252199430e-01 1.000000000000000000e+00 0.000000000000000000e+00
1.241446725317693067e-01 1.000000000000000000e+00 0.000000000000000000e+00
1.251221896383186705e-01 1.000000000000000000e+00 0.000000000000000000e+00
1.260997067448680342e-01 1.000000000000000000e+00 0.000000000000000000e+00
1.270772238514173980e-01 1.000000000000000000e+00 0.000000000000000000e+00
1.280547409579667617e-01 1.000000000000000000e+00 0.000000000000000000e+00
1.290322580645161255e-01 1.000000000000000000e+00 0.000000000000000000e+00
1.300097751710654892e-01 1.000000000000000000e+00 0.000000000000000000e+00
1.309872922776148529e-01 1.000000000000000000e+00 0.000000000000000000e+00
1.319648093841642167e-01 1.000000000000000000e+00 0.000000000000000000e+00
1.329423264907135804e-01 1.000000000000000000e+00 0.000000000000000000e+00
1.339198435972629442e-01 1.000000000000000000e+00 0.000000000000000000e+00
1.348973607038123079e-01 1.000000000000000000e+00 0.000000000000000000e+00
1.358748778103616717e-01 1.000000000000000000e+00 0.000000000000000000e+00
1.368523949169110354e-01 1.000000000000000000e+00 0.000000000000000000e+00
1.378299120234603992e-01 1.000000000000000000e+00 0.000000000000000000e+00
1.388074291300097629e-01 1.000000000000000000e+00 0.000000000000000000e+00
1.397849462365591267e-01 1.000000000000000000e+00 0.000000000000000000e+00
1.407624633431085182e-01 1.000000000000000000e+00 0.000000000000000000e+00
1.417399804496578819e-01 1.000000000000000000e+00 0.000000000000000000e+00
1.427174975562072456e-01 1.000000000000000000e+00 0.000000000000000000e+00
1.436950146627566094e-01 1.000000000000000000e+00 0.000000000000000000e+00
1.446725317693059731e-01 1.000000000000000000e+00 0.000000000000000000e+00
1.456500488758553369e-01 1.000000000000000000e+00 0.000000000000000000e+00
1.466275659824047006e-01 1.000000000000000000e+00 0.000000000000000000e+00
1.476050830889540644e-01 1.000000000000000000e+00 0.000000000000000000e+00
1.485826001955034281e-01 1.000000000000000000e+00 0.000000000000000000e+00
1.495601173020527919e-01 1.000000000000000000e+00 0.000000000000000000e+00
1.505376344086021556e-01 1.000000000000000000e+00 0.000000000000000000e+00
1.515151515151515194e-01 1.000000000000000000e+00 0.000000000000000000e+00
1.524926686217008831e-01 1.000000000000000000e+00 0.000000000000000000e+00
1.534701857282502468e-01 1.000000000000000000e+00 0.000000000000000000e+00
1.544477028347996106e-01 1.000000000000000000e+00 0.000000000000000000e+00
1.554252199413489743e-01 1.000000000000000000e+00 0.000000000000000000e+00
1.564027370478983381e-01 1.000000000000000000e+00 0.000000000000000000e+00
1.573802541544477018e-01 1.000000000000000000e+00 0.000000000000000000e+00
1.583577712609970656e-01 1.000000000000000000e+00 0.000000000000000000e+00
1.593352883675464293e-01 1.000000000000000000e+00 0.000000000000000000e+00
1.603128054740957931e-01 1.000000000000000000e+00 0.000000000000000000e+00
1.612903225806451568e-01 1.000000000000000000e+00 0.000000000000000000e+00
1.622678396871945206e-01 1.000000000000000000e+00 0.000000000000000000e+00
1.632453567937438843e-01 1.000000000000000000e+00 0.000000000000000000e+00
1.642228739002932481e-01 1.000000000000000000e+00 0.000000000000000000e+00
1.652003910068426118e-01 1.000000000000000000e+00 0.000000000000000000e+00
1.661779081133919755e-01 1.000000000000000000e+00 0.000000000000000000e+00
1.671554252199413393e-01 1.000000000000000000e+00 0.000000000000000000e+00
1.681329423264907030e-01 1.000000000000000000e+00 0.000000000000000000e+00
1.691104594330400668e-01 1.000000000000000000e+00 0.000000000000000000e+00
1.700879765395894305e-01 1.000000000000000000e+00 0.000000000000000000e+00
1.710654936461387943e-01 1.000000000000000000e+00 0.000000000000000000e+00
1.720430107526881858e-01 1.000000000000000000e+00 0.000000000000000000e+00
1.730205278592375495e-01 1.000000000000000000e+00 0.000000000000000000e+00
1.739980449657869133e-01 1.000000000000000000e+00 0.000000000000000000e+00
1.749755620723362770e-01 1.000000000000000000e+00 0.000000000000000000e+00
1.759530791788856408e-01 1.000000000000000000e+00 0.000000000000000000e+00
1.769305962854350045e-01 1.000000000000000000e+00 0.000000000000000000e+00
1.779081133919843682e-01 1.000000000000000000e+00 0.000000000000000000e+00
1.788856304985337320e-01 1.000000000000000000e+00 0.000000000000000000e+00
1.798631476050830957e-01 1.000000000000000000e+00 0.000000000000000000e+00
1.808406647116324595e-01 1.000000000000000000e+00 0.000000000000000000e+00
1.818181818181818232e-01 1.000000000000000000e+00 0.000000000000000000e+00
1.827956989247311870e-01 1.000000000000000000e+00 0.000000000000000000e+00
1.837732160312805507e-01 1.000000000000000000e+00 0.000000000000000000e+00
1.847507331378299145e-01 1.000000000000000000e+00 0.000000000000000000e+00
1.857282502443792782e-01 1.000000000000000000e+00 0.000000000000000000e+00
1.867057673509286420e-01 1.000000000000000000e+00 0.000000000000000000e+00
1.876832844574780057e-01 1.000000000000000000e+00 0.000000000000000000e+00
1.886608015640273694e-01 1.000000000000000000e+00 0.000000000000000000e+00
1.896383186705767332e-01 1.000000000000000000e+00 0.000000000000000000e+00
1.906158357771260969e-01 1.000000000000000000e+00 0.000000000000000000e+00
1.915933528836754607e-01 1.000000000000000000e+00 0.000000000000000000e+00
1.925708699902248244e-01 1.000000000000000000e+00 0.000000000000000000e+00
1.935483870967741882e-01 1.000000000000000000e+00 0.000000000000000000e+00
1.945259042033235519e-01 1.000000000000000000e+00 0.000000000000000000e+00
1.955034213098729157e-01 1.000000000000000000e+00 0.000000000000000000e+00
1.964809384164222794e-01 1.000000000000000000e+00 0.000000000000000000e+00
1.974584555229716432e-01 1.000000000000000000e+00 0.000000000000000000e+00
1.984359726295210069e-01 1.000000000000000000e+00 0.000000000000000000e+00
1.994134897360703707e-01 1.000000000000000000e+00 0.000000000000000000e+00
2.003910068426197344e-01 1.000000000000000000e+00 0.000000000000000000e+00
2.013685239491690981e-01 1.000000000000000000e+00 0.000000000000000000e+00
2.023460410557184619e-01 1.000000000000000000e+00 0.000000000000000000e+00
2.033235581622678534e-01 1.000000000000000000e+00 0.000000000000000000e+00
2.043010752688172171e-01 1.000000000000000000e+00 0.000000000000000000e+00
2.052785923753665809e-01 1.000000000000000000e+00 0.000000000000000000e+00
2.062561094819159446e-01 1.000000000000000000e+00 0.000000000000000000e+00
2.072336265884653084e-01 1.000000000000000000e+00 0.000000000000000000e+00
2.082111436950146721e-01 1.000000000000000000e+00 0.000000000000000000e+00
2.091886608015640359e-01 1.000000000000000000e+00 0.000000000000000000e+00
2.101661779081133996e-01 1.000000000000000000e+00 0.000000000000000000e+00
2.111436950146627634e-01 1.000000000000000000e+00 0.000000000000000000e+00
2.121212121212121271e-01 1.000000000000000000e+00 0.000000000000000000e+00
2.130987292277614908e-01 1.000000000000000000e+00 0.000000000000000000e+00
2.140762463343108546e-01 1.000000000000000000e+00 4.481892107042936772e-18
2.150537634408602183e-01 9.999999999999997780e-01 2.016870131034783707e-16
2.160312805474095821e-01 9.999999999999985567e-01 1.232541874527650565e-15
2.170087976539589458e-01 9.999999999999948930e-01 3.859001088218742208e-15
2.179863147605083096e-01 9.999999999999878986e-01 1.083306185245733862e-14
2.189638318670576733e-01 9.999999999999699130e-01 2.232061203245422364e-14
2.199413489736070371e-01 9.999999999999410472e-01 5.131524534124043981e-14
2.209188660801564008e-01 9.999999999998693268e-01 9.778111384704292721e-14
2.218963831867057646e-01 9.999999999997541966e-01 2.124781244431481836e-13
2.228739002932551283e-01 9.999999999994736433e-01 3.956079394667635615e-13
2.238514173998044920e-01 9.999999999990257793e-01 8.375887529399407094e-13
2.248289345063538558e-01 9.999999999979578558e-01 1.538702958131460660e-12
2.258064516129032195e-01 9.999999999962665420e-01 3.200285591045097151e-12
2.267839687194525833e-01 9.999999999922934979e-01 5.816093580856293489e-12
2.277614858260019470e-01 9.999999999860639255e-01 1.190097063968556536e-11
2.287390029325513108e-01 9.999999999716965293e-01 2.139853329855622247e-11
2.297165200391006745e-01 9.999999999493662806e-01 4.308840100796610253e-11
2.306940371456500383e-01 9.999999998988228223e-01 7.664644538044481518e-11
2.316715542521994020e-01 9.999999998209393448e-01 1.518059179785479492e-10
2.326490713587487658e-01 9.999999996481392373e-01 2.670946802179195100e-10
2.336265884652981295e-01 9.999999993841582890e-01 5.201381951053246472e-10
2.346041055718475210e-01 9.999999988103369652e-01 9.048781668722282695e-10
2.355816226783968848e-01 9.999999979415572504e-01 1.731952770499166209e-09
2.365591397849462485e-01 9.999999960925154419e-01 2.978087363477239642e-09
2.375366568914956122e-01 9.999999933187385670e-01 5.600005174290870564e-09
2.385141739980449760e-01 9.999999875425723550e-01 9.513525360123554247e-09
2.394916911045943397e-01 9.999999789597546762e-01 1.756696053947857453e-08
2.404692082111437035e-01 9.999999614856550645e-01 2.947181278779646945e-08
2.414467253176930672e-01 9.999999357751410134e-01 5.341304199277506380e-08
2.424242424242424310e-01 9.999998846417572640e-01 8.845075074250050083e-08
2.434017595307917947e-01 9.999998101702034514e-01 1.572491881394383796e-07
2.443792766373411585e-01 9.999996656248211213e-01 2.568925610992803002e-07
2.453567937438905222e-01 9.999994573271229203e-01 4.477363916126075748e-07
2.463343108504398860e-01 9.999990631782701422e-01 7.211632324153741625e-07
2.473118279569892497e-01 9.999985014378306447e-01 1.231397495560757510e-06
2.482893450635386134e-01 9.999974664014003034e-01 1.954187116421444761e-06
2.492668621700879772e-01 9.999960082657696203e-01 3.266642711548439667e-06
2.502443792766373409e-01 9.999933956764425202e-01 5.103854680021472591e-06
2.512218963831867047e-01 9.999897597458740073e-01 8.345311138211885206e-06
2.521994134897360684e-01 9.999834347286411518e-01 1.282614293039884027e-05
2.531769305962854322e-01 9.999747451680419674e-01 2.049466714171001665e-05
2.541544477028347959e-01 9.999600955135093949e-01 3.095468800252280711e-05
2.551319648093841597e-01 9.999402442995528606e-01 4.828477375248734150e-05
2.561094819159335234e-01 9.999078789372485288e-01 7.158794296126350662e-05
2.570869990224828872e-01 9.998646650169550343e-01 1.088784798243675725e-04
2.580645161290322509e-01 9.997966955718717852e-01 1.582541495063925698e-04
2.590420332355816146e-01 9.997073831006025868e-01 2.343668166707718191e-04
2.600195503421309784e-01 9.995722439616840926e-01 3.334669693225476655e-04
2.609970674486803421e-01 9.993977413106873708e-01 4.801828783555524131e-04
2.619745845552297059e-01 9.991445123280277008e-01 6.677167893654624821e-04
2.629521016617790696e-01 9.988237320996080637e-01 9.335149138537037362e-04
2.639296187683284334e-01 9.983786896114874576e-01 1.266398694607881806e-03
2.649071358748777971e-01 9.978267374365611397e-01 1.716692702875205869e-03
2.658846529814271609e-01 9.970966267393316373e-01 2.268019155390078867e-03
2.668621700879765246e-01 9.962120671467894484e-01 2.978106895571981053e-03
2.678396871945258884e-01 9.950982876437535207e-01 3.826026366940991647e-03
2.688172043010752521e-01 9.937831710335238711e-01 4.864983827570677592e-03
2.697947214076246158e-01 9.922063503261711048e-01 6.072101364348835711e-03
2.707722385141739796e-01 9.903956731341654329e-01 7.481527937264502957e-03
2.717497556207233433e-01 9.883218626134837592e-01 9.071858154487185549e-03
2.727272727272727071e-01 9.860092492310248424e-01 1.084951101685290541e-02
2.737047898338220708e-01 9.834638241563310457e-01 1.279611484433641408e-02
2.746823069403714346e-01 9.807068463663528579e-01 1.489440931805125802e-02
2.756598240469207983e-01 9.777672669620767198e-01 1.712735986986451894e-02
2.766373411534701621e-01 9.746668152584413436e-01 1.946817948085725544e-02
2.776148582600195258e-01 9.714381399118262594e-01 2.189887600481900398e-02
2.785923753665688896e-01 9.681047145491311623e-01 2.439634327232200264e-02
2.795698924731182533e-01 9.646909130243832564e-01 2.694273507142412594e-02
2.805474095796676171e-01 9.612180939117804801e-01 2.952288018702706879e-02
2.815249266862170363e-01 9.577016768829891280e-01 3.212290562523367060e-02
2.825024437927664001e-01 9.541563215621134963e-01 3.473332544395403565e-02
2.834799608993157638e-01 9.505919422829218757e-01 3.734609829257970470e-02
2.844574780058651275e-01 9.470163902100855458e-01 3.995512309374103094e-02
2.854349951124144913e-01 9.434357726951000389e-01 4.255648167961263717e-02
2.864125122189638550e-01 9.398541667238304864e-01 4.514674559716544411e-02
2.873900293255132188e-01 9.362746509656041383e-01 4.772381750068156736e-02
2.883675464320625825e-01 9.326996361837698313e-01 5.028610075680277347e-02
2.893450635386119463e-01 9.291305479043484583e-01 5.283242969962511498e-02
2.903225806451613100e-01 9.255687296793136953e-01 5.536197256381288068e-02
2.913000977517106738e-01 9.220150082341693754e-01 5.787420423504120726e-02
2.922776148582600375e-01 9.184700954937292661e-01 6.036860579725043113e-02
2.932551319648094013e-01 9.149344826734643332e-01 6.284493170151571328e-02
2.942326490713587650e-01 9.114086432213104327e-01 6.530290155046525324e-02
2.952101661779081287e-01 9.078928412988448438e-01 6.774237267063214218e-02
2.961876832844574925e-01 9.043874082634922873e-01 7.016319232239474901e-02
2.971652003910068562e-01 9.008925172025860073e-01 7.256530525988753866e-02
2.981427174975562200e-01 8.974083857670271946e-01 7.494861843596567486e-02
2.991202346041055837e-01 8.939351307889010778e-01 7.731312733894742106e-02
3.000977517106549475e-01 8.904729091476687453e-01 7.965879231405757765e-02
3.010752688172043112e-01 8.870217914433399242e-01 8.198563327417313085e-02
3.020527859237536750e-01 8.835818900503882301e-01 8.429364659103351365e-02
3.030303030303030387e-01 8.801532509764897760e-01 8.658287390659015481e-02
3.040078201368524025e-01 8.767359502373270885e-01 8.885333475306420037e-02
3.049853372434017662e-01 8.733300156396235359e-01 9.110508458400101706e-02
3.059628543499511300e-01 8.699354988626605278e-01 9.333816237964634444e-02
3.069403714565004937e-01 8.665524136657702936e-01 9.555263250325123081e-02
3.079178885630498574e-01 8.631807924147156807e-01 9.774854758850501368e-02
3.088954056695992212e-01 8.598206396537210194e-01 9.992597929297435122e-02
3.098729227761485849e-01 8.564719728772455243e-01 1.020849903614047954e-01
3.108504398826979487e-01 8.531347891871065015e-01 1.042256573407793901e-01
3.118279569892473124e-01 8.498090950325439819e-01 1.063480508067096431e-01
3.128054740957966762e-01 8.464948818782254136e-01 1.084522510287699304e-01
3.137829912023460399e-01 8.431921474460787325e-01 1.105383342066285218e-01
3.147605083088954037e-01 8.399008788278773396e-01 1.126063834433716909e-01
3.157380254154447674e-01 8.366210671243012875e-01 1.146564791825008117e-01
3.167155425219941312e-01 8.333526958447824429e-01 1.166887065890560571e-01
3.176930596285434949e-01 8.300957509675658264e-01 1.187031491928121629e-01
3.186705767350928586e-01 8.268502131497005303e-01 1.206998937411370293e-01
3.196480938416422224e-01 8.236160644047612056e-01 1.226790259791160215e-01
3.206256109481915861e-01 8.203932830357335559e-01 1.246406337945736853e-01
3.216031280547409499e-01 8.171818480077699398e-01 1.265848045033170499e-01
3.225806451612903136e-01 8.139817357016519983e-01 1.285116268080013224e-01
3.235581622678396774e-01 8.107929227142993689e-01 1.304211890808253116e-01
3.245356793743890411e-01 8.076153838521433759e-01 1.323135805665272280e-01
3.255131964809384049e-01 8.044490938852308926e-01 1.341888903137136990e-01
3.264907135874877686e-01 8.012940263341907787e-01 1.360472078839276011e-01
3.274682306940371324e-01 7.981501545535123476e-01 1.378886227021770272e-01
3.284457478005864961e-01 7.950174510246887927e-01 1.397132244632829368e-01
3.294232649071358598e-01 7.918958880108716292e-01 1.415211027399987664e-01
3.304007820136852236e-01 7.887854371600186987e-01 1.433123472055106706e-01
3.313782991202345873e-01 7.856860698975651758e-01 1.450870474013073730e-01
3.323558162267839511e-01 7.825977572142465144e-01 1.468452928522130663e-01
3.333333333333333148e-01 7.795204698990093606e-01 1.485871729285058451e-01
3.343108504398826786e-01 7.764541784337499752e-01 1.503127769006760706e-01
3.352883675464320423e-01 7.733988531322931737e-01 1.520221938576088450e-01
3.362658846529814061e-01 7.703544640941348831e-01 1.537155127285046996e-01
3.372434017595307698e-01 7.673209812884193015e-01 1.553928222333008646e-01
3.382209188660801336e-01 7.642983745392096795e-01 1.570542108880607357e-01
3.391984359726294973e-01 7.612866135779257082e-01 1.586997669741136707e-01
3.401759530791788610e-01 7.582856680441556474e-01 1.603295785355803860e-01
3.411534701857282248e-01 7.552955075199694335e-01 1.619437333593181649e-01
3.421309872922775885e-01 7.523161015378190264e-01 1.635423189693957502e-01
3.431085043988269523e-01 7.493474196043817814e-01 1.651254226134402092e-01
3.440860215053763715e-01 7.463894312110166407e-01 1.666931312563419976e-01
3.450635386119257353e-01 7.434421058514069092e-01 1.682455315705271293e-01
3.460410557184750990e-01 7.405054130324477679e-01 1.697827099300154574e-01
3.470185728250244628e-01 7.375793222880567823e-01 1.713047524032288438e-01
3.479960899315738265e-01 7.346638031895142973e-01 1.728117447478093316e-01
3.489736070381231903e-01 7.317588253567817169e-01 1.743037724051740844e-01
3.499511241446725540e-01 7.288643584679656007e-01 1.757809204962139660e-01
3.509286412512219178e-01 7.259803722689108785e-01 1.772432738171230149e-01
3.519061583577712815e-01 7.231068365817334698e-01 1.786909168359376576e-01
3.528836754643206453e-01 7.202437213131618332e-01 1.801239336893455389e-01
3.538611925708700090e-01 7.173909964622168234e-01 1.815424081799807410e-01
3.548387096774193727e-01 7.145486321276087738e-01 1.829464237740109633e-01
3.558162267839687365e-01 7.117165985146848284e-01 1.843360635990877738e-01
3.567937438905181002e-01 7.088948659420989395e-01 1.857114104425666989e-01
3.577712609970674640e-01 7.060834048481572367e-01 1.870725467500154449e-01
3.587487781036168277e-01 7.032821857969250301e-01 1.884195546239610386e-01
3.597262952101661915e-01 7.004911794840943395e-01 1.897525158228685893e-01
3.607038123167155552e-01 6.977103567426582442e-01 1.910715117603273283e-01
3.616813294232649190e-01 6.949396885484108166e-01 1.923766235044297168e-01
3.626588465298142827e-01 6.921791460253019501e-01 1.936679317773251086e-01
3.636363636363636465e-01 6.894287004506668426e-01 1.949455169549373090e-01
3.646138807429130102e-01 6.866883232603547826e-01 1.962094590668293503e-01
3.655913978494623739e-01 6.839579860537747802e-01 1.974598377962072659e-01
3.665689149560117377e-01 6.812376605988829104e-01 1.986967324800494872e-01
3.675464320625611014e-01 6.785273188371249153e-01 1.999202221093531462e-01
3.685239491691104652e-01 6.758269328883527161e-01 2.011303853294893196e-01
3.695014662756598289e-01 6.731364750557351506e-01 2.023273004406567210e-01
3.704789833822091927e-01 6.704559178306753742e-01 2.035110453984288748e-01
3.714565004887585564e-01 6.677852338977513513e-01 2.046816978143866372e-01
3.724340175953079202e-01 6.651243961396968718e-01 2.058393349568294617e-01
3.734115347018572839e-01 6.624733776424356346e-01 2.069840337515621298e-01
3.743890518084066477e-01 6.598321517001876080e-01 2.081158707827500676e-01
3.753665689149560114e-01 6.572006918206525494e-01 2.092349222938375275e-01
3.763440860215053752e-01 6.545789717302956667e-01 2.103412641885273604e-01
3.773216031280547389e-01 6.519669653797450781e-01 2.114349720318171866e-01
3.782991202346041026e-01 6.493646469493128404e-01 2.125161210510879972e-01
3.792766373411534664e-01 6.467719908546570862e-01 2.135847861372425494e-01
3.802541544477028301e-01 6.441889717525997039e-01 2.146410418458920832e-01
3.812316715542521939e-01 6.416155645471119939e-01 2.156849623985861997e-01
3.822091886608015576e-01 6.390517443954841781e-01 2.167166216840873683e-01
3.831867057673509214e-01 6.364974867146934168e-01 2.177360932596848764e-01
3.841642228739002851e-01 6.339527671879874315e-01 2.187434503525486629e-01
3.851417399804496489e-01 6.314175617716960565e-01 2.197387658611205663e-01
3.861192570869990126e-01 6.288918467022887038e-01 2.207221123565427934e-01
3.870967741935483764e-01 6.263755985036960627e-01 2.216935620841222476e-01
3.880742913000977401e-01 6.238687939949101313e-01 2.226531869648280260e-01
3.890518084066471038e-01 6.213714102978815657e-01 2.236010585968264130e-01
3.900293255131964676e-01 6.188834248457352194e-01 2.245372482570481831e-01
3.910068426197458313e-01 6.164048153913197492e-01 2.254618269027901523e-01
3.919843597262951951e-01 6.139355600161133797e-01 2.263748651733514250e-01
3.929618768328445588e-01 6.114756371395054790e-01 2.272764333917029200e-01
3.939393939393939226e-01 6.090250255284781478e-01 2.281666015661926450e-01
3.949169110459432863e-01 6.065837043077074719e-01 2.290454393922857768e-01
3.958944281524926501e-01 6.041516529701133065e-01 2.299130162543411848e-01
3.968719452590420138e-01 6.017288513878772394e-01 2.307694012274246753e-01
3.978494623655913776e-01 5.993152798239607115e-01 2.316146630791604266e-01
3.988269794721407413e-01 5.969109189441453855e-01 2.324488702716217270e-01
3.998044965786901050e-01 5.945157498296326226e-01 2.332720909632640116e-01
4.007820136852394688e-01 5.921297539902267149e-01 2.340843930108993387e-01
4.017595307917888325e-01 5.897529133781366228e-01 2.348858439717158575e-01
4.027370478983381963e-01 5.873852104024331888e-01 2.356765111053452377e-01
4.037145650048875600e-01 5.850266279441931339e-01 2.364564613759779499e-01
4.046920821114369238e-01 5.826771493723734707e-01 2.372257614545311144e-01
4.056695992179862875e-01 5.803367585604529699e-01 2.379844777208709461e-01
4.066471163245357068e-01 5.780054399038883073e-01 2.387326762660942070e-01
4.076246334310850705e-01 5.756831783384253054e-01 2.394704228948693614e-01
4.086021505376344343e-01 5.733699593593161170e-01 2.401977831278434283e-01
4.095796676441837980e-01 5.710657690414925325e-01 2.409148222041177234e-01
4.105571847507331618e-01 5.687705940607507005e-01 2.416216050837973472e-01
4.115347018572825255e-01 5.664844217160037720e-01 2.423181964506181951e-01
4.125122189638318893e-01 5.642072399526609772e-01 2.430046607146572335e-01
4.134897360703812530e-01 5.619390373872019673e-01 2.436810620151312889e-01
4.144672531769306167e-01 5.596798033330093736e-01 2.443474642232901228e-01
4.154447702834799805e-01 5.574295278275365195e-01 2.450039309454096204e-01
4.164222873900293442e-01 5.551882016608833403e-01 2.456505255258939202e-01
4.173998044965787080e-01 5.529558164058663294e-01 2.462873110504902041e-01
4.183773216031280717e-01 5.507323644496624482e-01 2.469143503496287750e-01
4.193548387096774355e-01 5.485178390271281401e-01 2.475317060018920046e-01
4.203323558162267992e-01 5.463122342558797140e-01 2.481394403376241120e-01
4.213098729227761630e-01 5.441155451732497816e-01 2.487376154426916286e-01
4.222873900293255267e-01 5.419277677752223354e-01 2.493262931624040946e-01
4.232649071358748905e-01 5.397488990574662582e-01 2.499055351056060914e-01
4.242424242424242542e-01 5.375789370585919436e-01 2.504754026489537932e-01
4.252199413489736179e-01 5.354178809057630328e-01 2.510359569413889158e-01
4.261974584555229817e-01 5.332657308628011572e-01 2.515872589088226086e-01
4.271749755620723454e-01 5.311224883809395614e-01 2.521293692590482194e-01
4.281524926686217092e-01 5.289881561523767095e-01 2.526623484868944503e-01
4.291300097751710729e-01 5.268627381668042897e-01 2.531862568796389712e-01
4.301075268817204367e-01 5.247462397710854765e-01 2.537011545227020881e-01
4.310850439882698004e-01 5.226386677322782948e-01 2.542071013056390605e-01
4.320625610948191642e-01 5.205400303042039267e-01 2.547041569284534956e-01
4.330400782013685279e-01 5.184503372977753433e-01 2.551923809082551897e-01
4.340175953079178917e-01 5.163696001553191861e-01 2.556718325862890051e-01
4.349951124144672554e-01 5.142978320291309302e-01 2.561425711353580437e-01
4.359726295210166191e-01 5.122350478645235627e-01 2.566046555676758656e-01
4.369501466275659829e-01 5.101812644876461134e-01 2.570581447431746214e-01
4.379276637341153466e-01 5.081365006983618038e-01 2.575030973783055122e-01
4.389051808406647104e-01 5.061007773684985667e-01 2.579395720553659954e-01
4.398826979472140741e-01 5.040741175457992274e-01 2.583676272323948142e-01
4.408602150537634379e-01 5.020565465639222902e-01 2.587873212536762613e-01
4.418377321603128016e-01 5.000480921588625893e-01 2.591987123608977539e-01
4.428152492668621654e-01 4.980487845921856005e-01 2.596018587050112902e-01
4.437927663734115291e-01 4.960586567814885273e-01 2.599968183588492465e-01
4.447702834799608929e-01 4.940777444385323625e-01 2.603836493305531352e-01
4.457478005865102566e-01 4.921060862155064997e-01 2.607624095778728890e-01
4.467253176930596203e-01 4.901437238599193891e-01 2.611331570234031174e-01
4.477028347996089841e-01 4.881907023786339339e-01 2.614959495708263915e-01
4.486803519061583478e-01 4.862470702115931354e-01 2.618508451222366640e-01
4.496578690127077116e-01 4.843128794158141903e-01 2.621979015966249826e-01
4.506353861192570753e-01 4.823881858602526163e-01 2.625371769496107066e-01
4.516129032258064391e-01 4.804730494321745593e-01 2.628687291945116522e-01
4.525904203323558028e-01 4.785675342556987566e-01 2.631926164248519218e-01
4.535679374389051666e-01 4.766717089232060389e-01 2.635088968384105002e-01
4.545454545454545303e-01 4.747856467403368530e-01 2.638176287629244721e-01
4.555229716520038941e-01 4.729094259853309778e-01 2.641188706835649880e-01
4.565004887585532578e-01 4.710431301834875351e-01 2.644126812723132103e-01
4.574780058651026216e-01 4.691868483975476511e-01 2.646991194193720753e-01
4.584555229716519853e-01 4.673406755348277763e-01 2.649782442667560911e-01
4.594330400782013490e-01 4.655047126719427664e-01 2.652501152442106602e-01
4.604105571847507128e-01 4.636790673979772626e-01 2.655147921076225770e-01
4.613880742913000765e-01 4.618638541769663486e-01 2.657723349800876766e-01
4.623655913978494403e-01 4.600591947305467944e-01 2.660228043958147714e-01
4.633431085043988040e-01 4.582652184416284302e-01 2.662662613470492823e-01
4.643206256109481678e-01 4.564820627799142660e-01 2.665027673342108550e-01
4.652981427174975315e-01 4.547098737500589460e-01 2.667323844194425808e-01
4.662756598240468953e-01 4.529488063632042816e-01 2.669551752837809322e-01
4.672531769305962590e-01 4.511990251325558310e-01 2.671712032881532473e-01
4.682306940371456228e-01 4.494607045935672951e-01 2.673805325384223108e-01
4.692082111436950420e-01 4.477340298491758186e-01 2.675832279546900283e-01
4.701857282502444058e-01 4.460191971403714706e-01 2.677793553450760755e-01
4.711632453567937695e-01 4.443164144421917761e-01 2.679689814841839657e-01
4.721407624633431332e-01 4.426259020849900860e-01 2.681521741964553174e-01
4.731182795698924970e-01 4.409478934005378048e-01 2.683290024446050026e-01
4.740957966764418607e-01 4.392826353921707172e-01 2.684995364233073167e-01
4.750733137829912245e-01 4.376303894277759343e-01 2.686638476582843826e-01
4.760508308895405882e-01 4.359914319539229255e-01 2.688220091109109755e-01
4.770283479960899520e-01 4.343660552288671206e-01 2.689740952884122072e-01
4.780058651026393157e-01 4.327545680714792176e-01 2.691201823596776066e-01
4.789833822091886795e-01 4.311572966223747305e-01 2.692603482766542378e-01
4.799608993157380432e-01 4.295745851126121506e-01 2.693946729012003383e-01
4.809384164222874070e-01 4.280067966342992469e-01 2.695232381371931996e-01
4.819159335288367707e-01 4.264543139062643706e-01 2.696461280675718220e-01
4.828934506353861345e-01 4.249175400266183011e-01 2.697634290958700332e-01
4.838709677419354982e-01 4.233968992025230471e-01 2.698752300916381630e-01
4.848484848484848619e-01 4.218928374458049135e-01 2.699816225389848889e-01
4.858260019550342257e-01 4.204058232211819179e-01 2.700827006872679736e-01
4.868035190615835894e-01 4.189363480318125665e-01 2.701785617027360198e-01
4.877810361681329532e-01 4.174849269246323491e-01 2.702693058196743991e-01
4.887585532746823169e-01 4.160520988955088151e-01 2.703550364893231306e-01
4.897360703812316807e-01 4.146384271716471170e-01 2.704358605245263392e-01
4.907135874877810444e-01 4.132444993459379878e-01 2.705118882377383627e-01
4.916911045943304082e-01 4.118709273350907862e-01 2.705832335696530255e-01
4.926686217008797719e-01 4.105183471304901244e-01 2.706500142053440139e-01
4.936461388074291357e-01 4.091874183078310079e-01 2.707123516744155967e-01
4.946236559139784994e-01 4.078788232588080320e-01 2.707703714312693632e-01
4.956011730205278631e-01 4.065932661055827735e-01 2.708242029112146732e-01
4.965786901270772269e-01 4.053314712565626587e-01 2.708739795577830289e-01
4.975562072336265906e-01 4.040941815603745213e-01 2.709198388163018278e-01
4.985337243401759544e-01 4.028821560140012914e-01 2.709619220885263746e-01
4.995112414467253181e-01 4.016961669811054403e-01 2.710003746429746618e-01
5.004887585532746819e-01 4.005369968778401679e-01 2.710353454755677904e-01
5.014662756598240456e-01 3.994054342862423113e-01 2.710669871152990851e-01
5.024437927663734094e-01 3.983022694599003821e-01 2.710954553699492231e-01
5.034213098729227731e-01 3.972282891932982229e-01 2.711209090073866124e-01
5.043988269794721369e-01 3.961842710353511432e-01 2.711435093687610820e-01
5.053763440860215006e-01 3.951709768394299771e-01 2.711634199109432819e-01
5.063538611925708643e-01 3.941891456568128449e-01 2.711808056769064446e-01
5.073313782991202281e-01 3.932394859981406254e-01 2.711958326943955111e-01
5.083088954056695918e-01 3.923226675080515036e-01 2.712086673051740671e-01
5.092864125122189556e-01 3.914393121215943849e-01 2.712194754293569821e-01
5.102639296187683193e-01 3.905899847968847816e-01 2.712284217717855217e-01
5.112414467253176831e-01 3.897751839461932599e-01 2.712356689799978460e-01
5.122189638318670468e-01 3.889953317163871160e-01 2.712413767660014075e-01
5.131964809384164106e-01 3.882507642982753193e-01 2.712457010066464114e-01
5.141739980449657743e-01 3.875417224715477782e-01 2.712487928397746551e-01
5.151515151515151381e-01 3.868683426160414718e-01 2.712507977753292332e-01
5.161290322580645018e-01 3.862306484392146744e-01 2.712518548420798647e-01
5.171065493646138655e-01 3.856285436820897083e-01 2.712520957914042463e-01
5.180840664711632293e-01 3.850618060696848755e-01 2.712516443794998899e-01
5.190615835777125930e-01 3.845300827654142828e-01 2.712506157484078639e-01
5.200391006842619568e-01 3.840328875707840761e-01 2.712491159242397254e-01
5.210166177908113205e-01 3.835696000811164019e-01 2.712472414480142646e-01
5.219941348973606843e-01 3.831394669648680584e-01 2.712450791506267334e-01
5.229716520039100480e-01 3.827416054790431788e-01 2.712427060788338840e-01
5.239491691104594118e-01 3.823750092677897783e-01 2.712401895739613988e-01
5.249266862170087755e-01 3.820385564179558657e-01 2.712375874996169611e-01
5.259042033235581393e-01 3.817310196674513767e-01 2.712349486093248996e-01
5.268817204301075030e-01 3.814510785836144335e-01 2.712323130400254856e-01
5.278592375366568668e-01 3.811973334537661073e-01 2.712297129131014395e-01
5.288367546432062305e-01 3.809683205631502201e-01 2.712271730212784115e-01
5.298142717497555942e-01 3.807625284806532839e-01 2.712247115775748285e-01
5.307917888563049580e-01 3.805784149336139954e-01 2.712223410015719427e-01
5.317693059628543217e-01 3.804144238322341720e-01 2.712200687186128167e-01
5.327468230694036855e-01 3.802690020030012330e-01 2.712178979490659780e-01
5.337243401759530492e-01 3.801406152091860169e-01 2.712158284672976372e-01
5.347018572825024130e-01 3.800277630736254020e-01 2.712138573132730768e-01
5.356793743890517767e-01 3.799289925721365813e-01 2.712119794434760811e-01
5.366568914956011405e-01 3.798429098315315722e-01 2.712101883118019918e-01
5.376344086021505042e-01 3.797681900401276844e-01 2.712084763749942895e-01
5.386119257086998680e-01 3.797035853563631158e-01 2.712068355208198112e-01
5.395894428152492317e-01 3.796479307781670531e-01 2.712052574203427935e-01
5.405669599217985954e-01 3.796001480080163359e-01 2.712037338082446958e-01
5.415444770283479592e-01 3.795592474127324478e-01 2.712022566970934134e-01
5.425219941348973229e-01 3.795243282304812671e-01 2.712008185327906551e-01
5.434995112414466867e-01 3.794945772185271959e-01 2.711994122991648881e-01
5.444770283479960504e-01 3.794692659634228971e-01 2.711980315798971364e-01
5.454545454545454142e-01 3.794477470907094419e-01 2.711966705857739024e-01
5.464320625610947779e-01 3.794294496148356011e-01 2.711953241547497284e-01
5.474095796676441417e-01 3.794138736633844711e-01 2.711939877315702185e-01
5.483870967741935054e-01 3.794005847947249377e-01 2.711926573328512502e-01
5.493646138807428692e-01 3.793892081069276112e-01 2.711913295025950021e-01
5.503421309872922329e-01 3.793794223102666119e-01 2.711900012622248113e-01
5.513196480938415966e-01 3.793709539078196635e-01 2.711886700583708287e-01
5.522971652003909604e-01 3.793635716002556335e-01 2.711873337108653415e-01
5.532746823069403241e-01 3.793570810032942942e-01 2.711859903627383828e-01
5.542521994134896879e-01 3.793513197406165327e-01 2.711846384334373750e-01
5.552297165200390516e-01 3.793461529519621123e-01 2.711832765760289199e-01
5.562072336265884154e-01 3.793414692362483964e-01 2.711819036387733695e-01
5.571847507331377791e-01 3.793371770329877490e-01 2.711805186311850302e-01
5.581622678396871429e-01 3.793332014320653922e-01 2.711791206944817456e-01
5.591397849462365066e-01 3.793294813918962616e-01 2.711777090761858244e-01
5.601173020527858704e-01 3.793259673388200137e-01 2.711762831085491876e-01
5.610948191593352341e-01 3.793226191159633220e-01 2.711748421904221495e-01
5.620723362658845979e-01 3.793194042472969874e-01 2.711733857721653207e-01
5.630498533724340726e-01 3.793162964818439509e-01 2.711719133432081152e-01
5.640273704789834364e-01 3.793132745835712250e-01 2.711704244218714477e-01
5.650048875855328001e-01 3.793103213340749957e-01 2.711689185471065078e-01
5.659824046920821639e-01 3.793074227174292878e-01 2.711673952718285929e-01
5.669599217986315276e-01 3.793045672592628703e-01 2.711658541575664438e-01
5.679374389051808913e-01 3.793017454950437517e-01 2.711642947701821127e-01
5.689149560117302551e-01 3.792989495455102444e-01 2.711627166764510877e-01
5.698924731182796188e-01 3.792961727800844840e-01 2.711611194413272030e-01
5.708699902248289826e-01 3.792934095518382120e-01 2.711595026257435648e-01
5.718475073313783463e-01 3.792906549900953439e-01 2.711578657848288665e-01
5.728250244379277101e-01 3.792879048390311314e-01 2.711562084664417283e-01
5.738025415444770738e-01 3.792851553326296310e-01 2.711545302099394039e-01
5.747800586510264376e-01 3.792824030981162275e-01 2.711528305451244014e-01
5.757575757575758013e-01 3.792796450814774900e-01 2.711511089913116734e-01
5.767350928641251651e-01 3.792768784899523404e-01 2.711493650564830715e-01
5.777126099706745288e-01 3.792741007474409454e-01 2.711475982364964232e-01
5.786901270772238925e-01 3.792713094596510404e-01 2.711458080143270832e-01
5.796676441837732563e-01 3.792685023865196570e-01 2.711439938593239174e-01
5.806451612903226200e-01 3.792656774200257597e-01 2.711421552264677293e-01
5.816226783968719838e-01 3.792628325659685440e-01 2.711402915556215820e-01
5.826001955034213475e-01 3.792599659286483571e-01 2.711384022707645225e-01
5.835777126099707113e-01 3.792570756976719748e-01 2.711364867792057098e-01
5.845552297165200750e-01 3.792541601363199066e-01 2.711345444707720653e-01
5.855327468230694388e-01 3.792512175710765487e-01 2.711325747169674449e-01
5.865102639296188025e-01 3.792482463820438521e-01 2.711305768700988938e-01
5.874877810361681663e-01 3.792452449940535986e-01 2.711285502623699828e-01
5.884652981427175300e-01 3.792422118683487220e-01 2.711264942049352311e-01
5.894428152492668938e-01 3.792391454947525720e-01 2.711244079869151169e-01
5.904203323558162575e-01 3.792360443842700546e-01 2.711222908743686211e-01
5.913978494623656212e-01 3.792329070620855114e-01 2.711201421092190866e-01
5.923753665689149850e-01 3.792297320609291367e-01 2.711179609081327269e-01
5.933528836754643487e-01 3.792265179147898957e-01 2.711157464613425105e-01
5.943304007820137125e-01 3.792232631529536824e-01 2.711134979314168136e-01
5.953079178885630762e-01 3.792199662943461780e-01 2.711112144519668976e-01
5.962854349951124400e-01 3.792166258421539315e-01 2.711088951262881075e-01
5.972629521016618037e-01 3.792132402786997369e-01 2.711065390259314589e-01
5.982404692082111675e-01 3.792098080605424970e-01 2.711041451891977871e-01
5.992179863147605312e-01 3.792063276137700445e-01 2.711017126195504612e-01
6.001955034213098950e-01 3.792027973294533338e-01 2.710992402839383364e-01
6.011730205278592587e-01 3.791992155592274760e-01 2.710967271110233390e-01
6.021505376344086224e-01 3.791955806109646998e-01 2.710941719893039670e-01
6.031280547409579862e-01 3.791918907445054332e-01 2.710915737651266588e-01
6.041055718475073499e-01 3.791881441674101461e-01 2.710889312405765916e-01
6.050830889540567137e-01 3.791843390306997574e-01 2.710862431712370291e-01
6.060606060606060774e-01 3.791804734245471931e-01 2.710835082638070048e-01
6.070381231671554412e-01 3.791765453738874525e-01 2.710807251735672385e-01
6.080156402737048049e-01 3.791725528339110474e-01 2.710778925016785190e-01
6.089931573802541687e-01 3.791684936854066157e-01 2.710750087923028406e-01
6.099706744868035324e-01 3.791643657299205716e-01 2.710720725295291955e-01
6.109481915933528962e-01 3.791601666846947660e-01 2.710690821340888124e-01
6.119257086999022599e-01 3.791558941773516822e-01 2.710660359598435765e-01
6.129032258064516236e-01 3.791515457402875877e-01 2.710629322900260374e-01
6.138807429130009874e-01 3.791471188047373375e-01 2.710597693332102431e-01
6.148582600195503511e-01 3.791426106944704721e-01 2.710565452189908076e-01
6.158357771260997149e-01 3.791380186190770885e-01 2.710532579933440656e-01
6.168132942326490786e-01 3.791333396667980193e-01 2.710499056136411733e-01
6.177908113391984424e-01 3.791285707968505836e-01 2.710464859432843432e-01
6.187683284457478061e-01 3.791237088311982806e-01 2.710429967459284661e-01
6.197458455522971699e-01 3.791187504457045887e-01 2.710394356792507065e-01
6.207233626588465336e-01 3.791136921606090837e-01 2.710358002882238271e-01
6.217008797653958974e-01 3.791085303302546561e-01 2.710320879978446729e-01
6.226783968719452611e-01 3.791032611319861134e-01 2.710282961052617456e-01
6.236559139784946248e-01 3.790978805541319607e-01 2.710244217712413084e-01
6.246334310850439886e-01 3.790923843829700490e-01 2.710204620108999651e-01
6.256109481915933523e-01 3.790867681885619622e-01 2.710164136836240023e-01
6.265884652981427161e-01 3.790810273093272453e-01 2.710122734820840096e-01
6.275659824046920798e-01 3.790751568352070944e-01 2.710080379202349787e-01
6.285434995112414436e-01 3.790691515892422592e-01 2.710037033201828649e-01
6.295210166177908073e-01 3.790630061073632651e-01 2.709992657977675634e-01
6.304985337243401711e-01 3.790567146161499257e-01 2.709947212466922717e-01
6.314760508308895348e-01 3.790502710082727655e-01 2.709900653209943444e-01
6.324535679374388986e-01 3.790436688152709066e-01 2.709852934156092852e-01
6.334310850439882623e-01 3.790369011772420915e-01 2.709804006447260050e-01
6.344086021505376261e-01 3.790299608089279237e-01 2.709753818175633100e-01
6.353861192570869898e-01 3.790228399615469534e-01 2.709702314111050447e-01
6.363636363636363535e-01 3.790155303795683106e-01 2.709649435392174621e-01
6.373411534701857173e-01 3.790080232514054237e-01 2.709595119174189048e-01
6.383186705767350810e-01 3.790003091527301970e-01 2.709539298223724857e-01
6.392961876832844448e-01 3.789923779807491400e-01 2.709481900449173253e-01
6.402737047898338085e-01 3.789842188773137055e-01 2.709422848351156210e-01
6.412512218963831723e-01 3.789758201381278613e-01 2.709362058373608328e-01
6.422287390029325360e-01 3.789671691045357060e-01 2.709299440130299441e-01
6.432062561094818998e-01 3.789582520333653060e-01 2.709234895474499361e-01
6.441837732160312635e-01 3.789490539390328872e-01 2.709168317370295176e-01
6.451612903225806273e-01 3.789395584004945916e-01 2.709099588512618451e-01
6.461388074291299910e-01 3.789297473236182823e-01 2.709028579628547373e-01
6.471163245356793547e-01 3.789196006470444411e-01 2.708955147374608186e-01
6.480938416422287185e-01 3.789090959765353817e-01 2.708879131722835010e-01
6.490713587487780822e-01 3.788982081290901971e-01 2.708800352701720149e-01
6.500488758553274460e-01 3.788869085636404344e-01 2.708718606326337430e-01
6.510263929618768097e-01 3.788751646698795272e-01 2.708633659514229075e-01
6.520039100684261735e-01 3.788629388806444287e-01 2.708545243739869934e-01
6.529814271749755372e-01 3.788501875662609875e-01 2.708453047130362501e-01
6.539589442815249010e-01 3.788368596613977957e-01 2.708356704648821611e-01
6.549364613880742647e-01 3.788228949663350886e-01 2.708255785950138272e-01
6.559139784946236285e-01 3.788082220553333213e-01 2.708149780427875353e-01
6.568914956011729922e-01 3.787927557152304670e-01 2.708038078902748058e-01
6.578690127077223559e-01 3.787763938279288811e-01 2.707919951335470143e-01
6.588465298142717197e-01 3.787590136015775433e-01 2.707794519883387485e-01
6.598240469208210834e-01 3.787404670477104718e-01 2.707660726566478160e-01
6.608015640273704472e-01 3.787205755962310127e-01 2.707517294769788418e-01
6.617790811339198109e-01 3.786991237379465081e-01 2.707362683793865799e-01
6.627565982404691747e-01 3.786758515865446539e-01 2.707195035680313722e-01
6.637341153470185384e-01 3.786504462597300447e-01 2.707012113595583247e-01
6.647116324535679022e-01 3.786225319940961787e-01 2.706811231162329912e-01
6.656891495601172659e-01 3.785916589315427849e-01 2.706589172293790146e-01
6.666666666666666297e-01 3.785572905479677175e-01 2.706342101321945193e-01
6.676441837732159934e-01 3.785187897386612654e-01 2.706065463522683845e-01
6.686217008797653572e-01 3.784754036300989610e-01 2.705753876536277081e-01
6.695992179863147209e-01 3.784262472550161682e-01 2.705401013661811183e-01
6.705767350928640846e-01 3.783702863064960509e-01 2.704999480567909509e-01
6.715542521994134484e-01 3.783063192763406191e-01 2.704540687602196569e-01
6.725317693059628121e-01 3.782329593813863466e-01 2.704014720585345422e-01
6.735092864125121759e-01 3.781486167859081649e-01 2.703410213722501898e-01
6.744868035190615396e-01 3.780514817350385526e-01 2.702714229028258530e-01
6.754643206256109034e-01 3.779395093184704235e-01 2.701912147407262710e-01
6.764418377321602671e-01 3.778104066799120586e-01 2.700987577220271274e-01
6.774193548387096309e-01 3.776616235693955326e-01 2.699922286749033562e-01
6.783968719452589946e-01 3.774903471956159717e-01 2.698696167402816481e-01
6.793743890518083584e-01 3.772935023668220755e-01 2.697287234733433681e-01
6.803519061583577221e-01 3.770677579043832939e-01 2.695671674294169984e-01
6.813294232649070858e-01 3.768095402666635785e-01 2.693823939045562055e-01
6.823069403714564496e-01 3.765150552270138951e-01 2.691716904340201166e-01
6.832844574780058133e-01 3.761803183049647892e-01 2.689322085484071034e-01
6.842619745845551771e-01 3.758011944526153392e-01 2.686609921462826400e-01
6.852394916911045408e-01 3.753734472498591046e-01 2.683550126645979916e-01
6.862170087976539046e-01 3.748927975664433920e-01 2.680112110168297868e-01
6.871945259042032683e-01 3.743549913129530227e-01 2.676265460286339493e-01
6.881720430107527431e-01 3.737558755367518248e-01 2.671980488391119124e-01
6.891495601173021068e-01 3.730914817357025015e-01 2.667228824618275151e-01
6.901270772238514706e-01 3.723581148776314298e-01 2.661984054245856712e-01
6.911045943304008343e-01 3.715524462444323994e-01 2.656222381431403989e-01
6.920821114369501981e-01 3.706716078849833784e-01 2.649923304447129313e-01
6.930596285434995618e-01 3.697132861794485970e-01 2.643070284558962646e-01
6.940371456500489256e-01 3.686758118069965451e-01 2.635651389190138971e-01
6.950146627565982893e-01 3.675582432854854753e-01 2.627659889127417214e-01
6.959921798631476531e-01 3.663604412282829847e-01 2.619094789360946196e-01
6.969696969696970168e-01 3.650831305491418211e-01 2.609961273762005374e-01
6.979472140762463805e-01 3.637279480452529357e-01 2.600271045227064426e-01
6.989247311827957443e-01 3.622974731001905035e-01 2.590042545144302655e-01
6.999022482893451080e-01 3.607952396657893579e-01 2.579301039022314779e-01
7.008797653958944718e-01 3.592257281928002421e-01 2.568078558772546316e-01
7.018572825024438355e-01 3.575943367669931483e-01 2.556413696332279772e-01
7.028347996089931993e-01 3.559073313482529755e-01 2.544351247896611823e-01
7.038123167155425630e-01 3.541717756796534666e-01 2.531941712813724488e-01
7.047898338220919268e-01 3.523954421037605034e-01 2.519240655989379296e-01
7.057673509286412905e-01 3.505867051659120603e-01 2.506307947239726497e-01
7.067448680351906543e-01 3.487544204710046891e-01 2.493206895226284803e-01
7.077223851417400180e-01 3.469077917655853938e-01 2.480003297218983660e-01
7.086999022482893817e-01 3.450562296185525346e-01 2.466764428803328579e-01
7.096774193548387455e-01 3.432092053539653742e-01 2.453557999650689825e-01
7.106549364613881092e-01 3.413761040365006494e-01 2.440451102521694060e-01
7.116324535679374730e-01 3.395660803183728205e-01 2.427509182731694970e-01
7.126099706744868367e-01 3.377879208269786715e-01 2.414795054380897144e-01
7.135874877810362005e-01 3.360499165124304910e-01 2.402367987792120296e-01
7.145650048875855642e-01 3.343597479967049257e-01 2.390282889900753049e-01
7.155425219941349280e-01 3.327243864896387016e-01 2.378589595934858525e-01
7.165200391006842917e-01 3.311500122837367499e-01 2.367332286768027427e-01
7.174975562072336555e-01 3.296419522347679987e-01 2.356549042002449301e-01
7.184750733137830192e-01 3.282046370048323225e-01 2.346271534333747577e-01
7.194525904203323829e-01 3.268415782154138749e-01 2.336524866251200594e-01
7.204301075268817467e-01 3.255553650549757316e-01 2.327327545816520737e-01
7.214076246334311104e-01 3.243476793314947204e-01 2.318691594302774994e-01
7.223851417399804742e-01 3.232193274740694511e-01 2.310622774998864482e-01
7.233626588465298379e-01 3.221702875842614167e-01 2.303120929600682987e-01
7.243401759530792017e-01 3.211997693273556109e-01 2.296180406390674333e-01
7.253176930596285654e-01 3.203062842416521394e-01 2.289790562891496628e-01
7.262952101661779292e-01 3.194877239308721029e-01 2.283936324871681245e-01
7.272727272727272929e-01 3.187414435870671858e-01 2.278598783454770238e-01
7.282502443792766567e-01 3.180643483615013811e-01 2.273755812584553060e-01
7.292277614858260204e-01 3.174529802481499963e-01 2.269382690151323656e-01
7.302052785923753842e-01 3.169036033557584564e-01 2.265452707594676207e-01
7.311827956989247479e-01 3.164122857053324744e-01 2.261937754663861933e-01
7.321603128054741116e-01 3.159749759854366680e-01 2.258808868129285330e-01
7.331378299120234754e-01 3.155875740127948026e-01 2.256036735491524781e-01
7.341153470185728391e-01 3.152459939663327382e-01 2.253592147026567682e-01
7.350928641251222029e-01 3.149462197762928350e-01 2.251446391747028153e-01
7.360703812316715666e-01 3.146843523455166713e-01 2.249571594971400135e-01
7.370478983382209304e-01 3.144566485486977037e-01 2.247940997114300787e-01
7.380254154447702941e-01 3.142595521908483347e-01 2.246529174993774913e-01
7.390029325513196579e-01 3.140897173041525270e-01 2.245312208366664619e-01
7.399804496578690216e-01 3.139440243206793602e-01 2.244267795534670706e-01
7.409579667644183854e-01 3.138195897769296971e-01 2.243375322710809971e-01
7.419354838709677491e-01 3.137137702863682098e-01 2.242615892409131340e-01
7.429130009775171128e-01 3.136241615607836541e-01 2.241972316439960200e-01
7.438905180840664766e-01 3.135485932743680149e-01 2.241429079186195716e-01
7.448680351906158403e-01 3.134851205503384475e-01 2.240972276735562485e-01
7.458455522971652041e-01 3.134320128136358630e-01 2.240589537184260183e-01
7.468230694037145678e-01 3.133877406997038761e-01 2.240269927044732101e-01
7.478005865102639316e-01 3.133509616434139167e-01 2.240003848218871385e-01
7.487781036168132953e-01 3.133205046983542630e-01 2.239782929470030548e-01
7.497556207233626591e-01 3.132953550589502867e-01 2.239599915771362804e-01
7.507331378299120228e-01 3.132746386796871341e-01 2.239448558348994811e-01
7.517106549364613866e-01 3.132576073098866654e-01 2.239323507696516224e-01
7.526881720430107503e-01 3.132436241912563979e-01 2.239220211328009358e-01
7.536656891495601140e-01 3.132321506003798439e-01 2.239134817571840907e-01
7.546432062561094778e-01 3.132227333605066555e-01 2.239064086294158540e-01
7.556207233626588415e-01 3.132149933969795574e-01 2.239005307083429264e-01
7.565982404692082053e-01 3.132086153685549879e-01 2.238956225126563782e-01
7.575757575757575690e-01 3.132033383725311149e-01 2.238914974761646581e-01
7.585532746823069328e-01 3.131989476945473694e-01 2.238880020498940637e-01
7.595307917888562965e-01 3.131952675535291664e-01 2.238850105156065251e-01
7.605083088954056603e-01 3.131921547777609671e-01 2.238824204649663696e-01
7.614858260019550240e-01 3.131894933386779600e-01 2.238801488918749638e-01
7.624633431085043878e-01 3.131871896638402930e-01 2.238781288418257298e-01
7.634408602150537515e-01 3.131851686488999476e-01 2.238763065609529757e-01
7.644183773216031152e-01 3.131833702894459281e-01 2.238746390882145332e-01
7.653958944281524790e-01 3.131817468567357210e-01 2.238730922363835751e-01
7.663734115347018427e-01 3.131802605459120259e-01 2.238716389108045823e-01
7.673509286412512065e-01 3.131788815308472196e-01 2.238702577188337595e-01
7.683284457478005702e-01 3.131775863658494141e-01 2.238689318272371331e-01
7.693059628543499340e-01 3.131763566807571064e-01 2.238676480293206872e-01
7.702834799608992977e-01 3.131751781221993602e-01 2.238663959880328735e-01
7.712609970674486615e-01 3.131740394998027699e-01 2.238651676255729306e-01
7.722385141739980252e-01 3.131729321017584500e-01 2.238639566340652198e-01
7.732160312805473890e-01 3.131718491493353240e-01 2.238627580855573063e-01
7.741935483870967527e-01 3.131707853645945838e-01 2.238615681229363941e-01
7.751710654936461165e-01 3.131697366297056528e-01 2.238603837163237464e-01
7.761485826001954802e-01 3.131686997198994127e-01 2.238592024721028639e-01
7.771260997067448439e-01 3.131676720952359383e-01 2.238580224839865074e-01
7.781036168132942077e-01 3.131666517390579996e-01 2.238568422174491146e-01
7.790811339198435714e-01 3.131656370332733808e-01 2.238556604204797185e-01
7.800586510263929352e-01 3.131646266625179864e-01 2.238544760549706358e-01
7.810361681329422989e-01 3.131636195408358248e-01 2.238532882441935934e-01
7.820136852394916627e-01 3.131626147558131956e-01 2.238520962327416874e-01
7.829912023460410264e-01 3.131616115261677824e-01 2.238508993560782145e-01
7.839687194525903902e-01 3.131606091696516603e-01 2.238496970174466694e-01
7.849462365591397539e-01 3.131596070788203456e-01 2.238484886703897836e-01
7.859237536656891177e-01 3.131586047027687947e-01 2.238472738055219402e-01
7.869012707722384814e-01 3.131576015333710217e-01 2.238460519405064131e-01
7.878787878787878451e-01 3.131565970949029554e-01 2.238448226124384877e-01
7.888563049853372089e-01 3.131555909361947165e-01 2.238435853720235624e-01
7.898338220918865726e-01 3.131545826246676101e-01 2.238423397790907377e-01
7.908113391984359364e-01 3.131535717417682219e-01 2.238410853990946692e-01
7.917888563049853001e-01 3.131525578794383535e-01 2.238398218003490037e-01
7.927663734115346639e-01 3.131515406373487354e-01 2.238385485517996043e-01
7.937438905180840276e-01 3.131505196206999520e-01 2.238372652211995106e-01
7.947214076246333914e-01 3.131494944384422552e-01 2.238359713735828815e-01
7.956989247311827551e-01 3.131484647018106249e-01 2.238346665699669780e-01
7.966764418377321189e-01 3.131474300230970842e-01 2.238333503662306712e-01
7.976539589442814826e-01 3.131463900146077561e-01 2.238320223121349484e-01
7.986314760508308463e-01 3.131453442877651372e-01 2.238306819504618794e-01
7.996089931573802101e-01 3.131442924523292759e-01 2.238293288162558625e-01
8.005865102639295738e-01 3.131432341157198151e-01 2.238279624361589615e-01
8.015640273704789376e-01 3.131421688824246874e-01 2.238265823278324518e-01
8.025415444770283013e-01 3.131410963534889125e-01 2.238251879994614668e-01
8.035190615835776651e-01 3.131400161260736725e-01 2.238237789493392749e-01
8.044965786901270288e-01 3.131389277930825554e-01 2.238223546655296048e-01
8.054740957966763926e-01 3.131378309428515805e-01 2.238209146256033288e-01
8.064516129032257563e-01 3.131367251588965117e-01 2.238194582964480595e-01
8.074291300097751201e-01 3.131356100197124070e-01 2.238179851341411120e-01
8.084066471163244838e-01 3.131344850986120809e-01 2.238164945838710396e-01
8.093841642228738475e-01 3.131333499635911566e-01 2.238149860798877289e-01
8.103616813294232113e-01 3.131322041772251485e-01 2.238134590454907424e-01
8.113391984359725750e-01 3.131310472966501446e-01 2.238119128931281565e-01
8.123167155425219388e-01 3.131298788736864291e-01 2.238103470246975146e-01
8.132942326490714136e-01 3.131286984550075148e-01 2.238087608319244415e-01
8.142717497556207773e-01 3.131275055818597552e-01 2.238071536961161179e-01
8.152492668621701410e-01 3.131262997886306576e-01 2.238055249862369311e-01
8.162267839687195048e-01 3.131250806007688237e-01 2.238038740558970507e-01
8.172043010752688685e-01 3.131238475360570983e-01 2.238022002449017722e-01
8.181818181818182323e-01 3.131226001158919914e-01 2.238005028952395059e-01
8.191593352883675960e-01 3.131213378844138751e-01 2.237987813795438707e-01
8.201368523949169598e-01 3.131200604029240053e-01 2.237970350963971178e-01
8.211143695014663235e-01 3.131187671571456499e-01 2.237952633405391190e-01
8.220918866080156873e-01 3.131174573763791380e-01 2.237934650369516054e-01
8.230694037145650510e-01 3.131161300233927247e-01 2.237916386987574835e-01
8.240469208211144148e-01 3.131147845268776875e-01 2.237897834446924417e-01
8.250244379276637785e-01 3.131134224292936863e-01 2.237879014055196292e-01
8.260019550342131422e-01 3.131120479395153589e-01 2.237859987492614999e-01
8.269794721407625060e-01 3.131106622565636433e-01 2.237840778708199418e-01
8.279569892473118697e-01 3.131092488032321541e-01 2.237821159671721793e-01
8.289345063538612335e-01 3.131077645476030291e-01 2.237800506676249634e-01
8.299120234604105972e-01 3.131061826752650767e-01 2.237778380461680761e-01
8.308895405669599610e-01 3.131046224948418888e-01 2.237756399733020207e-01
8.318670576735093247e-01 3.131034561327513122e-01 2.237739927486293856e-01
8.328445747800586885e-01 3.131029996782587199e-01 2.237733940491869467e-01
8.338220918866080522e-01 3.131023894226548920e-01 2.237726916117144249e-01
8.347996089931574160e-01 3.130984067329885545e-01 2.237672737038943760e-01
8.357771260997067797e-01 3.130875967487788958e-01 2.237518337600815366e-01
8.367546432062561435e-01 3.130758298318324084e-01 2.237340006076224408e-01
8.377321603128055072e-01 3.130904269620904956e-01 2.237526930122974711e-01
8.387096774193548709e-01 3.131668165950835525e-01 2.238614543876473739e-01
8.396871945259042347e-01 3.132685391103086636e-01 2.240150889921557475e-01
8.406647116324535984e-01 3.131672228891760890e-01 2.238902001729761448e-01
8.416422287390029622e-01 3.125145267367869795e-01 2.229673031744656975e-01
8.426197458455523259e-01 3.115014505069766959e-01 2.214591626367549415e-01
8.435972629521016897e-01 3.119855242819014607e-01 2.219754098624090177e-01
8.445747800586510534e-01 3.172673723927194600e-01 2.294342501755179398e-01
8.455522971652004172e-01 3.269501648035207930e-01 2.439244586070457299e-01
8.465298142717497809e-01 3.250611361692136159e-01 2.428448795680193117e-01
8.475073313782991447e-01 2.788397877875653519e-01 1.808568073392503861e-01
8.484848484848485084e-01 1.966785731887623623e-01 7.685430316629097980e-02
8.494623655913978721e-01 1.438583870717400903e-01 1.748958290414675404e-02
8.504398826979472359e-01 1.283110500398410847e-01 2.786404299076629485e-03
8.514173998044965996e-01 1.254905243567618345e-01 4.016263399999238652e-04
8.523949169110459634e-01 1.250697294802669002e-01 5.681883271837830524e-05
8.533724340175953271e-01 1.250098438561743353e-01 8.014816034559261383e-06
8.543499511241446909e-01 1.250013882047665559e-01 1.130154098888659251e-06
8.553274682306940546e-01 1.250001957382045059e-01 1.593518410970409272e-07
8.563049853372434184e-01 1.250000275988827070e-01 2.246830948144326586e-08
8.572825024437927821e-01 1.250000038913957057e-01 3.167993291205288087e-09
8.582600195503421459e-01 1.250000005486796573e-01 4.466815339460819080e-10
8.592375366568915096e-01 1.250000000773628106e-01 6.298129139610657811e-11
8.602150537634408733e-01 1.250000000109080800e-01 8.880242881181803221e-12
8.611925708699902371e-01 1.250000000015379364e-01 1.252045924024002377e-12
8.621700879765396008e-01 1.250000000002168266e-01 1.764684252136597363e-13
8.631476050830889646e-01 1.250000000000305866e-01 2.489715954883848923e-14
8.641251221896383283e-01 1.250000000000043021e-01 3.509916335939747826e-15
8.651026392961876921e-01 1.250000000000005829e-01 4.745245886455278269e-16
8.660801564027370558e-01 1.250000000000000555e-01 5.378304654195701627e-17
8.670576735092864196e-01 1.250000000000000000e-01 2.801187694241354840e-18
8.680351906158357833e-01 1.250000000000000000e-01 8.109198613346802478e-37
8.690127077223851471e-01 1.250000000000000000e-01 6.346553319917624817e-137
8.699902248289345108e-01 1.250000000000000000e-01 3.995521981058486322e-278
8.709677419354838745e-01 1.250000000000000000e-01 0.000000000000000000e+00
8.719452590420332383e-01 1.250000000000000000e-01 0.000000000000000000e+00
8.729227761485826020e-01 1.250000000000000000e-01 0.000000000000000000e+00
8.739002932551319658e-01 1.250000000000000000e-01 0.000000000000000000e+00
8.748778103616813295e-01 1.250000000000000000e-01 0.000000000000000000e+00
8.758553274682306933e-01 1.250000000000000000e-01 0.000000000000000000e+00
8.768328445747800570e-01 1.250000000000000000e-01 0.000000000000000000e+00
8.778103616813294208e-01 1.250000000000000000e-01 0.000000000000000000e+00
8.787878787878787845e-01 1.250000000000000000e-01 0.000000000000000000e+00
8.797653958944281483e-01 1.250000000000000000e-01 0.000000000000000000e+00
8.807429130009775120e-01 1.250000000000000000e-01 0.000000000000000000e+00
8.817204301075268758e-01 1.250000000000000000e-01 0.000000000000000000e+00
8.826979472140762395e-01 1.250000000000000000e-01 0.000000000000000000e+00
8.836754643206256032e-01 1.250000000000000000e-01 0.000000000000000000e+00
8.846529814271749670e-01 1.250000000000000000e-01 0.000000000000000000e+00
8.856304985337243307e-01 1.250000000000000000e-01 0.000000000000000000e+00
8.866080156402736945e-01 1.250000000000000000e-01 0.000000000000000000e+00
8.875855327468230582e-01 1.250000000000000000e-01 0.000000000000000000e+00
8.885630498533724220e-01 1.250000000000000000e-01 0.000000000000000000e+00
8.895405669599217857e-01 1.250000000000000000e-01 0.000000000000000000e+00
8.905180840664711495e-01 1.250000000000000000e-01 0.000000000000000000e+00
8.914956011730205132e-01 1.250000000000000000e-01 0.000000000000000000e+00
8.924731182795698770e-01 1.250000000000000000e-01 0.000000000000000000e+00
8.934506353861192407e-01 1.250000000000000000e-01 0.000000000000000000e+00
8.944281524926686044e-01 1.250000000000000000e-01 0.000000000000000000e+00
8.954056695992179682e-01 1.250000000000000000e-01 0.000000000000000000e+00
8.963831867057673319e-01 1.250000000000000000e-01 0.000000000000000000e+00
8.973607038123166957e-01 1.250000000000000000e-01 0.000000000000000000e+00
8.983382209188660594e-01 1.250000000000000000e-01 0.000000000000000000e+00
8.993157380254154232e-01 1.250000000000000000e-01 0.000000000000000000e+00
9.002932551319647869e-01 1.250000000000000000e-01 0.000000000000000000e+00
9.012707722385141507e-01 1.250000000000000000e-01 0.000000000000000000e+00
9.022482893450635144e-01 1.250000000000000000e-01 0.000000000000000000e+00
9.032258064516128782e-01 1.250000000000000000e-01 0.000000000000000000e+00
9.042033235581622419e-01 1.250000000000000000e-01 0.000000000000000000e+00
9.051808406647116056e-01 1.250000000000000000e-01 0.000000000000000000e+00
9.061583577712609694e-01 1.250000000000000000e-01 0.000000000000000000e+00
9.071358748778103331e-01 1.250000000000000000e-01 0.000000000000000000e+00
9.081133919843596969e-01 1.250000000000000000e-01 0.000000000000000000e+00
9.090909090909090606e-01 1.250000000000000000e-01 0.000000000000000000e+00
9.100684261974584244e-01 1.250000000000000000e-01 0.000000000000000000e+00
9.110459433040077881e-01 1.250000000000000000e-01 0.000000000000000000e+00
9.120234604105571519e-01 1.250000000000000000e-01 0.000000000000000000e+00
9.130009775171065156e-01 1.250000000000000000e-01 0.000000000000000000e+00
9.139784946236558794e-01 1.250000000000000000e-01 0.000000000000000000e+00
9.149560117302052431e-01 1.250000000000000000e-01 0.000000000000000000e+00
9.159335288367546068e-01 1.250000000000000000e-01 0.000000000000000000e+00
9.169110459433039706e-01 1.250000000000000000e-01 0.000000000000000000e+00
9.178885630498533343e-01 1.250000000000000000e-01 0.000000000000000000e+00
9.188660801564026981e-01 1.250000000000000000e-01 0.000000000000000000e+00
9.198435972629520618e-01 1.250000000000000000e-01 0.000000000000000000e+00
9.208211143695014256e-01 1.250000000000000000e-01 0.000000000000000000e+00
9.217986314760507893e-01 1.250000000000000000e-01 0.000000000000000000e+00
9.227761485826001531e-01 1.250000000000000000e-01 0.000000000000000000e+00
9.237536656891495168e-01 1.250000000000000000e-01 0.000000000000000000e+00
9.247311827956988806e-01 1.250000000000000000e-01 0.000000000000000000e+00
9.257086999022482443e-01 1.250000000000000000e-01 0.000000000000000000e+00
9.266862170087976081e-01 1.250000000000000000e-01 0.000000000000000000e+00
9.276637341153469718e-01 1.250000000000000000e-01 0.000000000000000000e+00
9.286412512218963355e-01 1.250000000000000000e-01 0.000000000000000000e+00
9.296187683284456993e-01 1.250000000000000000e-01 0.000000000000000000e+00
9.305962854349950630e-01 1.250000000000000000e-01 0.000000000000000000e+00
9.315738025415444268e-01 1.250000000000000000e-01 0.000000000000000000e+00
9.325513196480937905e-01 1.250000000000000000e-01 0.000000000000000000e+00
9.335288367546431543e-01 1.250000000000000000e-01 0.000000000000000000e+00
9.345063538611925180e-01 1.250000000000000000e-01 0.000000000000000000e+00
9.354838709677418818e-01 1.250000000000000000e-01 0.000000000000000000e+00
9.364613880742912455e-01 1.250000000000000000e-01 0.000000000000000000e+00
9.374389051808406093e-01 1.250000000000000000e-01 0.000000000000000000e+00
9.384164222873900840e-01 1.250000000000000000e-01 0.000000000000000000e+00
9.393939393939394478e-01 1.250000000000000000e-01 0.000000000000000000e+00
9.403714565004888115e-01 1.250000000000000000e-01 0.000000000000000000e+00
9.413489736070381753e-01 1.250000000000000000e-01 0.000000000000000000e+00
9.423264907135875390e-01 1.250000000000000000e-01 0.000000000000000000e+00
9.433040078201369028e-01 1.250000000000000000e-01 0.000000000000000000e+00
9.442815249266862665e-01 1.250000000000000000e-01 0.000000000000000000e+00
9.452590420332356302e-01 1.250000000000000000e-01 0.000000000000000000e+00
9.462365591397849940e-01 1.250000000000000000e-01 0.000000000000000000e+00
9.472140762463343577e-01 1.250000000000000000e-01 0.000000000000000000e+00
9.481915933528837215e-01 1.250000000000000000e-01 0.000000000000000000e+00
9.491691104594330852e-01 1.250000000000000000e-01 0.000000000000000000e+00
9.501466275659824490e-01 1.250000000000000000e-01 0.000000000000000000e+00
9.511241446725318127e-01 1.250000000000000000e-01 0.000000000000000000e+00
9.521016617790811765e-01 1.250000000000000000e-01 0.000000000000000000e+00
9.530791788856305402e-01 1.250000000000000000e-01 0.000000000000000000e+00
9.540566959921799040e-01 1.250000000000000000e-01 0.000000000000000000e+00
9.550342130987292677e-01 1.250000000000000000e-01 0.000000000000000000e+00
9.560117302052786314e-01 1.250000000000000000e-01 0.000000000000000000e+00
9.569892473118279952e-01 1.250000000000000000e-01 0.000000000000000000e+00
9.579667644183773589e-01 1.250000000000000000e-01 0.000000000000000000e+00
9.589442815249267227e-01 1.250000000000000000e-01 0.000000000000000000e+00
9.599217986314760864e-01 1.250000000000000000e-01 0.000000000000000000e+00
9.608993157380254502e-01 1.250000000000000000e-01 0.000000000000000000e+00
9.618768328445748139e-01 1.250000000000000000e-01 0.000000000000000000e+00
9.628543499511241777e-01 1.250000000000000000e-01 0.000000000000000000e+00
9.638318670576735414e-01 1.250000000000000000e-01 0.000000000000000000e+00
9.648093841642229052e-01 1.250000000000000000e-01 0.000000000000000000e+00
9.657869012707722689e-01 1.250000000000000000e-01 0.000000000000000000e+00
9.667644183773216326e-01 1.250000000000000000e-01 0.000000000000000000e+00
9.677419354838709964e-01 1.250000000000000000e-01 0.000000000000000000e+00
9.687194525904203601e-01 1.250000000000000000e-01 0.000000000000000000e+00
9.696969696969697239e-01 1.250000000000000000e-01 0.000000000000000000e+00
9.706744868035190876e-01 1.250000000000000000e-01 0.000000000000000000e+00
9.716520039100684514e-01 1.250000000000000000e-01 0.000000000000000000e+00
9.726295210166178151e-01 1.250000000000000000e-01 0.000000000000000000e+00
9.736070381231671789e-01 1.250000000000000000e-01 0.000000000000000000e+00
9.745845552297165426e-01 1.250000000000000000e-01 0.000000000000000000e+00
9.755620723362659064e-01 1.250000000000000000e-01 0.000000000000000000e+00
9.765395894428152701e-01 1.250000000000000000e-01 0.000000000000000000e+00
9.775171065493646338e-01 1.250000000000000000e-01 0.000000000000000000e+00
9.784946236559139976e-01 1.250000000000000000e-01 0.000000000000000000e+00
9.794721407624633613e-01 1.250000000000000000e-01 0.000000000000000000e+00
9.804496578690127251e-01 1.250000000000000000e-01 0.000000000000000000e+00
9.814271749755620888e-01 1.250000000000000000e-01 0.000000000000000000e+00
9.824046920821114526e-01 1.250000000000000000e-01 0.000000000000000000e+00
9.833822091886608163e-01 1.250000000000000000e-01 0.000000000000000000e+00
9.843597262952101801e-01 1.250000000000000000e-01 0.000000000000000000e+00
9.853372434017595438e-01 1.250000000000000000e-01 0.000000000000000000e+00
9.863147605083089076e-01 1.250000000000000000e-01 0.000000000000000000e+00
9.872922776148582713e-01 1.250000000000000000e-01 0.000000000000000000e+00
9.882697947214076351e-01 1.250000000000000000e-01 0.000000000000000000e+00
9.892473118279569988e-01 1.250000000000000000e-01 0.000000000000000000e+00
9.902248289345063625e-01 1.250000000000000000e-01 0.000000000000000000e+00
9.912023460410557263e-01 1.250000000000000000e-01 0.000000000000000000e+00
9.921798631476050900e-01 1.250000000000000000e-01 0.000000000000000000e+00
9.931573802541544538e-01 1.250000000000000000e-01 0.000000000000000000e+00
9.941348973607038175e-01 1.250000000000000000e-01 0.000000000000000000e+00
9.951124144672531813e-01 1.250000000000000000e-01 0.000000000000000000e+00
9.960899315738025450e-01 1.250000000000000000e-01 0.000000000000000000e+00
9.970674486803519088e-01 1.250000000000000000e-01 0.000000000000000000e+00
9.980449657869012725e-01 1.250000000000000000e-01 0.000000000000000000e+00
9.990224828934506363e-01 1.250000000000000000e-01 -0.000000000000000000e+00
1.000000000000000000e+00 1.250000000000000000e-01 -0.000000000000000000e+00
