# 0.2001797892413302
0.000000000000000000e+00 1.000000000000000000e+00 -0.000000000000000000e+00
9.775171065493646130e-04 1.000000000000000000e+00 -0.000000000000000000e+00
1.955034213098729226e-03 1.000000000000000000e+00 0.000000000000000000e+00
2.932551319648093839e-03 1.000000000000000000e+00 0.000000000000000000e+00
3.910068426197458452e-03 1.000000000000000000e+00 0.000000000000000000e+00
4.887585532746823065e-03 1.000000000000000000e+00 0.000000000000000000e+00
5.865102639296187678e-03 1.000000000000000000e+00 0.000000000000000000e+00
6.842619745845552291e-03 1.000000000000000000e+00 0.000000000000000000e+00
7.820136852394916904e-03 1.000000000000000000e+00 0.000000000000000000e+00
8.797653958944282385e-03 1.000000000000000000e+00 0.000000000000000000e+00
9.775171065493646130e-03 1.000000000000000000e+00 0.000000000000000000e+00
1.075268817204301161e-02 1.000000000000000000e+00 0.000000000000000000e+00
1.173020527859237536e-02 1.000000000000000000e+00 0.000000000000000000e+00
1.270772238514174084e-02 1.000000000000000000e+00 0.000000000000000000e+00
1.368523949169110458e-02 1.000000000000000000e+00 0.000000000000000000e+00
1.466275659824047006e-02 1.000000000000000000e+00 0.000000000000000000e+00
1.564027370478983381e-02 1.000000000000000000e+00 0.000000000000000000e+00
1.661779081133919755e-02 1.000000000000000000e+00 0.000000000000000000e+00
1.759530791788856477e-02 1.000000000000000000e+00 0.000000000000000000e+00
1.857282502443792851e-02 1.000000000000000000e+00 0.000000000000000000e+00
1.955034213098729226e-02 1.000000000000000000e+00 0.000000000000000000e+00
2.052785923753665601e-02 1.000000000000000000e+00 0.000000000000000000e+00
2.150537634408602322e-02 1.000000000000000000e+00 0.000000000000000000e+00
2.248289345063538697e-02 1.000000000000000000e+00 0.000000000000000000e+00
2.346041055718475071e-02 1.000000000000000000e+00 0.000000000000000000e+00
2.443792766373411446e-02 1.000000000000000000e+00 0.000000000000000000e+00
2.541544477028348167e-02 1.000000000000000000e+00 0.000000000000000000e+00
2.639296187683284542e-02 1.000000000000000000e+00 0.000000000000000000e+00
2.737047898338220916e-02 1.000000000000000000e+00 0.000000000000000000e+00
2.834799608993157291e-02 1.000000000000000000e+00 0.000000000000000000e+00
2.932551319648094013e-02 1.000000000000000000e+00 0.000000000000000000e+00
3.030303030303030387e-02 1.000000000000000000e+00 0.000000000000000000e+00
3.128054740957966762e-02 1.000000000000000000e+00 0.000000000000000000e+00
3.225806451612903136e-02 1.000000000000000000e+00 0.000000000000000000e+00
3.323558162267839511e-02 1.000000000000000000e+00 0.000000000000000000e+00
3.421309872922775885e-02 1.000000000000000000e+00 0.000000000000000000e+00
3.519061583577712954e-02 1.000000000000000000e+00 0.000000000000000000e+00
3.616813294232649328e-02 1.000000000000000000e+00 0.000000000000000000e+00
3.714565004887585703e-02 1.000000000000000000e+00 0.000000000000000000e+00
3.812316715542522078e-02 1.000000000000000000e+00 0.000000000000000000e+00
3.910068426197458452e-02 1.000000000000000000e+00 0.000000000000000000e+00
4.007820136852394827e-02 1.000000000000000000e+00 0.000000000000000000e+00
4.105571847507331201e-02 1.000000000000000000e+00 0.000000000000000000e+00
4.203323558162267576e-02 1.000000000000000000e+00 0.000000000000000000e+00
4.301075268817204644e-02 1.000000000000000000e+00 0.000000000000000000e+00
4.398826979472141019e-02 1.000000000000000000e+00 0.000000000000000000e+00
4.496578690127077393e-02 1.000000000000000000e+00 0.000000000000000000e+00
4.594330400782013768e-02 1.000000000000000000e+00 0.000000000000000000e+00
4.692082111436950143e-02 1.000000000000000000e+00 0.000000000000000000e+00
4.789833822091886517e-02 1.000000000000000000e+00 0.000000000000000000e+00
4.887585532746822892e-02 1.000000000000000000e+00 0.000000000000000000e+00
4.985337243401759266e-02 1.000000000000000000e+00 0.000000000000000000e+00
5.083088954056696335e-02 1.000000000000000000e+00 0.000000000000000000e+00
5.180840664711632709e-02 1.000000000000000000e+00 0.000000000000000000e+00
5.278592375366569084e-02 1.000000000000000000e+00 0.000000000000000000e+00
5.376344086021505458e-02 1.000000000000000000e+00 0.000000000000000000e+00
5.474095796676441833e-02 1.000000000000000000e+00 0.000000000000000000e+00
5.571847507331378208e-02 1.000000000000000000e+00 0.000000000000000000e+00
5.669599217986314582e-02 1.000000000000000000e+00 0.000000000000000000e+00
5.767350928641250957e-02 1.000000000000000000e+00 0.000000000000000000e+00
5.865102639296188025e-02 1.000000000000000000e+00 0.000000000000000000e+00
5.962854349951124400e-02 1.000000000000000000e+00 0.000000000000000000e+00
6.060606060606060774e-02 1.000000000000000000e+00 0.000000000000000000e+00
6.158357771260997149e-02 1.000000000000000000e+00 0.000000000000000000e+00
6.256109481915933523e-02 1.000000000000000000e+00 0.000000000000000000e+00
6.353861192570869898e-02 1.000000000000000000e+00 0.000000000000000000e+00
6.451612903225806273e-02 1.000000000000000000e+00 0.000000000000000000e+00
6.549364613880742647e-02 1.000000000000000000e+00 0.000000000000000000e+00
6.647116324535679022e-02 1.000000000000000000e+00 0.000000000000000000e+00
6.744868035190615396e-02 1.000000000000000000e+00 0.000000000000000000e+00
6.842619745845551771e-02 1.000000000000000000e+00 0.000000000000000000e+00
6.940371456500488145e-02 1.000000000000000000e+00 0.000000000000000000e+00
7.038123167155425908e-02 1.000000000000000000e+00 0.000000000000000000e+00
7.135874877810362282e-02 1.000000000000000000e+00 0.000000000000000000e+00
7.233626588465298657e-02 1.000000000000000000e+00 0.000000000000000000e+00
7.331378299120235031e-02 1.000000000000000000e+00 0.000000000000000000e+00
7.429130009775171406e-02 1.000000000000000000e+00 0.000000000000000000e+00
7.526881720430107781e-02 1.000000000000000000e+00 0.000000000000000000e+00
7.624633431085044155e-02 1.000000000000000000e+00 0.000000000000000000e+00
7.722385141739980530e-02 1.000000000000000000e+00 0.000000000000000000e+00
7.820136852394916904e-02 1.000000000000000000e+00 0.000000000000000000e+00
7.917888563049853279e-02 1.000000000000000000e+00 0.000000000000000000e+00
8.015640273704789653e-02 1.000000000000000000e+00 0.000000000000000000e+00
8.113391984359726028e-02 1.000000000000000000e+00 0.000000000000000000e+00
8.211143695014662403e-02 1.000000000000000000e+00 0.000000000000000000e+00
8.308895405669598777e-02 1.000000000000000000e+00 0.000000000000000000e+00
8.406647116324535152e-02 1.000000000000000000e+00 0.000000000000000000e+00
8.504398826979471526e-02 1.000000000000000000e+00 0.000000000000000000e+00
8.602150537634409289e-02 1.000000000000000000e+00 0.000000000000000000e+00
8.699902248289345663e-02 1.000000000000000000e+00 0.000000000000000000e+00
8.797653958944282038e-02 1.000000000000000000e+00 0.000000000000000000e+00
8.895405669599218412e-02 1.000000000000000000e+00 0.000000000000000000e+00
8.993157380254154787e-02 1.000000000000000000e+00 0.000000000000000000e+00
9.090909090909091161e-02 1.000000000000000000e+00 0.000000000000000000e+00
9.188660801564027536e-02 1.000000000000000000e+00 0.000000000000000000e+00
9.286412512218963911e-02 1.000000000000000000e+00 0.000000000000000000e+00
9.384164222873900285e-02 1.000000000000000000e+00 0.000000000000000000e+00
9.481915933528836660e-02 1.000000000000000000e+00 0.000000000000000000e+00
9.579667644183773034e-02 1.000000000000000000e+00 0.000000000000000000e+00
9.677419354838709409e-02 1.000000000000000000e+00 0.000000000000000000e+00
9.775171065493645783e-02 1.000000000000000000e+00 0.000000000000000000e+00
9.872922776148582158e-02 1.000000000000000000e+00 0.000000000000000000e+00
9.970674486803518533e-02 1.000000000000000000e+00 0.000000000000000000e+00
1.006842619745845491e-01 1.000000000000000000e+00 0.000000000000000000e+00
1.016617790811339267e-01 1.000000000000000000e+00 0.000000000000000000e+00
1.026392961876832904e-01 1.000000000000000000e+00 0.000000000000000000e+00
1.036168132942326542e-01 1.000000000000000000e+00 0.000000000000000000e+00
1.045943304007820179e-01 1.000000000000000000e+00 0.000000000000000000e+00
1.055718475073313817e-01 1.000000000000000000e+00 0.000000000000000000e+00
1.065493646138807454e-01 1.000000000000000000e+00 0.000000000000000000e+00
1.075268817204301092e-01 1.000000000000000000e+00 0.000000000000000000e+00
1.085043988269794729e-01 1.000000000000000000e+00 0.000000000000000000e+00
1.094819159335288367e-01 1.000000000000000000e+00 0.000000000000000000e+00
1.104594330400782004e-01 1.000000000000000000e+00 0.000000000000000000e+00
1.114369501466275642e-01 1.000000000000000000e+00 0.000000000000000000e+00
1.124144672531769279e-01 1.000000000000000000e+00 0.000000000000000000e+00
1.133919843597262916e-01 1.000000000000000000e+00 0.000000000000000000e+00
1.143695014662756554e-01 1.000000000000000000e+00 0.000000000000000000e+00
1.153470185728250191e-01 1.000000000000000000e+00 0.000000000000000000e+00
1.163245356793743829e-01 1.000000000000000000e+00 0.000000000000000000e+00
1.173020527859237605e-01 1.000000000000000000e+00 0.000000000000000000e+00
1.182795698924731242e-01 1.000000000000000000e+00 0.000000000000000000e+00
1.192570869990224880e-01 1.000000000000000000e+00 0.000000000000000000e+00
1.202346041055718517e-01 1.000000000000000000e+00 0.000000000000000000e+00
1.212121212121212155e-01 1.000000000000000000e+00 0.000000000000000000e+00
1.221896383186705792e-01 1.000000000000000000e+00 0.000000000000000000e+00
1.231671554252199430e-01 1.000000000000000000e+00 0.000000000000000000e+00
1.241446725317693067e-01 1.000000000000000000e+00 0.000000000000000000e+00
1.251221896383186705e-01 1.000000000000000000e+00 0.000000000000000000e+00
1.260997067448680342e-01 1.000000000000000000e+00 0.000000000000000000e+00
1.270772238514173980e-01 1.000000000000000000e+00 0.000000000000000000e+00
1.280547409579667617e-01 1.000000000000000000e+00 0.000000000000000000e+00
1.290322580645161255e-01 1.000000000000000000e+00 0.000000000000000000e+00
1.300097751710654892e-01 1.000000000000000000e+00 0.000000000000000000e+00
1.309872922776148529e-01 1.000000000000000000e+00 0.000000000000000000e+00
1.319648093841642167e-01 1.000000000000000000e+00 0.000000000000000000e+00
1.329423264907135804e-01 1.000000000000000000e+00 0.000000000000000000e+00
1.339198435972629442e-01 1.000000000000000000e+00 0.000000000000000000e+00
1.348973607038123079e-01 1.000000000000000000e+00 0.000000000000000000e+00
1.358748778103616717e-01 1.000000000000000000e+00 0.000000000000000000e+00
1.368523949169110354e-01 1.000000000000000000e+00 0.000000000000000000e+00
1.378299120234603992e-01 1.000000000000000000e+00 0.000000000000000000e+00
1.388074291300097629e-01 1.000000000000000000e+00 0.000000000000000000e+00
1.397849462365591267e-01 1.000000000000000000e+00 0.000000000000000000e+00
1.407624633431085182e-01 1.000000000000000000e+00 0.000000000000000000e+00
1.417399804496578819e-01 1.000000000000000000e+00 0.000000000000000000e+00
1.427174975562072456e-01 1.000000000000000000e+00 0.000000000000000000e+00
1.436950146627566094e-01 1.000000000000000000e+00 0.000000000000000000e+00
1.446725317693059731e-01 1.000000000000000000e+00 0.000000000000000000e+00
1.456500488758553369e-01 1.000000000000000000e+00 0.000000000000000000e+00
1.466275659824047006e-01 1.000000000000000000e+00 0.000000000000000000e+00
1.476050830889540644e-01 1.000000000000000000e+00 0.000000000000000000e+00
1.485826001955034281e-01 1.000000000000000000e+00 0.000000000000000000e+00
1.495601173020527919e-01 1.000000000000000000e+00 0.000000000000000000e+00
1.505376344086021556e-01 1.000000000000000000e+00 0.000000000000000000e+00
1.515151515151515194e-01 1.000000000000000000e+00 0.000000000000000000e+00
1.524926686217008831e-01 1.000000000000000000e+00 0.000000000000000000e+00
1.534701857282502468e-01 1.000000000000000000e+00 0.000000000000000000e+00
1.544477028347996106e-01 1.000000000000000000e+00 0.000000000000000000e+00
1.554252199413489743e-01 1.000000000000000000e+00 0.000000000000000000e+00
1.564027370478983381e-01 1.000000000000000000e+00 0.000000000000000000e+00
1.573802541544477018e-01 1.000000000000000000e+00 0.000000000000000000e+00
1.583577712609970656e-01 1.000000000000000000e+00 0.000000000000000000e+00
1.593352883675464293e-01 1.000000000000000000e+00 0.000000000000000000e+00
1.603128054740957931e-01 1.000000000000000000e+00 0.000000000000000000e+00
1.612903225806451568e-01 1.000000000000000000e+00 0.000000000000000000e+00
1.622678396871945206e-01 1.000000000000000000e+00 0.000000000000000000e+00
1.632453567937438843e-01 1.000000000000000000e+00 0.000000000000000000e+00
1.642228739002932481e-01 1.000000000000000000e+00 0.000000000000000000e+00
1.652003910068426118e-01 1.000000000000000000e+00 0.000000000000000000e+00
1.661779081133919755e-01 1.000000000000000000e+00 0.000000000000000000e+00
1.671554252199413393e-01 1.000000000000000000e+00 0.000000000000000000e+00
1.681329423264907030e-01 1.000000000000000000e+00 0.000000000000000000e+00
1.691104594330400668e-01 1.000000000000000000e+00 0.000000000000000000e+00
1.700879765395894305e-01 1.000000000000000000e+00 0.000000000000000000e+00
1.710654936461387943e-01 1.000000000000000000e+00 0.000000000000000000e+00
1.720430107526881858e-01 1.000000000000000000e+00 0.000000000000000000e+00
1.730205278592375495e-01 1.000000000000000000e+00 0.000000000000000000e+00
1.739980449657869133e-01 1.000000000000000000e+00 0.000000000000000000e+00
1.749755620723362770e-01 1.000000000000000000e+00 0.000000000000000000e+00
1.759530791788856408e-01 1.000000000000000000e+00 0.000000000000000000e+00
1.769305962854350045e-01 1.000000000000000000e+00 0.000000000000000000e+00
1.779081133919843682e-01 1.000000000000000000e+00 0.000000000000000000e+00
1.788856304985337320e-01 1.000000000000000000e+00 0.000000000000000000e+00
1.798631476050830957e-01 1.000000000000000000e+00 0.000000000000000000e+00
1.808406647116324595e-01 1.000000000000000000e+00 0.000000000000000000e+00
1.818181818181818232e-01 1.000000000000000000e+00 0.000000000000000000e+00
1.827956989247311870e-01 1.000000000000000000e+00 0.000000000000000000e+00
1.837732160312805507e-01 1.000000000000000000e+00 0.000000000000000000e+00
1.847507331378299145e-01 1.000000000000000000e+00 0.000000000000000000e+00
1.857282502443792782e-01 1.000000000000000000e+00 0.000000000000000000e+00
1.867057673509286420e-01 1.000000000000000000e+00 0.000000000000000000e+00
1.876832844574780057e-01 1.000000000000000000e+00 0.000000000000000000e+00
1.886608015640273694e-01 1.000000000000000000e+00 0.000000000000000000e+00
1.896383186705767332e-01 1.000000000000000000e+00 0.000000000000000000e+00
1.906158357771260969e-01 1.000000000000000000e+00 0.000000000000000000e+00
1.915933528836754607e-01 1.000000000000000000e+00 0.000000000000000000e+00
1.925708699902248244e-01 1.000000000000000000e+00 0.000000000000000000e+00
1.935483870967741882e-01 1.000000000000000000e+00 0.000000000000000000e+00
1.945259042033235519e-01 1.000000000000000000e+00 0.000000000000000000e+00
1.955034213098729157e-01 1.000000000000000000e+00 0.000000000000000000e+00
1.964809384164222794e-01 1.000000000000000000e+00 0.000000000000000000e+00
1.974584555229716432e-01 1.000000000000000000e+00 0.000000000000000000e+00
1.984359726295210069e-01 1.000000000000000000e+00 0.000000000000000000e+00
1.994134897360703707e-01 1.000000000000000000e+00 0.000000000000000000e+00
2.003910068426197344e-01 1.000000000000000000e+00 0.000000000000000000e+00
2.013685239491690981e-01 1.000000000000000000e+00 0.000000000000000000e+00
2.023460410557184619e-01 1.000000000000000000e+00 0.000000000000000000e+00
2.033235581622678534e-01 1.000000000000000000e+00 0.000000000000000000e+00
2.043010752688172171e-01 1.000000000000000000e+00 0.000000000000000000e+00
2.052785923753665809e-01 1.000000000000000000e+00 0.000000000000000000e+00
2.062561094819159446e-01 1.000000000000000000e+00 0.000000000000000000e+00
2.072336265884653084e-01 1.000000000000000000e+00 0.000000000000000000e+00
2.082111436950146721e-01 1.000000000000000000e+00 0.000000000000000000e+00
2.091886608015640359e-01 1.000000000000000000e+00 0.000000000000000000e+00
2.101661779081133996e-01 1.000000000000000000e+00 0.000000000000000000e+00
2.111436950146627634e-01 1.000000000000000000e+00 0.000000000000000000e+00
2.121212121212121271e-01 1.000000000000000000e+00 0.000000000000000000e+00
2.130987292277614908e-01 1.000000000000000000e+00 0.000000000000000000e+00
2.140762463343108546e-01 1.000000000000000000e+00 0.000000000000000000e+00
2.150537634408602183e-01 1.000000000000000000e+00 0.000000000000000000e+00
2.160312805474095821e-01 1.000000000000000000e+00 0.000000000000000000e+00
2.170087976539589458e-01 1.000000000000000000e+00 0.000000000000000000e+00
2.179863147605083096e-01 1.000000000000000000e+00 0.000000000000000000e+00
2.189638318670576733e-01 1.000000000000000000e+00 0.000000000000000000e+00
2.199413489736070371e-01 1.000000000000000000e+00 0.000000000000000000e+00
2.209188660801564008e-01 1.000000000000000000e+00 0.000000000000000000e+00
2.218963831867057646e-01 1.000000000000000000e+00 0.000000000000000000e+00
2.228739002932551283e-01 1.000000000000000000e+00 0.000000000000000000e+00
2.238514173998044920e-01 1.000000000000000000e+00 0.000000000000000000e+00
2.248289345063538558e-01 1.000000000000000000e+00 0.000000000000000000e+00
2.258064516129032195e-01 1.000000000000000000e+00 0.000000000000000000e+00
2.267839687194525833e-01 1.000000000000000000e+00 0.000000000000000000e+00
2.277614858260019470e-01 1.000000000000000000e+00 0.000000000000000000e+00
2.287390029325513108e-01 1.000000000000000000e+00 0.000000000000000000e+00
2.297165200391006745e-01 1.000000000000000000e+00 0.000000000000000000e+00
2.306940371456500383e-01 1.000000000000000000e+00 0.000000000000000000e+00
2.316715542521994020e-01 1.000000000000000000e+00 0.000000000000000000e+00
2.326490713587487658e-01 1.000000000000000000e+00 0.000000000000000000e+00
2.336265884652981295e-01 1.000000000000000000e+00 0.000000000000000000e+00
2.346041055718475210e-01 1.000000000000000000e+00 0.000000000000000000e+00
2.355816226783968848e-01 1.000000000000000000e+00 0.000000000000000000e+00
2.365591397849462485e-01 1.000000000000000000e+00 0.000000000000000000e+00
2.375366568914956122e-01 1.000000000000000000e+00 0.000000000000000000e+00
2.385141739980449760e-01 1.000000000000000000e+00 0.000000000000000000e+00
2.394916911045943397e-01 1.000000000000000000e+00 0.000000000000000000e+00
2.404692082111437035e-01 1.000000000000000000e+00 0.000000000000000000e+00
2.414467253176930672e-01 1.000000000000000000e+00 0.000000000000000000e+00
2.424242424242424310e-01 1.000000000000000000e+00 0.000000000000000000e+00
2.434017595307917947e-01 1.000000000000000000e+00 0.000000000000000000e+00
2.443792766373411585e-01 1.000000000000000000e+00 0.000000000000000000e+00
2.453567937438905222e-01 1.000000000000000000e+00 0.000000000000000000e+00
2.463343108504398860e-01 1.000000000000000000e+00 0.000000000000000000e+00
2.473118279569892497e-01 1.000000000000000000e+00 0.000000000000000000e+00
2.482893450635386134e-01 1.000000000000000000e+00 0.000000000000000000e+00
2.492668621700879772e-01 1.000000000000000000e+00 0.000000000000000000e+00
2.502443792766373409e-01 1.000000000000000000e+00 0.000000000000000000e+00
2.512218963831867047e-01 1.000000000000000000e+00 0.000000000000000000e+00
2.521994134897360684e-01 1.000000000000000000e+00 0.000000000000000000e+00
2.531769305962854322e-01 1.000000000000000000e+00 0.000000000000000000e+00
2.541544477028347959e-01 1.000000000000000000e+00 0.000000000000000000e+00
2.551319648093841597e-01 1.000000000000000000e+00 0.000000000000000000e+00
2.561094819159335234e-01 1.000000000000000000e+00 0.000000000000000000e+00
2.570869990224828872e-01 1.000000000000000000e+00 0.000000000000000000e+00
2.580645161290322509e-01 1.000000000000000000e+00 0.000000000000000000e+00
2.590420332355816146e-01 1.000000000000000000e+00 0.000000000000000000e+00
2.600195503421309784e-01 1.000000000000000000e+00 0.000000000000000000e+00
2.609970674486803421e-01 1.000000000000000000e+00 0.000000000000000000e+00
2.619745845552297059e-01 1.000000000000000000e+00 0.000000000000000000e+00
2.629521016617790696e-01 1.000000000000000000e+00 0.000000000000000000e+00
2.639296187683284334e-01 1.000000000000000000e+00 0.000000000000000000e+00
2.649071358748777971e-01 1.000000000000000000e+00 0.000000000000000000e+00
2.658846529814271609e-01 1.000000000000000000e+00 0.000000000000000000e+00
2.668621700879765246e-01 1.000000000000000000e+00 0.000000000000000000e+00
2.678396871945258884e-01 1.000000000000000000e+00 0.000000000000000000e+00
2.688172043010752521e-01 1.000000000000000000e+00 0.000000000000000000e+00
2.697947214076246158e-01 1.000000000000000000e+00 0.000000000000000000e+00
2.707722385141739796e-01 1.000000000000000000e+00 0.000000000000000000e+00
2.717497556207233433e-01 1.000000000000000000e+00 0.000000000000000000e+00
2.727272727272727071e-01 1.000000000000000000e+00 0.000000000000000000e+00
2.737047898338220708e-01 1.000000000000000000e+00 0.000000000000000000e+00
2.746823069403714346e-01 1.000000000000000000e+00 0.000000000000000000e+00
2.756598240469207983e-01 1.000000000000000000e+00 0.000000000000000000e+00
2.766373411534701621e-01 1.000000000000000000e+00 0.000000000000000000e+00
2.776148582600195258e-01 1.000000000000000000e+00 0.000000000000000000e+00
2.785923753665688896e-01 1.000000000000000000e+00 0.000000000000000000e+00
2.795698924731182533e-01 1.000000000000000000e+00 0.000000000000000000e+00
2.805474095796676171e-01 1.000000000000000000e+00 0.000000000000000000e+00
2.815249266862170363e-01 1.000000000000000000e+00 0.000000000000000000e+00
2.825024437927664001e-01 1.000000000000000000e+00 0.000000000000000000e+00
2.834799608993157638e-01 1.000000000000000000e+00 0.000000000000000000e+00
2.844574780058651275e-01 1.000000000000000000e+00 0.000000000000000000e+00
2.854349951124144913e-01 1.000000000000000000e+00 0.000000000000000000e+00
2.864125122189638550e-01 1.000000000000000000e+00 0.000000000000000000e+00
2.873900293255132188e-01 1.000000000000000000e+00 0.000000000000000000e+00
2.883675464320625825e-01 1.000000000000000000e+00 0.000000000000000000e+00
2.893450635386119463e-01 1.000000000000000000e+00 0.000000000000000000e+00
2.903225806451613100e-01 1.000000000000000000e+00 0.000000000000000000e+00
2.913000977517106738e-01 1.000000000000000000e+00 0.000000000000000000e+00
2.922776148582600375e-01 1.000000000000000000e+00 3.625124605705119953e-23
2.932551319648094013e-01 9.999999999999996669e-01 1.979082372456435277e-16
2.942326490713587650e-01 9.999999999999986677e-01 1.335898711429103679e-15
2.952101661779081287e-01 9.999999999999945599e-01 3.935765053515215232e-15
2.961876832844574925e-01 9.999999999999864553e-01 1.193787049870151835e-14
2.971652003910068562e-01 9.999999999999642508e-01 2.629591089852628792e-14
2.981427174975562200e-01 9.999999999999262812e-01 6.582112695805660297e-14
2.991202346041055837e-01 9.999999999998192557e-01 1.334464094846469949e-13
3.000977517106549475e-01 9.999999999996370681e-01 3.220634111392562812e-13
3.010752688172043112e-01 9.999999999991360244e-01 6.391618707925283929e-13
3.020527859237536750e-01 9.999999999982968069e-01 1.501826394872474006e-12
3.030303030303030387e-01 9.999999999960416108e-01 2.941135545162320604e-12
3.040078201368524025e-01 9.999999999922962735e-01 6.763760272974128462e-12
3.049853372434017662e-01 9.999999999824518149e-01 1.307644474629044017e-11
3.059628543499511300e-01 9.999999999662758654e-01 2.945328220760351562e-11
3.069403714565004937e-01 9.999999999247866089e-01 5.620983452869690240e-11
3.079178885630498574e-01 9.999999998573436688e-01 1.239444389659144953e-10
3.088954056695992212e-01 9.999999996885965414e-01 2.334037864239330022e-10
3.098729227761485849e-01 9.999999994173265350e-01 5.035854041648104371e-10
3.108504398826979487e-01 9.999999987558066961e-01 9.353010198981834352e-10
3.118279569892473124e-01 9.999999977044724542e-01 1.973398455275863569e-09
3.128054740957966762e-01 9.999999952080227406e-01 3.612950508533422439e-09
3.137829912023460399e-01 9.999999912871249119e-01 7.449865913992712122e-09
3.147605083088954037e-01 9.999999822304741492e-01 1.343731302160324809e-08
3.157380254154447674e-01 9.999999681792828277e-01 2.705963881555578600e-08
3.167155425219941312e-01 9.999999366431325809e-01 4.805338772855342744e-08
3.176930596285434949e-01 9.999998883335757816e-01 9.443378345844201513e-08
3.186705767350928586e-01 9.999997831145466254e-01 1.649901379242323947e-07
3.196480938416422224e-01 9.999996240517261548e-01 3.161485696899541075e-07
3.206256109481915861e-01 9.999992883320034665e-01 5.430053449751297809e-07
3.216031280547409499e-01 9.999987877907822176e-01 1.013589255069243047e-06
3.225806451612903136e-01 9.999977657031549061e-01 1.709883096139003841e-06
3.235581622678396774e-01 9.999962638134964887e-01 3.105946791257149245e-06
3.245356793743890411e-01 9.999933023283029687e-01 5.140968343874247726e-06
3.255131964809384049e-01 9.999890169103680115e-01 9.076676799777433171e-06
3.264907135874877686e-01 9.999808748826077842e-01 1.472354158336094986e-05
3.274682306940371324e-01 9.999692836301191656e-01 2.523248373427671031e-05
3.284457478005864961e-01 9.999481191441449424e-01 4.005760318843210380e-05
3.294232649071358598e-01 9.999185107874439815e-01 6.653078993335997699e-05
3.304007820136852236e-01 9.998667162445468160e-01 1.032025070414537373e-04
3.313782991202345873e-01 9.997956138813643978e-01 1.658225527732501458e-04
3.323558162267839511e-01 9.996768874452729436e-01 2.508622904256182042e-04
3.333333333333333148e-01 9.995172301885190125e-01 3.891628384244613399e-04
3.343108504398826786e-01 9.992638430909760450e-01 5.729214245622217495e-04
3.352883675464320423e-01 9.989307593080802850e-01 8.562297031869290590e-04
3.362658846529814061e-01 9.984306976948946755e-01 1.223629983634393504e-03
3.372434017595307698e-01 9.977897324318524275e-01 1.757973388834120198e-03
3.382209188660801336e-01 9.968837096541498521e-01 2.432362224403952430e-03
3.391984359726294973e-01 9.957545603861100991e-01 3.353474927797877106e-03
3.401759530791788610e-01 9.942572329395510389e-01 4.481273133965985034e-03
3.411534701857282248e-01 9.924483896250552162e-01 5.924007440564958010e-03
3.421309872922775885e-01 9.902002993822068833e-01 7.632249031181182440e-03
3.431085043988269523e-01 9.875754659700429761e-01 9.680857153778130164e-03
3.440860215053763715e-01 9.845073779456603447e-01 1.202034468497220100e-02
3.450635386119257353e-01 9.810522867509989808e-01 1.466654674912658621e-02
3.460410557184750990e-01 9.772209666081367319e-01 1.757793641701543147e-02
3.470185728250244628e-01 9.730593068104912424e-01 2.071847316495939798e-02
3.479960899315738265e-01 9.686264810343292453e-01 2.405360538358424644e-02
3.489736070381231903e-01 9.639646470214792151e-01 2.753060829657308708e-02
3.499511241446725540e-01 9.591341931137703503e-01 3.111641799786015947e-02
3.509286412512219178e-01 9.541771087217696401e-01 3.477181424869867088e-02
3.519061583577712815e-01 9.491313066619163630e-01 3.846704465210302321e-02
3.528836754643206453e-01 9.440305089950101758e-01 4.218073590239679316e-02
3.538611925708700090e-01 9.388952773800403051e-01 4.589364629626031117e-02
3.548387096774193727e-01 9.337441791755309861e-01 4.959368795284634784e-02
3.558162267839687365e-01 9.285894364200971696e-01 5.327251467572702986e-02
3.567937438905181002e-01 9.234389743312686472e-01 5.692315507387122470e-02
3.577712609970674640e-01 9.182989599392528124e-01 6.054219757191878909e-02
3.587487781036168277e-01 9.131735643348564135e-01 6.412673563416249056e-02
3.597262952101661915e-01 9.080650552813318566e-01 6.767493460539181216e-02
3.607038123167155552e-01 9.029757765296119176e-01 7.118566093678271867e-02
3.616813294232649190e-01 8.979068622423257429e-01 7.465826574890686851e-02
3.626588465298142827e-01 8.928593704795820818e-01 7.809206086754343079e-02
3.636363636363636465e-01 8.878339630720721853e-01 8.148692700256382482e-02
3.646138807429130102e-01 8.828313082775088860e-01 8.484259819373930755e-02
3.655913978494623739e-01 8.778516635813570224e-01 8.815906005476616125e-02
3.665689149560117377e-01 8.728954760299526550e-01 9.143626648488542563e-02
3.675464320625611014e-01 8.679628953154696624e-01 9.467434608708390209e-02
3.685239491691104652e-01 8.630541643067727309e-01 9.787333329832441364e-02
3.695014662756598289e-01 8.581693539443047136e-01 1.010334193234562750e-01
3.704789833822091927e-01 8.533086216291040360e-01 1.041547332124202335e-01
3.714565004887585564e-01 8.484719739779635894e-01 1.072374903933222268e-01
3.724340175953079202e-01 8.436594915173309950e-01 1.102818674826395867e-01
3.734115347018572839e-01 8.388711579867369483e-01 1.132881093072122952e-01
3.743890518084066477e-01 8.341070000607395674e-01 1.162564257535151357e-01
3.753665689149560114e-01 8.293669766495121998e-01 1.191870715801513630e-01
3.763440860215053752e-01 8.246510806931948157e-01 1.220802827181906719e-01
3.773216031280547389e-01 8.199592574484713126e-01 1.249363231679352232e-01
3.782991202346041026e-01 8.152914719937227606e-01 1.277554430317862366e-01
3.792766373411534664e-01 8.106476594905451805e-01 1.305379116385220750e-01
3.802541544477028301e-01 8.060277674699581896e-01 1.332839901418348405e-01
3.812316715542521939e-01 8.014317230556414762e-01 1.359939505856040121e-01
3.822091886608015576e-01 7.968594604396975756e-01 1.386680600801038499e-01
3.831867057673509214e-01 7.923109013827945857e-01 1.413065925238591314e-01
3.841642228739002851e-01 7.877859711078142313e-01 1.439098186364410892e-01
3.851417399804496489e-01 7.832845868951626711e-01 1.464780125923773046e-01
3.861192570869990126e-01 7.788066677307073915e-01 1.490114466405365601e-01
3.870967741935483764e-01 7.743521278466313218e-01 1.515103946744248697e-01
3.880742913000977401e-01 7.699208820057195091e-01 1.539751290790884464e-01
3.890518084066471038e-01 7.655128421276359285e-01 1.564059226488385135e-01
3.900293255131964676e-01 7.611279202702032620e-01 1.588030469604838346e-01
3.910068426197458313e-01 7.567660268730508344e-01 1.611667732699127720e-01
3.919843597262951951e-01 7.524270723236584635e-01 1.634973716210540440e-01
3.929618768328445588e-01 7.481109661645679587e-01 1.657951112820676698e-01
3.939393939393939226e-01 7.438176179350589612e-01 1.680602602973272075e-01
3.949169110459432863e-01 7.395469368208679173e-01 1.702930856482567368e-01
3.958944281524926501e-01 7.352988320954714219e-01 1.724938530153956040e-01
3.968719452590420138e-01 7.310732130142492124e-01 1.746628268389283645e-01
3.978494623655913776e-01 7.268699890586727275e-01 1.768002701966814028e-01
3.988269794721407413e-01 7.226890699238720517e-01 1.789064448078391267e-01
3.998044965786901050e-01 7.185303656610955159e-01 1.809816109656887939e-01
4.007820136852394688e-01 7.143937867118311802e-01 1.830260275296238803e-01
4.017595307917888325e-01 7.102792440012318798e-01 1.850399518880910532e-01
4.027370478983381963e-01 7.061866489830352922e-01 1.870236399448379772e-01
4.037145650048875600e-01 7.021159137075834167e-01 1.889773460970942676e-01
4.046920821114369238e-01 6.980669508707343374e-01 1.909013232255450110e-01
4.056695992179862875e-01 6.940396738693144219e-01 1.927958226822108212e-01
4.066471163245357068e-01 6.900339968477199326e-01 1.946610942831820679e-01
4.076246334310850705e-01 6.860498347463094282e-01 1.964973863022245470e-01
4.086021505376344343e-01 6.820871033464805944e-01 1.983049454676309442e-01
4.095796676441837980e-01 6.781457193156903429e-01 2.000840169602699226e-01
4.105571847507331618e-01 6.742256002508475454e-01 2.018348444133610531e-01
4.115347018572825255e-01 6.703266647216556962e-01 2.035576699135507039e-01
4.125122189638318893e-01 6.664488323137044423e-01 2.052527340034672743e-01
4.134897360703812530e-01 6.625920236718013667e-01 2.069202756853873171e-01
4.144672531769306167e-01 6.587561605436013101e-01 2.085605324259088289e-01
4.154447702834799805e-01 6.549411658239343570e-01 2.101737401615472733e-01
4.164222873900293442e-01 6.511469636000816186e-01 2.117601333052314683e-01
4.173998044965787080e-01 6.473734791982515002e-01 2.133199447535986393e-01
4.183773216031280717e-01 6.436206392314556268e-01 2.148534058949992387e-01
4.193548387096774355e-01 6.398883716490484375e-01 2.163607466181612371e-01
4.203323558162267992e-01 6.361766057881834691e-01 2.178421953214933759e-01
4.213098729227761630e-01 6.324852724274390159e-01 2.192979789229882737e-01
4.222873900293255267e-01 6.288143038428540832e-01 2.207283228706882761e-01
4.232649071358748905e-01 6.251636338666269888e-01 2.221334511536875167e-01
4.242424242424242542e-01 6.215331979487551672e-01 2.235135863136589462e-01
4.252199413489736179e-01 6.179229332218910686e-01 2.248689494569009184e-01
4.261974584555229817e-01 6.143327785697021426e-01 2.261997602668969209e-01
4.271749755620723454e-01 6.107626746990384436e-01 2.275062370173853432e-01
4.281524926686217092e-01 6.072125642162251591e-01 2.287885965859461079e-01
4.291300097751710729e-01 6.036823917078191215e-01 2.300470544681180174e-01
4.301075268817204367e-01 6.001721038261861318e-01 2.312818247920627457e-01
4.310850439882698004e-01 5.966816493802793442e-01 2.324931203337959329e-01
4.320625610948191642e-01 5.932109794320162832e-01 2.336811525330116657e-01
4.330400782013685279e-01 5.897600473986919223e-01 2.348461315095318747e-01
4.340175953079178917e-01 5.863288091618811260e-01 2.359882660804198951e-01
4.349951124144672554e-01 5.829172231833249507e-01 2.371077637777992964e-01
4.359726295210166191e-01 5.795252506283260496e-01 2.382048308674289128e-01
4.369501466275659829e-01 5.761528554972150662e-01 2.392796723680864213e-01
4.379276637341153466e-01 5.728000047654940863e-01 2.403324920718258040e-01
4.389051808406647104e-01 5.694666685333071854e-01 2.413634925651762797e-01
4.398826979472140741e-01 5.661528201849338471e-01 2.423728752513592266e-01
4.408602150537634379e-01 5.628584365590548755e-01 2.433608403736098602e-01
4.418377321603128016e-01 5.595834981305999323e-01 2.443275870396967031e-01
4.428152492668621654e-01 5.563279892050377873e-01 2.452733132477430689e-01
4.437927663734115291e-01 5.530918981260470879e-01 2.461982159134642745e-01
4.447702834799608929e-01 5.498752174975657381e-01 2.471024908989473690e-01
4.457478005865102566e-01 5.466779444213032413e-01 2.479863330431110180e-01
4.467253176930596203e-01 5.435000807508727494e-01 2.488499361939962295e-01
4.477028347996089841e-01 5.403416333637897084e-01 2.496934932430552312e-01
4.486803519061583478e-01 5.372026144526848013e-01 2.505171961616198817e-01
4.496578690127077116e-01 5.340830418371682597e-01 2.513212360397494294e-01
4.506353861192570753e-01 5.309829392978969720e-01 2.521058031276761091e-01
4.516129032258064391e-01 5.279023369345071659e-01 2.528710868800864708e-01
4.525904203323558028e-01 5.248412715491974634e-01 2.536172760035002582e-01
4.535679374389051666e-01 5.217997870578742203e-01 2.543445585070331916e-01
4.545454545454545303e-01 5.187779349309057375e-01 2.550531217568536846e-01
4.555229716520038941e-01 5.157757746656759235e-01 2.557431525346754997e-01
4.565004887585532578e-01 5.127933742932735406e-01 2.564148371006566007e-01
4.574780058651026216e-01 5.098308109218079309e-01 2.570683612611088242e-01
4.584555229716519853e-01 5.068881713190035443e-01 2.577039104414595161e-01
4.594330400782013490e-01 5.039655525368827993e-01 2.583216697649426408e-01
4.604105571847507128e-01 5.010630625815177819e-01 2.589218241375417229e-01
4.613880742913000765e-01 4.981808211309883827e-01 2.595045583397468381e-01
4.623655913978494403e-01 4.953189603048530065e-01 2.600700571257373861e-01
4.633431085043988040e-01 4.924776254885849247e-01 2.606185053306517285e-01
4.643206256109481678e-01 4.896569762165755013e-01 2.611500879866524572e-01
4.652981427174975315e-01 4.868571871174285914e-01 2.616649904485561784e-01
4.662756598240468953e-01 4.840784489253741052e-01 2.621633985298452707e-01
4.672531769305962590e-01 4.813209695616948447e-01 2.626454986499409672e-01
4.682306940371456228e-01 4.785849752900901977e-01 2.631114779936699066e-01
4.692082111436950420e-01 4.758707119498630789e-01 2.635615246839087544e-01
4.701857282502444058e-01 4.731784462707230299e-01 2.639958279684536668e-01
4.711632453567937695e-01 4.705084672727969930e-01 2.644145784221961781e-01
4.721407624633431332e-01 4.678610877551408476e-01 2.648179681657398254e-01
4.731182795698924970e-01 4.652366458755982093e-01 2.652061911016128648e-01
4.740957966764418607e-01 4.626355068242400947e-01 2.655794431692576341e-01
4.750733137829912245e-01 4.600580645918042055e-01 2.659379226199678481e-01
4.760508308895405882e-01 4.575047438334834404e-01 2.662818303129298458e-01
4.770283479960899520e-01 4.549760018270542217e-01 2.666113700334571956e-01
4.780058651026393157e-01 4.524723305226198145e-01 2.669267488344248540e-01
4.789833822091886795e-01 4.499942586791166876e-01 2.672281774017610800e-01
4.799608993157380432e-01 4.475423540801155009e-01 2.675158704446614633e-01
4.809384164222874070e-01 4.451172258182668484e-01 2.677900471109163627e-01
4.819159335288367707e-01 4.427195266339086221e-01 2.680509314273932797e-01
4.828934506353861345e-01 4.403499552887698010e-01 2.682987527652611615e-01
4.838709677419354982e-01 4.380092589502792011e-01 2.685337463289741433e-01
4.848484848484848619e-01 4.356982355556145992e-01 2.687561536673286344e-01
4.858260019550342257e-01 4.334177361172095178e-01 2.689662232040465617e-01
4.868035190615835894e-01 4.311686669228750879e-01 2.691642107843059128e-01
4.877810361681329532e-01 4.289519915739253286e-01 2.693503802324171414e-01
4.887585532746823169e-01 4.267687327936593444e-01 2.695250039144049814e-01
4.897360703812316807e-01 4.246199739262374595e-01 2.696883632976094791e-01
4.907135874877810444e-01 4.225068600324547452e-01 2.698407494975376131e-01
4.916911045943304082e-01 4.204305984742671143e-01 2.699824638001027677e-01
4.926686217008797719e-01 4.183924588644089004e-01 2.701138181450890574e-01
4.936461388074291357e-01 4.163937722414053910e-01 2.702351355542174649e-01
4.946236559139784994e-01 4.144359293142632628e-01 2.703467504846208680e-01
4.956011730205278631e-01 4.125203776058469773e-01 2.704490090859589801e-01
4.965786901270772269e-01 4.106486173103722215e-01 2.705422693369211595e-01
4.975562072336265906e-01 4.088221956698159798e-01 2.706269010346658566e-01
4.985337243401759544e-01 4.070426996678651044e-01 2.707032856089963690e-01
4.995112414467253181e-01 4.053117468401294943e-01 2.707718157320551655e-01
5.004887585532746819e-01 4.036309740078179442e-01 2.708328946942751836e-01
5.014662756598240456e-01 4.020020237612582092e-01 2.708869355186057648e-01
5.024437927663734094e-01 4.004265285519781337e-01 2.709343597879211862e-01
5.034213098729227731e-01 3.989060922999964065e-01 2.709755961653629863e-01
5.043988269794721369e-01 3.974422694886837193e-01 2.710110785944058742e-01
5.053763440860215006e-01 3.960365418046965513e-01 2.710412441748706325e-01
5.063538611925708643e-01 3.946902924858030071e-01 2.710665307229543353e-01
5.073313782991202281e-01 3.934047786643265487e-01 2.710873740374751817e-01
5.083088954056695918e-01 3.921811021361011895e-01 2.711042049105316654e-01
5.092864125122189556e-01 3.910201791397153182e-01 2.711174459379721013e-01
5.102639296187683193e-01 3.899227098913943812e-01 2.711275082024992567e-01
5.112414467253176831e-01 3.888891487774340794e-01 2.711347879186139509e-01
5.122189638318670468e-01 3.879196762464465209e-01 2.711396631424796144e-01
5.131964809384164106e-01 3.870141735535774785e-01 2.711424906595392703e-01
5.141739980449657743e-01 3.861722015729944779e-01 2.711436031668373881e-01
5.151515151515151381e-01 3.853929848983247419e-01 2.711433068641579958e-01
5.161290322580645018e-01 3.846754023804112577e-01 2.711418795574973561e-01
5.171065493646138655e-01 3.840179850989582366e-01 2.711395693598539491e-01
5.180840664711632293e-01 3.834189225266319556e-01 2.711365940485102044e-01
5.190615835777125930e-01 3.828760773260849737e-01 2.711331411063859775e-01
5.200391006842619568e-01 3.823870088360400432e-01 2.711293684399821990e-01
5.210166177908113205e-01 3.819490048746075894e-01 2.711254057307613818e-01
5.219941348973606843e-01 3.815591210464620575e-01 2.711213563436970508e-01
5.229716520039100480e-01 3.812142263202960013e-01 2.711172996891553777e-01
5.239491691104594118e-01 3.809110532803074989e-01 2.711132939147511411e-01
5.249266862170087755e-01 3.806462511835864149e-01 2.711093787939145572e-01
5.259042033235581393e-01 3.804164398001893543e-01 2.711055786781380039e-01
5.268817204301075030e-01 3.802182619897742644e-01 2.711019053896043252e-01
5.278592375366568668e-01 3.800484330803176602e-01 2.710983609484703960e-01
5.288367546432062305e-01 3.799037853497539419e-01 2.710949400521617814e-01
5.298142717497555942e-01 3.797813062474742485e-01 2.710916322498896358e-01
5.307917888563049580e-01 3.796781693976613026e-01 2.710884237815660569e-01
5.317693059628543217e-01 3.795917578637323930e-01 2.710852990740775237e-01
5.327468230694036855e-01 3.795196795856732863e-01 2.710822419077844048e-01
5.337243401759530492e-01 3.794597752965416793e-01 2.710792362811823009e-01
5.347018572825024130e-01 3.794101195547766592e-01 2.710762670115961503e-01
5.356793743890517767e-01 3.793690157781235417e-01 2.710733201148985971e-01
5.366568914956011405e-01 3.793349863255729426e-01 2.710703830082554777e-01
5.376344086021505042e-01 3.793067587472794266e-01 2.710674445777424557e-01
5.386119257086998680e-01 3.792832493178581732e-01 2.710644951483637821e-01
5.395894428152492317e-01 3.792635448997250247e-01 2.710615263884439963e-01
5.405669599217985954e-01 3.792468840670045749e-01 2.710585311743662906e-01
5.415444770283479592e-01 3.792326382742468027e-01 2.710555034357509663e-01
5.425219941348973229e-01 3.792202936939154112e-01 2.710524379958338392e-01
5.434995112414466867e-01 3.792094341860168250e-01 2.710493304172166273e-01
5.444770283479960504e-01 3.791997257129461341e-01 2.710461768594252252e-01
5.454545454545454142e-01 3.791909023799538425e-01 2.710429739518039893e-01
5.464320625610947779e-01 3.791827541708087668e-01 2.710397186831296490e-01
5.474095796676441417e-01 3.791751163607988140e-01 2.710364083078319331e-01
5.483870967741935054e-01 3.791678605246385225e-01 2.710330402677431083e-01
5.493646138807428692e-01 3.791608870131152886e-01 2.710296121277417924e-01
5.503421309872922329e-01 3.791541187464654850e-01 2.710261215234014420e-01
5.513196480938415966e-01 3.791474961611685512e-01 2.710225661187117829e-01
5.522971652003909604e-01 3.791409731466719446e-01 2.710189435720359308e-01
5.532746823069403241e-01 3.791345138163385586e-01 2.710152515086388103e-01
5.542521994134896879e-01 3.791280899698635243e-01 2.710114874983351463e-01
5.552297165200390516e-01 3.791216791202588476e-01 2.710076490370264546e-01
5.562072336265884154e-01 3.791152629754658832e-01 2.710037335311066276e-01
5.571847507331377791e-01 3.791088262814329979e-01 2.709997382839046676e-01
5.581622678396871429e-01 3.791023559492123218e-01 2.709956604834980465e-01
5.591397849462365066e-01 3.790958404027611195e-01 2.709914971913578441e-01
5.601173020527858704e-01 3.790892690964313694e-01 2.709872453314040586e-01
5.610948191593352341e-01 3.790826321615461403e-01 2.709829016791226453e-01
5.620723362658845979e-01 3.790759201500835118e-01 2.709784628504648962e-01
5.630498533724340726e-01 3.790691238504990124e-01 2.709739252902910733e-01
5.640273704789834364e-01 3.790622341563115727e-01 2.709692852601514046e-01
5.650048875855328001e-01 3.790552419725124467e-01 2.709645388252169829e-01
5.659824046920821639e-01 3.790481381483140066e-01 2.709596818401849849e-01
5.669599217986315276e-01 3.790409134274583813e-01 2.709547099339816856e-01
5.679374389051808913e-01 3.790335584093952881e-01 2.709496184930872409e-01
5.689149560117302551e-01 3.790260635162681635e-01 2.709444026432932251e-01
5.698924731182796188e-01 3.790184189619066335e-01 2.709390572296928590e-01
5.708699902248289826e-01 3.790106147200015263e-01 2.709335767946804419e-01
5.718475073313783463e-01 3.790026404893909184e-01 2.709279555537109085e-01
5.728250244379277101e-01 3.789944856549488650e-01 2.709221873685342397e-01
5.738025415444770738e-01 3.789861392429929032e-01 2.709162657175802624e-01
5.747800586510264376e-01 3.789775898704023094e-01 2.709101836631099824e-01
5.757575757575758013e-01 3.789688256868117833e-01 2.709039338146859710e-01
5.767350928641251651e-01 3.789598343093052435e-01 2.708975082884259034e-01
5.777126099706745288e-01 3.789506027489971673e-01 2.708908986613947634e-01
5.786901270772238925e-01 3.789411173287514645e-01 2.708840959203518972e-01
5.796676441837732563e-01 3.789313635910498967e-01 2.708770904038824701e-01
5.806451612903226200e-01 3.789213261946678402e-01 2.708698717367036823e-01
5.816226783968719838e-01 3.789109887983266867e-01 2.708624287546104736e-01
5.826001955034213475e-01 3.789003339288299910e-01 2.708547494180894022e-01
5.835777126099707113e-01 3.788893428303032329e-01 2.708468207120315885e-01
5.845552297165200750e-01 3.788779952899621883e-01 2.708386285281695338e-01
5.855327468230694388e-01 3.788662694342281312e-01 2.708301575257426319e-01
5.865102639296188025e-01 3.788541414868279444e-01 2.708213909643819028e-01
5.874877810361681663e-01 3.788415854775772917e-01 2.708123105011233656e-01
5.884652981427175300e-01 3.788285728865775637e-01 2.708028959406503788e-01
5.894428152492668938e-01 3.788150722032442297e-01 2.707931249240813631e-01
5.904203323558162575e-01 3.788010483725220423e-01 2.707829725365857865e-01
5.913978494623656212e-01 3.787864620913669045e-01 2.707724108074829328e-01
5.923753665689149850e-01 3.787712689065419469e-01 2.707614080678836799e-01
5.933528836754643487e-01 3.787554180494023814e-01 2.707499281199443053e-01
5.943304007820137125e-01 3.787388509240446899e-01 2.707379291580040426e-01
5.953079178885630762e-01 3.787214991414228349e-01 2.707253623648837038e-01
5.962854349951124400e-01 3.787032819633935343e-01 2.707121700861403468e-01
5.972629521016618037e-01 3.786841029870083308e-01 2.706982834610250910e-01
5.982404692082111675e-01 3.786638458609966063e-01 2.706836193614504671e-01
5.992179863147605312e-01 3.786423687841527497e-01 2.706680764600866151e-01
6.001955034213098950e-01 3.786194974909345978e-01 2.706515302169582582e-01
6.011730205278592587e-01 3.785950163856641182e-01 2.706338265425186629e-01
6.021505376344086224e-01 3.785686574471953114e-01 2.706147738669241187e-01
6.031280547409579862e-01 3.785400864959853617e-01 2.705941333238338631e-01
6.041055718475073499e-01 3.785088864017886467e-01 2.705716067472619391e-01
6.050830889540567137e-01 3.784745368205981175e-01 2.705468221874396395e-01
6.060606060606060774e-01 3.784363900929334501e-01 2.705193166827343232e-01
6.070381231671554412e-01 3.783936430215963931e-01 2.704885160861571491e-01
6.080156402737048049e-01 3.783453043848751807e-01 2.704537118435457743e-01
6.089931573802541687e-01 3.782901582389723849e-01 2.704140347618986251e-01
6.099706744868035324e-01 3.782267233268133411e-01 2.703684259946118051e-01
6.109481915933528962e-01 3.781532092412407398e-01 2.703156057068713536e-01
6.119257086999022599e-01 3.780674703855091412e-01 2.702540401667439252e-01
6.129032258064516236e-01 3.779669592229408237e-01 2.701819083284231482e-01
6.138807429130009874e-01 3.778486807929068436e-01 2.700970693209928108e-01
6.148582600195503511e-01 3.777091509659306623e-01 2.699970326103440788e-01
6.158357771260997149e-01 3.775443613824917555e-01 2.698789329391139691e-01
6.168132942326490786e-01 3.773497544265761450e-01 2.697395124400388533e-01
6.177908113391984424e-01 3.771202118794411140e-01 2.695751125285597016e-01
6.187683284457478061e-01 3.768500610323711753e-01 2.693816782757676442e-01
6.197458455522971699e-01 3.765331019619446717e-01 2.691547779089593084e-01
6.207233626588465336e-01 3.761626593463140433e-01 2.688896398546979927e-01
6.217008797653958974e-01 3.757316615963633422e-01 2.685812093070342743e-01
6.226783968719452611e-01 3.752327491778012503e-01 2.682242256617377030e-01
6.236559139784946248e-01 3.746584128164343608e-01 2.678133213111412725e-01
6.246334310850439886e-01 3.740011608401015986e-01 2.673431412657285011e-01
6.256109481915933523e-01 3.732537132734818908e-01 2.668084818982284223e-01
6.265884652981427161e-01 3.724092185472663297e-01 2.662044458516829026e-01
6.275659824046920798e-01 3.714614869136048658e-01 2.655266088880399722e-01
6.285434995112414436e-01 3.704052329936789456e-01 2.647711932629435161e-01
6.295210166177908073e-01 3.692363184470667803e-01 2.639352411858334468e-01
6.304985337243401711e-01 3.679519846708930175e-01 2.630167811513483556e-01
6.314760508308895348e-01 3.665510648218885947e-01 2.620149794885991423e-01
6.324535679374388986e-01 3.650341643957896176e-01 2.609302694330207228e-01
6.334310850439882623e-01 3.634038001526979089e-01 2.597644504217678785e-01
6.344086021505376261e-01 3.616644883607315619e-01 2.585207511598507368e-01
6.353861192570869898e-01 3.598227751153958986e-01 2.572038512803226928e-01
6.363636363636363535e-01 3.578872038048656612e-01 2.558198580751069873e-01
6.373411534701857173e-01 3.558682175154426197e-01 2.543762367203105113e-01
6.383186705767350810e-01 3.537779971548868918e-01 2.528816945525040882e-01
6.392961876832844448e-01 3.516302391368906211e-01 2.513460221437555098e-01
6.402737047898338085e-01 3.494398794282105869e-01 2.497798960377584088e-01
6.412512218963831723e-01 3.472227734235982521e-01 2.481946499133247108e-01
6.422287390029325360e-01 3.449953433121357715e-01 2.466020225129016696e-01
6.432062561094818998e-01 3.427742061914985094e-01 2.450138918122844733e-01
6.441837732160312635e-01 3.405757970746790542e-01 2.434420055423203721e-01
6.451612903225806273e-01 3.384160010660300366e-01 2.418977182678385407e-01
6.461388074291299910e-01 3.363098083612283129e-01 2.403917447840978605e-01
6.471163245356793547e-01 3.342710044009970516e-01 2.389339386439542079e-01
6.480938416422287185e-01 3.323119055790184628e-01 2.375331032496725558e-01
6.490713587487780822e-01 3.304431485053915818e-01 2.361968412283324548e-01
6.500488758553274460e-01 3.286735381188883864e-01 2.349314458739391043e-01
6.510263929618768097e-01 3.270099570975287251e-01 2.337418364065942666e-01
6.520039100684261735e-01 3.254573362104495882e-01 2.326315367929459033e-01
6.529814271749755372e-01 3.240186826444728663e-01 2.316026960068258422e-01
6.539589442815249010e-01 3.226951610623164934e-01 2.306561459818166904e-01
6.549364613880742647e-01 3.214862203105522953e-01 2.297914921931568655e-01
6.559139784946236285e-01 3.203897573622010442e-01 2.290072308535004986e-01
6.568914956011729922e-01 3.194023092811532072e-01 2.283008861369551223e-01
6.578690127077223559e-01 3.185192637266803239e-01 2.276691606537017964e-01
6.588465298142717197e-01 3.177350787369179752e-01 2.271080925553004837e-01
6.598240469208210834e-01 3.170435031748172205e-01 2.266132131116561921e-01
6.608015640273704472e-01 3.164377902043524760e-01 2.261796993042716475e-01
6.617790811339198109e-01 3.159108973935885745e-01 2.258025168588382869e-01
6.627565982404691747e-01 3.154556684164942504e-01 2.254765501233188529e-01
6.637341153470185384e-01 3.150649927531400385e-01 2.251967162182562932e-01
6.647116324535679022e-01 3.147319411839955006e-01 2.249580618839734092e-01
6.656891495601172659e-01 3.144498761683844901e-01 2.247558423745150968e-01
6.666666666666666297e-01 3.142125373363368612e-01 2.245855825624524793e-01
6.676441837732159934e-01 3.140141032712509550e-01 2.244431210963911683e-01
6.686217008797653572e-01 3.138492314992409882e-01 2.243246389808412899e-01
6.695992179863147209e-01 3.137130791265551055e-01 2.242266743236985549e-01
6.705767350928640846e-01 3.136013068888201527e-01 2.241461252269749405e-01
6.715542521994134484e-01 3.135100695149745653e-01 2.240802428958074966e-01
6.725317693059628121e-01 3.134359952914268499e-01 2.240266170283535530e-01
6.735092864125121759e-01 3.133761575689592571e-01 2.239831554469212671e-01
6.744868035190615396e-01 3.133280407181395222e-01 2.239480597614220969e-01
6.754643206256109034e-01 3.132895027393773346e-01 2.239197986420405906e-01
6.764418377321602671e-01 3.132587363993519780e-01 2.238970800389682991e-01
6.774193548387096309e-01 3.132342304204603911e-01 2.238788234403785160e-01
6.783968719452589946e-01 3.132147319136922015e-01 2.238641330194693635e-01
6.793743890518083584e-01 3.131992109326119933e-01 2.238522722978698865e-01
6.803519061583577221e-01 3.131868277469891382e-01 2.238426407531779461e-01
6.813294232649070858e-01 3.131769031949302451e-01 2.238347526270783872e-01
6.823069403714564496e-01 3.131688922744655379e-01 2.238282180490383244e-01
6.832844574780058133e-01 3.131623609788954377e-01 2.238227264786141479e-01
6.842619745845551771e-01 3.131569662621863093e-01 2.238180323850550713e-01
6.852394916911045408e-01 3.131524389372478123e-01 2.238139430232420346e-01
6.862170087976539046e-01 3.131485692561569167e-01 2.238103081265748473e-01
6.871945259042032683e-01 3.131451948921068484e-01 2.238070113164909725e-01
6.881720430107527431e-01 3.131421910329343916e-01 2.238039630212131925e-01
6.891495601173021068e-01 3.131394623007537348e-01 2.238010946996644157e-01
6.901270772238514706e-01 3.131369362272556911e-01 2.237983541772377571e-01
6.911045943304008343e-01 3.131345580360421210e-01 2.237957019157011396e-01
6.920821114369501981e-01 3.131322865090111485e-01 2.237931080578469678e-01
6.930596285434995618e-01 3.131300907410140000e-01 2.237905501069472891e-01
6.940371456500489256e-01 3.131279476140638174e-01 2.237880111204158529e-01
6.950146627565982893e-01 3.131258398481059912e-01 2.237854783154696603e-01
6.959921798631476531e-01 3.131237545089852192e-01 2.237829420014734172e-01
6.969696969696970168e-01 3.131216818753536080e-01 2.237803947687345973e-01
6.979472140762463805e-01 3.131196145846782408e-01 2.237778308766788515e-01
6.989247311827957443e-01 3.131175469942624190e-01 2.237752457955955454e-01
6.999022482893451080e-01 3.131154747064524568e-01 2.237726358656423331e-01
7.008797653958944718e-01 3.131133942181903995e-01 2.237699980446838655e-01
7.018572825024438355e-01 3.131113026639859021e-01 2.237673297229210434e-01
7.028347996089931993e-01 3.131091976283464362e-01 2.237646285871215113e-01
7.038123167155425630e-01 3.131070770089673938e-01 2.237618925206993070e-01
7.047898338220919268e-01 3.131049389163038654e-01 2.237591195288327062e-01
7.057673509286412905e-01 3.131027816000919728e-01 2.237563076823279873e-01
7.067448680351906543e-01 3.131006033998348648e-01 2.237534550813438661e-01
7.077223851417400180e-01 3.130984027203810305e-01 2.237505598450497957e-01
7.086999022482893817e-01 3.130961780239926995e-01 2.237476201190552183e-01
7.096774193548387455e-01 3.130939277980036572e-01 2.237446340450222615e-01
7.106549364613881092e-01 3.130916504317455273e-01 2.237415995957370562e-01
7.116324535679374730e-01 3.130893440189618793e-01 2.237385142892110712e-01
7.126099706744868367e-01 3.130870063913874235e-01 2.237353752104234150e-01
7.135874877810362005e-01 3.130846359805106172e-01 2.237321802193561193e-01
7.145650048875855642e-01 3.130822335359534359e-01 2.237289304784551569e-01
7.155425219941349280e-01 3.130798022684356252e-01 2.237256309219719796e-01
7.165200391006842917e-01 3.130773409695275511e-01 2.237222807117024703e-01
7.174975562072336555e-01 3.130748283249272235e-01 2.237188503495755321e-01
7.184750733137830192e-01 3.130722172552089511e-01 2.237152713617005795e-01
7.194525904203323829e-01 3.130694879892891302e-01 2.237115092262453586e-01
7.204301075268817467e-01 3.130667879508504670e-01 2.237077661929822991e-01
7.214076246334311104e-01 3.130645166399085300e-01 2.237046211497732695e-01
7.223851417399804742e-01 3.130629275345253593e-01 2.237024892384683050e-01
7.233626588465298379e-01 3.130609013353234937e-01 2.236998537316011726e-01
7.243401759530792017e-01 3.130549200580937663e-01 2.236916479775528932e-01
7.253176930596285654e-01 3.130419416873523875e-01 2.236730931662751221e-01
7.262952101661779292e-01 3.130299831792423548e-01 2.236548636893665731e-01
7.272727272727272929e-01 3.130493075645847667e-01 2.236802954912910646e-01
7.282502443792766567e-01 3.131327640205570084e-01 2.237998030493152102e-01
7.292277614858260204e-01 3.132259328773306928e-01 2.239428397977911711e-01
7.302052785923753842e-01 3.130720667477633334e-01 2.237438465280816857e-01
7.311827956989247479e-01 3.123364284806172675e-01 2.226980761899043371e-01
7.321603128054741116e-01 3.113575714778581416e-01 2.212250364410184578e-01
7.331378299120234754e-01 3.122549846748335356e-01 2.223209567339710924e-01
7.341153470185728391e-01 3.183031503383462191e-01 2.309223056375197536e-01
7.350928641251222029e-01 3.279054747061112551e-01 2.454318210051628368e-01
7.360703812316715666e-01 3.222878543839132193e-01 2.391414459467617326e-01
7.370478983382209304e-01 2.692018987560582666e-01 1.681849430007383017e-01
7.380254154447702941e-01 1.873456420496369401e-01 6.576963959757924083e-02
7.390029325513196579e-01 1.403875833428877284e-01 1.402943100050312898e-02
7.399804496578690216e-01 1.276118239349670613e-01 2.186063917035970840e-03
7.409579667644183854e-01 1.253832981869912044e-01 3.136163514192620854e-04
7.419354838709677491e-01 1.250543918347416239e-01 4.433708951573642952e-05
7.429130009775171128e-01 1.250076765187704830e-01 6.253637254839994499e-06
7.438905180840664766e-01 1.250010825357703304e-01 8.818013359493219630e-07
7.448680351906158403e-01 1.250001526390331075e-01 1.243349482421933263e-07
7.458455522971652041e-01 1.250000215220896937e-01 1.753114834255808773e-08
7.468230694037145678e-01 1.250000030346051783e-01 2.471882267489581627e-09
7.478005865102639316e-01 1.250000004278777332e-01 3.485342376446990059e-10
7.487781036168132953e-01 1.250000000603304906e-01 4.914312260568658622e-11
7.497556207233626591e-01 1.250000000085065566e-01 6.929187015384505796e-12
7.507331378299120228e-01 1.250000000011994017e-01 9.770273523949304265e-13
7.517106549364613866e-01 1.250000000001691147e-01 1.376898167956679037e-13
7.526881720430107503e-01 1.250000000000237865e-01 1.940684360664836486e-14
7.536656891495601140e-01 1.250000000000033307e-01 2.714494058698253009e-15
7.546432062561094778e-01 1.250000000000004441e-01 3.744512342141641545e-16
7.556207233626588415e-01 1.250000000000000278e-01 4.216777892218377834e-17
7.565982404692082053e-01 1.250000000000000000e-01 1.124460673751860118e-18
7.575757575757575690e-01 1.250000000000000000e-01 5.163710078901241664e-68
7.585532746823069328e-01 1.250000000000000000e-01 2.396739024617507612e-137
7.595307917888562965e-01 1.250000000000000000e-01 1.408576344301181925e-278
7.605083088954056603e-01 1.250000000000000000e-01 0.000000000000000000e+00
7.614858260019550240e-01 1.250000000000000000e-01 0.000000000000000000e+00
7.624633431085043878e-01 1.250000000000000000e-01 0.000000000000000000e+00
7.634408602150537515e-01 1.250000000000000000e-01 0.000000000000000000e+00
7.644183773216031152e-01 1.250000000000000000e-01 0.000000000000000000e+00
7.653958944281524790e-01 1.250000000000000000e-01 0.000000000000000000e+00
7.663734115347018427e-01 1.250000000000000000e-01 0.000000000000000000e+00
7.673509286412512065e-01 1.250000000000000000e-01 0.000000000000000000e+00
7.683284457478005702e-01 1.250000000000000000e-01 0.000000000000000000e+00
7.693059628543499340e-01 1.250000000000000000e-01 0.000000000000000000e+00
7.702834799608992977e-01 1.250000000000000000e-01 0.000000000000000000e+00
7.712609970674486615e-01 1.250000000000000000e-01 0.000000000000000000e+00
7.722385141739980252e-01 1.250000000000000000e-01 0.000000000000000000e+00
7.732160312805473890e-01 1.250000000000000000e-01 0.000000000000000000e+00
7.741935483870967527e-01 1.250000000000000000e-01 0.000000000000000000e+00
7.751710654936461165e-01 1.250000000000000000e-01 0.000000000000000000e+00
7.761485826001954802e-01 1.250000000000000000e-01 0.000000000000000000e+00
7.771260997067448439e-01 1.250000000000000000e-01 0.000000000000000000e+00
7.781036168132942077e-01 1.250000000000000000e-01 0.000000000000000000e+00
7.790811339198435714e-01 1.250000000000000000e-01 0.000000000000000000e+00
7.800586510263929352e-01 1.250000000000000000e-01 0.000000000000000000e+00
7.810361681329422989e-01 1.250000000000000000e-01 0.000000000000000000e+00
7.820136852394916627e-01 1.250000000000000000e-01 0.000000000000000000e+00
7.829912023460410264e-01 1.250000000000000000e-01 0.000000000000000000e+00
7.839687194525903902e-01 1.250000000000000000e-01 0.000000000000000000e+00
7.849462365591397539e-01 1.250000000000000000e-01 0.000000000000000000e+00
7.859237536656891177e-01 1.250000000000000000e-01 0.000000000000000000e+00
7.869012707722384814e-01 1.250000000000000000e-01 0.000000000000000000e+00
7.878787878787878451e-01 1.250000000000000000e-01 0.000000000000000000e+00
7.888563049853372089e-01 1.250000000000000000e-01 0.000000000000000000e+00
7.898338220918865726e-01 1.250000000000000000e-01 0.000000000000000000e+00
7.908113391984359364e-01 1.250000000000000000e-01 0.000000000000000000e+00
7.917888563049853001e-01 1.250000000000000000e-01 0.000000000000000000e+00
7.927663734115346639e-01 1.250000000000000000e-01 0.000000000000000000e+00
7.937438905180840276e-01 1.250000000000000000e-01 0.000000000000000000e+00
7.947214076246333914e-01 1.250000000000000000e-01 0.000000000000000000e+00
7.956989247311827551e-01 1.250000000000000000e-01 0.000000000000000000e+00
7.966764418377321189e-01 1.250000000000000000e-01 0.000000000000000000e+00
7.976539589442814826e-01 1.250000000000000000e-01 0.000000000000000000e+00
7.986314760508308463e-01 1.250000000000000000e-01 0.000000000000000000e+00
7.996089931573802101e-01 1.250000000000000000e-01 0.000000000000000000e+00
8.005865102639295738e-01 1.250000000000000000e-01 0.000000000000000000e+00
8.015640273704789376e-01 1.250000000000000000e-01 0.000000000000000000e+00
8.025415444770283013e-01 1.250000000000000000e-01 0.000000000000000000e+00
8.035190615835776651e-01 1.250000000000000000e-01 0.000000000000000000e+00
8.044965786901270288e-01 1.250000000000000000e-01 0.000000000000000000e+00
8.054740957966763926e-01 1.250000000000000000e-01 0.000000000000000000e+00
8.064516129032257563e-01 1.250000000000000000e-01 0.000000000000000000e+00
8.074291300097751201e-01 1.250000000000000000e-01 0.000000000000000000e+00
8.084066471163244838e-01 1.250000000000000000e-01 0.000000000000000000e+00
8.093841642228738475e-01 1.250000000000000000e-01 0.000000000000000000e+00
8.103616813294232113e-01 1.250000000000000000e-01 0.000000000000000000e+00
8.113391984359725750e-01 1.250000000000000000e-01 0.000000000000000000e+00
8.123167155425219388e-01 1.250000000000000000e-01 0.000000000000000000e+00
8.132942326490714136e-01 1.250000000000000000e-01 0.000000000000000000e+00
8.142717497556207773e-01 1.250000000000000000e-01 0.000000000000000000e+00
8.152492668621701410e-01 1.250000000000000000e-01 0.000000000000000000e+00
8.162267839687195048e-01 1.250000000000000000e-01 0.000000000000000000e+00
8.172043010752688685e-01 1.250000000000000000e-01 0.000000000000000000e+00
8.181818181818182323e-01 1.250000000000000000e-01 0.000000000000000000e+00
8.191593352883675960e-01 1.250000000000000000e-01 0.000000000000000000e+00
8.201368523949169598e-01 1.250000000000000000e-01 0.000000000000000000e+00
8.211143695014663235e-01 1.250000000000000000e-01 0.000000000000000000e+00
8.220918866080156873e-01 1.250000000000000000e-01 0.000000000000000000e+00
8.230694037145650510e-01 1.250000000000000000e-01 0.000000000000000000e+00
8.240469208211144148e-01 1.250000000000000000e-01 0.000000000000000000e+00
8.250244379276637785e-01 1.250000000000000000e-01 0.000000000000000000e+00
8.260019550342131422e-01 1.250000000000000000e-01 0.000000000000000000e+00
8.269794721407625060e-01 1.250000000000000000e-01 0.000000000000000000e+00
8.279569892473118697e-01 1.250000000000000000e-01 0.000000000000000000e+00
8.289345063538612335e-01 1.250000000000000000e-01 0.000000000000000000e+00
8.299120234604105972e-01 1.250000000000000000e-01 0.000000000000000000e+00
8.308895405669599610e-01 1.250000000000000000e-01 0.000000000000000000e+00
8.318670576735093247e-01 1.250000000000000000e-01 0.000000000000000000e+00
8.328445747800586885e-01 1.250000000000000000e-01 0.000000000000000000e+00
8.338220918866080522e-01 1.250000000000000000e-01 0.000000000000000000e+00
8.347996089931574160e-01 1.250000000000000000e-01 0.000000000000000000e+00
8.357771260997067797e-01 1.250000000000000000e-01 0.000000000000000000e+00
8.367546432062561435e-01 1.250000000000000000e-01 0.000000000000000000e+00
8.377321603128055072e-01 1.250000000000000000e-01 0.000000000000000000e+00
8.387096774193548709e-01 1.250000000000000000e-01 0.000000000000000000e+00
8.396871945259042347e-01 1.250000000000000000e-01 0.000000000000000000e+00
8.406647116324535984e-01 1.250000000000000000e-01 0.000000000000000000e+00
8.416422287390029622e-01 1.250000000000000000e-01 0.000000000000000000e+00
8.426197458455523259e-01 1.250000000000000000e-01 0.000000000000000000e+00
8.435972629521016897e-01 1.250000000000000000e-01 0.000000000000000000e+00
8.445747800586510534e-01 1.250000000000000000e-01 0.000000000000000000e+00
8.455522971652004172e-01 1.250000000000000000e-01 0.000000000000000000e+00
8.465298142717497809e-01 1.250000000000000000e-01 0.000000000000000000e+00
8.475073313782991447e-01 1.250000000000000000e-01 0.000000000000000000e+00
8.484848484848485084e-01 1.250000000000000000e-01 0.000000000000000000e+00
8.494623655913978721e-01 1.250000000000000000e-01 0.000000000000000000e+00
8.504398826979472359e-01 1.250000000000000000e-01 0.000000000000000000e+00
8.514173998044965996e-01 1.250000000000000000e-01 0.000000000000000000e+00
8.523949169110459634e-01 1.250000000000000000e-01 0.000000000000000000e+00
8.533724340175953271e-01 1.250000000000000000e-01 0.000000000000000000e+00
8.543499511241446909e-01 1.250000000000000000e-01 0.000000000000000000e+00
8.553274682306940546e-01 1.250000000000000000e-01 0.000000000000000000e+00
8.563049853372434184e-01 1.250000000000000000e-01 0.000000000000000000e+00
8.572825024437927821e-01 1.250000000000000000e-01 0.000000000000000000e+00
8.582600195503421459e-01 1.250000000000000000e-01 0.000000000000000000e+00
8.592375366568915096e-01 1.250000000000000000e-01 0.000000000000000000e+00
8.602150537634408733e-01 1.250000000000000000e-01 0.000000000000000000e+00
8.611925708699902371e-01 1.250000000000000000e-01 0.000000000000000000e+00
8.621700879765396008e-01 1.250000000000000000e-01 0.000000000000000000e+00
8.631476050830889646e-01 1.250000000000000000e-01 0.000000000000000000e+00
8.641251221896383283e-01 1.250000000000000000e-01 0.000000000000000000e+00
8.651026392961876921e-01 1.250000000000000000e-01 0.000000000000000000e+00
8.660801564027370558e-01 1.250000000000000000e-01 0.000000000000000000e+00
8.670576735092864196e-01 1.250000000000000000e-01 0.000000000000000000e+00
8.680351906158357833e-01 1.250000000000000000e-01 0.000000000000000000e+00
8.690127077223851471e-01 1.250000000000000000e-01 0.000000000000000000e+00
8.699902248289345108e-01 1.250000000000000000e-01 0.000000000000000000e+00
8.709677419354838745e-01 1.250000000000000000e-01 0.000000000000000000e+00
8.719452590420332383e-01 1.250000000000000000e-01 0.000000000000000000e+00
8.729227761485826020e-01 1.250000000000000000e-01 0.000000000000000000e+00
8.739002932551319658e-01 1.250000000000000000e-01 0.000000000000000000e+00
8.748778103616813295e-01 1.250000000000000000e-01 0.000000000000000000e+00
8.758553274682306933e-01 1.250000000000000000e-01 0.000000000000000000e+00
8.768328445747800570e-01 1.250000000000000000e-01 0.000000000000000000e+00
8.778103616813294208e-01 1.250000000000000000e-01 0.000000000000000000e+00
8.787878787878787845e-01 1.250000000000000000e-01 0.000000000000000000e+00
8.797653958944281483e-01 1.250000000000000000e-01 0.000000000000000000e+00
8.807429130009775120e-01 1.250000000000000000e-01 0.000000000000000000e+00
8.817204301075268758e-01 1.250000000000000000e-01 0.000000000000000000e+00
8.826979472140762395e-01 1.250000000000000000e-01 0.000000000000000000e+00
8.836754643206256032e-01 1.250000000000000000e-01 0.000000000000000000e+00
8.846529814271749670e-01 1.250000000000000000e-01 0.000000000000000000e+00
8.856304985337243307e-01 1.250000000000000000e-01 0.000000000000000000e+00
8.866080156402736945e-01 1.250000000000000000e-01 0.000000000000000000e+00
8.875855327468230582e-01 1.250000000000000000e-01 0.000000000000000000e+00
8.885630498533724220e-01 1.250000000000000000e-01 0.000000000000000000e+00
8.895405669599217857e-01 1.250000000000000000e-01 0.000000000000000000e+00
8.905180840664711495e-01 1.250000000000000000e-01 0.000000000000000000e+00
8.914956011730205132e-01 1.250000000000000000e-01 0.000000000000000000e+00
8.924731182795698770e-01 1.250000000000000000e-01 0.000000000000000000e+00
8.934506353861192407e-01 1.250000000000000000e-01 0.000000000000000000e+00
8.944281524926686044e-01 1.250000000000000000e-01 0.000000000000000000e+00
8.954056695992179682e-01 1.250000000000000000e-01 0.000000000000000000e+00
8.963831867057673319e-01 1.250000000000000000e-01 0.000000000000000000e+00
8.973607038123166957e-01 1.250000000000000000e-01 0.000000000000000000e+00
8.983382209188660594e-01 1.250000000000000000e-01 0.000000000000000000e+00
8.993157380254154232e-01 1.250000000000000000e-01 0.000000000000000000e+00
9.002932551319647869e-01 1.250000000000000000e-01 0.000000000000000000e+00
9.012707722385141507e-01 1.250000000000000000e-01 0.000000000000000000e+00
9.022482893450635144e-01 1.250000000000000000e-01 0.000000000000000000e+00
9.032258064516128782e-01 1.250000000000000000e-01 0.000000000000000000e+00
9.042033235581622419e-01 1.250000000000000000e-01 0.000000000000000000e+00
9.051808406647116056e-01 1.250000000000000000e-01 0.000000000000000000e+00
9.061583577712609694e-01 1.250000000000000000e-01 0.000000000000000000e+00
9.071358748778103331e-01 1.250000000000000000e-01 0.000000000000000000e+00
9.081133919843596969e-01 1.250000000000000000e-01 0.000000000000000000e+00
9.090909090909090606e-01 1.250000000000000000e-01 0.000000000000000000e+00
9.100684261974584244e-01 1.250000000000000000e-01 0.000000000000000000e+00
9.110459433040077881e-01 1.250000000000000000e-01 0.000000000000000000e+00
9.120234604105571519e-01 1.250000000000000000e-01 0.000000000000000000e+00
9.130009775171065156e-01 1.250000000000000000e-01 0.000000000000000000e+00
9.139784946236558794e-01 1.250000000000000000e-01 0.000000000000000000e+00
9.149560117302052431e-01 1.250000000000000000e-01 0.000000000000000000e+00
9.159335288367546068e-01 1.250000000000000000e-01 0.000000000000000000e+00
9.169110459433039706e-01 1.250000000000000000e-01 0.000000000000000000e+00
9.178885630498533343e-01 1.250000000000000000e-01 0.000000000000000000e+00
9.188660801564026981e-01 1.250000000000000000e-01 0.000000000000000000e+00
9.198435972629520618e-01 1.250000000000000000e-01 0.000000000000000000e+00
9.208211143695014256e-01 1.250000000000000000e-01 0.000000000000000000e+00
9.217986314760507893e-01 1.250000000000000000e-01 0.000000000000000000e+00
9.227761485826001531e-01 1.250000000000000000e-01 0.000000000000000000e+00
9.237536656891495168e-01 1.250000000000000000e-01 0.000000000000000000e+00
9.247311827956988806e-01 1.250000000000000000e-01 0.000000000000000000e+00
9.257086999022482443e-01 1.250000000000000000e-01 0.000000000000000000e+00
9.266862170087976081e-01 1.250000000000000000e-01 0.000000000000000000e+00
9.276637341153469718e-01 1.250000000000000000e-01 0.000000000000000000e+00
9.286412512218963355e-01 1.250000000000000000e-01 0.000000000000000000e+00
9.296187683284456993e-01 1.250000000000000000e-01 0.000000000000000000e+00
9.305962854349950630e-01 1.250000000000000000e-01 0.000000000000000000e+00
9.315738025415444268e-01 1.250000000000000000e-01 0.000000000000000000e+00
9.325513196480937905e-01 1.250000000000000000e-01 0.000000000000000000e+00
9.335288367546431543e-01 1.250000000000000000e-01 0.000000000000000000e+00
9.345063538611925180e-01 1.250000000000000000e-01 0.000000000000000000e+00
9.354838709677418818e-01 1.250000000000000000e-01 0.000000000000000000e+00
9.364613880742912455e-01 1.250000000000000000e-01 0.000000000000000000e+00
9.374389051808406093e-01 1.250000000000000000e-01 0.000000000000000000e+00
9.384164222873900840e-01 1.250000000000000000e-01 0.000000000000000000e+00
9.393939393939394478e-01 1.250000000000000000e-01 0.000000000000000000e+00
9.403714565004888115e-01 1.250000000000000000e-01 0.000000000000000000e+00
9.413489736070381753e-01 1.250000000000000000e-01 0.000000000000000000e+00
9.423264907135875390e-01 1.250000000000000000e-01 0.000000000000000000e+00
9.433040078201369028e-01 1.250000000000000000e-01 0.000000000000000000e+00
9.442815249266862665e-01 1.250000000000000000e-01 0.000000000000000000e+00
9.452590420332356302e-01 1.250000000000000000e-01 0.000000000000000000e+00
9.462365591397849940e-01 1.250000000000000000e-01 0.000000000000000000e+00
9.472140762463343577e-01 1.250000000000000000e-01 0.000000000000000000e+00
9.481915933528837215e-01 1.250000000000000000e-01 0.000000000000000000e+00
9.491691104594330852e-01 1.250000000000000000e-01 0.000000000000000000e+00
9.501466275659824490e-01 1.250000000000000000e-01 0.000000000000000000e+00
9.511241446725318127e-01 1.250000000000000000e-01 0.000000000000000000e+00
9.521016617790811765e-01 1.250000000000000000e-01 0.000000000000000000e+00
9.530791788856305402e-01 1.250000000000000000e-01 0.000000000000000000e+00
9.540566959921799040e-01 1.250000000000000000e-01 0.000000000000000000e+00
9.550342130987292677e-01 1.250000000000000000e-01 0.000000000000000000e+00
9.560117302052786314e-01 1.250000000000000000e-01 0.000000000000000000e+00
9.569892473118279952e-01 1.250000000000000000e-01 0.000000000000000000e+00
9.579667644183773589e-01 1.250000000000000000e-01 0.000000000000000000e+00
9.589442815249267227e-01 1.250000000000000000e-01 0.000000000000000000e+00
9.599217986314760864e-01 1.250000000000000000e-01 0.000000000000000000e+00
9.608993157380254502e-01 1.250000000000000000e-01 0.000000000000000000e+00
9.618768328445748139e-01 1.250000000000000000e-01 0.000000000000000000e+00
9.628543499511241777e-01 1.250000000000000000e-01 0.000000000000000000e+00
9.638318670576735414e-01 1.250000000000000000e-01 0.000000000000000000e+00
9.648093841642229052e-01 1.250000000000000000e-01 0.000000000000000000e+00
9.657869012707722689e-01 1.250000000000000000e-01 0.000000000000000000e+00
9.667644183773216326e-01 1.250000000000000000e-01 0.000000000000000000e+00
9.677419354838709964e-01 1.250000000000000000e-01 0.000000000000000000e+00
9.687194525904203601e-01 1.250000000000000000e-01 0.000000000000000000e+00
9.696969696969697239e-01 1.250000000000000000e-01 0.000000000000000000e+00
9.706744868035190876e-01 1.250000000000000000e-01 0.000000000000000000e+00
9.716520039100684514e-01 1.250000000000000000e-01 0.000000000000000000e+00
9.726295210166178151e-01 1.250000000000000000e-01 0.000000000000000000e+00
9.736070381231671789e-01 1.250000000000000000e-01 0.000000000000000000e+00
9.745845552297165426e-01 1.250000000000000000e-01 0.000000000000000000e+00
9.755620723362659064e-01 1.250000000000000000e-01 0.000000000000000000e+00
9.765395894428152701e-01 1.250000000000000000e-01 0.000000000000000000e+00
9.775171065493646338e-01 1.250000000000000000e-01 0.000000000000000000e+00
9.784946236559139976e-01 1.250000000000000000e-01 0.000000000000000000e+00
9.794721407624633613e-01 1.250000000000000000e-01 0.000000000000000000e+00
9.804496578690127251e-01 1.250000000000000000e-01 0.000000000000000000e+00
9.814271749755620888e-01 1.250000000000000000e-01 0.000000000000000000e+00
9.824046920821114526e-01 1.250000000000000000e-01 0.000000000000000000e+00
9.833822091886608163e-01 1.250000000000000000e-01 0.000000000000000000e+00
9.843597262952101801e-01 1.250000000000000000e-01 0.000000000000000000e+00
9.853372434017595438e-01 1.250000000000000000e-01 0.000000000000000000e+00
9.863147605083089076e-01 1.250000000000000000e-01 0.000000000000000000e+00
9.872922776148582713e-01 1.250000000000000000e-01 0.000000000000000000e+00
9.882697947214076351e-01 1.250000000000000000e-01 0.000000000000000000e+00
9.892473118279569988e-01 1.250000000000000000e-01 0.000000000000000000e+00
9.902248289345063625e-01 1.250000000000000000e-01 0.000000000000000000e+00
9.912023460410557263e-01 1.250000000000000000e-01 0.000000000000000000e+00
9.921798631476050900e-01 1.250000000000000000e-01 0.000000000000000000e+00
9.931573802541544538e-01 1.250000000000000000e-01 0.000000000000000000e+00
9.941348973607038175e-01 1.250000000000000000e-01 0.000000000000000000e+00
9.951124144672531813e-01 1.250000000000000000e-01 0.000000000000000000e+00
9.960899315738025450e-01 1.250000000000000000e-01 0.000000000000000000e+00
9.970674486803519088e-01 1.250000000000000000e-01 0.000000000000000000e+00
9.980449657869012725e-01 1.250000000000000000e-01 0.000000000000000000e+00
9.990224828934506363e-01 1.250000000000000000e-01 -0.000000000000000000e+00
1.000000000000000000e+00 1.250000000000000000e-01 -0.000000000000000000e+00
