# 0.307661786195228
0.000000000000000000e+00 1.000000000000000000e+00 -0.000000000000000000e+00
9.775171065493646130e-04 1.000000000000000000e+00 -0.000000000000000000e+00
1.955034213098729226e-03 1.000000000000000000e+00 0.000000000000000000e+00
2.932551319648093839e-03 1.000000000000000000e+00 0.000000000000000000e+00
3.910068426197458452e-03 1.000000000000000000e+00 0.000000000000000000e+00
4.887585532746823065e-03 1.000000000000000000e+00 0.000000000000000000e+00
5.865102639296187678e-03 1.000000000000000000e+00 0.000000000000000000e+00
6.842619745845552291e-03 1.000000000000000000e+00 0.000000000000000000e+00
7.820136852394916904e-03 1.000000000000000000e+00 0.000000000000000000e+00
8.797653958944282385e-03 1.000000000000000000e+00 0.000000000000000000e+00
9.775171065493646130e-03 1.000000000000000000e+00 0.000000000000000000e+00
1.075268817204301161e-02 1.000000000000000000e+00 0.000000000000000000e+00
1.173020527859237536e-02 1.000000000000000000e+00 0.000000000000000000e+00
1.270772238514174084e-02 1.000000000000000000e+00 0.000000000000000000e+00
1.368523949169110458e-02 1.000000000000000000e+00 0.000000000000000000e+00
1.466275659824047006e-02 1.000000000000000000e+00 0.000000000000000000e+00
1.564027370478983381e-02 1.000000000000000000e+00 0.000000000000000000e+00
1.661779081133919755e-02 1.000000000000000000e+00 0.000000000000000000e+00
1.759530791788856477e-02 1.000000000000000000e+00 0.000000000000000000e+00
1.857282502443792851e-02 1.000000000000000000e+00 0.000000000000000000e+00
1.955034213098729226e-02 1.000000000000000000e+00 0.000000000000000000e+00
2.052785923753665601e-02 1.000000000000000000e+00 0.000000000000000000e+00
2.150537634408602322e-02 1.000000000000000000e+00 0.000000000000000000e+00
2.248289345063538697e-02 1.000000000000000000e+00 0.000000000000000000e+00
2.346041055718475071e-02 1.000000000000000000e+00 0.000000000000000000e+00
2.443792766373411446e-02 1.000000000000000000e+00 0.000000000000000000e+00
2.541544477028348167e-02 1.000000000000000000e+00 0.000000000000000000e+00
2.639296187683284542e-02 1.000000000000000000e+00 0.000000000000000000e+00
2.737047898338220916e-02 1.000000000000000000e+00 0.000000000000000000e+00
2.834799608993157291e-02 1.000000000000000000e+00 0.000000000000000000e+00
2.932551319648094013e-02 1.000000000000000000e+00 0.000000000000000000e+00
3.030303030303030387e-02 1.000000000000000000e+00 0.000000000000000000e+00
3.128054740957966762e-02 1.000000000000000000e+00 0.000000000000000000e+00
3.225806451612903136e-02 1.000000000000000000e+00 0.000000000000000000e+00
3.323558162267839511e-02 1.000000000000000000e+00 0.000000000000000000e+00
3.421309872922775885e-02 1.000000000000000000e+00 0.000000000000000000e+00
3.519061583577712954e-02 1.000000000000000000e+00 0.000000000000000000e+00
3.616813294232649328e-02 1.000000000000000000e+00 0.000000000000000000e+00
3.714565004887585703e-02 1.000000000000000000e+00 0.000000000000000000e+00
3.812316715542522078e-02 1.000000000000000000e+00 0.000000000000000000e+00
3.910068426197458452e-02 1.000000000000000000e+00 0.000000000000000000e+00
4.007820136852394827e-02 1.000000000000000000e+00 0.000000000000000000e+00
4.105571847507331201e-02 1.000000000000000000e+00 0.000000000000000000e+00
4.203323558162267576e-02 1.000000000000000000e+00 0.000000000000000000e+00
4.301075268817204644e-02 1.000000000000000000e+00 0.000000000000000000e+00
4.398826979472141019e-02 1.000000000000000000e+00 0.000000000000000000e+00
4.496578690127077393e-02 1.000000000000000000e+00 0.000000000000000000e+00
4.594330400782013768e-02 1.000000000000000000e+00 0.000000000000000000e+00
4.692082111436950143e-02 1.000000000000000000e+00 0.000000000000000000e+00
4.789833822091886517e-02 1.000000000000000000e+00 0.000000000000000000e+00
4.887585532746822892e-02 1.000000000000000000e+00 0.000000000000000000e+00
4.985337243401759266e-02 1.000000000000000000e+00 0.000000000000000000e+00
5.083088954056696335e-02 1.000000000000000000e+00 0.000000000000000000e+00
5.180840664711632709e-02 1.000000000000000000e+00 0.000000000000000000e+00
5.278592375366569084e-02 1.000000000000000000e+00 0.000000000000000000e+00
5.376344086021505458e-02 1.000000000000000000e+00 0.000000000000000000e+00
5.474095796676441833e-02 1.000000000000000000e+00 0.000000000000000000e+00
5.571847507331378208e-02 1.000000000000000000e+00 0.000000000000000000e+00
5.669599217986314582e-02 1.000000000000000000e+00 0.000000000000000000e+00
5.767350928641250957e-02 1.000000000000000000e+00 0.000000000000000000e+00
5.865102639296188025e-02 1.000000000000000000e+00 0.000000000000000000e+00
5.962854349951124400e-02 1.000000000000000000e+00 0.000000000000000000e+00
6.060606060606060774e-02 1.000000000000000000e+00 0.000000000000000000e+00
6.158357771260997149e-02 1.000000000000000000e+00 0.000000000000000000e+00
6.256109481915933523e-02 1.000000000000000000e+00 0.000000000000000000e+00
6.353861192570869898e-02 1.000000000000000000e+00 0.000000000000000000e+00
6.451612903225806273e-02 1.000000000000000000e+00 0.000000000000000000e+00
6.549364613880742647e-02 1.000000000000000000e+00 0.000000000000000000e+00
6.647116324535679022e-02 1.000000000000000000e+00 0.000000000000000000e+00
6.744868035190615396e-02 1.000000000000000000e+00 0.000000000000000000e+00
6.842619745845551771e-02 1.000000000000000000e+00 0.000000000000000000e+00
6.940371456500488145e-02 1.000000000000000000e+00 0.000000000000000000e+00
7.038123167155425908e-02 1.000000000000000000e+00 0.000000000000000000e+00
7.135874877810362282e-02 1.000000000000000000e+00 0.000000000000000000e+00
7.233626588465298657e-02 1.000000000000000000e+00 0.000000000000000000e+00
7.331378299120235031e-02 1.000000000000000000e+00 0.000000000000000000e+00
7.429130009775171406e-02 1.000000000000000000e+00 0.000000000000000000e+00
7.526881720430107781e-02 1.000000000000000000e+00 0.000000000000000000e+00
7.624633431085044155e-02 1.000000000000000000e+00 0.000000000000000000e+00
7.722385141739980530e-02 1.000000000000000000e+00 0.000000000000000000e+00
7.820136852394916904e-02 1.000000000000000000e+00 0.000000000000000000e+00
7.917888563049853279e-02 1.000000000000000000e+00 0.000000000000000000e+00
8.015640273704789653e-02 1.000000000000000000e+00 0.000000000000000000e+00
8.113391984359726028e-02 1.000000000000000000e+00 0.000000000000000000e+00
8.211143695014662403e-02 1.000000000000000000e+00 0.000000000000000000e+00
8.308895405669598777e-02 1.000000000000000000e+00 0.000000000000000000e+00
8.406647116324535152e-02 1.000000000000000000e+00 0.000000000000000000e+00
8.504398826979471526e-02 1.000000000000000000e+00 0.000000000000000000e+00
8.602150537634409289e-02 1.000000000000000000e+00 0.000000000000000000e+00
8.699902248289345663e-02 1.000000000000000000e+00 0.000000000000000000e+00
8.797653958944282038e-02 1.000000000000000000e+00 0.000000000000000000e+00
8.895405669599218412e-02 1.000000000000000000e+00 0.000000000000000000e+00
8.993157380254154787e-02 1.000000000000000000e+00 0.000000000000000000e+00
9.090909090909091161e-02 1.000000000000000000e+00 0.000000000000000000e+00
9.188660801564027536e-02 1.000000000000000000e+00 0.000000000000000000e+00
9.286412512218963911e-02 1.000000000000000000e+00 0.000000000000000000e+00
9.384164222873900285e-02 1.000000000000000000e+00 0.000000000000000000e+00
9.481915933528836660e-02 1.000000000000000000e+00 0.000000000000000000e+00
9.579667644183773034e-02 1.000000000000000000e+00 0.000000000000000000e+00
9.677419354838709409e-02 1.000000000000000000e+00 0.000000000000000000e+00
9.775171065493645783e-02 1.000000000000000000e+00 0.000000000000000000e+00
9.872922776148582158e-02 1.000000000000000000e+00 0.000000000000000000e+00
9.970674486803518533e-02 1.000000000000000000e+00 0.000000000000000000e+00
1.006842619745845491e-01 1.000000000000000000e+00 0.000000000000000000e+00
1.016617790811339267e-01 1.000000000000000000e+00 0.000000000000000000e+00
1.026392961876832904e-01 1.000000000000000000e+00 0.000000000000000000e+00
1.036168132942326542e-01 1.000000000000000000e+00 0.000000000000000000e+00
1.045943304007820179e-01 1.000000000000000000e+00 0.000000000000000000e+00
1.055718475073313817e-01 1.000000000000000000e+00 0.000000000000000000e+00
1.065493646138807454e-01 1.000000000000000000e+00 0.000000000000000000e+00
1.075268817204301092e-01 1.000000000000000000e+00 0.000000000000000000e+00
1.085043988269794729e-01 1.000000000000000000e+00 0.000000000000000000e+00
1.094819159335288367e-01 1.000000000000000000e+00 0.000000000000000000e+00
1.104594330400782004e-01 1.000000000000000000e+00 0.000000000000000000e+00
1.114369501466275642e-01 1.000000000000000000e+00 0.000000000000000000e+00
1.124144672531769279e-01 1.000000000000000000e+00 0.000000000000000000e+00
1.133919843597262916e-01 1.000000000000000000e+00 0.000000000000000000e+00
1.143695014662756554e-01 1.000000000000000000e+00 0.000000000000000000e+00
1.153470185728250191e-01 1.000000000000000000e+00 0.000000000000000000e+00
1.163245356793743829e-01 1.000000000000000000e+00 0.000000000000000000e+00
1.173020527859237605e-01 1.000000000000000000e+00 0.000000000000000000e+00
1.182795698924731242e-01 1.000000000000000000e+00 0.000000000000000000e+00
1.192570869990224880e-01 1.000000000000000000e+00 0.000000000000000000e+00
1.202346041055718517e-01 1.000000000000000000e+00 0.000000000000000000e+00
1.212121212121212155e-01 1.000000000000000000e+00 0.000000000000000000e+00
1.221896383186705792e-01 1.000000000000000000e+00 0.000000000000000000e+00
1.231671554252199430e-01 1.000000000000000000e+00 0.000000000000000000e+00
1.241446725317693067e-01 1.000000000000000000e+00 0.000000000000000000e+00
1.251221896383186705e-01 1.000000000000000000e+00 0.000000000000000000e+00
1.260997067448680342e-01 1.000000000000000000e+00 0.000000000000000000e+00
1.270772238514173980e-01 1.000000000000000000e+00 0.000000000000000000e+00
1.280547409579667617e-01 1.000000000000000000e+00 0.000000000000000000e+00
1.290322580645161255e-01 1.000000000000000000e+00 0.000000000000000000e+00
1.300097751710654892e-01 1.000000000000000000e+00 0.000000000000000000e+00
1.309872922776148529e-01 1.000000000000000000e+00 0.000000000000000000e+00
1.319648093841642167e-01 1.000000000000000000e+00 0.000000000000000000e+00
1.329423264907135804e-01 1.000000000000000000e+00 0.000000000000000000e+00
1.339198435972629442e-01 1.000000000000000000e+00 0.000000000000000000e+00
1.348973607038123079e-01 1.000000000000000000e+00 0.000000000000000000e+00
1.358748778103616717e-01 1.000000000000000000e+00 0.000000000000000000e+00
1.368523949169110354e-01 1.000000000000000000e+00 0.000000000000000000e+00
1.378299120234603992e-01 1.000000000000000000e+00 0.000000000000000000e+00
1.388074291300097629e-01 1.000000000000000000e+00 0.000000000000000000e+00
1.397849462365591267e-01 1.000000000000000000e+00 0.000000000000000000e+00
1.407624633431085182e-01 1.000000000000000000e+00 0.000000000000000000e+00
1.417399804496578819e-01 1.000000000000000000e+00 0.000000000000000000e+00
1.427174975562072456e-01 1.000000000000000000e+00 0.000000000000000000e+00
1.436950146627566094e-01 1.000000000000000000e+00 0.000000000000000000e+00
1.446725317693059731e-01 1.000000000000000000e+00 0.000000000000000000e+00
1.456500488758553369e-01 1.000000000000000000e+00 0.000000000000000000e+00
1.466275659824047006e-01 1.000000000000000000e+00 0.000000000000000000e+00
1.476050830889540644e-01 1.000000000000000000e+00 0.000000000000000000e+00
1.485826001955034281e-01 1.000000000000000000e+00 0.000000000000000000e+00
1.495601173020527919e-01 1.000000000000000000e+00 0.000000000000000000e+00
1.505376344086021556e-01 1.000000000000000000e+00 0.000000000000000000e+00
1.515151515151515194e-01 1.000000000000000000e+00 0.000000000000000000e+00
1.524926686217008831e-01 1.000000000000000000e+00 0.000000000000000000e+00
1.534701857282502468e-01 1.000000000000000000e+00 0.000000000000000000e+00
1.544477028347996106e-01 1.000000000000000000e+00 0.000000000000000000e+00
1.554252199413489743e-01 1.000000000000000000e+00 0.000000000000000000e+00
1.564027370478983381e-01 1.000000000000000000e+00 0.000000000000000000e+00
1.573802541544477018e-01 1.000000000000000000e+00 0.000000000000000000e+00
1.583577712609970656e-01 1.000000000000000000e+00 0.000000000000000000e+00
1.593352883675464293e-01 1.000000000000000000e+00 0.000000000000000000e+00
1.603128054740957931e-01 1.000000000000000000e+00 0.000000000000000000e+00
1.612903225806451568e-01 1.000000000000000000e+00 0.000000000000000000e+00
1.622678396871945206e-01 1.000000000000000000e+00 0.000000000000000000e+00
1.632453567937438843e-01 1.000000000000000000e+00 0.000000000000000000e+00
1.642228739002932481e-01 1.000000000000000000e+00 0.000000000000000000e+00
1.652003910068426118e-01 1.000000000000000000e+00 0.000000000000000000e+00
1.661779081133919755e-01 1.000000000000000000e+00 0.000000000000000000e+00
1.671554252199413393e-01 1.000000000000000000e+00 0.000000000000000000e+00
1.681329423264907030e-01 1.000000000000000000e+00 0.000000000000000000e+00
1.691104594330400668e-01 1.000000000000000000e+00 0.000000000000000000e+00
1.700879765395894305e-01 1.000000000000000000e+00 0.000000000000000000e+00
1.710654936461387943e-01 1.000000000000000000e+00 0.000000000000000000e+00
1.720430107526881858e-01 1.000000000000000000e+00 0.000000000000000000e+00
1.730205278592375495e-01 1.000000000000000000e+00 0.000000000000000000e+00
1.739980449657869133e-01 1.000000000000000000e+00 0.000000000000000000e+00
1.749755620723362770e-01 1.000000000000000000e+00 0.000000000000000000e+00
1.759530791788856408e-01 1.000000000000000000e+00 0.000000000000000000e+00
1.769305962854350045e-01 1.000000000000000000e+00 0.000000000000000000e+00
1.779081133919843682e-01 1.000000000000000000e+00 0.000000000000000000e+00
1.788856304985337320e-01 1.000000000000000000e+00 0.000000000000000000e+00
1.798631476050830957e-01 1.000000000000000000e+00 0.000000000000000000e+00
1.808406647116324595e-01 1.000000000000000000e+00 0.000000000000000000e+00
1.818181818181818232e-01 1.000000000000000000e+00 0.000000000000000000e+00
1.827956989247311870e-01 1.000000000000000000e+00 0.000000000000000000e+00
1.837732160312805507e-01 1.000000000000000000e+00 0.000000000000000000e+00
1.847507331378299145e-01 1.000000000000000000e+00 0.000000000000000000e+00
1.857282502443792782e-01 1.000000000000000000e+00 0.000000000000000000e+00
1.867057673509286420e-01 1.000000000000000000e+00 0.000000000000000000e+00
1.876832844574780057e-01 1.000000000000000000e+00 0.000000000000000000e+00
1.886608015640273694e-01 1.000000000000000000e+00 0.000000000000000000e+00
1.896383186705767332e-01 1.000000000000000000e+00 0.000000000000000000e+00
1.906158357771260969e-01 1.000000000000000000e+00 0.000000000000000000e+00
1.915933528836754607e-01 1.000000000000000000e+00 0.000000000000000000e+00
1.925708699902248244e-01 1.000000000000000000e+00 0.000000000000000000e+00
1.935483870967741882e-01 1.000000000000000000e+00 0.000000000000000000e+00
1.945259042033235519e-01 1.000000000000000000e+00 0.000000000000000000e+00
1.955034213098729157e-01 1.000000000000000000e+00 0.000000000000000000e+00
1.964809384164222794e-01 1.000000000000000000e+00 0.000000000000000000e+00
1.974584555229716432e-01 1.000000000000000000e+00 0.000000000000000000e+00
1.984359726295210069e-01 1.000000000000000000e+00 0.000000000000000000e+00
1.994134897360703707e-01 1.000000000000000000e+00 0.000000000000000000e+00
2.003910068426197344e-01 1.000000000000000000e+00 0.000000000000000000e+00
2.013685239491690981e-01 1.000000000000000000e+00 0.000000000000000000e+00
2.023460410557184619e-01 1.000000000000000000e+00 4.032079114957715672e-17
2.033235581622678534e-01 9.999999999999994449e-01 3.494493093739867719e-16
2.043010752688172171e-01 9.999999999999977796e-01 2.105673843016652080e-15
2.052785923753665809e-01 9.999999999999924505e-01 5.394136405972278541e-15
2.062561094819159446e-01 9.999999999999837907e-01 1.450244850146954915e-14
2.072336265884653084e-01 9.999999999999613642e-01 2.857937483709353538e-14
2.082111436950146721e-01 9.999999999999256151e-01 6.449315279903241346e-14
2.091886608015640359e-01 9.999999999998382405e-01 1.212312462208956642e-13
2.101661779081133996e-01 9.999999999996989075e-01 2.583858745327906937e-13
2.111436950146627634e-01 9.999999999993673949e-01 4.768082512123570471e-13
2.121212121212121271e-01 9.999999999988414823e-01 9.934516607115106340e-13
2.130987292277614908e-01 9.999999999976041387e-01 1.807590488200729066e-12
2.140762463343108546e-01 9.999999999956642460e-01 3.704668449730046012e-12
2.150537634408602183e-01 9.999999999911762805e-01 6.669305293297131027e-12
2.160312805474095821e-01 9.999999999841931997e-01 1.345647394497229422e-11
2.170087976539589458e-01 9.999999999683414353e-01 2.397464819377360514e-11
2.179863147605083096e-01 9.999999999438721199e-01 4.761858601855159063e-11
2.189638318670576733e-01 9.999999998893470687e-01 8.395587716232498454e-11
2.199413489736070371e-01 9.999999998058768380e-01 1.641023259799202868e-10
2.209188660801564008e-01 9.999999996234505417e-01 2.862490145218209244e-10
2.218963831867057646e-01 9.999999993465318315e-01 5.504205992097721642e-10
2.228739002932551283e-01 9.999999987532397494e-01 9.495913452243184784e-10
2.238514173998044920e-01 9.999999978604392492e-01 1.795608791928443337e-09
2.248289345063538558e-01 9.999999959864939170e-01 3.062727726678023894e-09
2.258064516129032195e-01 9.999999931916704332e-01 5.692865974805493408e-09
2.267839687194525833e-01 9.999999874484469808e-01 9.596466025811302494e-09
2.277614858260019470e-01 9.999999789616806911e-01 1.752625089101197770e-08
2.287390029325513108e-01 9.999999618999566575e-01 2.918545213355189467e-08
2.297165200391006745e-01 9.999999369273303573e-01 5.234686917059971486e-08
2.306940371456500383e-01 9.999998878508399303e-01 8.607180558622521500e-08
2.316715542521994020e-01 9.999998167261955340e-01 1.515319637466356223e-07
2.326490713587487658e-01 9.999996802150916686e-01 2.458908621689766048e-07
2.336265884652981295e-01 9.999994843974182590e-01 4.246734847863155502e-07
2.346041055718475210e-01 9.999991177046010371e-01 6.796919613244977794e-07
2.355816226783968848e-01 9.999985973094466241e-01 1.150849967670966930e-06
2.365591397849462485e-01 9.999976475916481089e-01 1.815585997232548401e-06
2.375366568914956122e-01 9.999963148237291932e-01 3.011694598009515139e-06
2.385141739980449760e-01 9.999939474498880099e-01 4.679918361155562555e-06
2.394916911045943397e-01 9.999906641998650425e-01 7.599364019249939580e-06
2.404692082111437035e-01 9.999849962718603269e-01 1.162200178070631956e-05
2.414467253176930672e-01 9.999772330167192580e-01 1.845776991343831428e-05
2.424242424242424310e-01 9.999642304712937912e-01 2.775601882640600003e-05
2.434017595307917947e-01 9.999466560145519045e-01 4.307047017939917772e-05
2.443792766373411585e-01 9.999181546010912358e-01 6.361672112794108870e-05
2.453567937438905222e-01 9.998801760387056037e-01 9.634467339485029572e-05
2.463343108504398860e-01 9.998206753379210721e-01 1.396062977475536003e-04
2.473118279569892497e-01 9.997425997449200796e-01 2.060865386693553963e-04
2.482893450635386134e-01 9.996247425574461554e-01 2.925572080073479296e-04
2.492668621700879772e-01 9.994726614055340352e-01 4.203897241729945364e-04
2.502443792766373409e-01 9.992521070771432923e-01 5.837462679097889760e-04
2.512218963831867047e-01 9.989726878958824496e-01 8.153684035109068882e-04
2.521994134897360684e-01 9.985845356742140133e-01 1.105635907898517645e-03
2.531769305962854322e-01 9.981026483373101055e-01 1.499211926940041727e-03
2.541544477028347959e-01 9.974631596944364409e-01 1.981889967319569196e-03
2.551319648093841597e-01 9.966868052319747262e-01 2.606251434840831278e-03
2.561094819159335234e-01 9.957043240397153161e-01 3.353869922651940300e-03
2.570869990224828872e-01 9.945405721186468817e-01 4.275459728619469997e-03
2.580645161290322509e-01 9.931361827872519088e-01 5.350435331639979974e-03
2.590420332355816146e-01 9.915165957319851398e-01 6.614599672886404234e-03
2.600195503421309784e-01 9.896482473087366838e-01 8.048227321586902752e-03
2.609970674486803421e-01 9.875537821825706164e-01 9.662784475804911746e-03
2.619745845552297059e-01 9.852320874032357567e-01 1.144118552275956262e-02
2.629521016617790696e-01 9.827027522619210531e-01 1.337161949443083954e-02
2.639296187683284334e-01 9.799890009841787375e-01 1.543854410008683314e-02
2.649071358748777971e-01 9.771103684384997434e-01 1.761817378643917853e-02
2.658846529814271609e-01 9.740974659453455198e-01 1.989418841879168204e-02
2.668621700879765246e-01 9.709717939308190049e-01 2.224373223491310156e-02
2.678396871945258884e-01 9.677582650710692125e-01 2.464988447132836213e-02
2.688172043010752521e-01 9.644777572723430836e-01 2.709667878463789190e-02
2.697947214076246158e-01 9.611466189557914541e-01 2.956986058973616951e-02
2.707722385141739796e-01 9.577804754841315882e-01 3.205933956802723556e-02
2.717497556207233433e-01 9.543898697371004936e-01 3.455607309719449516e-02
2.727272727272727071e-01 9.509837877465026068e-01 3.705348787277022021e-02
2.737047898338220708e-01 9.475689925578646422e-01 3.954697218506343648e-02
2.746823069403714346e-01 9.441501375015429742e-01 4.203257571513682039e-02
2.756598240469207983e-01 9.407309118486051336e-01 4.450790165930803427e-02
2.766373411534701621e-01 9.373140037096144850e-01 4.697099761146095176e-02
2.776148582600195258e-01 9.339011402512973348e-01 4.942049105082382127e-02
2.785923753665688896e-01 9.304938889812904845e-01 5.185542136512816258e-02
2.795698924731182533e-01 9.270931826884736271e-01 5.427511012725397960e-02
2.805474095796676171e-01 9.236998501703120867e-01 5.667896897303083964e-02
2.815249266862170363e-01 9.203144661927268322e-01 5.906669060634269636e-02
2.825024437927664001e-01 9.169375391746356074e-01 6.143793150224268612e-02
2.834799608993157638e-01 9.135693864336362768e-01 6.379251410402413114e-02
2.844574780058651275e-01 9.102103707462891879e-01 6.613025338059645708e-02
2.854349951124144913e-01 9.068606855887189067e-01 6.845105803982307058e-02
2.864125122189638550e-01 9.035205734495588281e-01 7.075481227700328168e-02
2.873900293255132188e-01 9.001901702239456515e-01 7.304148785097058783e-02
2.883675464320625825e-01 8.968696457264516697e-01 7.531102038707561397e-02
2.893450635386119463e-01 8.935590862735361961e-01 7.756341054763483955e-02
2.903225806451613100e-01 8.902586175526369106e-01 7.979863488760037538e-02
2.913000977517106738e-01 8.869682955443330963e-01 8.201671571793742177e-02
2.922776148582600375e-01 8.836882081234694875e-01 8.421765436413962413e-02
2.932551319648094013e-01 8.804183926500107615e-01 8.640148973243748365e-02
2.942326490713587650e-01 8.771589103874908311e-01 8.856824284325194585e-02
2.952101661779081287e-01 8.739097832499040930e-01 9.071796241849747200e-02
2.961876832844574925e-01 8.706710529459351644e-01 9.285068461305649723e-02
2.971652003910068562e-01 8.674427309849934709e-01 9.496646594899740834e-02
2.981427174975562200e-01 8.642248432617697373e-01 9.706535326132975650e-02
2.991202346041055837e-01 8.610173935390473821e-01 9.914740877341533809e-02
3.000977517106549475e-01 8.578203959824706182e-01 1.012126877594120150e-01
3.010752688172043112e-01 8.546338481701859502e-01 1.032612564802466576e-01
3.020527859237536750e-01 8.514577550957787011e-01 1.052931764735789977e-01
3.030303030303030387e-01 8.482921096956539397e-01 1.073085172077350158e-01
3.040078201368524025e-01 8.451369098092279541e-01 1.093073448974934414e-01
3.049853372434017662e-01 8.419921445887365019e-01 1.112897313759278750e-01
3.059628543499511300e-01 8.388578063788986183e-01 1.132557464033495942e-01
3.069403714565004937e-01 8.357338812866600408e-01 1.152054636314255587e-01
3.079178885630498574e-01 8.326203573404913350e-01 1.171389554110077585e-01
3.088954056695992212e-01 8.295172181659015154e-01 1.190562967793978993e-01
3.098729227761485849e-01 8.264244484459389861e-01 1.209575619961174298e-01
3.108504398826979487e-01 8.233420297500388951e-01 1.228428271237082814e-01
3.118279569892473124e-01 8.202699441449636808e-01 1.247121677841357690e-01
3.128054740957966762e-01 8.172081715112928801e-01 1.265656607921770149e-01
3.137829912023460399e-01 8.141566918697344946e-01 1.284033827157005925e-01
3.147605083088954037e-01 8.111154837022767072e-01 1.302254108858777459e-01
3.157380254154447674e-01 8.080845254297293057e-01 1.320318224958535180e-01
3.167155425219941312e-01 8.050637943854804801e-01 1.338226952040457718e-01
3.176930596285434949e-01 8.020532677356577711e-01 1.355981065770527072e-01
3.186705767350928586e-01 7.990529218738142703e-01 1.373581344407311111e-01
3.196480938416422224e-01 7.960627329853584566e-01 1.391028565408788942e-01
3.206256109481915861e-01 7.930826767017405965e-01 1.408323507381031292e-01
3.216031280547409499e-01 7.901127284429564357e-01 1.425466948034794512e-01
3.225806451612903136e-01 7.871528632296449501e-01 1.442459665217560028e-01
3.235581622678396774e-01 7.842030558891621705e-01 1.459302435684510235e-01
3.245356793743890411e-01 7.812632809597360728e-01 1.475996035600604661e-01
3.255131964809384049e-01 7.783335128149622140e-01 1.492541239800801722e-01
3.264907135874877686e-01 7.754137256201695250e-01 1.508938822001703317e-01
3.274682306940371324e-01 7.725038934084302866e-01 1.525189554347748944e-01
3.284457478005864961e-01 7.696039900651816534e-01 1.541294207470532140e-01
3.294232649071358598e-01 7.667139893760374081e-01 1.557253550203648307e-01
3.304007820136852236e-01 7.638338650258625906e-01 1.573068349568154389e-01
3.313782991202345873e-01 7.609635906301031039e-01 1.588739370585718069e-01
3.323558162267839511e-01 7.581031397406557959e-01 1.604267376232895725e-01
3.333333333333333148e-01 7.552524858675825348e-01 1.619653127313323282e-01
3.343108504398826786e-01 7.524116024876690290e-01 1.634897382402636101e-01
3.352883675464320423e-01 7.495804630603718488e-01 1.650000897756799534e-01
3.362658846529814061e-01 7.467590410370161802e-01 1.664964427258355806e-01
3.372434017595307698e-01 7.439473098731783640e-01 1.679788722348200258e-01
3.382209188660801336e-01 7.411452430375587985e-01 1.694474531977545328e-01
3.391984359726294973e-01 7.383528140220368963e-01 1.709022602555690384e-01
3.401759530791788610e-01 7.355699963498455451e-01 1.723433677909194106e-01
3.411534701857282248e-01 7.327967635840250127e-01 1.737708499241261972e-01
3.421309872922775885e-01 7.300330893348004890e-01 1.751847805098075972e-01
3.431085043988269523e-01 7.272789472668691468e-01 1.765852331337051384e-01
3.440860215053763715e-01 7.245343111060245089e-01 1.779722811099721524e-01
3.450635386119257353e-01 7.217991546455553298e-01 1.793459974787033340e-01
3.460410557184750990e-01 7.190734517522012759e-01 1.807064550037997541e-01
3.470185728250244628e-01 7.163571763718631358e-01 1.820537261710699906e-01
3.479960899315738265e-01 7.136503025349922869e-01 1.833878831865924930e-01
3.489736070381231903e-01 7.109528043617564519e-01 1.847089979752896960e-01
3.499511241446725540e-01 7.082646560669617619e-01 1.860171421797155167e-01
3.509286412512219178e-01 7.055858319647867472e-01 1.873123871590248180e-01
3.519061583577712815e-01 7.029163064733300326e-01 1.885948039881214233e-01
3.528836754643206453e-01 7.002560541190078203e-01 1.898644634569633949e-01
3.538611925708700090e-01 6.976050495408077090e-01 1.911214360700158044e-01
3.548387096774193727e-01 6.949632674944250521e-01 1.923657920458396176e-01
3.558162267839687365e-01 6.923306828562969528e-01 1.935976013168055621e-01
3.567937438905181002e-01 6.897072706275501064e-01 1.948169335289235138e-01
3.577712609970674640e-01 6.870930059378740351e-01 1.960238580417782150e-01
3.587487781036168277e-01 6.844878640493387012e-01 1.972184439285646906e-01
3.597262952101661915e-01 6.818918203601699313e-01 1.984007599762143137e-01
3.607038123167155552e-01 6.793048504084899797e-01 1.995708746856050264e-01
3.616813294232649190e-01 6.767269298760402174e-01 2.007288562718501090e-01
3.626588465298142827e-01 6.741580345918986028e-01 2.018747726646608065e-01
3.636363636363636465e-01 6.715981405361983736e-01 2.030086915087742916e-01
3.646138807429130102e-01 6.690472238438643915e-01 2.041306801644462987e-01
3.655913978494623739e-01 6.665052608083753549e-01 2.052408057080017667e-01
3.665689149560117377e-01 6.639722278855590964e-01 2.063391349324386059e-01
3.675464320625611014e-01 6.614481016974375072e-01 2.074257343480843119e-01
3.685239491691104652e-01 6.589328590361273053e-01 2.085006701832984033e-01
3.695014662756598289e-01 6.564264768678067519e-01 2.095640083852207958e-01
3.704789833822091927e-01 6.539289323367590834e-01 2.106158146205606430e-01
3.714565004887585564e-01 6.514402027695019859e-01 2.116561542764254789e-01
3.724340175953079202e-01 6.489602656790128821e-01 2.126850924611869698e-01
3.734115347018572839e-01 6.464890987690616875e-01 2.137026940053819712e-01
3.743890518084066477e-01 6.440266799386563656e-01 2.147090234626460870e-01
3.753665689149560114e-01 6.415729872866178241e-01 2.157041451106803120e-01
3.763440860215053752e-01 6.391279991162900354e-01 2.166881229522462371e-01
3.773216031280547389e-01 6.366916939403963749e-01 2.176610207161911170e-01
3.782991202346041026e-01 6.342640504860536099e-01 2.186229018585004458e-01
3.792766373411534664e-01 6.318450476999556420e-01 2.195738295633770654e-01
3.802541544477028301e-01 6.294346647537353290e-01 2.205138667443472811e-01
3.812316715542521939e-01 6.270328810495199301e-01 2.214430760453916514e-01
3.822091886608015576e-01 6.246396762256873902e-01 2.223615198421002304e-01
3.831867057673509214e-01 6.222550301628416713e-01 2.232692602428525686e-01
3.841642228739002851e-01 6.198789229900134590e-01 2.241663590900234704e-01
3.851417399804496489e-01 6.175113350911062282e-01 2.250528779612099017e-01
3.861192570869990126e-01 6.151522471115957735e-01 2.259288781704841542e-01
3.870967741935483764e-01 6.128016399655046298e-01 2.267944207696706294e-01
3.880742913000977401e-01 6.104594948426569356e-01 2.276495665496457710e-01
3.890518084066471038e-01 6.081257932162386082e-01 2.284943760416649206e-01
3.900293255131964676e-01 6.058005168506767069e-01 2.293289095187124593e-01
3.910068426197458313e-01 6.034836478098511980e-01 2.301532269968784017e-01
3.919843597262951951e-01 6.011751684656642114e-01 2.309673882367613562e-01
3.929618768328445588e-01 5.988750615069802219e-01 2.317714527448987150e-01
3.939393939393939226e-01 5.965833099489595837e-01 2.325654797752245706e-01
3.949169110459432863e-01 5.942998971428080646e-01 2.333495283305576651e-01
3.958944281524926501e-01 5.920248067859615881e-01 2.341236571641194530e-01
3.968719452590420138e-01 5.897580229327310519e-01 2.348879247810836124e-01
3.978494623655913776e-01 5.874995300054328684e-01 2.356423894401593333e-01
3.988269794721407413e-01 5.852493128060294314e-01 2.363871091552096626e-01
3.998044965786901050e-01 5.830073565283060422e-01 2.371221416969060414e-01
4.007820136852394688e-01 5.807736467706178241e-01 2.378475445944211730e-01
4.017595307917888325e-01 5.785481695492308285e-01 2.385633751371638855e-01
4.027370478983381963e-01 5.763309113122956351e-01 2.392696903765563488e-01
4.037145650048875600e-01 5.741218589544816453e-01 2.399665471278567552e-01
4.046920821114369238e-01 5.719209998323131483e-01 2.406540019720306567e-01
4.056695992179862875e-01 5.697283217802409094e-01 2.413321112576730654e-01
4.066471163245357068e-01 5.675438131274939124e-01 2.420009311029857613e-01
4.076246334310850705e-01 5.653674627157474486e-01 2.426605173978103047e-01
4.086021505376344343e-01 5.631992599176598446e-01 2.433109258057250535e-01
4.095796676441837980e-01 5.610391946563204613e-01 2.439522117662050738e-01
4.105571847507331618e-01 5.588872574256601444e-01 2.445844304968534944e-01
4.115347018572825255e-01 5.567434393118794178e-01 2.452076369957046365e-01
4.125122189638318893e-01 5.546077320159482626e-01 2.458218860436071074e-01
4.134897360703812530e-01 5.524801278772395463e-01 2.464272322066910492e-01
4.144672531769306167e-01 5.503606198983587161e-01 2.470237298389240943e-01
4.154447702834799805e-01 5.482492017712377042e-01 2.476114330847631884e-01
4.164222873900293442e-01 5.461458679045626541e-01 2.481903958819083600e-01
4.173998044965787080e-01 5.440506134526138515e-01 2.487606719641654029e-01
4.183773216031280717e-01 5.419634343455959069e-01 2.493223148644236331e-01
4.193548387096774355e-01 5.398843273215431227e-01 2.498753779177588230e-01
4.203323558162267992e-01 5.378132899598937477e-01 2.504199142646681975e-01
4.213098729227761630e-01 5.357503207168247128e-01 2.509559768544469271e-01
4.222873900293255267e-01 5.336954189624518730e-01 2.514836184487165283e-01
4.232649071358748905e-01 5.316485850200017849e-01 2.520028916251145779e-01
4.242424242424242542e-01 5.296098202070701477e-01 2.525138487811578458e-01
4.252199413489736179e-01 5.275791268790889221e-01 2.530165421382900570e-01
4.261974584555229817e-01 5.255565084751320226e-01 2.535110237461286609e-01
4.271749755620723454e-01 5.235419695661954753e-01 2.539973454869234315e-01
4.281524926686217092e-01 5.215355159060979240e-01 2.544755590802414980e-01
4.291300097751710729e-01 5.195371544851565826e-01 2.549457160878961792e-01
4.301075268817204367e-01 5.175468935868032805e-01 2.554078679191356671e-01
4.310850439882698004e-01 5.155647428473129068e-01 2.558620658361104305e-01
4.320625610948191642e-01 5.135907133188298834e-01 2.563083609596396029e-01
4.330400782013685279e-01 5.116248175358925065e-01 2.567468042752961144e-01
4.340175953079178917e-01 5.096670695856566624e-01 2.571774466398367709e-01
4.349951124144672554e-01 5.077174851820462909e-01 2.576003387879970963e-01
4.359726295210166191e-01 5.057760817440613010e-01 2.580155313396824690e-01
4.369501466275659829e-01 5.038428784784925174e-01 2.584230748075793116e-01
4.379276637341153466e-01 5.019178964673066679e-01 2.588230196052200283e-01
4.389051808406647104e-01 5.000011587599823004e-01 2.592154160555332765e-01
4.398826979472140741e-01 4.980926904710896164e-01 2.596003143999134899e-01
4.408602150537634379e-01 4.961925188834299116e-01 2.599777648078498982e-01
4.418377321603128016e-01 4.943006735570636967e-01 2.603478173871522361e-01
4.428152492668621654e-01 4.924171864445788249e-01 2.607105221948199936e-01
4.437927663734115291e-01 4.905420920129696660e-01 2.610659292485984495e-01
4.447702834799608929e-01 4.886754273725150144e-01 2.614140885392736702e-01
4.457478005865102566e-01 4.868172324130699558e-01 2.617550500437584859e-01
4.467253176930596203e-01 4.849675499482042351e-01 2.620888637390287323e-01
4.477028347996089841e-01 4.831264258676445933e-01 2.624155796169669874e-01
4.486803519061583478e-01 4.812939092985001333e-01 2.627352477001845266e-01
4.496578690127077116e-01 4.794700527757764230e-01 2.630479180588879418e-01
4.506353861192570753e-01 4.776549124227059684e-01 2.633536408288666419e-01
4.516129032258064391e-01 4.758485481414463369e-01 2.636524662306818922e-01
4.525904203323558028e-01 4.740510238147222499e-01 2.639444445901414360e-01
4.535679374389051666e-01 4.722624075190106074e-01 2.642296263601510709e-01
4.545454545454545303e-01 4.704827717498931694e-01 2.645080621440406010e-01
4.555229716520038941e-01 4.687121936602174355e-01 2.647798027204671389e-01
4.565004887585532578e-01 4.669507553117318022e-01 2.650448990700037255e-01
4.574780058651026216e-01 4.651985439408742873e-01 2.653034024035282878e-01
4.584555229716519853e-01 4.634556522394109868e-01 2.655553641925390007e-01
4.594330400782013490e-01 4.617221786506304215e-01 2.658008362015190085e-01
4.604105571847507128e-01 4.599982276818030402e-01 2.660398705224904514e-01
4.613880742913000765e-01 4.582839102336209169e-01 2.662725196118985727e-01
4.623655913978494403e-01 4.565793439473173621e-01 2.664988363299733987e-01
4.633431085043988040e-01 4.548846535701533966e-01 2.667188739827244803e-01
4.643206256109481678e-01 4.531999713399323948e-01 2.669326863667296768e-01
4.652981427174975315e-01 4.515254373891587347e-01 2.671403278168815176e-01
4.662756598240468953e-01 4.498612001694047291e-01 2.673418532572620077e-01
4.672531769305962590e-01 4.482074168963753880e-01 2.675373182553175133e-01
4.682306940371456228e-01 4.465642540160659757e-01 2.677267790795081481e-01
4.692082111436950420e-01 4.449318876922883637e-01 2.679102927606061280e-01
4.701857282502444058e-01 4.433105043156936875e-01 2.680879171568127384e-01
4.711632453567937695e-01 4.417003010342380187e-01 2.682597110228610027e-01
4.721407624633431332e-01 4.401014863048227643e-01 2.684257340832627570e-01
4.731182795698924970e-01 4.385142804655710047e-01 2.685860471098435176e-01
4.740957966764418607e-01 4.369389163278975530e-01 2.687407120036942043e-01
4.750733137829912245e-01 4.353756397871564876e-01 2.688897918816460231e-01
4.760508308895405882e-01 4.338247104502162554e-01 2.690333511673441702e-01
4.770283479960899520e-01 4.322864022778128978e-01 2.691714556869610475e-01
4.780058651026393157e-01 4.307610042389397043e-01 2.693041727695438814e-01
4.789833822091886795e-01 4.292488209738639648e-01 2.694315713519381261e-01
4.799608993157380432e-01 4.277501734615816731e-01 2.695537220881598084e-01
4.809384164222874070e-01 4.262653996866418993e-01 2.696706974630139753e-01
4.819159335288367707e-01 4.247948552992732996e-01 2.697825719096610397e-01
4.828934506353861345e-01 4.233389142616144629e-01 2.698894219307278464e-01
4.838709677419354982e-01 4.218979694715913609e-01 2.699913262224332700e-01
4.848484848484848619e-01 4.204724333545781234e-01 2.700883658010549970e-01
4.858260019550342257e-01 4.190627384114248843e-01 2.701806241309002710e-01
4.868035190615835894e-01 4.176693377097334681e-01 2.702681872527613050e-01
4.877810361681329532e-01 4.162927053034150005e-01 2.703511439116290660e-01
4.887585532746823169e-01 4.149333365635680670e-01 2.704295856822124811e-01
4.897360703812316807e-01 4.135917484015977363e-01 2.705036070905622037e-01
4.907135874877810444e-01 4.122684793632689915e-01 2.705733057298305710e-01
4.916911045943304082e-01 4.109640895700826801e-01 2.706387823679130555e-01
4.926686217008797719e-01 4.096791604820236854e-01 2.707001410444183076e-01
4.936461388074291357e-01 4.084142944534158715e-01 2.707574891541059681e-01
4.946236559139784994e-01 4.071701140513955819e-01 2.708109375136247832e-01
4.956011730205278631e-01 4.059472611044784851e-01 2.708606004080773011e-01
4.965786901270772269e-01 4.047463954469546210e-01 2.709065956136664788e-01
4.975562072336265906e-01 4.035681933235332197e-01 2.709490443924219005e-01
4.985337243401759544e-01 4.024133454179270597e-01 2.709880714548144609e-01
4.995112414467253181e-01 4.012825544690979962e-01 2.710238048859391902e-01
5.004887585532746819e-01 4.001765324398722234e-01 2.710563760309116499e-01
5.014662756598240456e-01 3.990959972047946613e-01 2.710859193352055940e-01
5.024437927663734094e-01 3.980416687276584486e-01 2.711125721358784713e-01
5.034213098729227731e-01 3.970142647043440332e-01 2.711364744000223648e-01
5.043988269794721369e-01 3.960144956536648664e-01 2.711577684073507299e-01
5.053763440860215006e-01 3.950430594480426327e-01 2.711765983746206587e-01
5.063538611925708643e-01 3.941006352871915253e-01 2.711931100206025902e-01
5.073313782991202281e-01 3.931878771316812404e-01 2.712074500715551673e-01
5.083088954056695918e-01 3.923054066292838149e-01 2.712197657086433122e-01
5.092864125122189556e-01 3.914538055853021836e-01 2.712302039604322923e-01
5.102639296187683193e-01 3.906336080483828743e-01 2.712389110454683228e-01
5.112414467253176831e-01 3.898452921052330544e-01 2.712460316719775832e-01
5.122189638318670468e-01 3.890892715006033509e-01 2.712517083037987997e-01
5.131964809384164106e-01 3.883658872220762670e-01 2.712560804037367768e-01
5.141739980449657743e-01 3.876753992116213632e-01 2.712592836674739827e-01
5.151515151515151381e-01 3.870179783863742506e-01 2.712614492628955820e-01
5.161290322580645018e-01 3.863936991683383226e-01 2.712627030910404469e-01
5.171065493646138655e-01 3.858025327352718192e-01 2.712631650857660337e-01
5.180840664711632293e-01 3.852443412114720522e-01 2.712629485694974529e-01
5.190615835777125930e-01 3.847188730161362757e-01 2.712621596820247172e-01
5.200391006842619568e-01 3.842257595773109213e-01 2.712608968981569113e-01
5.210166177908113205e-01 3.837645136002788560e-01 2.712592506481160126e-01
5.219941348973606843e-01 3.833345290502009894e-01 2.712573030518941608e-01
5.229716520039100480e-01 3.829350829700524095e-01 2.712551277754718937e-01
5.239491691104594118e-01 3.825653392071947101e-01 2.712527900129643732e-01
5.249266862170087755e-01 3.822243540667368267e-01 2.712503465945800829e-01
5.259042033235581393e-01 3.819110838492996152e-01 2.712478462159963466e-01
5.268817204301075030e-01 3.816243941675903639e-01 2.712453297805881292e-01
5.278592375366568668e-01 3.813630708734495056e-01 2.712428308421621637e-01
5.288367546432062305e-01 3.811258323681072646e-01 2.712403761326513396e-01
5.298142717497555942e-01 3.809113430166449765e-01 2.712379861568092743e-01
5.307917888563049580e-01 3.807182273461738320e-01 2.712356758344439123e-01
5.317693059628543217e-01 3.805450846785848329e-01 2.712334551701881535e-01
5.327468230694036855e-01 3.803905038347002998e-01 2.712313299312397175e-01
5.337243401759530492e-01 3.802530775481615666e-01 2.712293023148120152e-01
5.347018572825024130e-01 3.801314162443227840e-01 2.712273715890948234e-01
5.356793743890517767e-01 3.800241608706776963e-01 2.712255346941485623e-01
5.366568914956011405e-01 3.799299945089341102e-01 2.712237867921392653e-01
5.376344086021505042e-01 3.798476525520256275e-01 2.712221217594515954e-01
5.386119257086998680e-01 3.797759312888969729e-01 2.712205326163001917e-01
5.395894428152492317e-01 3.797136948023445702e-01 2.712190118923176740e-01
5.405669599217985954e-01 3.796598801471383067e-01 2.712175519291095127e-01
5.415444770283479592e-01 3.796135008339494576e-01 2.712161451228328191e-01
5.425219941348973229e-01 3.795736486966436729e-01 2.712147841114436742e-01
5.434995112414466867e-01 3.795394942642528191e-01 2.712134619123529600e-01
5.444770283479960504e-01 3.795102857931393348e-01 2.712121720168743644e-01
5.454545454545454142e-01 3.794853471389246224e-01 2.712109084480841537e-01
5.464320625610947779e-01 3.794640746617630178e-01 2.712096657886119422e-01
5.474095796676441417e-01 3.794459333631610143e-01 2.712084391845286935e-01
5.483870967741935054e-01 3.794304524488629760e-01 2.712072243309500141e-01
5.493646138807428692e-01 3.794172205017468658e-01 2.712060174443236549e-01
5.503421309872922329e-01 3.794058804327489209e-01 2.712048152256537059e-01
5.513196480938415966e-01 3.793961243581573939e-01 2.712036148181953266e-01
5.522971652003909604e-01 3.793876885296967871e-01 2.712024137624717279e-01
5.532746823069403241e-01 3.793803484210285792e-01 2.712012099508262497e-01
5.542521994134896879e-01 3.793739140517790598e-01 2.712000015831644850e-01
5.552297165200390516e-01 3.793682256088912741e-01 2.711987871250600146e-01
5.562072336265884154e-01 3.793631494056647901e-01 2.711975652689933014e-01
5.571847507331377791e-01 3.793585742017435702e-01 2.711963348991701661e-01
5.581622678396871429e-01 3.793544078927816310e-01 2.711950950601120791e-01
5.591397849462365066e-01 3.793505745666217455e-01 2.711938449290153819e-01
5.601173020527858704e-01 3.793470119134948471e-01 2.711925837917434912e-01
5.610948191593352341e-01 3.793436689708006293e-01 2.711913110222159973e-01
5.620723362658845979e-01 3.793405041782320630e-01 2.711900260649054428e-01
5.630498533724340726e-01 3.793374837160400914e-01 2.711887284201195403e-01
5.640273704789834364e-01 3.793345800978233373e-01 2.711874176317387031e-01
5.650048875855328001e-01 3.793317709890475786e-01 2.711860932770857047e-01
5.659824046920821639e-01 3.793290382232771263e-01 2.711847549586207107e-01
5.669599217986315276e-01 3.793263669895728385e-01 2.711834022971809088e-01
5.679374389051808913e-01 3.793237451664593918e-01 2.711820349265106622e-01
5.689149560117302551e-01 3.793211627800974206e-01 2.711806524888560332e-01
5.698924731182796188e-01 3.793186115666619673e-01 2.711792546314314989e-01
5.708699902248289826e-01 3.793160846213114445e-01 2.711778410035882159e-01
5.718475073313783463e-01 3.793135761184392996e-01 2.711764112545459460e-01
5.728250244379277101e-01 3.793110810900733876e-01 2.711749650315665727e-01
5.738025415444770738e-01 3.793085952512858516e-01 2.711735019784758394e-01
5.747800586510264376e-01 3.793061148632738133e-01 2.711720217344496531e-01
5.757575757575758013e-01 3.793036366263655701e-01 2.711705239330049477e-01
5.767350928641251651e-01 3.793011575965958837e-01 2.711690082011394276e-01
5.777126099706745288e-01 3.792986751206837703e-01 2.711674741585831661e-01
5.786901270772238925e-01 3.792961867852618907e-01 2.711659214171280308e-01
5.796676441837732563e-01 3.792936903770520174e-01 2.711643495800118431e-01
5.806451612903226200e-01 3.792911838513851053e-01 2.711627582413366766e-01
5.816226783968719838e-01 3.792886653070373648e-01 2.711611469855089163e-01
5.826001955034213475e-01 3.792861329658213099e-01 2.711595153866883101e-01
5.835777126099707113e-01 3.792835851557409543e-01 2.711578630082389640e-01
5.845552297165200750e-01 3.792810202968162625e-01 2.711561894021768393e-01
5.855327468230694388e-01 3.792784368889118296e-01 2.711544941086068694e-01
5.865102639296188025e-01 3.792758335010820714e-01 2.711527766551483087e-01
5.874877810361681663e-01 3.792732087620789283e-01 2.711510365563450375e-01
5.884652981427175300e-01 3.792705613517717289e-01 2.711492733130575483e-01
5.894428152492668938e-01 3.792678899933000780e-01 2.711474864118366690e-01
5.904203323558162575e-01 3.792651934458369789e-01 2.711456753242748596e-01
5.913978494623656212e-01 3.792624704978713734e-01 2.711438395063354712e-01
5.923753665689149850e-01 3.792597199609538117e-01 2.711419783976561360e-01
5.933528836754643487e-01 3.792569406638557350e-01 2.711400914208269008e-01
5.943304007820137125e-01 3.792541314471102321e-01 2.711381779806388836e-01
5.953079178885630762e-01 3.792512911579048462e-01 2.711362374633032313e-01
5.962854349951124400e-01 3.792484186453007333e-01 2.711342692356357720e-01
5.972629521016618037e-01 3.792455127557531336e-01 2.711322726442087494e-01
5.982404692082111675e-01 3.792425723289101214e-01 2.711302470144620891e-01
5.992179863147605312e-01 3.792395961936611548e-01 2.711281916497758626e-01
6.001955034213098950e-01 3.792365831644128327e-01 2.711261058304982319e-01
6.011730205278592587e-01 3.792335320375646579e-01 2.711239888129271525e-01
6.021505376344086224e-01 3.792304415881560531e-01 2.711218398282403963e-01
6.031280547409579862e-01 3.792273105666598698e-01 2.711196580813727275e-01
6.041055718475073499e-01 3.792241376958950250e-01 2.711174427498345696e-01
6.050830889540567137e-01 3.792209216680319517e-01 2.711151929824681672e-01
6.060606060606060774e-01 3.792176611416642751e-01 2.711129078981366902e-01
6.070381231671554412e-01 3.792143547389224545e-01 2.711105865843411733e-01
6.080156402737048049e-01 3.792110010426053557e-01 2.711082280957604063e-01
6.089931573802541687e-01 3.792075985933049398e-01 2.711058314527070023e-01
6.099706744868035324e-01 3.792041458865033077e-01 2.711033956394946487e-01
6.109481915933528962e-01 3.792006413696181188e-01 2.711009196027083790e-01
6.119257086999022599e-01 3.791970834389761236e-01 2.710984022493714840e-01
6.129032258064516236e-01 3.791934704366931030e-01 2.710958424450001791e-01
6.138807429130009874e-01 3.791898006474391236e-01 2.710932390115388113e-01
6.148582600195503511e-01 3.791860722950700646e-01 2.710905907251640601e-01
6.158357771260997149e-01 3.791822835391014390e-01 2.710878963139499720e-01
6.168132942326490786e-01 3.791784324710053000e-01 2.710851544553805614e-01
6.177908113391984424e-01 3.791745171103076406e-01 2.710823637736994862e-01
6.187683284457478061e-01 3.791705354004630268e-01 2.710795228370825871e-01
6.197458455522971699e-01 3.791664852044829281e-01 2.710766301546189139e-01
6.207233626588465336e-01 3.791623643002914323e-01 2.710736841730840285e-01
6.217008797653958974e-01 3.791581703757829769e-01 2.710706832734884886e-01
6.226783968719452611e-01 3.791539010235506213e-01 2.710676257673825251e-01
6.236559139784946248e-01 3.791495537352562173e-01 2.710645098928952113e-01
6.246334310850439886e-01 3.791451258956053394e-01 2.710613338104853054e-01
6.256109481915933523e-01 3.791406147758921152e-01 2.710580955983770690e-01
6.265884652981427161e-01 3.791360175270719335e-01 2.710547932476554123e-01
6.275659824046920798e-01 3.791313311723172319e-01 2.710514246569857288e-01
6.285434995112414436e-01 3.791265525990067942e-01 2.710479876269249466e-01
6.295210166177908073e-01 3.791216785500924891e-01 2.710444798537853806e-01
6.304985337243401711e-01 3.791167056147826675e-01 2.710408989230053134e-01
6.314760508308895348e-01 3.791116302184703302e-01 2.710372423019794530e-01
6.324535679374388986e-01 3.791064486118318477e-01 2.710335073322922006e-01
6.334310850439882623e-01 3.791011568590040293e-01 2.710296912212919462e-01
6.344086021505376261e-01 3.790957508247398966e-01 2.710257910329320064e-01
6.353861192570869898e-01 3.790902261604277013e-01 2.710218036777983230e-01
6.363636363636363535e-01 3.790845782888386806e-01 2.710177259022275020e-01
6.373411534701857173e-01 3.790788023874481771e-01 2.710135542764020578e-01
6.383186705767350810e-01 3.790728933701481007e-01 2.710092851812967440e-01
6.392961876832844448e-01 3.790668458671330177e-01 2.710049147943163206e-01
6.402737047898338085e-01 3.790606542027031844e-01 2.710004390734448987e-01
6.412512218963831723e-01 3.790543123706717199e-01 2.709958537396808254e-01
6.422287390029325360e-01 3.790478140069976076e-01 2.709911542574874321e-01
6.432062561094818998e-01 3.790411523591747378e-01 2.709863358129246946e-01
6.441837732160312635e-01 3.790343202517993393e-01 2.709813932890472454e-01
6.451612903225806273e-01 3.790273100475903822e-01 2.709763212380523201e-01
6.461388074291299910e-01 3.790201136029467399e-01 2.709711138495200511e-01
6.471163245356793547e-01 3.790127222168836463e-01 2.709657649139209923e-01
6.480938416422287185e-01 3.790051265718724638e-01 2.709602677803347182e-01
6.490713587487780822e-01 3.789973166647007674e-01 2.709546153070322982e-01
6.500488758553274460e-01 3.789892817249402857e-01 2.709487998032001355e-01
6.510263929618768097e-01 3.789810101179446056e-01 2.709428129596033186e-01
6.520039100684261735e-01 3.789724892284350721e-01 2.709366457653697990e-01
6.529814271749755372e-01 3.789637053196571181e-01 2.709302884073104267e-01
6.539589442815249010e-01 3.789546433617289045e-01 2.709237301472124937e-01
6.549364613880742647e-01 3.789452868211172221e-01 2.709169591713433412e-01
6.559139784946236285e-01 3.789356174010942158e-01 2.709099624049072785e-01
6.568914956011729922e-01 3.789256147204871361e-01 2.709027252823889009e-01
6.578690127077223559e-01 3.789152559149737698e-01 2.708952314625213131e-01
6.588465298142717197e-01 3.789045151415157409e-01 2.708874624740064130e-01
6.598240469208210834e-01 3.788933629622240340e-01 2.708793972750390688e-01
6.608015640273704472e-01 3.788817655789594729e-01 2.708710117061185474e-01
6.617790811339198109e-01 3.788696838842730563e-01 2.708622778115596375e-01
6.627565982404691747e-01 3.788570722879009423e-01 2.708531630005436286e-01
6.637341153470185384e-01 3.788438772710120417e-01 2.708436290135355362e-01
6.647116324535679022e-01 3.788300356128815327e-01 2.708336306545151562e-01
6.656891495601172659e-01 3.788154722268384789e-01 2.708231142438726202e-01
6.666666666666666297e-01 3.788000975344930632e-01 2.708120157412148843e-01
6.676441837732159934e-01 3.787838042997921928e-01 2.708002584819980130e-01
6.686217008797653572e-01 3.787664638378888116e-01 2.707877504672074886e-01
6.695992179863147209e-01 3.787479215087775075e-01 2.707743811417118729e-01
6.705767350928640846e-01 3.787279914029145766e-01 2.707600175949608223e-01
6.715542521994134484e-01 3.787064501264772454e-01 2.707445001180094901e-01
6.725317693059628121e-01 3.786830295985080808e-01 2.707276370541348842e-01
6.735092864125121759e-01 3.786574087819939427e-01 2.707091988873201460e-01
6.744868035190615396e-01 3.786292042870099128e-01 2.706889115243768518e-01
6.754643206256109034e-01 3.785979598074806218e-01 2.706664487432233757e-01
6.764418377321602671e-01 3.785631343847954966e-01 2.706414238024870689e-01
6.774193548387096309e-01 3.785240895322267152e-01 2.706133802367052810e-01
6.783968719452589946e-01 3.784800753042829036e-01 2.705817818972784394e-01
6.793743890518083584e-01 3.784302154548563335e-01 2.705460023420239724e-01
6.803519061583577221e-01 3.783734918968392202e-01 2.705053137253827233e-01
6.813294232649070858e-01 3.783087287527640563e-01 2.704588753962859915e-01
6.823069403714564496e-01 3.782345763692304685e-01 2.704057224701841289e-01
6.832844574780058133e-01 3.781494957549588753e-01 2.703447547039808385e-01
6.842619745845551771e-01 3.780517439900150101e-01 2.702747260653257655e-01
6.852394916911045408e-01 3.779393612381199419e-01 2.701942354480264541e-01
6.862170087976539046e-01 3.778101600703273055e-01 2.701017190399395140e-01
6.871945259042032683e-01 3.776617178715419021e-01 2.699954448948742036e-01
6.881720430107527431e-01 3.774913731458316990e-01 2.698735102918325968e-01
6.891495601173021068e-01 3.772962265566092155e-01 2.697338424793029321e-01
6.901270772238514706e-01 3.770731475281319245e-01 2.695742033954269812e-01
6.911045943304008343e-01 3.768187871905143704e-01 2.693921989232272995e-01
6.920821114369501981e-01 3.765295983676530955e-01 2.691852931808818572e-01
6.930596285434995618e-01 3.762018631835096216e-01 2.689508282584188725e-01
6.940371456500489256e-01 3.758317286961529446e-01 2.686860496934867504e-01
6.950146627565982893e-01 3.754152507618487289e-01 2.683881378307921839e-01
6.959921798631476531e-01 3.749484460865679103e-01 2.680542450346981576e-01
6.969696969696970168e-01 3.744273521451497166e-01 2.676815385263479619e-01
6.979472140762463805e-01 3.738480943469627560e-01 2.672672484012129090e-01
6.989247311827957443e-01 3.732069595114174132e-01 2.668087201574154688e-01
6.999022482893451080e-01 3.725004743992015310e-01 2.663034708382108762e-01
7.008797653958944718e-01 3.717254877392296986e-01 2.657492476733390174e-01
7.018572825024438355e-01 3.708792539115572939e-01 2.651440879039742571e-01
7.028347996089931993e-01 3.699595162076436128e-01 2.644863783052403550e-01
7.038123167155425630e-01 3.689645874056129982e-01 2.637749127889128520e-01
7.047898338220919268e-01 3.678934252824020423e-01 2.630089463861816079e-01
7.057673509286412905e-01 3.667457006476486092e-01 2.621882438838821772e-01
7.067448680351906543e-01 3.655218555336819941e-01 2.613131214230044463e-01
7.077223851417400180e-01 3.642231493163212708e-01 2.603844794686375197e-01
7.086999022482893817e-01 3.628516907726868634e-01 2.594038257260137814e-01
7.096774193548387455e-01 3.614104544008773234e-01 2.583732868051310527e-01
7.106549364613881092e-01 3.599032797238864156e-01 2.572956077206335901e-01
7.116324535679374730e-01 3.583348527641074255e-01 2.561741386453295632e-01
7.126099706744868367e-01 3.567106693891023972e-01 2.550128087034296831e-01
7.135874877810362005e-01 3.550369807749190754e-01 2.538160869796496910e-01
7.145650048875855642e-01 3.533207217888973961e-01 2.525889313175591622e-01
7.155425219941349280e-01 3.515694236372714498e-01 2.513367258690116790e-01
7.165200391006842917e-01 3.497911126315989550e-01 2.500652087201763463e-01
7.174975562072336555e-01 3.479941973808983735e-01 2.487803912434237152e-01
7.184750733137830192e-01 3.461873470943189757e-01 2.474884710945025046e-01
7.194525904203323829e-01 3.443793639663665918e-01 2.461957409797524698e-01
7.204301075268817467e-01 3.425790528013135106e-01 2.449084954500563571e-01
7.214076246334311104e-01 3.407950911081695788e-01 2.436329380316584192e-01
7.223851417399804742e-01 3.390359028601568347e-01 2.423750909772003914e-01
7.233626588465298379e-01 3.373095389656743381e-01 2.411407098152507089e-01
7.243401759530792017e-01 3.356235672487302146e-01 2.399352046985715192e-01
7.253176930596285654e-01 3.339849743975598639e-01 2.387635703088195616e-01
7.262952101661779292e-01 3.324000819261113682e-01 2.376303257793699053e-01
7.272727272727272929e-01 3.308744777225396949e-01 2.365394657615529639e-01
7.282502443792766567e-01 3.294129642519273982e-01 2.354944233971905387e-01
7.292277614858260204e-01 3.280195239580436795e-01 2.344980455868426739e-01
7.302052785923753842e-01 3.266973018917332938e-01 2.335525805734187388e-01
7.311827956989247479e-01 3.254486051009579106e-01 2.326596775086671176e-01
7.321603128054741116e-01 3.242749178669584453e-01 2.318203973479636415e-01
7.331378299120234754e-01 3.231769314770746582e-01 2.310352341372029772e-01
7.341153470185728391e-01 3.221545868987543138e-01 2.303041455225448009e-01
7.350928641251222029e-01 3.212071284688732264e-01 2.296265911347586397e-01
7.360703812316715666e-01 3.203331665416572771e-01 2.290015773777936969e-01
7.370478983382209304e-01 3.195307469475660578e-01 2.284277070862075765e-01
7.380254154447702941e-01 3.187974251014535354e-01 2.279032325060531827e-01
7.390029325513196579e-01 3.181303426551887470e-01 2.274261100944948710e-01
7.399804496578690216e-01 3.175263047093369595e-01 2.269940557187980767e-01
7.409579667644183854e-01 3.169818557702725470e-01 2.266045989581517150e-01
7.419354838709677491e-01 3.164933528518908412e-01 2.262551353639102591e-01
7.429130009775171128e-01 3.160570343630061951e-01 2.259429757068017464e-01
7.438905180840664766e-01 3.156690836807544143e-01 2.256653914249714954e-01
7.448680351906158403e-01 3.153256865756148830e-01 2.254196556763967407e-01
7.458455522971652041e-01 3.150230819148213679e-01 2.252030795859064904e-01
7.468230694037145678e-01 3.147576053190891399e-01 2.250130434544465596e-01
7.478005865102639316e-01 3.145257256754843134e-01 2.248470228611549326e-01
7.487781036168132953e-01 3.143240746113750150e-01 2.247026097332994465e-01
7.497556207233626591e-01 3.141494692069193295e-01 2.245775285824571088e-01
7.507331378299120228e-01 3.139989283643496165e-01 2.244696482059725107e-01
7.517106549364613866e-01 3.138696833608299874e-01 2.243769892303066615e-01
7.526881720430107503e-01 3.137591831886666349e-01 2.242977279279324276e-01
7.536656891495601140e-01 3.136650953340377468e-01 2.242301967733076051e-01
7.546432062561094778e-01 3.135853026659565224e-01 2.241728822181376923e-01
7.556207233626588415e-01 3.135178971042758556e-01 2.241244201640645861e-01
7.565982404692082053e-01 3.134611707129694724e-01 2.240835895947733414e-01
7.575757575757575690e-01 3.134136048266026875e-01 2.240493048021110212e-01
7.585532746823069328e-01 3.133738577677377957e-01 2.240206066049447442e-01
7.595307917888562965e-01 3.133407516546953264e-01 2.239966529177901122e-01
7.605083088954056603e-01 3.133132587359929722e-01 2.239767089811268985e-01
7.614858260019550240e-01 3.132904876228754798e-01 2.239601375189186061e-01
7.624633431085043878e-01 3.132716697271399897e-01 2.239463890429476967e-01
7.634408602150537515e-01 3.132561461499828726e-01 2.239349924796273927e-01
7.644183773216031152e-01 3.132433552103863761e-01 2.239255462540540864e-01
7.653958944281524790e-01 3.132328207497294681e-01 2.239177099290090012e-01
7.663734115347018427e-01 3.132241413035304345e-01 2.239111964638914321e-01
7.673509286412512065e-01 3.132169801918295859e-01 2.239057651304009744e-01
7.683284457478005702e-01 3.132110565467275953e-01 2.239012150982009342e-01
7.693059628543499340e-01 3.132061372687896528e-01 2.238973796846313036e-01
7.702834799608992977e-01 3.132020298830056060e-01 2.238941212475146769e-01
7.712609970674486615e-01 3.131985762492308645e-01 2.238913266888278297e-01
7.722385141739980252e-01 3.131956470709208462e-01 2.238889035290685392e-01
7.732160312805473890e-01 3.131931371388547714e-01 2.238867765070593208e-01
7.741935483870967527e-01 3.131909612427826728e-01 2.238848846572425721e-01
7.751710654936461165e-01 3.131890506828934884e-01 2.238831788157797098e-01
7.761485826001954802e-01 3.131873503141013315e-01 2.238816195075522264e-01
7.771260997067448439e-01 3.131858160588672502e-01 2.238801751681118446e-01
7.781036168132942077e-01 3.131844128281439099e-01 2.238788206573883999e-01
7.790811339198435714e-01 3.131831127946582138e-01 2.238775360252765190e-01
7.800586510263929352e-01 3.131818939678058245e-01 2.238763054928365748e-01
7.810361681329422989e-01 3.131807390246584832e-01 2.238751166165848239e-01
7.820136852394916627e-01 3.131796343567744279e-01 2.238739596070532245e-01
7.829912023460410264e-01 3.131785692974993207e-01 2.238728267763767654e-01
7.839687194525903902e-01 3.131775354991475635e-01 2.238717120930250326e-01
7.849462365591397539e-01 3.131765264337866284e-01 2.238706108248919024e-01
7.859237536656891177e-01 3.131755369952708978e-01 2.238695192547643098e-01
7.869012707722384814e-01 3.131745631836773680e-01 2.238684344546962302e-01
7.878787878787878451e-01 3.131736018563807677e-01 2.238673541080188067e-01
7.888563049853372089e-01 3.131726505326866694e-01 2.238662763696350200e-01
7.898338220918865726e-01 3.131717072412535940e-01 2.238651997569020835e-01
7.908113391984359364e-01 3.131707704014992100e-01 2.238641230648039382e-01
7.917888563049853001e-01 3.131698387318428423e-01 2.238630453003059850e-01
7.927663734115346639e-01 3.131689111790207924e-01 2.238619656317721029e-01
7.937438905180840276e-01 3.131679868638602149e-01 2.238608833501421203e-01
7.947214076246333914e-01 3.131670650398364342e-01 2.238597978392456445e-01
7.956989247311827551e-01 3.131661450615096931e-01 2.238587085531730525e-01
7.966764418377321189e-01 3.131652263605558817e-01 2.238576149990710862e-01
7.976539589442814826e-01 3.131643084276073963e-01 2.238565167240851583e-01
7.986314760508308463e-01 3.131633907985151843e-01 2.238554133054576345e-01
7.996089931573802101e-01 3.131624730439619975e-01 2.238543043430133161e-01
8.005865102639295738e-01 3.131615547616005690e-01 2.238531894534430688e-01
8.015640273704789376e-01 3.131606355700892186e-01 2.238520682659346506e-01
8.025415444770283013e-01 3.131597151045429350e-01 2.238509404188061547e-01
8.035190615835776651e-01 3.131587930130397823e-01 2.238498055568833023e-01
8.044965786901270288e-01 3.131578689539071259e-01 2.238486633294235750e-01
8.054740957966763926e-01 3.131569425935836759e-01 2.238475133884401669e-01
8.064516129032257563e-01 3.131560136049055809e-01 2.238463553873163425e-01
8.074291300097751201e-01 3.131550816657008851e-01 2.238451889796291006e-01
8.084066471163244838e-01 3.131541464576107492e-01 2.238440138181213290e-01
8.093841642228738475e-01 3.131532076650747065e-01 2.238428295537800150e-01
8.103616813294232113e-01 3.131522649744368780e-01 2.238416358349891166e-01
8.113391984359725750e-01 3.131513180731384516e-01 2.238404323067342827e-01
8.123167155425219388e-01 3.131503666489781623e-01 2.238392186098463743e-01
8.132942326490714136e-01 3.131494103894204017e-01 2.238379943802723260e-01
8.142717497556207773e-01 3.131484489809445715e-01 2.238367592483706814e-01
8.152492668621701410e-01 3.131474821084271332e-01 2.238355128382283066e-01
8.162267839687195048e-01 3.131465094545547445e-01 2.238342547669990301e-01
8.172043010752688685e-01 3.131455306992657617e-01 2.238329846442667082e-01
8.181818181818182323e-01 3.131445455192209959e-01 2.238317020714361838e-01
8.191593352883675960e-01 3.131435535873056675e-01 2.238304066411568038e-01
8.201368523949169598e-01 3.131425545721637782e-01 2.238290979367821010e-01
8.211143695014663235e-01 3.131415481377674004e-01 2.238277755318719142e-01
8.220918866080156873e-01 3.131405339430241574e-01 2.238264389897414441e-01
8.230694037145650510e-01 3.131395116414251167e-01 2.238250878630618779e-01
8.240469208211144148e-01 3.131384808807354814e-01 2.238237216935178298e-01
8.250244379276637785e-01 3.131374413027250281e-01 2.238223400115171569e-01
8.260019550342131422e-01 3.131363925429310191e-01 2.238209423359429906e-01
8.269794721407625060e-01 3.131353342304500909e-01 2.238195281739437659e-01
8.279569892473118697e-01 3.131342659877838219e-01 2.238180970207931109e-01
8.289345063538612335e-01 3.131331874308056484e-01 2.238166483599207945e-01
8.299120234604105972e-01 3.131320981688885396e-01 2.238151816631783753e-01
8.308895405669599610e-01 3.131309978049888199e-01 2.238136963910624666e-01
8.318670576735093247e-01 3.131298859350615804e-01 2.238121919919957292e-01
8.328445747800586885e-01 3.131287621462831572e-01 2.238106678998377508e-01
8.338220918866080522e-01 3.131276260155113067e-01 2.238091235315373406e-01
8.347996089931574160e-01 3.131264771133144276e-01 2.238075582925651008e-01
8.357771260997067797e-01 3.131253150192431778e-01 2.238059715988487686e-01
8.367546432062561435e-01 3.131241393385108540e-01 2.238043629024131786e-01
8.377321603128055072e-01 3.131229496747515717e-01 2.238027316561334579e-01
8.387096774193548709e-01 3.131217455004869366e-01 2.238010771293476864e-01
8.396871945259042347e-01 3.131205259866307045e-01 2.237993981505771168e-01
8.406647116324535984e-01 3.131192901695550312e-01 2.237976933134914193e-01
8.416422287390029622e-01 3.131180380299562471e-01 2.237959625038498657e-01
8.426197458455523259e-01 3.131167721614969701e-01 2.237942093887152206e-01
8.435972629521016897e-01 3.131154969223837181e-01 2.237924404956808111e-01
8.445747800586510534e-01 3.131142095979250195e-01 2.237906527865343720e-01
8.455522971652004172e-01 3.131128845518909021e-01 2.237888102348147001e-01
8.465298142717497809e-01 3.131114753852036747e-01 2.237868443644409622e-01
8.475073313782991447e-01 3.131099859213617442e-01 2.237847533381221443e-01
8.484848484848485084e-01 3.131086169708014455e-01 2.237828171693807267e-01
8.494623655913978721e-01 3.131077916985885445e-01 2.237816558367316799e-01
8.504398826979472359e-01 3.131075977737325378e-01 2.237814571726091106e-01
8.514173998044965996e-01 3.131064569075305837e-01 2.237800392299213736e-01
8.523949169110459634e-01 3.131005367488636781e-01 2.237718252719216872e-01
8.533724340175953271e-01 3.130880223308287746e-01 2.237536946535411964e-01
8.543499511241446909e-01 3.130809490740601442e-01 2.237421078715000344e-01
8.553274682306940546e-01 3.131133190777047881e-01 2.237862390913241961e-01
8.563049853372434184e-01 3.132094665926770105e-01 2.239252432701809292e-01
8.572825024437927821e-01 3.132805919683023244e-01 2.240393646798156113e-01
8.582600195503421459e-01 3.130297784492308555e-01 2.237017652323299299e-01
8.592375366568915096e-01 3.121777238668283494e-01 2.224788367497344821e-01
8.602150537634408733e-01 3.113501184806498068e-01 2.211975500826348084e-01
8.611925708699902371e-01 3.130657876341542134e-01 2.234575151169992668e-01
8.621700879765396008e-01 3.203196718132704790e-01 2.338959107595965925e-01
8.631476050830889646e-01 3.290803628064012942e-01 2.474243604771018956e-01
8.641251221896383283e-01 3.160326389189787033e-01 2.307220510007129133e-01
8.651026392961876921e-01 2.525027113023254333e-01 1.464724647526129131e-01
8.660801564027370558e-01 1.738492678398279312e-01 5.006946967786275737e-02
8.670576735092864196e-01 1.359595002270523600e-01 9.737220201833204219e-03
8.680351906158357833e-01 1.267768963927986547e-01 1.474969787156515553e-03
8.690127077223851471e-01 1.252576969640735727e-01 2.104130356033148447e-04
8.699902248289345108e-01 1.250364934450345911e-01 2.972088931190809067e-05
8.709677419354838745e-01 1.250051487107980974e-01 4.191628797258860029e-06
8.719452590420332383e-01 1.250007260315753044e-01 5.910274777163238774e-07
8.729227761485826020e-01 1.250001023702851932e-01 8.333458033227036213e-08
8.739002932551319658e-01 1.250000144340550345e-01 1.175004433774444844e-08
8.748778103616813295e-01 1.250000020351790253e-01 1.656735626878791517e-09
8.758553274682306933e-01 1.250000002869567917e-01 2.335968885229010997e-10
8.768328445747800570e-01 1.250000000404602740e-01 3.293673687643373895e-11
8.778103616813294208e-01 1.250000000057047977e-01 4.644038952298981976e-12
8.787878787878787845e-01 1.250000000008043566e-01 6.547990333042113091e-13
8.797653958944281483e-01 1.250000000001134093e-01 9.227244341184738087e-14
8.807429130009775120e-01 1.250000000000159317e-01 1.299345175780492218e-14
8.817204301075268758e-01 1.250000000000022204e-01 1.809965604841097092e-15
8.826979472140762395e-01 1.250000000000003053e-01 2.480860323358718470e-16
8.836754643206256032e-01 1.250000000000000000e-01 2.632058197148245440e-17
8.846529814271749670e-01 1.250000000000000000e-01 2.620171350239798024e-34
8.856304985337243307e-01 1.250000000000000000e-01 5.895606346239584639e-69
8.866080156402736945e-01 1.250000000000000000e-01 1.388741274588196445e-139
8.875855327468230582e-01 1.250000000000000000e-01 7.136232891384766989e-284
8.885630498533724220e-01 1.250000000000000000e-01 0.000000000000000000e+00
8.895405669599217857e-01 1.250000000000000000e-01 0.000000000000000000e+00
8.905180840664711495e-01 1.250000000000000000e-01 0.000000000000000000e+00
8.914956011730205132e-01 1.250000000000000000e-01 0.000000000000000000e+00
8.924731182795698770e-01 1.250000000000000000e-01 0.000000000000000000e+00
8.934506353861192407e-01 1.250000000000000000e-01 0.000000000000000000e+00
8.944281524926686044e-01 1.250000000000000000e-01 0.000000000000000000e+00
8.954056695992179682e-01 1.250000000000000000e-01 0.000000000000000000e+00
8.963831867057673319e-01 1.250000000000000000e-01 0.000000000000000000e+00
8.973607038123166957e-01 1.250000000000000000e-01 0.000000000000000000e+00
8.983382209188660594e-01 1.250000000000000000e-01 0.000000000000000000e+00
8.993157380254154232e-01 1.250000000000000000e-01 0.000000000000000000e+00
9.002932551319647869e-01 1.250000000000000000e-01 0.000000000000000000e+00
9.012707722385141507e-01 1.250000000000000000e-01 0.000000000000000000e+00
9.022482893450635144e-01 1.250000000000000000e-01 0.000000000000000000e+00
9.032258064516128782e-01 1.250000000000000000e-01 0.000000000000000000e+00
9.042033235581622419e-01 1.250000000000000000e-01 0.000000000000000000e+00
9.051808406647116056e-01 1.250000000000000000e-01 0.000000000000000000e+00
9.061583577712609694e-01 1.250000000000000000e-01 0.000000000000000000e+00
9.071358748778103331e-01 1.250000000000000000e-01 0.000000000000000000e+00
9.081133919843596969e-01 1.250000000000000000e-01 0.000000000000000000e+00
9.090909090909090606e-01 1.250000000000000000e-01 0.000000000000000000e+00
9.100684261974584244e-01 1.250000000000000000e-01 0.000000000000000000e+00
9.110459433040077881e-01 1.250000000000000000e-01 0.000000000000000000e+00
9.120234604105571519e-01 1.250000000000000000e-01 0.000000000000000000e+00
9.130009775171065156e-01 1.250000000000000000e-01 0.000000000000000000e+00
9.139784946236558794e-01 1.250000000000000000e-01 0.000000000000000000e+00
9.149560117302052431e-01 1.250000000000000000e-01 0.000000000000000000e+00
9.159335288367546068e-01 1.250000000000000000e-01 0.000000000000000000e+00
9.169110459433039706e-01 1.250000000000000000e-01 0.000000000000000000e+00
9.178885630498533343e-01 1.250000000000000000e-01 0.000000000000000000e+00
9.188660801564026981e-01 1.250000000000000000e-01 0.000000000000000000e+00
9.198435972629520618e-01 1.250000000000000000e-01 0.000000000000000000e+00
9.208211143695014256e-01 1.250000000000000000e-01 0.000000000000000000e+00
9.217986314760507893e-01 1.250000000000000000e-01 0.000000000000000000e+00
9.227761485826001531e-01 1.250000000000000000e-01 0.000000000000000000e+00
9.237536656891495168e-01 1.250000000000000000e-01 0.000000000000000000e+00
9.247311827956988806e-01 1.250000000000000000e-01 0.000000000000000000e+00
9.257086999022482443e-01 1.250000000000000000e-01 0.000000000000000000e+00
9.266862170087976081e-01 1.250000000000000000e-01 0.000000000000000000e+00
9.276637341153469718e-01 1.250000000000000000e-01 0.000000000000000000e+00
9.286412512218963355e-01 1.250000000000000000e-01 0.000000000000000000e+00
9.296187683284456993e-01 1.250000000000000000e-01 0.000000000000000000e+00
9.305962854349950630e-01 1.250000000000000000e-01 0.000000000000000000e+00
9.315738025415444268e-01 1.250000000000000000e-01 0.000000000000000000e+00
9.325513196480937905e-01 1.250000000000000000e-01 0.000000000000000000e+00
9.335288367546431543e-01 1.250000000000000000e-01 0.000000000000000000e+00
9.345063538611925180e-01 1.250000000000000000e-01 0.000000000000000000e+00
9.354838709677418818e-01 1.250000000000000000e-01 0.000000000000000000e+00
9.364613880742912455e-01 1.250000000000000000e-01 0.000000000000000000e+00
9.374389051808406093e-01 1.250000000000000000e-01 0.000000000000000000e+00
9.384164222873900840e-01 1.250000000000000000e-01 0.000000000000000000e+00
9.393939393939394478e-01 1.250000000000000000e-01 0.000000000000000000e+00
9.403714565004888115e-01 1.250000000000000000e-01 0.000000000000000000e+00
9.413489736070381753e-01 1.250000000000000000e-01 0.000000000000000000e+00
9.423264907135875390e-01 1.250000000000000000e-01 0.000000000000000000e+00
9.433040078201369028e-01 1.250000000000000000e-01 0.000000000000000000e+00
9.442815249266862665e-01 1.250000000000000000e-01 0.000000000000000000e+00
9.452590420332356302e-01 1.250000000000000000e-01 0.000000000000000000e+00
9.462365591397849940e-01 1.250000000000000000e-01 0.000000000000000000e+00
9.472140762463343577e-01 1.250000000000000000e-01 0.000000000000000000e+00
9.481915933528837215e-01 1.250000000000000000e-01 0.000000000000000000e+00
9.491691104594330852e-01 1.250000000000000000e-01 0.000000000000000000e+00
9.501466275659824490e-01 1.250000000000000000e-01 0.000000000000000000e+00
9.511241446725318127e-01 1.250000000000000000e-01 0.000000000000000000e+00
9.521016617790811765e-01 1.250000000000000000e-01 0.000000000000000000e+00
9.530791788856305402e-01 1.250000000000000000e-01 0.000000000000000000e+00
9.540566959921799040e-01 1.250000000000000000e-01 0.000000000000000000e+00
9.550342130987292677e-01 1.250000000000000000e-01 0.000000000000000000e+00
9.560117302052786314e-01 1.250000000000000000e-01 0.000000000000000000e+00
9.569892473118279952e-01 1.250000000000000000e-01 0.000000000000000000e+00
9.579667644183773589e-01 1.250000000000000000e-01 0.000000000000000000e+00
9.589442815249267227e-01 1.250000000000000000e-01 0.000000000000000000e+00
9.599217986314760864e-01 1.250000000000000000e-01 0.000000000000000000e+00
9.608993157380254502e-01 1.250000000000000000e-01 0.000000000000000000e+00
9.618768328445748139e-01 1.250000000000000000e-01 0.000000000000000000e+00
9.628543499511241777e-01 1.250000000000000000e-01 0.000000000000000000e+00
9.638318670576735414e-01 1.250000000000000000e-01 0.000000000000000000e+00
9.648093841642229052e-01 1.250000000000000000e-01 0.000000000000000000e+00
9.657869012707722689e-01 1.250000000000000000e-01 0.000000000000000000e+00
9.667644183773216326e-01 1.250000000000000000e-01 0.000000000000000000e+00
9.677419354838709964e-01 1.250000000000000000e-01 0.000000000000000000e+00
9.687194525904203601e-01 1.250000000000000000e-01 0.000000000000000000e+00
9.696969696969697239e-01 1.250000000000000000e-01 0.000000000000000000e+00
9.706744868035190876e-01 1.250000000000000000e-01 0.000000000000000000e+00
9.716520039100684514e-01 1.250000000000000000e-01 0.000000000000000000e+00
9.726295210166178151e-01 1.250000000000000000e-01 0.000000000000000000e+00
9.736070381231671789e-01 1.250000000000000000e-01 0.000000000000000000e+00
9.745845552297165426e-01 1.250000000000000000e-01 0.000000000000000000e+00
9.755620723362659064e-01 1.250000000000000000e-01 0.000000000000000000e+00
9.765395894428152701e-01 1.250000000000000000e-01 0.000000000000000000e+00
9.775171065493646338e-01 1.250000000000000000e-01 0.000000000000000000e+00
9.784946236559139976e-01 1.250000000000000000e-01 0.000000000000000000e+00
9.794721407624633613e-01 1.250000000000000000e-01 0.000000000000000000e+00
9.804496578690127251e-01 1.250000000000000000e-01 0.000000000000000000e+00
9.814271749755620888e-01 1.250000000000000000e-01 0.000000000000000000e+00
9.824046920821114526e-01 1.250000000000000000e-01 0.000000000000000000e+00
9.833822091886608163e-01 1.250000000000000000e-01 0.000000000000000000e+00
9.843597262952101801e-01 1.250000000000000000e-01 0.000000000000000000e+00
9.853372434017595438e-01 1.250000000000000000e-01 0.000000000000000000e+00
9.863147605083089076e-01 1.250000000000000000e-01 0.000000000000000000e+00
9.872922776148582713e-01 1.250000000000000000e-01 0.000000000000000000e+00
9.882697947214076351e-01 1.250000000000000000e-01 0.000000000000000000e+00
9.892473118279569988e-01 1.250000000000000000e-01 0.000000000000000000e+00
9.902248289345063625e-01 1.250000000000000000e-01 0.000000000000000000e+00
9.912023460410557263e-01 1.250000000000000000e-01 0.000000000000000000e+00
9.921798631476050900e-01 1.250000000000000000e-01 0.000000000000000000e+00
9.931573802541544538e-01 1.250000000000000000e-01 0.000000000000000000e+00
9.941348973607038175e-01 1.250000000000000000e-01 0.000000000000000000e+00
9.951124144672531813e-01 1.250000000000000000e-01 0.000000000000000000e+00
9.960899315738025450e-01 1.250000000000000000e-01 0.000000000000000000e+00
9.970674486803519088e-01 1.250000000000000000e-01 0.000000000000000000e+00
9.980449657869012725e-01 1.250000000000000000e-01 0.000000000000000000e+00
9.990224828934506363e-01 1.250000000000000000e-01 -0.000000000000000000e+00
1.000000000000000000e+00 1.250000000000000000e-01 -0.000000000000000000e+00
