# 0.23262856220746167
0.000000000000000000e+00 1.000000000000000000e+00 -0.000000000000000000e+00
9.775171065493646130e-04 1.000000000000000000e+00 -0.000000000000000000e+00
1.955034213098729226e-03 1.000000000000000000e+00 0.000000000000000000e+00
2.932551319648093839e-03 1.000000000000000000e+00 0.000000000000000000e+00
3.910068426197458452e-03 1.000000000000000000e+00 0.000000000000000000e+00
4.887585532746823065e-03 1.000000000000000000e+00 0.000000000000000000e+00
5.865102639296187678e-03 1.000000000000000000e+00 0.000000000000000000e+00
6.842619745845552291e-03 1.000000000000000000e+00 0.000000000000000000e+00
7.820136852394916904e-03 1.000000000000000000e+00 0.000000000000000000e+00
8.797653958944282385e-03 1.000000000000000000e+00 0.000000000000000000e+00
9.775171065493646130e-03 1.000000000000000000e+00 0.000000000000000000e+00
1.075268817204301161e-02 1.000000000000000000e+00 0.000000000000000000e+00
1.173020527859237536e-02 1.000000000000000000e+00 0.000000000000000000e+00
1.270772238514174084e-02 1.000000000000000000e+00 0.000000000000000000e+00
1.368523949169110458e-02 1.000000000000000000e+00 0.000000000000000000e+00
1.466275659824047006e-02 1.000000000000000000e+00 0.000000000000000000e+00
1.564027370478983381e-02 1.000000000000000000e+00 0.000000000000000000e+00
1.661779081133919755e-02 1.000000000000000000e+00 0.000000000000000000e+00
1.759530791788856477e-02 1.000000000000000000e+00 0.000000000000000000e+00
1.857282502443792851e-02 1.000000000000000000e+00 0.000000000000000000e+00
1.955034213098729226e-02 1.000000000000000000e+00 0.000000000000000000e+00
2.052785923753665601e-02 1.000000000000000000e+00 0.000000000000000000e+00
2.150537634408602322e-02 1.000000000000000000e+00 0.000000000000000000e+00
2.248289345063538697e-02 1.000000000000000000e+00 0.000000000000000000e+00
2.346041055718475071e-02 1.000000000000000000e+00 0.000000000000000000e+00
2.443792766373411446e-02 1.000000000000000000e+00 0.000000000000000000e+00
2.541544477028348167e-02 1.000000000000000000e+00 0.000000000000000000e+00
2.639296187683284542e-02 1.000000000000000000e+00 0.000000000000000000e+00
2.737047898338220916e-02 1.000000000000000000e+00 0.000000000000000000e+00
2.834799608993157291e-02 1.000000000000000000e+00 0.000000000000000000e+00
2.932551319648094013e-02 1.000000000000000000e+00 0.000000000000000000e+00
3.030303030303030387e-02 1.000000000000000000e+00 0.000000000000000000e+00
3.128054740957966762e-02 1.000000000000000000e+00 0.000000000000000000e+00
3.225806451612903136e-02 1.000000000000000000e+00 0.000000000000000000e+00
3.323558162267839511e-02 1.000000000000000000e+00 0.000000000000000000e+00
3.421309872922775885e-02 1.000000000000000000e+00 0.000000000000000000e+00
3.519061583577712954e-02 1.000000000000000000e+00 0.000000000000000000e+00
3.616813294232649328e-02 1.000000000000000000e+00 0.000000000000000000e+00
3.714565004887585703e-02 1.000000000000000000e+00 0.000000000000000000e+00
3.812316715542522078e-02 1.000000000000000000e+00 0.000000000000000000e+00
3.910068426197458452e-02 1.000000000000000000e+00 0.000000000000000000e+00
4.007820136852394827e-02 1.000000000000000000e+00 0.000000000000000000e+00
4.105571847507331201e-02 1.000000000000000000e+00 0.000000000000000000e+00
4.203323558162267576e-02 1.000000000000000000e+00 0.000000000000000000e+00
4.301075268817204644e-02 1.000000000000000000e+00 0.000000000000000000e+00
4.398826979472141019e-02 1.000000000000000000e+00 0.000000000000000000e+00
4.496578690127077393e-02 1.000000000000000000e+00 0.000000000000000000e+00
4.594330400782013768e-02 1.000000000000000000e+00 0.000000000000000000e+00
4.692082111436950143e-02 1.000000000000000000e+00 0.000000000000000000e+00
4.789833822091886517e-02 1.000000000000000000e+00 0.000000000000000000e+00
4.887585532746822892e-02 1.000000000000000000e+00 0.000000000000000000e+00
4.985337243401759266e-02 1.000000000000000000e+00 0.000000000000000000e+00
5.083088954056696335e-02 1.000000000000000000e+00 0.000000000000000000e+00
5.180840664711632709e-02 1.000000000000000000e+00 0.000000000000000000e+00
5.278592375366569084e-02 1.000000000000000000e+00 0.000000000000000000e+00
5.376344086021505458e-02 1.000000000000000000e+00 0.000000000000000000e+00
5.474095796676441833e-02 1.000000000000000000e+00 0.000000000000000000e+00
5.571847507331378208e-02 1.000000000000000000e+00 0.000000000000000000e+00
5.669599217986314582e-02 1.000000000000000000e+00 0.000000000000000000e+00
5.767350928641250957e-02 1.000000000000000000e+00 0.000000000000000000e+00
5.865102639296188025e-02 1.000000000000000000e+00 0.000000000000000000e+00
5.962854349951124400e-02 1.000000000000000000e+00 0.000000000000000000e+00
6.060606060606060774e-02 1.000000000000000000e+00 0.000000000000000000e+00
6.158357771260997149e-02 1.000000000000000000e+00 0.000000000000000000e+00
6.256109481915933523e-02 1.000000000000000000e+00 0.000000000000000000e+00
6.353861192570869898e-02 1.000000000000000000e+00 0.000000000000000000e+00
6.451612903225806273e-02 1.000000000000000000e+00 0.000000000000000000e+00
6.549364613880742647e-02 1.000000000000000000e+00 0.000000000000000000e+00
6.647116324535679022e-02 1.000000000000000000e+00 0.000000000000000000e+00
6.744868035190615396e-02 1.000000000000000000e+00 0.000000000000000000e+00
6.842619745845551771e-02 1.000000000000000000e+00 0.000000000000000000e+00
6.940371456500488145e-02 1.000000000000000000e+00 0.000000000000000000e+00
7.038123167155425908e-02 1.000000000000000000e+00 0.000000000000000000e+00
7.135874877810362282e-02 1.000000000000000000e+00 0.000000000000000000e+00
7.233626588465298657e-02 1.000000000000000000e+00 0.000000000000000000e+00
7.331378299120235031e-02 1.000000000000000000e+00 0.000000000000000000e+00
7.429130009775171406e-02 1.000000000000000000e+00 0.000000000000000000e+00
7.526881720430107781e-02 1.000000000000000000e+00 0.000000000000000000e+00
7.624633431085044155e-02 1.000000000000000000e+00 0.000000000000000000e+00
7.722385141739980530e-02 1.000000000000000000e+00 0.000000000000000000e+00
7.820136852394916904e-02 1.000000000000000000e+00 0.000000000000000000e+00
7.917888563049853279e-02 1.000000000000000000e+00 0.000000000000000000e+00
8.015640273704789653e-02 1.000000000000000000e+00 0.000000000000000000e+00
8.113391984359726028e-02 1.000000000000000000e+00 0.000000000000000000e+00
8.211143695014662403e-02 1.000000000000000000e+00 0.000000000000000000e+00
8.308895405669598777e-02 1.000000000000000000e+00 0.000000000000000000e+00
8.406647116324535152e-02 1.000000000000000000e+00 0.000000000000000000e+00
8.504398826979471526e-02 1.000000000000000000e+00 0.000000000000000000e+00
8.602150537634409289e-02 1.000000000000000000e+00 0.000000000000000000e+00
8.699902248289345663e-02 1.000000000000000000e+00 0.000000000000000000e+00
8.797653958944282038e-02 1.000000000000000000e+00 0.000000000000000000e+00
8.895405669599218412e-02 1.000000000000000000e+00 0.000000000000000000e+00
8.993157380254154787e-02 1.000000000000000000e+00 0.000000000000000000e+00
9.090909090909091161e-02 1.000000000000000000e+00 0.000000000000000000e+00
9.188660801564027536e-02 1.000000000000000000e+00 0.000000000000000000e+00
9.286412512218963911e-02 1.000000000000000000e+00 0.000000000000000000e+00
9.384164222873900285e-02 1.000000000000000000e+00 0.000000000000000000e+00
9.481915933528836660e-02 1.000000000000000000e+00 0.000000000000000000e+00
9.579667644183773034e-02 1.000000000000000000e+00 0.000000000000000000e+00
9.677419354838709409e-02 1.000000000000000000e+00 0.000000000000000000e+00
9.775171065493645783e-02 1.000000000000000000e+00 0.000000000000000000e+00
9.872922776148582158e-02 1.000000000000000000e+00 0.000000000000000000e+00
9.970674486803518533e-02 1.000000000000000000e+00 0.000000000000000000e+00
1.006842619745845491e-01 1.000000000000000000e+00 0.000000000000000000e+00
1.016617790811339267e-01 1.000000000000000000e+00 0.000000000000000000e+00
1.026392961876832904e-01 1.000000000000000000e+00 0.000000000000000000e+00
1.036168132942326542e-01 1.000000000000000000e+00 0.000000000000000000e+00
1.045943304007820179e-01 1.000000000000000000e+00 0.000000000000000000e+00
1.055718475073313817e-01 1.000000000000000000e+00 0.000000000000000000e+00
1.065493646138807454e-01 1.000000000000000000e+00 0.000000000000000000e+00
1.075268817204301092e-01 1.000000000000000000e+00 0.000000000000000000e+00
1.085043988269794729e-01 1.000000000000000000e+00 0.000000000000000000e+00
1.094819159335288367e-01 1.000000000000000000e+00 0.000000000000000000e+00
1.104594330400782004e-01 1.000000000000000000e+00 0.000000000000000000e+00
1.114369501466275642e-01 1.000000000000000000e+00 0.000000000000000000e+00
1.124144672531769279e-01 1.000000000000000000e+00 0.000000000000000000e+00
1.133919843597262916e-01 1.000000000000000000e+00 0.000000000000000000e+00
1.143695014662756554e-01 1.000000000000000000e+00 0.000000000000000000e+00
1.153470185728250191e-01 1.000000000000000000e+00 0.000000000000000000e+00
1.163245356793743829e-01 1.000000000000000000e+00 0.000000000000000000e+00
1.173020527859237605e-01 1.000000000000000000e+00 0.000000000000000000e+00
1.182795698924731242e-01 1.000000000000000000e+00 0.000000000000000000e+00
1.192570869990224880e-01 1.000000000000000000e+00 0.000000000000000000e+00
1.202346041055718517e-01 1.000000000000000000e+00 0.000000000000000000e+00
1.212121212121212155e-01 1.000000000000000000e+00 0.000000000000000000e+00
1.221896383186705792e-01 1.000000000000000000e+00 0.000000000000000000e+00
1.231671554252199430e-01 1.000000000000000000e+00 0.000000000000000000e+00
1.241446725317693067e-01 1.000000000000000000e+00 0.000000000000000000e+00
1.251221896383186705e-01 1.000000000000000000e+00 0.000000000000000000e+00
1.260997067448680342e-01 1.000000000000000000e+00 0.000000000000000000e+00
1.270772238514173980e-01 1.000000000000000000e+00 0.000000000000000000e+00
1.280547409579667617e-01 1.000000000000000000e+00 0.000000000000000000e+00
1.290322580645161255e-01 1.000000000000000000e+00 0.000000000000000000e+00
1.300097751710654892e-01 1.000000000000000000e+00 0.000000000000000000e+00
1.309872922776148529e-01 1.000000000000000000e+00 0.000000000000000000e+00
1.319648093841642167e-01 1.000000000000000000e+00 0.000000000000000000e+00
1.329423264907135804e-01 1.000000000000000000e+00 0.000000000000000000e+00
1.339198435972629442e-01 1.000000000000000000e+00 0.000000000000000000e+00
1.348973607038123079e-01 1.000000000000000000e+00 0.000000000000000000e+00
1.358748778103616717e-01 1.000000000000000000e+00 0.000000000000000000e+00
1.368523949169110354e-01 1.000000000000000000e+00 0.000000000000000000e+00
1.378299120234603992e-01 1.000000000000000000e+00 0.000000000000000000e+00
1.388074291300097629e-01 1.000000000000000000e+00 0.000000000000000000e+00
1.397849462365591267e-01 1.000000000000000000e+00 0.000000000000000000e+00
1.407624633431085182e-01 1.000000000000000000e+00 0.000000000000000000e+00
1.417399804496578819e-01 1.000000000000000000e+00 0.000000000000000000e+00
1.427174975562072456e-01 1.000000000000000000e+00 0.000000000000000000e+00
1.436950146627566094e-01 1.000000000000000000e+00 0.000000000000000000e+00
1.446725317693059731e-01 1.000000000000000000e+00 0.000000000000000000e+00
1.456500488758553369e-01 1.000000000000000000e+00 0.000000000000000000e+00
1.466275659824047006e-01 1.000000000000000000e+00 0.000000000000000000e+00
1.476050830889540644e-01 1.000000000000000000e+00 0.000000000000000000e+00
1.485826001955034281e-01 1.000000000000000000e+00 0.000000000000000000e+00
1.495601173020527919e-01 1.000000000000000000e+00 0.000000000000000000e+00
1.505376344086021556e-01 1.000000000000000000e+00 0.000000000000000000e+00
1.515151515151515194e-01 1.000000000000000000e+00 0.000000000000000000e+00
1.524926686217008831e-01 1.000000000000000000e+00 0.000000000000000000e+00
1.534701857282502468e-01 1.000000000000000000e+00 0.000000000000000000e+00
1.544477028347996106e-01 1.000000000000000000e+00 0.000000000000000000e+00
1.554252199413489743e-01 1.000000000000000000e+00 0.000000000000000000e+00
1.564027370478983381e-01 1.000000000000000000e+00 0.000000000000000000e+00
1.573802541544477018e-01 1.000000000000000000e+00 0.000000000000000000e+00
1.583577712609970656e-01 1.000000000000000000e+00 0.000000000000000000e+00
1.593352883675464293e-01 1.000000000000000000e+00 0.000000000000000000e+00
1.603128054740957931e-01 1.000000000000000000e+00 0.000000000000000000e+00
1.612903225806451568e-01 1.000000000000000000e+00 0.000000000000000000e+00
1.622678396871945206e-01 1.000000000000000000e+00 0.000000000000000000e+00
1.632453567937438843e-01 1.000000000000000000e+00 0.000000000000000000e+00
1.642228739002932481e-01 1.000000000000000000e+00 0.000000000000000000e+00
1.652003910068426118e-01 1.000000000000000000e+00 0.000000000000000000e+00
1.661779081133919755e-01 1.000000000000000000e+00 0.000000000000000000e+00
1.671554252199413393e-01 1.000000000000000000e+00 0.000000000000000000e+00
1.681329423264907030e-01 1.000000000000000000e+00 0.000000000000000000e+00
1.691104594330400668e-01 1.000000000000000000e+00 0.000000000000000000e+00
1.700879765395894305e-01 1.000000000000000000e+00 0.000000000000000000e+00
1.710654936461387943e-01 1.000000000000000000e+00 0.000000000000000000e+00
1.720430107526881858e-01 1.000000000000000000e+00 0.000000000000000000e+00
1.730205278592375495e-01 1.000000000000000000e+00 0.000000000000000000e+00
1.739980449657869133e-01 1.000000000000000000e+00 0.000000000000000000e+00
1.749755620723362770e-01 1.000000000000000000e+00 0.000000000000000000e+00
1.759530791788856408e-01 1.000000000000000000e+00 0.000000000000000000e+00
1.769305962854350045e-01 1.000000000000000000e+00 0.000000000000000000e+00
1.779081133919843682e-01 1.000000000000000000e+00 0.000000000000000000e+00
1.788856304985337320e-01 1.000000000000000000e+00 0.000000000000000000e+00
1.798631476050830957e-01 1.000000000000000000e+00 0.000000000000000000e+00
1.808406647116324595e-01 1.000000000000000000e+00 0.000000000000000000e+00
1.818181818181818232e-01 1.000000000000000000e+00 0.000000000000000000e+00
1.827956989247311870e-01 1.000000000000000000e+00 0.000000000000000000e+00
1.837732160312805507e-01 1.000000000000000000e+00 0.000000000000000000e+00
1.847507331378299145e-01 1.000000000000000000e+00 0.000000000000000000e+00
1.857282502443792782e-01 1.000000000000000000e+00 0.000000000000000000e+00
1.867057673509286420e-01 1.000000000000000000e+00 0.000000000000000000e+00
1.876832844574780057e-01 1.000000000000000000e+00 0.000000000000000000e+00
1.886608015640273694e-01 1.000000000000000000e+00 0.000000000000000000e+00
1.896383186705767332e-01 1.000000000000000000e+00 0.000000000000000000e+00
1.906158357771260969e-01 1.000000000000000000e+00 0.000000000000000000e+00
1.915933528836754607e-01 1.000000000000000000e+00 0.000000000000000000e+00
1.925708699902248244e-01 1.000000000000000000e+00 0.000000000000000000e+00
1.935483870967741882e-01 1.000000000000000000e+00 0.000000000000000000e+00
1.945259042033235519e-01 1.000000000000000000e+00 0.000000000000000000e+00
1.955034213098729157e-01 1.000000000000000000e+00 0.000000000000000000e+00
1.964809384164222794e-01 1.000000000000000000e+00 0.000000000000000000e+00
1.974584555229716432e-01 1.000000000000000000e+00 0.000000000000000000e+00
1.984359726295210069e-01 1.000000000000000000e+00 0.000000000000000000e+00
1.994134897360703707e-01 1.000000000000000000e+00 0.000000000000000000e+00
2.003910068426197344e-01 1.000000000000000000e+00 0.000000000000000000e+00
2.013685239491690981e-01 1.000000000000000000e+00 0.000000000000000000e+00
2.023460410557184619e-01 1.000000000000000000e+00 0.000000000000000000e+00
2.033235581622678534e-01 1.000000000000000000e+00 0.000000000000000000e+00
2.043010752688172171e-01 1.000000000000000000e+00 0.000000000000000000e+00
2.052785923753665809e-01 1.000000000000000000e+00 0.000000000000000000e+00
2.062561094819159446e-01 1.000000000000000000e+00 0.000000000000000000e+00
2.072336265884653084e-01 1.000000000000000000e+00 0.000000000000000000e+00
2.082111436950146721e-01 1.000000000000000000e+00 0.000000000000000000e+00
2.091886608015640359e-01 1.000000000000000000e+00 0.000000000000000000e+00
2.101661779081133996e-01 1.000000000000000000e+00 0.000000000000000000e+00
2.111436950146627634e-01 1.000000000000000000e+00 0.000000000000000000e+00
2.121212121212121271e-01 1.000000000000000000e+00 0.000000000000000000e+00
2.130987292277614908e-01 1.000000000000000000e+00 0.000000000000000000e+00
2.140762463343108546e-01 1.000000000000000000e+00 0.000000000000000000e+00
2.150537634408602183e-01 1.000000000000000000e+00 0.000000000000000000e+00
2.160312805474095821e-01 1.000000000000000000e+00 0.000000000000000000e+00
2.170087976539589458e-01 1.000000000000000000e+00 0.000000000000000000e+00
2.179863147605083096e-01 1.000000000000000000e+00 0.000000000000000000e+00
2.189638318670576733e-01 1.000000000000000000e+00 0.000000000000000000e+00
2.199413489736070371e-01 1.000000000000000000e+00 0.000000000000000000e+00
2.209188660801564008e-01 1.000000000000000000e+00 0.000000000000000000e+00
2.218963831867057646e-01 1.000000000000000000e+00 0.000000000000000000e+00
2.228739002932551283e-01 1.000000000000000000e+00 0.000000000000000000e+00
2.238514173998044920e-01 1.000000000000000000e+00 0.000000000000000000e+00
2.248289345063538558e-01 1.000000000000000000e+00 0.000000000000000000e+00
2.258064516129032195e-01 1.000000000000000000e+00 0.000000000000000000e+00
2.267839687194525833e-01 1.000000000000000000e+00 0.000000000000000000e+00
2.277614858260019470e-01 1.000000000000000000e+00 0.000000000000000000e+00
2.287390029325513108e-01 1.000000000000000000e+00 0.000000000000000000e+00
2.297165200391006745e-01 1.000000000000000000e+00 0.000000000000000000e+00
2.306940371456500383e-01 1.000000000000000000e+00 0.000000000000000000e+00
2.316715542521994020e-01 1.000000000000000000e+00 0.000000000000000000e+00
2.326490713587487658e-01 1.000000000000000000e+00 0.000000000000000000e+00
2.336265884652981295e-01 1.000000000000000000e+00 0.000000000000000000e+00
2.346041055718475210e-01 1.000000000000000000e+00 0.000000000000000000e+00
2.355816226783968848e-01 1.000000000000000000e+00 0.000000000000000000e+00
2.365591397849462485e-01 1.000000000000000000e+00 0.000000000000000000e+00
2.375366568914956122e-01 1.000000000000000000e+00 0.000000000000000000e+00
2.385141739980449760e-01 1.000000000000000000e+00 0.000000000000000000e+00
2.394916911045943397e-01 1.000000000000000000e+00 0.000000000000000000e+00
2.404692082111437035e-01 1.000000000000000000e+00 0.000000000000000000e+00
2.414467253176930672e-01 1.000000000000000000e+00 0.000000000000000000e+00
2.424242424242424310e-01 1.000000000000000000e+00 0.000000000000000000e+00
2.434017595307917947e-01 1.000000000000000000e+00 0.000000000000000000e+00
2.443792766373411585e-01 1.000000000000000000e+00 0.000000000000000000e+00
2.453567937438905222e-01 1.000000000000000000e+00 0.000000000000000000e+00
2.463343108504398860e-01 1.000000000000000000e+00 0.000000000000000000e+00
2.473118279569892497e-01 1.000000000000000000e+00 0.000000000000000000e+00
2.482893450635386134e-01 1.000000000000000000e+00 0.000000000000000000e+00
2.492668621700879772e-01 1.000000000000000000e+00 0.000000000000000000e+00
2.502443792766373409e-01 1.000000000000000000e+00 0.000000000000000000e+00
2.512218963831867047e-01 1.000000000000000000e+00 0.000000000000000000e+00
2.521994134897360684e-01 1.000000000000000000e+00 0.000000000000000000e+00
2.531769305962854322e-01 1.000000000000000000e+00 0.000000000000000000e+00
2.541544477028347959e-01 1.000000000000000000e+00 0.000000000000000000e+00
2.551319648093841597e-01 1.000000000000000000e+00 0.000000000000000000e+00
2.561094819159335234e-01 1.000000000000000000e+00 0.000000000000000000e+00
2.570869990224828872e-01 1.000000000000000000e+00 0.000000000000000000e+00
2.580645161290322509e-01 1.000000000000000000e+00 0.000000000000000000e+00
2.590420332355816146e-01 1.000000000000000000e+00 0.000000000000000000e+00
2.600195503421309784e-01 1.000000000000000000e+00 0.000000000000000000e+00
2.609970674486803421e-01 1.000000000000000000e+00 0.000000000000000000e+00
2.619745845552297059e-01 1.000000000000000000e+00 0.000000000000000000e+00
2.629521016617790696e-01 1.000000000000000000e+00 0.000000000000000000e+00
2.639296187683284334e-01 1.000000000000000000e+00 0.000000000000000000e+00
2.649071358748777971e-01 1.000000000000000000e+00 4.491236747110225126e-18
2.658846529814271609e-01 9.999999999999995559e-01 2.694764109368910960e-16
2.668621700879765246e-01 9.999999999999982236e-01 1.612383744238172469e-15
2.678396871945258884e-01 9.999999999999936717e-01 4.500345079510746049e-15
2.688172043010752521e-01 9.999999999999854561e-01 1.281845538190962052e-14
2.697947214076246158e-01 9.999999999999632516e-01 2.728990605376245874e-14
2.707722385141739796e-01 9.999999999999256151e-01 6.535506636915265162e-14
2.717497556207233433e-01 9.999999999998259170e-01 1.294708611306022644e-13
2.727272727272727071e-01 9.999999999996594946e-01 2.976902541694428129e-13
2.737047898338220708e-01 9.999999999992286170e-01 5.755874579339284082e-13
2.746823069403714346e-01 9.999999999985189625e-01 1.292828818139018651e-12
2.756598240469207983e-01 9.999999999966998621e-01 2.465359847963199233e-12
2.766373411534701621e-01 9.999999999937443373e-01 5.436781556017063913e-12
2.776148582600195258e-01 9.999999999863262712e-01 1.024306789328552162e-11
2.785923753665688896e-01 9.999999999743800494e-01 2.216393070182290417e-11
2.795698924731182533e-01 9.999999999450575050e-01 4.126719657105621422e-11
2.805474095796676171e-01 9.999999998982758154e-01 8.759738887751173955e-11
2.815249266862170363e-01 9.999999997860273826e-01 1.611180957439718529e-10
2.825024437927664001e-01 9.999999996087440834e-01 3.353795007620099263e-10
2.834799608993157638e-01 9.999999991931203258e-01 6.091127970315757681e-10
2.844574780058651275e-01 9.999999985434171457e-01 1.242762013891299363e-09
2.854349951124144913e-01 9.999999970564468210e-01 2.227752796266128168e-09
2.864125122189638550e-01 9.999999947565489933e-01 4.452721614533156388e-09
2.873900293255132188e-01 9.999999896221914986e-01 7.874243685258119301e-09
2.883675464320625825e-01 9.999999817675024882e-01 1.540941828517043026e-08
2.893450635386119463e-01 9.999999646795572072e-01 2.686825701234347561e-08
2.903225806451613100e-01 9.999999388330638173e-01 5.144743019042291497e-08
2.913000977517106738e-01 9.999998840944988032e-01 8.839509339462900883e-08
2.922776148582600375e-01 9.999998022697873523e-01 1.655009551286937553e-07
2.932551319648094013e-01 9.999996337691581250e-01 2.800200335472116093e-07
2.942326490713587650e-01 9.999993849648310951e-01 5.122473293641978001e-07
2.952101661779081287e-01 9.999988874240932635e-01 8.528478626661977562e-07
2.961876832844574925e-01 9.999981621433261525e-01 1.523046893389392721e-06
2.971652003910068562e-01 9.999967558425216785e-01 2.493141351397594380e-06
2.981427174975562200e-01 9.999947333144583173e-01 4.342380666340774150e-06
2.991202346041055837e-01 9.999909374079277713e-01 6.982201985421779779e-06
3.000977517106549475e-01 9.999855554528851442e-01 1.184805499364871269e-05
3.010752688172043112e-01 9.999757980873356100e-01 1.869266360310806191e-05
3.020527859237536750e-01 9.999621719406446285e-01 3.086523430226449009e-05
3.030303030303030387e-01 9.999383649147829400e-01 4.772085075897713238e-05
3.040078201368524025e-01 9.999056541711313084e-01 7.656767979264211365e-05
3.049853372434017662e-01 9.998507324936095619e-01 1.158415539869151297e-04
3.059628543499511300e-01 9.997765838392905779e-01 1.803241979712501416e-04
3.069403714565004937e-01 9.996573362501285365e-01 2.665114958377318589e-04
3.079178885630498574e-01 9.994993966435943289e-01 4.017854380376358297e-04
3.088954056695992212e-01 9.992570159997309354e-01 5.789658700478685733e-04
3.098729227761485849e-01 9.989426842773033721e-01 8.437403736996845283e-04
3.108504398826979487e-01 9.984842318388452709e-01 1.182836138396422187e-03
3.118279569892473124e-01 9.979033988200489702e-01 1.663309549526850641e-03
3.128054740957966762e-01 9.971014128301313173e-01 2.263438404131953158e-03
3.137829912023460399e-01 9.961113230434875954e-01 3.066779777165088306e-03
3.147605083088954037e-01 9.948208165049252649e-01 4.042609647059240349e-03
3.157380254154447674e-01 9.932726235225267652e-01 5.274199012962443867e-03
3.167155425219941312e-01 9.913687265208687149e-01 6.724980316748665685e-03
3.176930596285434949e-01 9.891550030626152790e-01 8.453098655623023788e-03
3.186705767350928586e-01 9.865786304147190489e-01 1.042249857393327470e-02
3.196480938416422224e-01 9.836807711391677422e-01 1.264799988242420146e-02
3.206256109481915861e-01 9.804658279423782430e-01 1.509894972756036131e-02
3.216031280547409499e-01 9.769681383544916997e-01 1.775065383695230425e-02
3.225806451612903136e-01 9.732307751230974135e-01 2.057673797432405666e-02
3.235581622678396774e-01 9.692862285269446820e-01 2.353679193010746115e-02
3.245356793743890411e-01 9.651828847153220980e-01 2.660470574125466808e-02
3.255131964809384049e-01 9.609543582357609193e-01 2.974729371865797792e-02
3.264907135874877686e-01 9.566342099016867939e-01 3.293970109955064729e-02
3.274682306940371324e-01 9.522515935700128775e-01 3.616210310931047139e-02
3.284457478005864961e-01 9.478259059296768596e-01 3.939657228520257459e-02
3.294232649071358598e-01 9.433753178316233168e-01 4.263156891342803623e-02
3.304007820136852236e-01 9.389116598975839612e-01 4.585802257134011239e-02
3.313782991202345873e-01 9.344435111053143173e-01 4.906888739548050798e-02
3.323558162267839511e-01 9.299775645850167916e-01 5.226025462235842772e-02
3.333333333333333148e-01 9.255181301704393793e-01 5.542865183564070486e-02
3.343108504398826786e-01 9.210680797313670620e-01 5.857200288333167665e-02
3.352883675464320423e-01 9.166299483775357526e-01 6.168889469398992909e-02
3.362658846529814061e-01 9.122050225345992303e-01 6.477832752733950206e-02
3.372434017595307698e-01 9.077945672504733610e-01 6.783951257439316262e-02
3.382209188660801336e-01 9.033993741837965663e-01 7.087212518641164416e-02
3.391984359726294973e-01 8.990201350579233308e-01 7.387572413199641752e-02
3.401759530791788610e-01 8.946572444548566150e-01 7.685017006573569009e-02
3.411534701857282248e-01 8.903111972637390847e-01 7.979529032994750470e-02
3.421309872922775885e-01 8.859821967277662358e-01 8.271105656143103169e-02
3.431085043988269523e-01 8.816705484485936051e-01 8.559739342954789110e-02
3.440860215053763715e-01 8.773763884687095782e-01 8.845436708594782427e-02
3.450635386119257353e-01 8.730999125933996963e-01 9.128197754696028288e-02
3.460410557184750990e-01 8.688411860996837488e-01 9.408032239181264578e-02
3.470185728250244628e-01 8.646003423476683603e-01 9.684946273247288517e-02
3.479960899315738265e-01 8.603774103358516889e-01 9.958952392887940319e-02
3.489736070381231903e-01 8.561724662137950581e-01 1.023005990779010388e-01
3.499511241446725540e-01 8.519855170373334952e-01 1.049828328821122980e-01
3.509286412512219178e-01 8.478166033048691874e-01 1.076363460914005199e-01
3.519061583577712815e-01 8.436657129343421158e-01 1.102612929502466560e-01
3.528836754643206453e-01 8.395328593396094163e-01 1.128578127669694758e-01
3.538611925708700090e-01 8.354180195094313977e-01 1.154260684925198788e-01
3.548387096774193727e-01 8.313211862087032111e-01 1.179662119631271072e-01
3.558162267839687365e-01 8.272423272599855881e-01 1.204784110883702075e-01
3.567937438905181002e-01 8.231814211352916910e-01 1.229628271493663078e-01
3.577712609970674640e-01 8.191384289678818043e-01 1.254196316667138822e-01
3.587487781036168277e-01 8.151133181572158826e-01 1.278489918738987541e-01
3.597262952101661915e-01 8.111060447627683745e-01 1.302510817559713041e-01
3.607038123167155552e-01 8.071165683470824526e-01 1.326260727025106723e-01
3.616813294232649190e-01 8.031448408547277040e-01 1.349741401346222780e-01
3.626588465298142827e-01 7.991908160264515892e-01 1.372954579354055404e-01
3.636363636363636465e-01 7.952544426974659242e-01 1.395902023924981972e-01
3.646138807429130102e-01 7.913356704018484900e-01 1.418585487901332653e-01
3.655913978494623739e-01 7.874344454852032493e-01 1.441006736715577663e-01
3.665689149560117377e-01 7.835507144567810389e-01 1.463167529008862766e-01
3.675464320625611014e-01 7.796844217893439399e-01 1.485069628851020396e-01
3.685239491691104652e-01 7.758355118296381692e-01 1.506714794543403957e-01
3.695014662756598289e-01 7.720039276351321478e-01 1.528104785127911702e-01
3.704789833822091927e-01 7.681896120587883292e-01 1.549241354221488065e-01
3.714565004887585564e-01 7.643925071511440406e-01 1.570126253127669402e-01
3.724340175953079202e-01 7.606125547617306193e-01 1.590761227418760748e-01
3.734115347018572839e-01 7.568496962653956661e-01 1.611148018378089630e-01
3.743890518084066477e-01 7.531038728965839812e-01 1.631288361129027420e-01
3.753665689149560114e-01 7.493750256361404460e-01 1.651183985159557777e-01
3.763440860215053752e-01 7.456630954001373102e-01 1.670836613282516703e-01
3.773216031280547389e-01 7.419680230101739493e-01 1.690247961772407548e-01
3.782991202346041026e-01 7.382897493040841974e-01 1.709419739768712199e-01
3.792766373411534664e-01 7.346282151418310757e-01 1.728353649228632494e-01
3.802541544477028301e-01 7.309833614753405984e-01 1.747051384572158861e-01
3.812316715542521939e-01 7.273551293698543585e-01 1.765514632585477306e-01
3.822091886608015576e-01 7.237434600516108318e-01 1.783745072197032433e-01
3.831867057673509214e-01 7.201482949332160821e-01 1.801744374372315771e-01
3.841642228739002851e-01 7.165695756494139257e-01 1.819514201968210620e-01
3.851417399804496489e-01 7.130072440826772384e-01 1.837056209645086258e-01
3.861192570869990126e-01 7.094612423919927080e-01 1.854372043769139944e-01
3.870967741935483764e-01 7.059315130368030156e-01 1.871463342344124314e-01
3.880742913000977401e-01 7.024179988016215903e-01 1.888331734946966378e-01
3.890518084066471038e-01 6.989206428182446196e-01 1.904978842680731255e-01
3.900293255131964676e-01 6.954393885876670733e-01 1.921406278134159262e-01
3.910068426197458313e-01 6.919741800006978805e-01 1.937615645352344096e-01
3.919843597262951951e-01 6.885249613581524430e-01 1.953608539814720435e-01
3.929618768328445588e-01 6.850916773903352741e-01 1.969386548421314664e-01
3.939393939393939226e-01 6.816742732761650325e-01 1.984951249485278069e-01
3.949169110459432863e-01 6.782726946619217490e-01 2.000304212731713049e-01
3.958944281524926501e-01 6.748868876798116423e-01 2.015446999301953035e-01
3.968719452590420138e-01 6.715167989664126980e-01 2.030381161762972453e-01
3.978494623655913776e-01 6.681623756811103654e-01 2.045108244121312813e-01
3.988269794721407413e-01 6.648235655246064191e-01 2.059629781841163798e-01
3.998044965786901050e-01 6.615003167575969067e-01 2.073947301866244097e-01
4.007820136852394688e-01 6.581925782197045605e-01 2.088062322645185820e-01
4.017595307917888325e-01 6.549002993487468283e-01 2.101976354160114135e-01
4.027370478983381963e-01 6.516234302004223489e-01 2.115690897958189265e-01
4.037145650048875600e-01 6.483619214684939180e-01 2.129207447185850755e-01
4.046920821114369238e-01 6.451157245055515466e-01 2.142527486625642463e-01
4.056695992179862875e-01 6.418847913444364339e-01 2.155652492735407877e-01
4.066471163245357068e-01 6.386690747204033514e-01 2.168583933689724741e-01
4.076246334310850705e-01 6.354685280941051451e-01 2.181323269423446343e-01
4.086021505376344343e-01 6.322831056754837364e-01 2.193871951677286436e-01
4.095796676441837980e-01 6.291127624486543279e-01 2.206231424045326517e-01
4.105571847507331618e-01 6.259574541978669693e-01 2.218403122024399376e-01
4.115347018572825255e-01 6.228171375346402971e-01 2.230388473065301469e-01
4.125122189638318893e-01 6.196917699261625945e-01 2.242188896625793570e-01
4.134897360703812530e-01 6.165813097250552044e-01 2.253805804225384735e-01
4.144672531769306167e-01 6.134857162006057685e-01 2.265240599501890384e-01
4.154447702834799805e-01 6.104049495715774265e-01 2.276494678269774252e-01
4.164222873900293442e-01 6.073389710407078868e-01 2.287569428580297493e-01
4.173998044965787080e-01 6.042877428310171606e-01 2.298466230783531017e-01
4.183773216031280717e-01 6.012512282240551897e-01 2.309186457592261599e-01
4.193548387096774355e-01 5.982293916002170420e-01 2.319731474147881944e-01
4.203323558162267992e-01 5.952221984812718913e-01 2.330102638088320521e-01
4.213098729227761630e-01 5.922296155752532210e-01 2.340301299618130770e-01
4.222873900293255267e-01 5.892516108238746719e-01 2.350328801580844618e-01
4.232649071358748905e-01 5.862881534526362959e-01 2.360186479533699644e-01
4.242424242424242542e-01 5.833392140238042867e-01 2.369875661824915880e-01
4.252199413489736179e-01 5.804047644924593685e-01 2.379397669673645466e-01
4.261974584555229817e-01 5.774847782658150130e-01 2.388753817252810552e-01
4.271749755620723454e-01 5.745792302660298612e-01 2.397945411774997371e-01
4.281524926686217092e-01 5.716880969967418347e-01 2.406973753581637676e-01
4.291300097751710729e-01 5.688113566135832855e-01 2.415840136235723190e-01
4.301075268817204367e-01 5.659489889989338662e-01 2.424545846618294809e-01
4.310850439882698004e-01 5.631009758412086619e-01 2.433092165029031029e-01
4.320625610948191642e-01 5.602673007189759025e-01 2.441480365291201216e-01
4.330400782013685279e-01 5.574479491902405437e-01 2.449711714861380618e-01
4.340175953079178917e-01 5.546429088872384394e-01 2.457787474944266026e-01
4.349951124144672554e-01 5.518521696171183599e-01 2.465708900613011734e-01
4.359726295210166191e-01 5.490757234689123134e-01 2.473477240935545995e-01
4.369501466275659829e-01 5.463135649272257144e-01 2.481093739107331220e-01
4.379276637341153466e-01 5.435656909931024794e-01 2.488559632591104132e-01
4.389051808406647104e-01 5.408321013125637622e-01 2.495876153264185993e-01
4.398826979472140741e-01 5.381127983133449089e-01 2.503044527573968780e-01
4.408602150537634379e-01 5.354077873503961804e-01 2.510065976702265944e-01
4.418377321603128016e-01 5.327170768607503160e-01 2.516941716739273249e-01
4.428152492668621654e-01 5.300406785284089706e-01 2.523672958867931859e-01
4.437927663734115291e-01 5.273786074599349227e-01 2.530260909559574611e-01
4.447702834799608929e-01 5.247308823714960102e-01 2.536706770781810283e-01
4.457478005865102566e-01 5.220975257881511622e-01 2.543011740219665029e-01
4.467253176930596203e-01 5.194785642562264050e-01 2.549177011511112867e-01
4.477028347996089841e-01 5.168740285696865611e-01 2.555203774498207570e-01
4.486803519061583478e-01 5.142839540114668706e-01 2.561093215495132691e-01
4.496578690127077116e-01 5.117083806107987076e-01 2.566846517574621900e-01
4.506353861192570753e-01 5.091473534176252924e-01 2.572464860874265069e-01
4.516129032258064391e-01 5.066009227952770200e-01 2.577949422924443179e-01
4.525904203323558028e-01 5.040691447326539620e-01 2.583301378999665054e-01
4.535679374389051666e-01 5.015520811772306020e-01 2.588521902495316551e-01
4.545454545454545303e-01 4.990498003902916757e-01 2.593612165331952157e-01
4.555229716520038941e-01 4.965623773258724949e-01 2.598573338389459364e-01
4.565004887585532578e-01 4.940898940349773838e-01 2.603406591973558837e-01
4.574780058651026216e-01 4.916324400967215791e-01 2.608113096317404844e-01
4.584555229716519853e-01 4.891901130781335927e-01 2.612694022121118675e-01
4.594330400782013490e-01 4.867630190244311428e-01 2.617150541132450825e-01
4.604105571847507128e-01 4.843512729816685236e-01 2.621483826771900394e-01
4.613880742913000765e-01 4.819549995537231180e-01 2.625695054805908257e-01
4.623655913978494403e-01 4.795743334956575343e-01 2.629785404071990351e-01
4.633431085043988040e-01 4.772094203455491401e-01 2.633756057259921679e-01
4.643206256109481678e-01 4.748604170969202842e-01 2.637608201753369186e-01
4.652981427174975315e-01 4.725274929139254843e-01 2.641343030536615899e-01
4.662756598240468953e-01 4.702108298914532969e-01 2.644961743171296287e-01
4.672531769305962590e-01 4.679106238622692260e-01 2.648465546848330909e-01
4.682306940371456228e-01 4.656270852532595206e-01 2.651855657520462706e-01
4.692082111436950420e-01 4.633604399927210848e-01 2.655133301121029299e-01
4.701857282502444058e-01 4.611109304704777978e-01 2.658299714874820530e-01
4.711632453567937695e-01 4.588788165523625118e-01 2.661356148706924829e-01
4.721407624633431332e-01 4.566643766502877511e-01 2.664303866755665107e-01
4.731182795698924970e-01 4.544679088487134089e-01 2.667144148995593822e-01
4.740957966764418607e-01 4.522897320877851679e-01 2.669878292976506917e-01
4.750733137829912245e-01 4.501301874027494598e-01 2.672507615684140414e-01
4.760508308895405882e-01 4.479896392184209430e-01 2.675033455527830450e-01
4.770283479960899520e-01 4.458684766964604584e-01 2.677457174459827449e-01
4.780058651026393157e-01 4.437671151319806939e-01 2.679780160230109676e-01
4.789833822091886795e-01 4.416859973945151396e-01 2.682003828779421228e-01
4.799608993157380432e-01 4.396255954066008997e-01 2.684129626771804000e-01
4.809384164222874070e-01 4.375864116511277158e-01 2.686159034266026313e-01
4.819159335288367707e-01 4.355689806961239863e-01 2.688093567522981675e-01
4.828934506353861345e-01 4.335738707227623778e-01 2.689934781943250641e-01
4.838709677419354982e-01 4.316016850390229087e-01 2.691684275125600934e-01
4.848484848484848619e-01 4.296530635575955270e-01 2.693343690032916626e-01
4.858260019550342257e-01 4.277286842122143828e-01 2.694914718247209406e-01
4.868035190615835894e-01 4.258292642816540741e-01 2.696399103289518484e-01
4.877810361681329532e-01 4.239555615850509884e-01 2.697798643973794430e-01
4.887585532746823169e-01 4.221083755060470732e-01 2.699115197756220552e-01
4.897360703812316807e-01 4.202885477965055405e-01 2.700350684032765680e-01
4.907135874877810444e-01 4.184969631032439130e-01 2.701507087328084422e-01
4.916911045943304082e-01 4.167345491534844015e-01 2.702586460308373240e-01
4.926686217008797719e-01 4.150022765266408453e-01 2.703590926539380934e-01
4.936461388074291357e-01 4.133011579318596196e-01 2.704522682898802266e-01
4.946236559139784994e-01 4.116322469026710285e-01 2.705384001539989369e-01
4.956011730205278631e-01 4.099966358125534116e-01 2.706177231291758134e-01
4.965786901270772269e-01 4.083954531086123607e-01 2.706904798367434917e-01
4.975562072336265906e-01 4.068298596555177116e-01 2.707569206246183136e-01
4.985337243401759544e-01 4.053010440790004165e-01 2.708173034581546901e-01
4.995112414467253181e-01 4.038102169984028045e-01 2.708718936987377091e-01
5.004887585532746819e-01 4.023586040419284693e-01 2.709209637550830108e-01
5.014662756598240456e-01 4.009474375473603414e-01 2.709647925927314849e-01
5.024437927663734094e-01 3.995779468661829203e-01 2.710036650884330434e-01
5.034213098729227731e-01 3.982513472113339836e-01 2.710378712181543692e-01
5.043988269794721369e-01 3.969688270192108792e-01 2.710677050704157209e-01
5.053763440860215006e-01 3.957315338358896595e-01 2.710934636806694442e-01
5.063538611925708643e-01 3.945405587862756969e-01 2.711154456875043972e-01
5.073313782991202281e-01 3.933969197431397835e-01 2.711339498175884266e-01
5.083088954056695918e-01 3.923015433801171348e-01 2.711492732133308770e-01
5.092864125122189556e-01 3.912552463673738545e-01 2.711617096250678594e-01
5.102639296187683193e-01 3.902587160484800588e-01 2.711715474978244611e-01
5.112414467253176831e-01 3.893124910186784859e-01 2.711790679909665269e-01
5.122189638318670468e-01 3.884169421037951819e-01 2.711845429767912874e-01
5.131964809384164106e-01 3.875722543100404427e-01 2.711882330707081623e-01
5.141739980449657743e-01 3.867784103716590538e-01 2.711903857504748272e-01
5.151515151515151381e-01 3.860351765591211737e-01 2.711912336243478827e-01
5.161290322580645018e-01 3.853420914186877488e-01 2.711909929074289294e-01
5.171065493646138655e-01 3.846984580888367367e-01 2.711898621615456695e-01
5.180840664711632293e-01 3.841033407758178142e-01 2.711880213465558964e-01
5.190615835777125930e-01 3.835555658673225898e-01 2.711856312201342822e-01
5.200391006842619568e-01 3.830537280207138018e-01 2.711828331093613098e-01
5.210166177908113205e-01 3.825962013846410104e-01 2.711797490615626138e-01
5.219941348973606843e-01 3.821811559080028897e-01 2.711764823649052136e-01
5.229716520039100480e-01 3.818065784692959430e-01 2.711731184124632765e-01
5.239491691104594118e-01 3.814702983363285616e-01 2.711697258681258216e-01
5.249266862170087755e-01 3.811700162566208916e-01 2.711663580800209861e-01
5.259042033235581393e-01 3.809033362982768289e-01 2.711630546780600115e-01
5.268817204301075030e-01 3.806677994239850427e-01 2.711598432873807973e-01
5.278592375366568668e-01 3.804609176983903551e-01 2.711567412891232043e-01
5.288367546432062305e-01 3.802802080083360625e-01 2.711537575638588438e-01
5.298142717497555942e-01 3.801232242182118748e-01 2.711508941605432210e-01
5.307917888563049580e-01 3.799875867852434697e-01 2.711481478441280513e-01
5.317693059628543217e-01 3.798710090133450290e-01 2.711455114868976946e-01
5.327468230694036855e-01 3.797713193164396484e-01 2.711429752810634586e-01
5.337243401759530492e-01 3.796864790775860143e-01 2.711405277621299903e-01
5.347018572825024130e-01 3.796145959125406533e-01 2.711381566432224388e-01
5.356793743890517767e-01 3.795539323599393389e-01 2.711358494693458243e-01
5.366568914956011405e-01 3.795029102116241893e-01 2.711335941071370548e-01
5.376344086021505042e-01 3.794601108555080149e-01 2.711313790900188314e-01
5.386119257086998680e-01 3.794242721232685689e-01 2.711291938409245428e-01
5.395894428152492317e-01 3.793942822134698800e-01 2.711270287952319280e-01
5.405669599217985954e-01 3.793691712983749409e-01 2.711248754456184740e-01
5.415444770283479592e-01 3.793481014235907112e-01 2.711227263286226652e-01
5.425219941348973229e-01 3.793303552797074873e-01 2.711205749701570689e-01
5.434995112414466867e-01 3.793153243714216805e-01 2.711184158044014914e-01
5.444770283479960504e-01 3.793024970397662621e-01 2.711162440776644922e-01
5.454545454545454142e-01 3.792914467142308732e-01 2.711140557461320100e-01
5.464320625610947779e-01 3.792818206900891997e-01 2.711118473740471990e-01
5.474095796676441417e-01 3.792733296473664861e-01 2.711096160368325347e-01
5.483870967741935054e-01 3.792657380554791957e-01 2.711073592320200620e-01
5.493646138807428692e-01 3.792588555442529263e-01 2.711050747995519261e-01
5.503421309872922329e-01 3.792525292691734107e-01 2.711027608520466536e-01
5.513196480938415966e-01 3.792466372567764310e-01 2.711004157149310978e-01
5.522971652003909604e-01 3.792410826846365768e-01 2.710980378758746090e-01
5.532746823069403241e-01 3.792357890285634747e-01 2.710956259426810511e-01
5.542521994134896879e-01 3.792306959960697332e-01 2.710931786086521189e-01
5.552297165200390516e-01 3.792257561585025138e-01 2.710906946243905047e-01
5.562072336265884154e-01 3.792209321929657651e-01 2.710881727750417691e-01
5.571847507331377791e-01 3.792161946479137291e-01 2.710856118620383337e-01
5.581622678396871429e-01 3.792115201518436174e-01 2.710830106885117607e-01
5.591397849462365066e-01 3.792068899917995783e-01 2.710803680476374655e-01
5.601173020527858704e-01 3.792022889965837029e-01 2.710776827132883038e-01
5.610948191593352341e-01 3.791977046680022334e-01 2.710749534324722876e-01
5.620723362658845979e-01 3.791931265116797456e-01 2.710721789191198883e-01
5.630498533724340726e-01 3.791885455266479910e-01 2.710693578488702071e-01
5.640273704789834364e-01 3.791839538198528148e-01 2.710664888545701312e-01
5.650048875855328001e-01 3.791793443178481660e-01 2.710635705222601555e-01
5.659824046920821639e-01 3.791747105532290996e-01 2.710606013874658493e-01
5.669599217986315276e-01 3.791700465078351456e-01 2.710575799316523038e-01
5.679374389051808913e-01 3.791653464984956479e-01 2.710545045787292051e-01
5.689149560117302551e-01 3.791606050941632167e-01 2.710513736915143856e-01
5.698924731182796188e-01 3.791558170557893237e-01 2.710481855680865748e-01
5.708699902248289826e-01 3.791509772923091215e-01 2.710449384379676752e-01
5.718475073313783463e-01 3.791460808277142269e-01 2.710416304580851588e-01
5.728250244379277101e-01 3.791411227754616364e-01 2.710382597084728395e-01
5.738025415444770738e-01 3.791360983174668076e-01 2.710348241876744946e-01
5.747800586510264376e-01 3.791310026857007132e-01 2.710313218078146402e-01
5.757575757575758013e-01 3.791258311450083629e-01 2.710277503893039341e-01
5.767350928641251651e-01 3.791205789762120970e-01 2.710241076551465067e-01
5.777126099706745288e-01 3.791152414589027964e-01 2.710203912248140279e-01
5.786901270772238925e-01 3.791098138535600737e-01 2.710165986076497058e-01
5.796676441837732563e-01 3.791042913828144290e-01 2.710127271957610828e-01
5.806451612903226200e-01 3.790986692117762069e-01 2.710087742563597746e-01
5.816226783968719838e-01 3.790929424274241955e-01 2.710047369234932502e-01
5.826001955034213475e-01 3.790871060170759588e-01 2.710006121891167519e-01
5.835777126099707113e-01 3.790811548459734337e-01 2.709963968934386291e-01
5.845552297165200750e-01 3.790750836340032737e-01 2.709920877144675333e-01
5.855327468230694388e-01 3.790688869315463339e-01 2.709876811566809818e-01
5.865102639296188025e-01 3.790625590944153855e-01 2.709831735387174811e-01
5.874877810361681663e-01 3.790560942578036774e-01 2.709785609799926220e-01
5.884652981427175300e-01 3.790494863091181110e-01 2.709738393861103600e-01
5.894428152492668938e-01 3.790427288595283883e-01 2.709690044329359226e-01
5.904203323558162575e-01 3.790358152140131387e-01 2.709640515491673063e-01
5.913978494623656212e-01 3.790287383396341303e-01 2.709589758972217877e-01
5.923753665689149850e-01 3.790214908317136588e-01 2.709537723522223440e-01
5.933528836754643487e-01 3.790140648775333632e-01 2.709484354788342930e-01
5.943304007820137125e-01 3.790064522171004424e-01 2.709429595056572770e-01
5.953079178885630762e-01 3.789986441004488671e-01 2.709373382968205402e-01
5.962854349951124400e-01 3.789906312408419242e-01 2.709315653203628882e-01
5.972629521016618037e-01 3.789824037631192577e-01 2.709256336128873510e-01
5.982404692082111675e-01 3.789739511462716925e-01 2.709195357398643256e-01
5.992179863147605312e-01 3.789652621591134141e-01 2.709132637508054886e-01
6.001955034213098950e-01 3.789563247876504559e-01 2.709068091283317048e-01
6.011730205278592587e-01 3.789471261523672529e-01 2.709001627298882608e-01
6.021505376344086224e-01 3.789376524131637947e-01 2.708933147205065950e-01
6.031280547409579862e-01 3.789278886590036199e-01 2.708862544945294104e-01
6.041055718475073499e-01 3.789178187784396079e-01 2.708789705835767392e-01
6.050830889540567137e-01 3.789074253059835917e-01 2.708714505471649936e-01
6.060606060606060774e-01 3.788966892376783302e-01 2.708636808412456243e-01
6.070381231671554412e-01 3.788855898071035178e-01 2.708556466584048916e-01
6.080156402737048049e-01 3.788741042102367063e-01 2.708473317314535334e-01
6.089931573802541687e-01 3.788622072639232785e-01 2.708387180895180935e-01
6.099706744868035324e-01 3.788498709779700158e-01 2.708297857523506713e-01
6.109481915933528962e-01 3.788370640148138735e-01 2.708205123442414264e-01
6.119257086999022599e-01 3.788237510030741939e-01 2.708108726034539337e-01
6.129032258064516236e-01 3.788098916617913536e-01 2.708008377563078106e-01
6.138807429130009874e-01 3.787954396805172097e-01 2.707903747167088593e-01
6.148582600195503511e-01 3.787803412864317876e-01 2.707794450619340210e-01
6.158357771260997149e-01 3.787645334131709562e-01 2.707680037236804282e-01
6.168132942326490786e-01 3.787479413670435391e-01 2.707559973198082615e-01
6.177908113391984424e-01 3.787304758649877034e-01 2.707433620369553706e-01
6.187683284457478061e-01 3.787120292954201384e-01 2.707300209576221639e-01
6.197458455522971699e-01 3.786924710288898099e-01 2.707158807079963481e-01
6.207233626588465336e-01 3.786716415814145309e-01 2.707008272856038511e-01
6.217008797653958974e-01 3.786493454113184498e-01 2.706847209101068130e-01
6.226783968719452611e-01 3.786253421126561380e-01 2.706673897278930041e-01
6.236559139784946248e-01 3.785993357578383844e-01 2.706486221936147407e-01
6.246334310850439886e-01 3.785709621423907767e-01 2.706281579520663505e-01
6.256109481915933523e-01 3.785397736998967755e-01 2.706056770545991474e-01
6.265884652981427161e-01 3.785052218894549014e-01 2.705807873687752219e-01
6.275659824046920798e-01 3.784666369158460886e-01 2.705530100813346994e-01
6.285434995112414436e-01 3.784232047282463096e-01 2.705217632557708196e-01
6.295210166177908073e-01 3.783739413602088542e-01 2.704863434893659546e-01
6.304985337243401711e-01 3.783176648240497153e-01 2.704459058220695100e-01
6.314760508308895348e-01 3.782529649571940711e-01 2.703994421814324145e-01
6.324535679374388986e-01 3.781781718346129972e-01 2.703457588026348946e-01
6.334310850439882623e-01 3.780913236054463389e-01 2.702834532370403942e-01
6.344086021505376261e-01 3.779901348751738555e-01 2.702108917509093433e-01
6.353861192570869898e-01 3.778719670256084351e-01 2.701261881095601836e-01
6.363636363636363535e-01 3.777338021282694580e-01 2.700271849304755056e-01
6.373411534701857173e-01 3.775722223438203184e-01 2.699114389583483486e-01
6.383186705767350810e-01 3.773833968900459079e-01 2.697762117507327972e-01
6.392961876832844448e-01 3.771630787805625440e-01 2.696184673485259586e-01
6.402737047898338085e-01 3.769066135631971015e-01 2.694348785246160616e-01
6.412512218963831723e-01 3.766089621994185288e-01 2.692218431414249435e-01
6.422287390029325360e-01 3.762647400065705638e-01 2.689755119910518522e-01
6.432062561094818998e-01 3.758682732207700439e-01 2.686918292315819135e-01
6.441837732160312635e-01 3.754136742255685388e-01 2.683665861665560648e-01
6.451612903225806273e-01 3.748949358345076699e-01 2.679954886449470441e-01
6.461388074291299910e-01 3.743060442296674006e-01 2.675742377970832253e-01
6.471163245356793547e-01 3.736411092694491565e-01 2.670986231865485339e-01
6.480938416422287185e-01 3.728945099241699479e-01 2.665646267756480170e-01
6.490713587487780822e-01 3.720610516242622845e-01 2.659685354059199147e-01
6.500488758553274460e-01 3.711361313672011941e-01 2.653070588241828176e-01
6.510263929618768097e-01 3.701159055845295032e-01 2.645774496807555831e-01
6.520039100684261735e-01 3.689974550792007868e-01 2.637776214324479285e-01
6.529814271749755372e-01 3.677789408622807454e-01 2.629062597389837941e-01
6.539589442815249010e-01 3.664597444955364214e-01 2.619629227825077677e-01
6.549364613880742647e-01 3.650405866194147420e-01 2.609481259920253260e-01
6.559139784946236285e-01 3.635236177356745424e-01 2.598634069333058405e-01
6.568914956011729922e-01 3.619124760235317706e-01 2.587113666320765559e-01
6.578690127077223559e-01 3.602123079808250417e-01 2.574956843222661051e-01
6.588465298142717197e-01 3.584297489606714238e-01 2.562211035253644797e-01
6.598240469208210834e-01 3.565728621640401053e-01 2.548933884320807586e-01
6.608015640273704472e-01 3.546510362785202930e-01 2.535192507225961234e-01
6.617790811339198109e-01 3.526748436406018095e-01 2.521062481676873968e-01
6.627565982404691747e-01 3.506558624538660962e-01 2.506626575361175502e-01
6.637341153470185384e-01 3.486064681288079670e-01 2.491973254297528972e-01
6.647116324535679022e-01 3.465396001371384149e-01 2.477195016165271158e-01
6.656891495601172659e-01 3.444685118209751540e-01 2.462386601801617447e-01
6.666666666666666297e-01 3.424065113079534650e-01 2.447643143134847488e-01
6.676441837732159934e-01 3.403667020194570680e-01 2.433058308224308464e-01
6.686217008797653572e-01 3.383617312055753334e-01 2.418722503694308301e-01
6.695992179863147209e-01 3.364035545047003861e-01 2.404721191733762420e-01
6.705767350928640846e-01 3.345032237376563966e-01 2.391133373199735845e-01
6.715542521994134484e-01 3.326707040553208983e-01 2.378030280564000232e-01
6.725317693059628121e-01 3.309147252302042652e-01 2.365474314944647216e-01
6.735092864125121759e-01 3.292426703929213772e-01 2.353518250816635515e-01
6.744868035190615396e-01 3.276605039463135194e-01 2.342204720784995531e-01
6.754643206256109034e-01 3.261727388259645366e-01 2.331565981624129369e-01
6.764418377321602671e-01 3.247824417939828012e-01 2.321623952193649365e-01
6.774193548387096309e-01 3.234912741217940702e-01 2.312390504326010954e-01
6.783968719452589946e-01 3.222995638929259110e-01 2.303867979741184013e-01
6.793743890518083584e-01 3.212064052784471824e-01 2.296049899765448543e-01
6.803519061583577221e-01 3.202097795292176974e-01 2.288921830281984704e-01
6.813294232649070858e-01 3.193066920969805933e-01 2.282462361967252384e-01
6.823069403714564496e-01 3.184933202314855771e-01 2.276644165404108910e-01
6.832844574780058133e-01 3.177651655805412978e-01 2.271435081947699997e-01
6.842619745845551771e-01 3.171172067105028081e-01 2.266799214012813757e-01
6.852394916911045408e-01 3.165440470248439553e-01 2.262697982455841583e-01
6.862170087976539046e-01 3.160400542423360548e-01 2.259091123613377328e-01
6.871945259042032683e-01 3.155994883569835929e-01 2.255937603996963636e-01
6.881720430107527431e-01 3.152166157939784719e-01 2.253196436305927308e-01
6.891495601173021068e-01 3.148858082584220508e-01 2.250827386013829201e-01
6.901270772238514706e-01 3.146016255113042726e-01 2.248791563057704612e-01
6.911045943304008343e-01 3.143588819723157068e-01 2.247051897913448226e-01
6.920821114369501981e-01 3.141526976213624978e-01 2.245573505431614492e-01
6.930596285434995618e-01 3.139785341378303896e-01 2.244323943147251144e-01
6.940371456500489256e-01 3.138322175736464881e-01 2.243273373329240650e-01
6.950146627565982893e-01 3.137099491044230137e-01 2.242394639808901746e-01
6.959921798631476531e-01 3.136083055491231120e-01 2.241663271672219293e-01
6.969696969696970168e-01 3.135242314035127653e-01 2.241057426291776511e-01
6.979472140762463805e-01 3.134550241096131784e-01 2.240557784009595266e-01
6.989247311827957443e-01 3.133983141974451825e-01 2.240147406167695143e-01
6.999022482893451080e-01 3.133520418019073994e-01 2.239811567229176570e-01
7.008797653958944718e-01 3.133144308915182807e-01 2.239537570545092060e-01
7.018572825024438355e-01 3.132839623605759849e-01 2.239314555998646872e-01
7.028347996089931993e-01 3.132593469439121092e-01 2.239133306383000732e-01
7.038123167155425630e-01 3.132394987236544748e-01 2.238986058012503166e-01
7.047898338220919268e-01 3.132235098179529942e-01 2.238866319784311443e-01
7.057673509286412905e-01 3.132106266780009252e-01 2.238768703737742949e-01
7.067448680351906543e-01 3.132002282755148581e-01 2.238688769128163170e-01
7.077223851417400180e-01 3.131918063399760643e-01 2.238622881153996824e-01
7.086999022482893817e-01 3.131849477038332608e-01 2.238568084752768639e-01
7.096774193548387455e-01 3.131793187338102746e-01 2.238521993309821878e-01
7.106549364613881092e-01 3.131746517659158568e-01 2.238482691690609483e-01
7.116324535679374730e-01 3.131707334186336622e-01 2.238448652699234764e-01
7.126099706744868367e-01 3.131673946306577361e-01 2.238418665864980728e-01
7.135874877810362005e-01 3.131645022539200074e-01 2.238391777346942224e-01
7.145650048875855642e-01 3.131619520270587098e-01 2.238367239706846312e-01
7.155425219941349280e-01 3.131596627565820801e-01 2.238344470315233037e-01
7.165200391006842917e-01 3.131575715407264870e-01 2.238323017211480415e-01
7.174975562072336555e-01 3.131556298825899920e-01 2.238302531321004485e-01
7.184750733137830192e-01 3.131538005530655200e-01 2.238282744032556448e-01
7.194525904203323829e-01 3.131520550791897506e-01 2.238263449246460091e-01
7.204301075268817467e-01 3.131503717488514638e-01 2.238244489114164237e-01
7.214076246334311104e-01 3.131487340376876150e-01 2.238225742795877382e-01
7.223851417399804742e-01 3.131471293779642950e-01 2.238207117662888157e-01
7.233626588465298379e-01 3.131455482020040759e-01 2.238188542462422603e-01
7.243401759530792017e-01 3.131439832041227889e-01 2.238169962044371797e-01
7.253176930596285654e-01 3.131424287750279034e-01 2.238151333320643477e-01
7.262952101661779292e-01 3.131408805712372900e-01 2.238132622189385468e-01
7.272727272727272929e-01 3.131393351893727584e-01 2.238113801208510556e-01
7.282502443792766567e-01 3.131377899212931526e-01 2.238094847846632540e-01
7.292277614858260204e-01 3.131362425710733088e-01 2.238075743175542420e-01
7.302052785923753842e-01 3.131346913189516079e-01 2.238056470897818728e-01
7.311827956989247479e-01 3.131331346206930877e-01 2.238037016626926445e-01
7.321603128054741116e-01 3.131315711334673457e-01 2.238017367356110454e-01
7.331378299120234754e-01 3.131299996614392289e-01 2.237997511067441603e-01
7.341153470185728391e-01 3.131284191159164898e-01 2.237977436444099355e-01
7.350928641251222029e-01 3.131268284861678519e-01 2.237957132658106307e-01
7.360703812316715666e-01 3.131252268180067522e-01 2.237936589212651817e-01
7.370478983382209304e-01 3.131236131979764359e-01 2.237915795823486598e-01
7.380254154447702941e-01 3.131219867415536706e-01 2.237894742328024322e-01
7.390029325513196579e-01 3.131203465842490319e-01 2.237873418614420296e-01
7.399804496578690216e-01 3.131186918748344317e-01 2.237851814565707254e-01
7.409579667644183854e-01 3.131170217700889324e-01 2.237829920014728913e-01
7.419354838709677491e-01 3.131153354302919634e-01 2.237807724702145507e-01
7.429130009775171128e-01 3.131136320144390361e-01 2.237785218224839501e-01
7.438905180840664766e-01 3.131119106747606295e-01 2.237762389969319421e-01
7.448680351906158403e-01 3.131101705529443779e-01 2.237739229064232005e-01
7.458455522971652041e-01 3.131084107843599695e-01 2.237715724444368781e-01
7.468230694037145678e-01 3.131066305135986605e-01 2.237691865082732934e-01
7.478005865102639316e-01 3.131048289019295328e-01 2.237667640126524971e-01
7.487781036168132953e-01 3.131030050701127387e-01 2.237643038120443184e-01
7.497556207233626591e-01 3.131011579334384010e-01 2.237618044629524627e-01
7.507331378299120228e-01 3.130992860705479330e-01 2.237592640163434676e-01
7.517106549364613866e-01 3.130973881163310324e-01 2.237566805442414430e-01
7.526881720430107503e-01 3.130954641623646117e-01 2.237540541493354684e-01
7.536656891495601140e-01 3.130935171770515835e-01 2.237513891589358039e-01
7.546432062561094778e-01 3.130915502609896706e-01 2.237486905292115913e-01
7.556207233626588415e-01 3.130895546904672311e-01 2.237459467878205321e-01
7.565982404692082053e-01 3.130874951616904323e-01 2.237431076478261782e-01
7.575757575757575690e-01 3.130853273740721310e-01 2.237401061652312118e-01
7.585532746823069328e-01 3.130830982031465592e-01 2.237370008068489680e-01
7.595307917888562965e-01 3.130810918617586980e-01 2.237341943497312413e-01
7.605083088954056603e-01 3.130797319026750181e-01 2.237323203560764029e-01
7.614858260019550240e-01 3.130787557796904097e-01 2.237310798382030619e-01
7.624633431085043878e-01 3.130758143009988448e-01 2.237271646840184591e-01
7.634408602150537515e-01 3.130668490333243792e-01 2.237145644113660015e-01
7.644183773216031152e-01 3.130527709597715202e-01 2.236939139528260345e-01
7.653958944281524790e-01 3.130525269099410091e-01 2.236917067019163485e-01
7.663734115347018427e-01 3.131038562985711815e-01 2.237633878388393394e-01
7.673509286412512065e-01 3.132103741555916643e-01 2.239198839667314034e-01
7.683284457478005702e-01 3.132221812688785190e-01 2.239532439914757589e-01
7.693059628543499340e-01 3.127953483450789385e-01 2.233619721411621850e-01
7.702834799608992977e-01 3.118035876723929123e-01 2.219183106960808949e-01
7.712609970674486615e-01 3.113981764532569585e-01 2.212016900044287970e-01
7.722385141739980252e-01 3.146174529921882401e-01 2.256262808573759326e-01
7.732160312805473890e-01 3.234523105727531989e-01 2.385529511565696870e-01
7.741935483870967527e-01 3.290582678039085107e-01 2.478849429357705969e-01
7.751710654936461165e-01 3.019493033071257715e-01 2.117036836461905491e-01
7.761485826001954802e-01 2.259350197162272034e-01 1.127407990350084016e-01
7.771260997067448439e-01 1.572641580909365233e-01 3.157351313942846627e-02
7.781036168132942077e-01 1.313710416657122015e-01 5.491733361692738638e-03
7.790811339198435714e-01 1.259807178036683739e-01 8.077678019483510753e-04
7.800586510263929352e-01 1.251405194428066303e-01 1.146339953087021946e-04
7.810361681329422989e-01 1.250198615387129730e-01 1.617819119191459513e-05
7.820136852394916627e-01 1.250028013580570529e-01 2.281449612493427880e-06
7.829912023460410264e-01 1.250003950075551651e-01 3.216853241009380003e-07
7.839687194525903902e-01 1.250000556959632303e-01 4.535723335554273996e-08
7.849462365591397539e-01 1.250000078530480174e-01 6.395313434539913472e-09
7.859237536656891177e-01 1.250000011072686934e-01 9.017296435323107103e-10
7.869012707722384814e-01 1.250000001561234197e-01 1.271425822801251708e-10
7.878787878787878451e-01 1.250000000220131413e-01 1.792680601281208837e-11
7.888563049853372089e-01 1.250000000031037117e-01 2.527635740081545757e-12
7.898338220918865726e-01 1.250000000004375666e-01 3.563919076722295751e-13
7.908113391984359364e-01 1.250000000000617006e-01 5.024216499132035022e-14
7.917888563049853001e-01 1.250000000000086875e-01 7.087224719769518465e-15
7.927663734115346639e-01 1.250000000000011935e-01 9.717976435542188876e-16
7.937438905180840276e-01 1.250000000000001388e-01 1.195796355416516971e-16
7.947214076246333914e-01 1.250000000000000000e-01 1.010527902661076733e-17
7.956989247311827551e-01 1.250000000000000000e-01 2.631601688234053495e-35
7.966764418377321189e-01 1.250000000000000000e-01 2.308482645102830965e-71
7.976539589442814826e-01 1.250000000000000000e-01 1.202349791526995581e-145
7.986314760508308463e-01 1.250000000000000000e-01 0.000000000000000000e+00
7.996089931573802101e-01 1.250000000000000000e-01 0.000000000000000000e+00
8.005865102639295738e-01 1.250000000000000000e-01 0.000000000000000000e+00
8.015640273704789376e-01 1.250000000000000000e-01 0.000000000000000000e+00
8.025415444770283013e-01 1.250000000000000000e-01 0.000000000000000000e+00
8.035190615835776651e-01 1.250000000000000000e-01 0.000000000000000000e+00
8.044965786901270288e-01 1.250000000000000000e-01 0.000000000000000000e+00
8.054740957966763926e-01 1.250000000000000000e-01 0.000000000000000000e+00
8.064516129032257563e-01 1.250000000000000000e-01 0.000000000000000000e+00
8.074291300097751201e-01 1.250000000000000000e-01 0.000000000000000000e+00
8.084066471163244838e-01 1.250000000000000000e-01 0.000000000000000000e+00
8.093841642228738475e-01 1.250000000000000000e-01 0.000000000000000000e+00
8.103616813294232113e-01 1.250000000000000000e-01 0.000000000000000000e+00
8.113391984359725750e-01 1.250000000000000000e-01 0.000000000000000000e+00
8.123167155425219388e-01 1.250000000000000000e-01 0.000000000000000000e+00
8.132942326490714136e-01 1.250000000000000000e-01 0.000000000000000000e+00
8.142717497556207773e-01 1.250000000000000000e-01 0.000000000000000000e+00
8.152492668621701410e-01 1.250000000000000000e-01 0.000000000000000000e+00
8.162267839687195048e-01 1.250000000000000000e-01 0.000000000000000000e+00
8.172043010752688685e-01 1.250000000000000000e-01 0.000000000000000000e+00
8.181818181818182323e-01 1.250000000000000000e-01 0.000000000000000000e+00
8.191593352883675960e-01 1.250000000000000000e-01 0.000000000000000000e+00
8.201368523949169598e-01 1.250000000000000000e-01 0.000000000000000000e+00
8.211143695014663235e-01 1.250000000000000000e-01 0.000000000000000000e+00
8.220918866080156873e-01 1.250000000000000000e-01 0.000000000000000000e+00
8.230694037145650510e-01 1.250000000000000000e-01 0.000000000000000000e+00
8.240469208211144148e-01 1.250000000000000000e-01 0.000000000000000000e+00
8.250244379276637785e-01 1.250000000000000000e-01 0.000000000000000000e+00
8.260019550342131422e-01 1.250000000000000000e-01 0.000000000000000000e+00
8.269794721407625060e-01 1.250000000000000000e-01 0.000000000000000000e+00
8.279569892473118697e-01 1.250000000000000000e-01 0.000000000000000000e+00
8.289345063538612335e-01 1.250000000000000000e-01 0.000000000000000000e+00
8.299120234604105972e-01 1.250000000000000000e-01 0.000000000000000000e+00
8.308895405669599610e-01 1.250000000000000000e-01 0.000000000000000000e+00
8.318670576735093247e-01 1.250000000000000000e-01 0.000000000000000000e+00
8.328445747800586885e-01 1.250000000000000000e-01 0.000000000000000000e+00
8.338220918866080522e-01 1.250000000000000000e-01 0.000000000000000000e+00
8.347996089931574160e-01 1.250000000000000000e-01 0.000000000000000000e+00
8.357771260997067797e-01 1.250000000000000000e-01 0.000000000000000000e+00
8.367546432062561435e-01 1.250000000000000000e-01 0.000000000000000000e+00
8.377321603128055072e-01 1.250000000000000000e-01 0.000000000000000000e+00
8.387096774193548709e-01 1.250000000000000000e-01 0.000000000000000000e+00
8.396871945259042347e-01 1.250000000000000000e-01 0.000000000000000000e+00
8.406647116324535984e-01 1.250000000000000000e-01 0.000000000000000000e+00
8.416422287390029622e-01 1.250000000000000000e-01 0.000000000000000000e+00
8.426197458455523259e-01 1.250000000000000000e-01 0.000000000000000000e+00
8.435972629521016897e-01 1.250000000000000000e-01 0.000000000000000000e+00
8.445747800586510534e-01 1.250000000000000000e-01 0.000000000000000000e+00
8.455522971652004172e-01 1.250000000000000000e-01 0.000000000000000000e+00
8.465298142717497809e-01 1.250000000000000000e-01 0.000000000000000000e+00
8.475073313782991447e-01 1.250000000000000000e-01 0.000000000000000000e+00
8.484848484848485084e-01 1.250000000000000000e-01 0.000000000000000000e+00
8.494623655913978721e-01 1.250000000000000000e-01 0.000000000000000000e+00
8.504398826979472359e-01 1.250000000000000000e-01 0.000000000000000000e+00
8.514173998044965996e-01 1.250000000000000000e-01 0.000000000000000000e+00
8.523949169110459634e-01 1.250000000000000000e-01 0.000000000000000000e+00
8.533724340175953271e-01 1.250000000000000000e-01 0.000000000000000000e+00
8.543499511241446909e-01 1.250000000000000000e-01 0.000000000000000000e+00
8.553274682306940546e-01 1.250000000000000000e-01 0.000000000000000000e+00
8.563049853372434184e-01 1.250000000000000000e-01 0.000000000000000000e+00
8.572825024437927821e-01 1.250000000000000000e-01 0.000000000000000000e+00
8.582600195503421459e-01 1.250000000000000000e-01 0.000000000000000000e+00
8.592375366568915096e-01 1.250000000000000000e-01 0.000000000000000000e+00
8.602150537634408733e-01 1.250000000000000000e-01 0.000000000000000000e+00
8.611925708699902371e-01 1.250000000000000000e-01 0.000000000000000000e+00
8.621700879765396008e-01 1.250000000000000000e-01 0.000000000000000000e+00
8.631476050830889646e-01 1.250000000000000000e-01 0.000000000000000000e+00
8.641251221896383283e-01 1.250000000000000000e-01 0.000000000000000000e+00
8.651026392961876921e-01 1.250000000000000000e-01 0.000000000000000000e+00
8.660801564027370558e-01 1.250000000000000000e-01 0.000000000000000000e+00
8.670576735092864196e-01 1.250000000000000000e-01 0.000000000000000000e+00
8.680351906158357833e-01 1.250000000000000000e-01 0.000000000000000000e+00
8.690127077223851471e-01 1.250000000000000000e-01 0.000000000000000000e+00
8.699902248289345108e-01 1.250000000000000000e-01 0.000000000000000000e+00
8.709677419354838745e-01 1.250000000000000000e-01 0.000000000000000000e+00
8.719452590420332383e-01 1.250000000000000000e-01 0.000000000000000000e+00
8.729227761485826020e-01 1.250000000000000000e-01 0.000000000000000000e+00
8.739002932551319658e-01 1.250000000000000000e-01 0.000000000000000000e+00
8.748778103616813295e-01 1.250000000000000000e-01 0.000000000000000000e+00
8.758553274682306933e-01 1.250000000000000000e-01 0.000000000000000000e+00
8.768328445747800570e-01 1.250000000000000000e-01 0.000000000000000000e+00
8.778103616813294208e-01 1.250000000000000000e-01 0.000000000000000000e+00
8.787878787878787845e-01 1.250000000000000000e-01 0.000000000000000000e+00
8.797653958944281483e-01 1.250000000000000000e-01 0.000000000000000000e+00
8.807429130009775120e-01 1.250000000000000000e-01 0.000000000000000000e+00
8.817204301075268758e-01 1.250000000000000000e-01 0.000000000000000000e+00
8.826979472140762395e-01 1.250000000000000000e-01 0.000000000000000000e+00
8.836754643206256032e-01 1.250000000000000000e-01 0.000000000000000000e+00
8.846529814271749670e-01 1.250000000000000000e-01 0.000000000000000000e+00
8.856304985337243307e-01 1.250000000000000000e-01 0.000000000000000000e+00
8.866080156402736945e-01 1.250000000000000000e-01 0.000000000000000000e+00
8.875855327468230582e-01 1.250000000000000000e-01 0.000000000000000000e+00
8.885630498533724220e-01 1.250000000000000000e-01 0.000000000000000000e+00
8.895405669599217857e-01 1.250000000000000000e-01 0.000000000000000000e+00
8.905180840664711495e-01 1.250000000000000000e-01 0.000000000000000000e+00
8.914956011730205132e-01 1.250000000000000000e-01 0.000000000000000000e+00
8.924731182795698770e-01 1.250000000000000000e-01 0.000000000000000000e+00
8.934506353861192407e-01 1.250000000000000000e-01 0.000000000000000000e+00
8.944281524926686044e-01 1.250000000000000000e-01 0.000000000000000000e+00
8.954056695992179682e-01 1.250000000000000000e-01 0.000000000000000000e+00
8.963831867057673319e-01 1.250000000000000000e-01 0.000000000000000000e+00
8.973607038123166957e-01 1.250000000000000000e-01 0.000000000000000000e+00
8.983382209188660594e-01 1.250000000000000000e-01 0.000000000000000000e+00
8.993157380254154232e-01 1.250000000000000000e-01 0.000000000000000000e+00
9.002932551319647869e-01 1.250000000000000000e-01 0.000000000000000000e+00
9.012707722385141507e-01 1.250000000000000000e-01 0.000000000000000000e+00
9.022482893450635144e-01 1.250000000000000000e-01 0.000000000000000000e+00
9.032258064516128782e-01 1.250000000000000000e-01 0.000000000000000000e+00
9.042033235581622419e-01 1.250000000000000000e-01 0.000000000000000000e+00
9.051808406647116056e-01 1.250000000000000000e-01 0.000000000000000000e+00
9.061583577712609694e-01 1.250000000000000000e-01 0.000000000000000000e+00
9.071358748778103331e-01 1.250000000000000000e-01 0.000000000000000000e+00
9.081133919843596969e-01 1.250000000000000000e-01 0.000000000000000000e+00
9.090909090909090606e-01 1.250000000000000000e-01 0.000000000000000000e+00
9.100684261974584244e-01 1.250000000000000000e-01 0.000000000000000000e+00
9.110459433040077881e-01 1.250000000000000000e-01 0.000000000000000000e+00
9.120234604105571519e-01 1.250000000000000000e-01 0.000000000000000000e+00
9.130009775171065156e-01 1.250000000000000000e-01 0.000000000000000000e+00
9.139784946236558794e-01 1.250000000000000000e-01 0.000000000000000000e+00
9.149560117302052431e-01 1.250000000000000000e-01 0.000000000000000000e+00
9.159335288367546068e-01 1.250000000000000000e-01 0.000000000000000000e+00
9.169110459433039706e-01 1.250000000000000000e-01 0.000000000000000000e+00
9.178885630498533343e-01 1.250000000000000000e-01 0.000000000000000000e+00
9.188660801564026981e-01 1.250000000000000000e-01 0.000000000000000000e+00
9.198435972629520618e-01 1.250000000000000000e-01 0.000000000000000000e+00
9.208211143695014256e-01 1.250000000000000000e-01 0.000000000000000000e+00
9.217986314760507893e-01 1.250000000000000000e-01 0.000000000000000000e+00
9.227761485826001531e-01 1.250000000000000000e-01 0.000000000000000000e+00
9.237536656891495168e-01 1.250000000000000000e-01 0.000000000000000000e+00
9.247311827956988806e-01 1.250000000000000000e-01 0.000000000000000000e+00
9.257086999022482443e-01 1.250000000000000000e-01 0.000000000000000000e+00
9.266862170087976081e-01 1.250000000000000000e-01 0.000000000000000000e+00
9.276637341153469718e-01 1.250000000000000000e-01 0.000000000000000000e+00
9.286412512218963355e-01 1.250000000000000000e-01 0.000000000000000000e+00
9.296187683284456993e-01 1.250000000000000000e-01 0.000000000000000000e+00
9.305962854349950630e-01 1.250000000000000000e-01 0.000000000000000000e+00
9.315738025415444268e-01 1.250000000000000000e-01 0.000000000000000000e+00
9.325513196480937905e-01 1.250000000000000000e-01 0.000000000000000000e+00
9.335288367546431543e-01 1.250000000000000000e-01 0.000000000000000000e+00
9.345063538611925180e-01 1.250000000000000000e-01 0.000000000000000000e+00
9.354838709677418818e-01 1.250000000000000000e-01 0.000000000000000000e+00
9.364613880742912455e-01 1.250000000000000000e-01 0.000000000000000000e+00
9.374389051808406093e-01 1.250000000000000000e-01 0.000000000000000000e+00
9.384164222873900840e-01 1.250000000000000000e-01 0.000000000000000000e+00
9.393939393939394478e-01 1.250000000000000000e-01 0.000000000000000000e+00
9.403714565004888115e-01 1.250000000000000000e-01 0.000000000000000000e+00
9.413489736070381753e-01 1.250000000000000000e-01 0.000000000000000000e+00
9.423264907135875390e-01 1.250000000000000000e-01 0.000000000000000000e+00
9.433040078201369028e-01 1.250000000000000000e-01 0.000000000000000000e+00
9.442815249266862665e-01 1.250000000000000000e-01 0.000000000000000000e+00
9.452590420332356302e-01 1.250000000000000000e-01 0.000000000000000000e+00
9.462365591397849940e-01 1.250000000000000000e-01 0.000000000000000000e+00
9.472140762463343577e-01 1.250000000000000000e-01 0.000000000000000000e+00
9.481915933528837215e-01 1.250000000000000000e-01 0.000000000000000000e+00
9.491691104594330852e-01 1.250000000000000000e-01 0.000000000000000000e+00
9.501466275659824490e-01 1.250000000000000000e-01 0.000000000000000000e+00
9.511241446725318127e-01 1.250000000000000000e-01 0.000000000000000000e+00
9.521016617790811765e-01 1.250000000000000000e-01 0.000000000000000000e+00
9.530791788856305402e-01 1.250000000000000000e-01 0.000000000000000000e+00
9.540566959921799040e-01 1.250000000000000000e-01 0.000000000000000000e+00
9.550342130987292677e-01 1.250000000000000000e-01 0.000000000000000000e+00
9.560117302052786314e-01 1.250000000000000000e-01 0.000000000000000000e+00
9.569892473118279952e-01 1.250000000000000000e-01 0.000000000000000000e+00
9.579667644183773589e-01 1.250000000000000000e-01 0.000000000000000000e+00
9.589442815249267227e-01 1.250000000000000000e-01 0.000000000000000000e+00
9.599217986314760864e-01 1.250000000000000000e-01 0.000000000000000000e+00
9.608993157380254502e-01 1.250000000000000000e-01 0.000000000000000000e+00
9.618768328445748139e-01 1.250000000000000000e-01 0.000000000000000000e+00
9.628543499511241777e-01 1.250000000000000000e-01 0.000000000000000000e+00
9.638318670576735414e-01 1.250000000000000000e-01 0.000000000000000000e+00
9.648093841642229052e-01 1.250000000000000000e-01 0.000000000000000000e+00
9.657869012707722689e-01 1.250000000000000000e-01 0.000000000000000000e+00
9.667644183773216326e-01 1.250000000000000000e-01 0.000000000000000000e+00
9.677419354838709964e-01 1.250000000000000000e-01 0.000000000000000000e+00
9.687194525904203601e-01 1.250000000000000000e-01 0.000000000000000000e+00
9.696969696969697239e-01 1.250000000000000000e-01 0.000000000000000000e+00
9.706744868035190876e-01 1.250000000000000000e-01 0.000000000000000000e+00
9.716520039100684514e-01 1.250000000000000000e-01 0.000000000000000000e+00
9.726295210166178151e-01 1.250000000000000000e-01 0.000000000000000000e+00
9.736070381231671789e-01 1.250000000000000000e-01 0.000000000000000000e+00
9.745845552297165426e-01 1.250000000000000000e-01 0.000000000000000000e+00
9.755620723362659064e-01 1.250000000000000000e-01 0.000000000000000000e+00
9.765395894428152701e-01 1.250000000000000000e-01 0.000000000000000000e+00
9.775171065493646338e-01 1.250000000000000000e-01 0.000000000000000000e+00
9.784946236559139976e-01 1.250000000000000000e-01 0.000000000000000000e+00
9.794721407624633613e-01 1.250000000000000000e-01 0.000000000000000000e+00
9.804496578690127251e-01 1.250000000000000000e-01 0.000000000000000000e+00
9.814271749755620888e-01 1.250000000000000000e-01 0.000000000000000000e+00
9.824046920821114526e-01 1.250000000000000000e-01 0.000000000000000000e+00
9.833822091886608163e-01 1.250000000000000000e-01 0.000000000000000000e+00
9.843597262952101801e-01 1.250000000000000000e-01 0.000000000000000000e+00
9.853372434017595438e-01 1.250000000000000000e-01 0.000000000000000000e+00
9.863147605083089076e-01 1.250000000000000000e-01 0.000000000000000000e+00
9.872922776148582713e-01 1.250000000000000000e-01 0.000000000000000000e+00
9.882697947214076351e-01 1.250000000000000000e-01 0.000000000000000000e+00
9.892473118279569988e-01 1.250000000000000000e-01 0.000000000000000000e+00
9.902248289345063625e-01 1.250000000000000000e-01 0.000000000000000000e+00
9.912023460410557263e-01 1.250000000000000000e-01 0.000000000000000000e+00
9.921798631476050900e-01 1.250000000000000000e-01 0.000000000000000000e+00
9.931573802541544538e-01 1.250000000000000000e-01 0.000000000000000000e+00
9.941348973607038175e-01 1.250000000000000000e-01 0.000000000000000000e+00
9.951124144672531813e-01 1.250000000000000000e-01 0.000000000000000000e+00
9.960899315738025450e-01 1.250000000000000000e-01 0.000000000000000000e+00
9.970674486803519088e-01 1.250000000000000000e-01 0.000000000000000000e+00
9.980449657869012725e-01 1.250000000000000000e-01 0.000000000000000000e+00
9.990224828934506363e-01 1.250000000000000000e-01 -0.000000000000000000e+00
1.000000000000000000e+00 1.250000000000000000e-01 -0.000000000000000000e+00
