# 0.12666766938274235
0.000000000000000000e+00 1.000000000000000000e+00 -0.000000000000000000e+00
9.775171065493646130e-04 1.000000000000000000e+00 -0.000000000000000000e+00
1.955034213098729226e-03 1.000000000000000000e+00 0.000000000000000000e+00
2.932551319648093839e-03 1.000000000000000000e+00 0.000000000000000000e+00
3.910068426197458452e-03 1.000000000000000000e+00 0.000000000000000000e+00
4.887585532746823065e-03 1.000000000000000000e+00 0.000000000000000000e+00
5.865102639296187678e-03 1.000000000000000000e+00 0.000000000000000000e+00
6.842619745845552291e-03 1.000000000000000000e+00 0.000000000000000000e+00
7.820136852394916904e-03 1.000000000000000000e+00 0.000000000000000000e+00
8.797653958944282385e-03 1.000000000000000000e+00 0.000000000000000000e+00
9.775171065493646130e-03 1.000000000000000000e+00 0.000000000000000000e+00
1.075268817204301161e-02 1.000000000000000000e+00 0.000000000000000000e+00
1.173020527859237536e-02 1.000000000000000000e+00 0.000000000000000000e+00
1.270772238514174084e-02 1.000000000000000000e+00 0.000000000000000000e+00
1.368523949169110458e-02 1.000000000000000000e+00 0.000000000000000000e+00
1.466275659824047006e-02 1.000000000000000000e+00 0.000000000000000000e+00
1.564027370478983381e-02 1.000000000000000000e+00 0.000000000000000000e+00
1.661779081133919755e-02 1.000000000000000000e+00 0.000000000000000000e+00
1.759530791788856477e-02 1.000000000000000000e+00 0.000000000000000000e+00
1.857282502443792851e-02 1.000000000000000000e+00 0.000000000000000000e+00
1.955034213098729226e-02 1.000000000000000000e+00 0.000000000000000000e+00
2.052785923753665601e-02 1.000000000000000000e+00 0.000000000000000000e+00
2.150537634408602322e-02 1.000000000000000000e+00 0.000000000000000000e+00
2.248289345063538697e-02 1.000000000000000000e+00 0.000000000000000000e+00
2.346041055718475071e-02 1.000000000000000000e+00 0.000000000000000000e+00
2.443792766373411446e-02 1.000000000000000000e+00 0.000000000000000000e+00
2.541544477028348167e-02 1.000000000000000000e+00 0.000000000000000000e+00
2.639296187683284542e-02 1.000000000000000000e+00 0.000000000000000000e+00
2.737047898338220916e-02 1.000000000000000000e+00 0.000000000000000000e+00
2.834799608993157291e-02 1.000000000000000000e+00 0.000000000000000000e+00
2.932551319648094013e-02 1.000000000000000000e+00 0.000000000000000000e+00
3.030303030303030387e-02 1.000000000000000000e+00 0.000000000000000000e+00
3.128054740957966762e-02 1.000000000000000000e+00 0.000000000000000000e+00
3.225806451612903136e-02 1.000000000000000000e+00 0.000000000000000000e+00
3.323558162267839511e-02 1.000000000000000000e+00 0.000000000000000000e+00
3.421309872922775885e-02 1.000000000000000000e+00 0.000000000000000000e+00
3.519061583577712954e-02 1.000000000000000000e+00 0.000000000000000000e+00
3.616813294232649328e-02 1.000000000000000000e+00 0.000000000000000000e+00
3.714565004887585703e-02 1.000000000000000000e+00 0.000000000000000000e+00
3.812316715542522078e-02 1.000000000000000000e+00 0.000000000000000000e+00
3.910068426197458452e-02 1.000000000000000000e+00 0.000000000000000000e+00
4.007820136852394827e-02 1.000000000000000000e+00 0.000000000000000000e+00
4.105571847507331201e-02 1.000000000000000000e+00 0.000000000000000000e+00
4.203323558162267576e-02 1.000000000000000000e+00 0.000000000000000000e+00
4.301075268817204644e-02 1.000000000000000000e+00 0.000000000000000000e+00
4.398826979472141019e-02 1.000000000000000000e+00 0.000000000000000000e+00
4.496578690127077393e-02 1.000000000000000000e+00 0.000000000000000000e+00
4.594330400782013768e-02 1.000000000000000000e+00 0.000000000000000000e+00
4.692082111436950143e-02 1.000000000000000000e+00 0.000000000000000000e+00
4.789833822091886517e-02 1.000000000000000000e+00 0.000000000000000000e+00
4.887585532746822892e-02 1.000000000000000000e+00 0.000000000000000000e+00
4.985337243401759266e-02 1.000000000000000000e+00 0.000000000000000000e+00
5.083088954056696335e-02 1.000000000000000000e+00 0.000000000000000000e+00
5.180840664711632709e-02 1.000000000000000000e+00 0.000000000000000000e+00
5.278592375366569084e-02 1.000000000000000000e+00 0.000000000000000000e+00
5.376344086021505458e-02 1.000000000000000000e+00 0.000000000000000000e+00
5.474095796676441833e-02 1.000000000000000000e+00 0.000000000000000000e+00
5.571847507331378208e-02 1.000000000000000000e+00 0.000000000000000000e+00
5.669599217986314582e-02 1.000000000000000000e+00 0.000000000000000000e+00
5.767350928641250957e-02 1.000000000000000000e+00 0.000000000000000000e+00
5.865102639296188025e-02 1.000000000000000000e+00 0.000000000000000000e+00
5.962854349951124400e-02 1.000000000000000000e+00 0.000000000000000000e+00
6.060606060606060774e-02 1.000000000000000000e+00 0.000000000000000000e+00
6.158357771260997149e-02 1.000000000000000000e+00 0.000000000000000000e+00
6.256109481915933523e-02 1.000000000000000000e+00 0.000000000000000000e+00
6.353861192570869898e-02 1.000000000000000000e+00 0.000000000000000000e+00
6.451612903225806273e-02 1.000000000000000000e+00 0.000000000000000000e+00
6.549364613880742647e-02 1.000000000000000000e+00 0.000000000000000000e+00
6.647116324535679022e-02 1.000000000000000000e+00 0.000000000000000000e+00
6.744868035190615396e-02 1.000000000000000000e+00 0.000000000000000000e+00
6.842619745845551771e-02 1.000000000000000000e+00 0.000000000000000000e+00
6.940371456500488145e-02 1.000000000000000000e+00 0.000000000000000000e+00
7.038123167155425908e-02 1.000000000000000000e+00 0.000000000000000000e+00
7.135874877810362282e-02 1.000000000000000000e+00 0.000000000000000000e+00
7.233626588465298657e-02 1.000000000000000000e+00 0.000000000000000000e+00
7.331378299120235031e-02 1.000000000000000000e+00 0.000000000000000000e+00
7.429130009775171406e-02 1.000000000000000000e+00 0.000000000000000000e+00
7.526881720430107781e-02 1.000000000000000000e+00 0.000000000000000000e+00
7.624633431085044155e-02 1.000000000000000000e+00 0.000000000000000000e+00
7.722385141739980530e-02 1.000000000000000000e+00 0.000000000000000000e+00
7.820136852394916904e-02 1.000000000000000000e+00 0.000000000000000000e+00
7.917888563049853279e-02 1.000000000000000000e+00 0.000000000000000000e+00
8.015640273704789653e-02 1.000000000000000000e+00 0.000000000000000000e+00
8.113391984359726028e-02 1.000000000000000000e+00 0.000000000000000000e+00
8.211143695014662403e-02 1.000000000000000000e+00 0.000000000000000000e+00
8.308895405669598777e-02 1.000000000000000000e+00 0.000000000000000000e+00
8.406647116324535152e-02 1.000000000000000000e+00 0.000000000000000000e+00
8.504398826979471526e-02 1.000000000000000000e+00 0.000000000000000000e+00
8.602150537634409289e-02 1.000000000000000000e+00 0.000000000000000000e+00
8.699902248289345663e-02 1.000000000000000000e+00 0.000000000000000000e+00
8.797653958944282038e-02 1.000000000000000000e+00 0.000000000000000000e+00
8.895405669599218412e-02 1.000000000000000000e+00 0.000000000000000000e+00
8.993157380254154787e-02 1.000000000000000000e+00 0.000000000000000000e+00
9.090909090909091161e-02 1.000000000000000000e+00 0.000000000000000000e+00
9.188660801564027536e-02 1.000000000000000000e+00 0.000000000000000000e+00
9.286412512218963911e-02 1.000000000000000000e+00 0.000000000000000000e+00
9.384164222873900285e-02 1.000000000000000000e+00 0.000000000000000000e+00
9.481915933528836660e-02 1.000000000000000000e+00 0.000000000000000000e+00
9.579667644183773034e-02 1.000000000000000000e+00 0.000000000000000000e+00
9.677419354838709409e-02 1.000000000000000000e+00 0.000000000000000000e+00
9.775171065493645783e-02 1.000000000000000000e+00 0.000000000000000000e+00
9.872922776148582158e-02 1.000000000000000000e+00 0.000000000000000000e+00
9.970674486803518533e-02 1.000000000000000000e+00 0.000000000000000000e+00
1.006842619745845491e-01 1.000000000000000000e+00 0.000000000000000000e+00
1.016617790811339267e-01 1.000000000000000000e+00 0.000000000000000000e+00
1.026392961876832904e-01 1.000000000000000000e+00 0.000000000000000000e+00
1.036168132942326542e-01 1.000000000000000000e+00 0.000000000000000000e+00
1.045943304007820179e-01 1.000000000000000000e+00 0.000000000000000000e+00
1.055718475073313817e-01 1.000000000000000000e+00 0.000000000000000000e+00
1.065493646138807454e-01 1.000000000000000000e+00 0.000000000000000000e+00
1.075268817204301092e-01 1.000000000000000000e+00 0.000000000000000000e+00
1.085043988269794729e-01 1.000000000000000000e+00 0.000000000000000000e+00
1.094819159335288367e-01 1.000000000000000000e+00 0.000000000000000000e+00
1.104594330400782004e-01 1.000000000000000000e+00 0.000000000000000000e+00
1.114369501466275642e-01 1.000000000000000000e+00 0.000000000000000000e+00
1.124144672531769279e-01 1.000000000000000000e+00 0.000000000000000000e+00
1.133919843597262916e-01 1.000000000000000000e+00 0.000000000000000000e+00
1.143695014662756554e-01 1.000000000000000000e+00 0.000000000000000000e+00
1.153470185728250191e-01 1.000000000000000000e+00 0.000000000000000000e+00
1.163245356793743829e-01 1.000000000000000000e+00 0.000000000000000000e+00
1.173020527859237605e-01 1.000000000000000000e+00 0.000000000000000000e+00
1.182795698924731242e-01 1.000000000000000000e+00 0.000000000000000000e+00
1.192570869990224880e-01 1.000000000000000000e+00 0.000000000000000000e+00
1.202346041055718517e-01 1.000000000000000000e+00 0.000000000000000000e+00
1.212121212121212155e-01 1.000000000000000000e+00 0.000000000000000000e+00
1.221896383186705792e-01 1.000000000000000000e+00 0.000000000000000000e+00
1.231671554252199430e-01 1.000000000000000000e+00 0.000000000000000000e+00
1.241446725317693067e-01 1.000000000000000000e+00 0.000000000000000000e+00
1.251221896383186705e-01 1.000000000000000000e+00 0.000000000000000000e+00
1.260997067448680342e-01 1.000000000000000000e+00 0.000000000000000000e+00
1.270772238514173980e-01 1.000000000000000000e+00 0.000000000000000000e+00
1.280547409579667617e-01 1.000000000000000000e+00 0.000000000000000000e+00
1.290322580645161255e-01 1.000000000000000000e+00 0.000000000000000000e+00
1.300097751710654892e-01 1.000000000000000000e+00 0.000000000000000000e+00
1.309872922776148529e-01 1.000000000000000000e+00 0.000000000000000000e+00
1.319648093841642167e-01 1.000000000000000000e+00 0.000000000000000000e+00
1.329423264907135804e-01 1.000000000000000000e+00 0.000000000000000000e+00
1.339198435972629442e-01 1.000000000000000000e+00 0.000000000000000000e+00
1.348973607038123079e-01 1.000000000000000000e+00 0.000000000000000000e+00
1.358748778103616717e-01 1.000000000000000000e+00 0.000000000000000000e+00
1.368523949169110354e-01 1.000000000000000000e+00 0.000000000000000000e+00
1.378299120234603992e-01 1.000000000000000000e+00 0.000000000000000000e+00
1.388074291300097629e-01 1.000000000000000000e+00 0.000000000000000000e+00
1.397849462365591267e-01 1.000000000000000000e+00 0.000000000000000000e+00
1.407624633431085182e-01 1.000000000000000000e+00 0.000000000000000000e+00
1.417399804496578819e-01 1.000000000000000000e+00 0.000000000000000000e+00
1.427174975562072456e-01 1.000000000000000000e+00 0.000000000000000000e+00
1.436950146627566094e-01 1.000000000000000000e+00 0.000000000000000000e+00
1.446725317693059731e-01 1.000000000000000000e+00 0.000000000000000000e+00
1.456500488758553369e-01 1.000000000000000000e+00 0.000000000000000000e+00
1.466275659824047006e-01 1.000000000000000000e+00 0.000000000000000000e+00
1.476050830889540644e-01 1.000000000000000000e+00 0.000000000000000000e+00
1.485826001955034281e-01 1.000000000000000000e+00 0.000000000000000000e+00
1.495601173020527919e-01 1.000000000000000000e+00 0.000000000000000000e+00
1.505376344086021556e-01 1.000000000000000000e+00 0.000000000000000000e+00
1.515151515151515194e-01 1.000000000000000000e+00 0.000000000000000000e+00
1.524926686217008831e-01 1.000000000000000000e+00 0.000000000000000000e+00
1.534701857282502468e-01 1.000000000000000000e+00 0.000000000000000000e+00
1.544477028347996106e-01 1.000000000000000000e+00 0.000000000000000000e+00
1.554252199413489743e-01 1.000000000000000000e+00 0.000000000000000000e+00
1.564027370478983381e-01 1.000000000000000000e+00 0.000000000000000000e+00
1.573802541544477018e-01 1.000000000000000000e+00 0.000000000000000000e+00
1.583577712609970656e-01 1.000000000000000000e+00 0.000000000000000000e+00
1.593352883675464293e-01 1.000000000000000000e+00 0.000000000000000000e+00
1.603128054740957931e-01 1.000000000000000000e+00 0.000000000000000000e+00
1.612903225806451568e-01 1.000000000000000000e+00 0.000000000000000000e+00
1.622678396871945206e-01 1.000000000000000000e+00 0.000000000000000000e+00
1.632453567937438843e-01 1.000000000000000000e+00 0.000000000000000000e+00
1.642228739002932481e-01 1.000000000000000000e+00 0.000000000000000000e+00
1.652003910068426118e-01 1.000000000000000000e+00 0.000000000000000000e+00
1.661779081133919755e-01 1.000000000000000000e+00 0.000000000000000000e+00
1.671554252199413393e-01 1.000000000000000000e+00 0.000000000000000000e+00
1.681329423264907030e-01 1.000000000000000000e+00 0.000000000000000000e+00
1.691104594330400668e-01 1.000000000000000000e+00 0.000000000000000000e+00
1.700879765395894305e-01 1.000000000000000000e+00 0.000000000000000000e+00
1.710654936461387943e-01 1.000000000000000000e+00 0.000000000000000000e+00
1.720430107526881858e-01 1.000000000000000000e+00 0.000000000000000000e+00
1.730205278592375495e-01 1.000000000000000000e+00 0.000000000000000000e+00
1.739980449657869133e-01 1.000000000000000000e+00 0.000000000000000000e+00
1.749755620723362770e-01 1.000000000000000000e+00 0.000000000000000000e+00
1.759530791788856408e-01 1.000000000000000000e+00 0.000000000000000000e+00
1.769305962854350045e-01 1.000000000000000000e+00 0.000000000000000000e+00
1.779081133919843682e-01 1.000000000000000000e+00 0.000000000000000000e+00
1.788856304985337320e-01 1.000000000000000000e+00 0.000000000000000000e+00
1.798631476050830957e-01 1.000000000000000000e+00 0.000000000000000000e+00
1.808406647116324595e-01 1.000000000000000000e+00 0.000000000000000000e+00
1.818181818181818232e-01 1.000000000000000000e+00 0.000000000000000000e+00
1.827956989247311870e-01 1.000000000000000000e+00 0.000000000000000000e+00
1.837732160312805507e-01 1.000000000000000000e+00 0.000000000000000000e+00
1.847507331378299145e-01 1.000000000000000000e+00 0.000000000000000000e+00
1.857282502443792782e-01 1.000000000000000000e+00 0.000000000000000000e+00
1.867057673509286420e-01 1.000000000000000000e+00 0.000000000000000000e+00
1.876832844574780057e-01 1.000000000000000000e+00 0.000000000000000000e+00
1.886608015640273694e-01 1.000000000000000000e+00 0.000000000000000000e+00
1.896383186705767332e-01 1.000000000000000000e+00 0.000000000000000000e+00
1.906158357771260969e-01 1.000000000000000000e+00 0.000000000000000000e+00
1.915933528836754607e-01 1.000000000000000000e+00 0.000000000000000000e+00
1.925708699902248244e-01 1.000000000000000000e+00 0.000000000000000000e+00
1.935483870967741882e-01 1.000000000000000000e+00 0.000000000000000000e+00
1.945259042033235519e-01 1.000000000000000000e+00 0.000000000000000000e+00
1.955034213098729157e-01 1.000000000000000000e+00 0.000000000000000000e+00
1.964809384164222794e-01 1.000000000000000000e+00 0.000000000000000000e+00
1.974584555229716432e-01 1.000000000000000000e+00 0.000000000000000000e+00
1.984359726295210069e-01 1.000000000000000000e+00 0.000000000000000000e+00
1.994134897360703707e-01 1.000000000000000000e+00 0.000000000000000000e+00
2.003910068426197344e-01 1.000000000000000000e+00 0.000000000000000000e+00
2.013685239491690981e-01 1.000000000000000000e+00 0.000000000000000000e+00
2.023460410557184619e-01 1.000000000000000000e+00 0.000000000000000000e+00
2.033235581622678534e-01 1.000000000000000000e+00 0.000000000000000000e+00
2.043010752688172171e-01 1.000000000000000000e+00 0.000000000000000000e+00
2.052785923753665809e-01 1.000000000000000000e+00 0.000000000000000000e+00
2.062561094819159446e-01 1.000000000000000000e+00 0.000000000000000000e+00
2.072336265884653084e-01 1.000000000000000000e+00 0.000000000000000000e+00
2.082111436950146721e-01 1.000000000000000000e+00 0.000000000000000000e+00
2.091886608015640359e-01 1.000000000000000000e+00 0.000000000000000000e+00
2.101661779081133996e-01 1.000000000000000000e+00 0.000000000000000000e+00
2.111436950146627634e-01 1.000000000000000000e+00 0.000000000000000000e+00
2.121212121212121271e-01 1.000000000000000000e+00 0.000000000000000000e+00
2.130987292277614908e-01 1.000000000000000000e+00 0.000000000000000000e+00
2.140762463343108546e-01 1.000000000000000000e+00 0.000000000000000000e+00
2.150537634408602183e-01 1.000000000000000000e+00 0.000000000000000000e+00
2.160312805474095821e-01 1.000000000000000000e+00 0.000000000000000000e+00
2.170087976539589458e-01 1.000000000000000000e+00 0.000000000000000000e+00
2.179863147605083096e-01 1.000000000000000000e+00 0.000000000000000000e+00
2.189638318670576733e-01 1.000000000000000000e+00 0.000000000000000000e+00
2.199413489736070371e-01 1.000000000000000000e+00 0.000000000000000000e+00
2.209188660801564008e-01 1.000000000000000000e+00 0.000000000000000000e+00
2.218963831867057646e-01 1.000000000000000000e+00 0.000000000000000000e+00
2.228739002932551283e-01 1.000000000000000000e+00 0.000000000000000000e+00
2.238514173998044920e-01 1.000000000000000000e+00 0.000000000000000000e+00
2.248289345063538558e-01 1.000000000000000000e+00 0.000000000000000000e+00
2.258064516129032195e-01 1.000000000000000000e+00 0.000000000000000000e+00
2.267839687194525833e-01 1.000000000000000000e+00 0.000000000000000000e+00
2.277614858260019470e-01 1.000000000000000000e+00 0.000000000000000000e+00
2.287390029325513108e-01 1.000000000000000000e+00 0.000000000000000000e+00
2.297165200391006745e-01 1.000000000000000000e+00 0.000000000000000000e+00
2.306940371456500383e-01 1.000000000000000000e+00 0.000000000000000000e+00
2.316715542521994020e-01 1.000000000000000000e+00 0.000000000000000000e+00
2.326490713587487658e-01 1.000000000000000000e+00 0.000000000000000000e+00
2.336265884652981295e-01 1.000000000000000000e+00 0.000000000000000000e+00
2.346041055718475210e-01 1.000000000000000000e+00 0.000000000000000000e+00
2.355816226783968848e-01 1.000000000000000000e+00 0.000000000000000000e+00
2.365591397849462485e-01 1.000000000000000000e+00 0.000000000000000000e+00
2.375366568914956122e-01 1.000000000000000000e+00 0.000000000000000000e+00
2.385141739980449760e-01 1.000000000000000000e+00 0.000000000000000000e+00
2.394916911045943397e-01 1.000000000000000000e+00 0.000000000000000000e+00
2.404692082111437035e-01 1.000000000000000000e+00 0.000000000000000000e+00
2.414467253176930672e-01 1.000000000000000000e+00 0.000000000000000000e+00
2.424242424242424310e-01 1.000000000000000000e+00 0.000000000000000000e+00
2.434017595307917947e-01 1.000000000000000000e+00 0.000000000000000000e+00
2.443792766373411585e-01 1.000000000000000000e+00 0.000000000000000000e+00
2.453567937438905222e-01 1.000000000000000000e+00 0.000000000000000000e+00
2.463343108504398860e-01 1.000000000000000000e+00 0.000000000000000000e+00
2.473118279569892497e-01 1.000000000000000000e+00 0.000000000000000000e+00
2.482893450635386134e-01 1.000000000000000000e+00 0.000000000000000000e+00
2.492668621700879772e-01 1.000000000000000000e+00 0.000000000000000000e+00
2.502443792766373409e-01 1.000000000000000000e+00 0.000000000000000000e+00
2.512218963831867047e-01 1.000000000000000000e+00 0.000000000000000000e+00
2.521994134897360684e-01 1.000000000000000000e+00 0.000000000000000000e+00
2.531769305962854322e-01 1.000000000000000000e+00 0.000000000000000000e+00
2.541544477028347959e-01 1.000000000000000000e+00 0.000000000000000000e+00
2.551319648093841597e-01 1.000000000000000000e+00 0.000000000000000000e+00
2.561094819159335234e-01 1.000000000000000000e+00 0.000000000000000000e+00
2.570869990224828872e-01 1.000000000000000000e+00 0.000000000000000000e+00
2.580645161290322509e-01 1.000000000000000000e+00 0.000000000000000000e+00
2.590420332355816146e-01 1.000000000000000000e+00 0.000000000000000000e+00
2.600195503421309784e-01 1.000000000000000000e+00 0.000000000000000000e+00
2.609970674486803421e-01 1.000000000000000000e+00 0.000000000000000000e+00
2.619745845552297059e-01 1.000000000000000000e+00 0.000000000000000000e+00
2.629521016617790696e-01 1.000000000000000000e+00 0.000000000000000000e+00
2.639296187683284334e-01 1.000000000000000000e+00 0.000000000000000000e+00
2.649071358748777971e-01 1.000000000000000000e+00 0.000000000000000000e+00
2.658846529814271609e-01 1.000000000000000000e+00 0.000000000000000000e+00
2.668621700879765246e-01 1.000000000000000000e+00 0.000000000000000000e+00
2.678396871945258884e-01 1.000000000000000000e+00 0.000000000000000000e+00
2.688172043010752521e-01 1.000000000000000000e+00 0.000000000000000000e+00
2.697947214076246158e-01 1.000000000000000000e+00 0.000000000000000000e+00
2.707722385141739796e-01 1.000000000000000000e+00 0.000000000000000000e+00
2.717497556207233433e-01 1.000000000000000000e+00 0.000000000000000000e+00
2.727272727272727071e-01 1.000000000000000000e+00 0.000000000000000000e+00
2.737047898338220708e-01 1.000000000000000000e+00 0.000000000000000000e+00
2.746823069403714346e-01 1.000000000000000000e+00 0.000000000000000000e+00
2.756598240469207983e-01 1.000000000000000000e+00 0.000000000000000000e+00
2.766373411534701621e-01 1.000000000000000000e+00 0.000000000000000000e+00
2.776148582600195258e-01 1.000000000000000000e+00 0.000000000000000000e+00
2.785923753665688896e-01 1.000000000000000000e+00 0.000000000000000000e+00
2.795698924731182533e-01 1.000000000000000000e+00 0.000000000000000000e+00
2.805474095796676171e-01 1.000000000000000000e+00 0.000000000000000000e+00
2.815249266862170363e-01 1.000000000000000000e+00 0.000000000000000000e+00
2.825024437927664001e-01 1.000000000000000000e+00 0.000000000000000000e+00
2.834799608993157638e-01 1.000000000000000000e+00 0.000000000000000000e+00
2.844574780058651275e-01 1.000000000000000000e+00 0.000000000000000000e+00
2.854349951124144913e-01 1.000000000000000000e+00 0.000000000000000000e+00
2.864125122189638550e-01 1.000000000000000000e+00 0.000000000000000000e+00
2.873900293255132188e-01 1.000000000000000000e+00 0.000000000000000000e+00
2.883675464320625825e-01 1.000000000000000000e+00 0.000000000000000000e+00
2.893450635386119463e-01 1.000000000000000000e+00 0.000000000000000000e+00
2.903225806451613100e-01 1.000000000000000000e+00 0.000000000000000000e+00
2.913000977517106738e-01 1.000000000000000000e+00 0.000000000000000000e+00
2.922776148582600375e-01 1.000000000000000000e+00 0.000000000000000000e+00
2.932551319648094013e-01 1.000000000000000000e+00 0.000000000000000000e+00
2.942326490713587650e-01 1.000000000000000000e+00 0.000000000000000000e+00
2.952101661779081287e-01 1.000000000000000000e+00 0.000000000000000000e+00
2.961876832844574925e-01 1.000000000000000000e+00 0.000000000000000000e+00
2.971652003910068562e-01 1.000000000000000000e+00 0.000000000000000000e+00
2.981427174975562200e-01 1.000000000000000000e+00 0.000000000000000000e+00
2.991202346041055837e-01 1.000000000000000000e+00 0.000000000000000000e+00
3.000977517106549475e-01 1.000000000000000000e+00 0.000000000000000000e+00
3.010752688172043112e-01 1.000000000000000000e+00 0.000000000000000000e+00
3.020527859237536750e-01 1.000000000000000000e+00 0.000000000000000000e+00
3.030303030303030387e-01 1.000000000000000000e+00 0.000000000000000000e+00
3.040078201368524025e-01 1.000000000000000000e+00 0.000000000000000000e+00
3.049853372434017662e-01 1.000000000000000000e+00 0.000000000000000000e+00
3.059628543499511300e-01 1.000000000000000000e+00 0.000000000000000000e+00
3.069403714565004937e-01 1.000000000000000000e+00 0.000000000000000000e+00
3.079178885630498574e-01 1.000000000000000000e+00 0.000000000000000000e+00
3.088954056695992212e-01 1.000000000000000000e+00 0.000000000000000000e+00
3.098729227761485849e-01 1.000000000000000000e+00 0.000000000000000000e+00
3.108504398826979487e-01 1.000000000000000000e+00 0.000000000000000000e+00
3.118279569892473124e-01 1.000000000000000000e+00 0.000000000000000000e+00
3.128054740957966762e-01 1.000000000000000000e+00 0.000000000000000000e+00
3.137829912023460399e-01 1.000000000000000000e+00 0.000000000000000000e+00
3.147605083088954037e-01 1.000000000000000000e+00 0.000000000000000000e+00
3.157380254154447674e-01 1.000000000000000000e+00 0.000000000000000000e+00
3.167155425219941312e-01 1.000000000000000000e+00 0.000000000000000000e+00
3.176930596285434949e-01 1.000000000000000000e+00 0.000000000000000000e+00
3.186705767350928586e-01 1.000000000000000000e+00 0.000000000000000000e+00
3.196480938416422224e-01 1.000000000000000000e+00 0.000000000000000000e+00
3.206256109481915861e-01 1.000000000000000000e+00 0.000000000000000000e+00
3.216031280547409499e-01 1.000000000000000000e+00 0.000000000000000000e+00
3.225806451612903136e-01 1.000000000000000000e+00 0.000000000000000000e+00
3.235581622678396774e-01 1.000000000000000000e+00 0.000000000000000000e+00
3.245356793743890411e-01 1.000000000000000000e+00 0.000000000000000000e+00
3.255131964809384049e-01 1.000000000000000000e+00 0.000000000000000000e+00
3.264907135874877686e-01 1.000000000000000000e+00 0.000000000000000000e+00
3.274682306940371324e-01 1.000000000000000000e+00 0.000000000000000000e+00
3.284457478005864961e-01 1.000000000000000000e+00 0.000000000000000000e+00
3.294232649071358598e-01 1.000000000000000000e+00 0.000000000000000000e+00
3.304007820136852236e-01 1.000000000000000000e+00 0.000000000000000000e+00
3.313782991202345873e-01 1.000000000000000000e+00 0.000000000000000000e+00
3.323558162267839511e-01 1.000000000000000000e+00 0.000000000000000000e+00
3.333333333333333148e-01 1.000000000000000000e+00 0.000000000000000000e+00
3.343108504398826786e-01 1.000000000000000000e+00 0.000000000000000000e+00
3.352883675464320423e-01 1.000000000000000000e+00 0.000000000000000000e+00
3.362658846529814061e-01 1.000000000000000000e+00 0.000000000000000000e+00
3.372434017595307698e-01 1.000000000000000000e+00 0.000000000000000000e+00
3.382209188660801336e-01 1.000000000000000000e+00 0.000000000000000000e+00
3.391984359726294973e-01 1.000000000000000000e+00 0.000000000000000000e+00
3.401759530791788610e-01 1.000000000000000000e+00 0.000000000000000000e+00
3.411534701857282248e-01 1.000000000000000000e+00 0.000000000000000000e+00
3.421309872922775885e-01 1.000000000000000000e+00 0.000000000000000000e+00
3.431085043988269523e-01 1.000000000000000000e+00 0.000000000000000000e+00
3.440860215053763715e-01 1.000000000000000000e+00 0.000000000000000000e+00
3.450635386119257353e-01 1.000000000000000000e+00 0.000000000000000000e+00
3.460410557184750990e-01 1.000000000000000000e+00 0.000000000000000000e+00
3.470185728250244628e-01 1.000000000000000000e+00 0.000000000000000000e+00
3.479960899315738265e-01 1.000000000000000000e+00 0.000000000000000000e+00
3.489736070381231903e-01 1.000000000000000000e+00 0.000000000000000000e+00
3.499511241446725540e-01 1.000000000000000000e+00 0.000000000000000000e+00
3.509286412512219178e-01 1.000000000000000000e+00 0.000000000000000000e+00
3.519061583577712815e-01 1.000000000000000000e+00 0.000000000000000000e+00
3.528836754643206453e-01 1.000000000000000000e+00 0.000000000000000000e+00
3.538611925708700090e-01 1.000000000000000000e+00 0.000000000000000000e+00
3.548387096774193727e-01 1.000000000000000000e+00 0.000000000000000000e+00
3.558162267839687365e-01 1.000000000000000000e+00 0.000000000000000000e+00
3.567937438905181002e-01 9.999999999999998890e-01 2.079851142604262074e-16
3.577712609970674640e-01 9.999999999999984457e-01 1.012815876737552831e-15
3.587487781036168277e-01 9.999999999999951150e-01 4.756722021738046888e-15
3.597262952101661915e-01 9.999999999999829026e-01 1.221753148961399624e-14
3.607038123167155552e-01 9.999999999999598099e-01 3.783327519593110455e-14
3.616813294232649190e-01 9.999999999998824274e-01 8.504064874365858828e-14
3.626588465298142827e-01 9.999999999997403188e-01 2.407215706829957372e-13
3.636363636363636465e-01 9.999999999992742472e-01 5.249259827003663574e-13
3.646138807429130102e-01 9.999999999984301446e-01 1.444115901203674379e-12
3.655913978494623739e-01 9.999999999957367436e-01 3.097392854435838452e-12
3.665689149560117377e-01 9.999999999909222614e-01 8.282126878209357565e-12
3.675464320625611014e-01 9.999999999760457170e-01 1.748298400632061729e-11
3.685239491691104652e-01 9.999999999498158099e-01 4.543826220630444625e-11
3.695014662756598289e-01 9.999999998712977289e-01 9.434614265584926272e-11
3.704789833822091927e-01 9.999999997348671954e-01 2.382087507647155641e-10
3.714565004887585564e-01 9.999999993397263864e-01 4.861842777103438086e-10
3.724340175953079202e-01 9.999999986634353633e-01 1.191433770662988500e-09
3.734115347018572839e-01 9.999999967708556037e-01 2.388506243764664256e-09
3.743890518084066477e-01 9.999999935820143016e-01 5.675559635590523743e-09
3.753665689149560114e-01 9.999999849723854028e-01 1.116643027183166164e-08
3.763440860215053752e-01 9.999999707003779381e-01 2.570057692371450263e-08
3.773216031280547389e-01 9.999999335863396510e-01 4.957817669358067219e-08
3.782991202346041026e-01 9.999998731006040087e-01 1.103945361068875123e-07
3.792766373411534664e-01 9.999997218920427811e-01 2.085826249560579146e-07
3.802541544477028301e-01 9.999994798146677466e-01 4.487292136055040692e-07
3.812316715542521939e-01 9.999988993298164486e-01 8.294212120237577133e-07
3.822091886608015576e-01 9.999979872645252676e-01 1.721376183291338091e-06
3.831867057673509214e-01 9.999958947976043122e-01 3.108316853303760410e-06
3.841642228739002851e-01 9.999926716963370987e-01 6.212581070511499240e-06
3.851417399804496489e-01 9.999856186360061017e-01 1.094155142586175508e-05
3.861192570869990126e-01 9.999749820471367512e-01 2.101872375794283716e-05
3.870967741935483764e-01 9.999528623316126241e-01 3.603637343121910552e-05
3.880742913000977401e-01 9.999202548741636942e-01 6.638003305159966320e-05
3.890518084066471038e-01 9.998561023221599342e-01 1.105364209472986926e-04
3.900293255131964676e-01 9.997638454146108300e-01 1.947075927271115241e-04
3.910068426197458313e-01 9.995930750443899893e-01 3.140363484553816958e-04
3.919843597262951951e-01 9.993540949433721288e-01 5.273025088818201469e-04
3.929618768328445588e-01 9.989406890303917930e-01 8.209826328117413160e-04
3.939393939393939226e-01 9.983794545804244303e-01 1.309442328531106687e-03
3.949169110459432863e-01 9.974791188481937354e-01 1.960381994341142600e-03
3.958944281524926501e-01 9.962977832484393170e-01 2.959696308935568475e-03
3.968719452590420138e-01 9.945540468530845724e-01 4.242812780238539895e-03
3.978494623655913776e-01 9.923519698639350350e-01 6.047402303748514521e-03
3.988269794721407413e-01 9.893781239598797850e-01 8.269527747523099451e-03
3.998044965786901050e-01 9.857787823676208427e-01 1.112202492329180531e-02
4.007820136852394688e-01 9.813309615502024963e-01 1.447668630538946795e-02
4.017595307917888325e-01 9.761891594275055040e-01 1.842414298874624906e-02
4.027370478983381963e-01 9.703187944320177394e-01 2.284734233181955412e-02
4.037145650048875600e-01 9.638441663375869606e-01 2.769027899755355585e-02
4.046920821114369238e-01 9.568827869107690010e-01 3.286736275019027514e-02
4.056695992179862875e-01 9.495287965416040477e-01 3.826092843107486985e-02
4.066471163245357068e-01 9.419165807167736437e-01 4.380384488513004715e-02
4.076246334310850705e-01 9.341294034905476273e-01 4.941319452080865371e-02
4.086021505376344343e-01 9.262398477644507855e-01 5.503322242717248458e-02
4.095796676441837980e-01 9.183097897337688664e-01 6.062879733202578003e-02
4.105571847507331618e-01 9.103700963305241256e-01 6.616937415003265599e-02
4.115347018572825255e-01 9.024476134714224385e-01 7.163794824138297601e-02
4.125122189638318893e-01 8.945590557508220630e-01 7.702626023588136916e-02
4.134897360703812530e-01 8.867129940514789643e-01 8.232596934075847583e-02
4.144672531769306167e-01 8.789153177755416602e-01 8.753444963967220438e-02
4.154447702834799805e-01 8.711711103212209650e-01 9.265007385479628876e-02
4.164222873900293442e-01 8.634815823672846724e-01 9.767188421724019853e-02
4.173998044965787080e-01 8.558487652755787378e-01 1.025993637693375787e-01
4.183773216031280717e-01 8.482735623452493101e-01 1.074332783509295702e-01
4.193548387096774355e-01 8.407567596186357184e-01 1.121737073797984402e-01
4.203323558162267992e-01 8.332983651754353183e-01 1.168214047472442702e-01
4.213098729227761630e-01 8.258989410891776073e-01 1.213770713935285461e-01
4.222873900293255267e-01 8.185583406251015770e-01 1.258416738943732294e-01
4.232649071358748905e-01 8.112766334606005270e-01 1.302159562663409986e-01
4.242424242424242542e-01 8.040536099042983054e-01 1.345009713868265400e-01
4.252199413489736179e-01 7.968892326889946975e-01 1.386976574474738655e-01
4.261974584555229817e-01 7.897831927910000660e-01 1.428070491328584379e-01
4.271749755620723454e-01 7.827353063011386336e-01 1.468301215549703831e-01
4.281524926686217092e-01 7.757452721217912295e-01 1.507679431629543043e-01
4.291300097751710729e-01 7.688128405340216576e-01 1.546215295698390169e-01
4.301075268817204367e-01 7.619376776363807613e-01 1.583919266145270011e-01
4.310850439882698004e-01 7.551194916168706417e-01 1.620801613569575750e-01
4.320625610948191642e-01 7.483579527693808853e-01 1.656872795742624915e-01
4.330400782013685279e-01 7.416527447618163071e-01 1.692143065152392212e-01
4.340175953079178917e-01 7.350035308256697153e-01 1.726622696642899357e-01
4.349951124144672554e-01 7.284099862952324589e-01 1.760321868748091212e-01
4.359726295210166191e-01 7.218717793308225827e-01 1.793250733470510561e-01
4.369501466275659829e-01 7.153885828344480613e-01 1.825419328688719645e-01
4.379276637341153466e-01 7.089600685491714849e-01 1.856837624640944595e-01
4.389051808406647104e-01 7.025859141935086871e-01 1.887515504396173327e-01
4.398826979472140741e-01 6.962658002988387773e-01 1.917462771232991969e-01
4.408602150537634379e-01 6.899994124559738484e-01 1.946689131179281107e-01
4.418377321603128016e-01 6.837864410633766044e-01 1.975204200256011899e-01
4.428152492668621654e-01 6.776265830083569863e-01 2.003017503630515339e-01
4.437927663734115291e-01 6.715195416644227366e-01 2.030138475655714481e-01
4.447702834799608929e-01 6.654650274924237552e-01 2.056576456546915510e-01
4.457478005865102566e-01 6.594627585162214922e-01 2.082340693578052238e-01
4.467253176930596203e-01 6.535124610619146290e-01 2.107440342455416948e-01
4.477028347996089841e-01 6.476138702541387460e-01 2.131884467997547106e-01
4.486803519061583478e-01 6.417667305226897323e-01 2.155682044080069748e-01
4.496578690127077116e-01 6.359707961681080324e-01 2.178841954509211642e-01
4.506353861192570753e-01 6.302258320153623083e-01 2.201372994529926241e-01
4.516129032258064391e-01 6.245316140656637094e-01 2.223283872236836711e-01
4.525904203323558028e-01 6.188879301559291335e-01 2.244583209720785455e-01
4.535679374389051666e-01 6.132945806703986591e-01 2.265279544393300204e-01
4.545454545454545303e-01 6.077513793280444609e-01 2.285381330668225519e-01
4.555229716520038941e-01 6.022581540318301396e-01 2.304896941802909438e-01
4.565004887585532578e-01 5.968147477726813976e-01 2.323834671728970402e-01
4.574780058651026216e-01 5.914210196031221001e-01 2.342202736942809449e-01
4.584555229716519853e-01 5.860768457001860332e-01 2.360009278587573978e-01
4.594330400782013490e-01 5.807821205261991526e-01 2.377262364741114242e-01
4.604105571847507128e-01 5.755367580903093527e-01 2.393969992848785922e-01
4.613880742913000765e-01 5.703406933189058003e-01 2.410140092285181779e-01
4.623655913978494403e-01 5.651938835494699775e-01 2.425780527094975048e-01
4.633431085043988040e-01 5.600963101628710916e-01 2.440899098965335912e-01
4.643206256109481678e-01 5.550479803665865353e-01 2.455503550446514194e-01
4.652981427174975315e-01 5.500489291412000714e-01 2.469601568423916982e-01
4.662756598240468953e-01 5.450992213652771090e-01 2.483200787865038617e-01
4.672531769305962590e-01 5.401989541364214942e-01 2.496308795886061915e-01
4.682306940371456228e-01 5.353482593072516060e-01 2.508933136185021451e-01
4.692082111436950420e-01 5.305473062552252816e-01 2.521081313880629837e-01
4.701857282502444058e-01 5.257963049061264993e-01 2.532760800795699763e-01
4.711632453567937695e-01 5.210955090326684358e-01 2.543979041234032401e-01
4.721407624633431332e-01 5.164452198511821912e-01 2.554743458310674287e-01
4.731182795698924970e-01 5.118457899401340772e-01 2.565061460900547319e-01
4.740957966764418607e-01 5.072976275044136507e-01 2.574940451272194064e-01
4.750733137829912245e-01 5.028012010092747230e-01 2.584387833476754492e-01
4.760508308895405882e-01 4.983570442074281015e-01 2.593411022568810620e-01
4.770283479960899520e-01 4.939657615816374081e-01 2.602017454742607261e-01
4.780058651026393157e-01 4.896280342228188642e-01 2.610214598471540803e-01
4.789833822091886795e-01 4.853446261597682554e-01 2.618009966740338923e-01
4.799608993157380432e-01 4.811163911510065172e-01 2.625411130459163744e-01
4.809384164222874070e-01 4.769442799414237988e-01 2.632425733147089608e-01
4.819159335288367707e-01 4.728293479757883500e-01 2.639061506967628756e-01
4.828934506353861345e-01 4.687727635470057552e-01 2.645326290188995122e-01
4.838709677419354982e-01 4.647758163384284047e-01 2.651228046124947668e-01
4.848484848484848619e-01 4.608399262956470177e-01 2.656774883586836000e-01
4.858260019550342257e-01 4.569666527330104033e-01 2.661975078842415687e-01
4.868035190615835894e-01 4.531577035424642630e-01 2.666837099029606972e-01
4.877810361681329532e-01 4.494149443259289334e-01 2.671369626910878314e-01
4.887585532746823169e-01 4.457404072160695563e-01 2.675581586773005394e-01
4.897360703812316807e-01 4.421362990828182071e-01 2.679482171174759619e-01
4.907135874877810444e-01 4.386050087434704703e-01 2.683080868119073759e-01
4.916911045943304082e-01 4.351491127021319683e-01 2.686387488074186702e-01
4.926686217008797719e-01 4.317713788400096009e-01 2.689412190089233157e-01
4.936461388074291357e-01 4.284747673629001885e-01 2.692165506044112977e-01
4.946236559139784994e-01 4.252624281892115610e-01 2.694658361844601835e-01
4.956011730205278631e-01 4.221376938361590669e-01 2.696902094128769134e-01
4.965786901270772269e-01 4.191040667414376863e-01 2.698908460802023623e-01
4.975562072336265906e-01 4.161651998542748032e-01 2.700689643484140423e-01
4.985337243401759544e-01 4.133248692590337781e-01 2.702258239758158487e-01
4.995112414467253181e-01 4.105869375767745577e-01 2.703627242992044377e-01
5.004887585532746819e-01 4.079553069501926643e-01 2.704810007500876301e-01
5.014662756598240456e-01 4.054338605837540799e-01 2.705820196977297698e-01
5.024437927663734094e-01 4.030263921141269412e-01 2.706671714490241909e-01
5.034213098729227731e-01 4.007365225554085919e-01 2.707378612980977373e-01
5.043988269794721369e-01 3.985676052220947785e-01 2.707954986101712702e-01
5.053763440860215006e-01 3.965226198902301324e-01 2.708414840450200645e-01
5.063538611925708643e-01 3.946040585026330261e-01 2.708771951720306825e-01
5.073313782991202281e-01 3.928138059167074481e-01 2.709039708929654733e-01
5.083088954056695918e-01 3.911530204551363910e-01 2.709230952561109684e-01
5.092864125122189556e-01 3.896220202315583969e-01 2.709357813970760254e-01
5.102639296187683193e-01 3.882201822273064207e-01 2.709431564538433146e-01
5.112414467253176831e-01 3.869458617065846262e-01 2.709462483527214638e-01
5.122189638318670468e-01 3.857963395867721745e-01 2.709459753271978855e-01
5.131964809384164106e-01 3.847678046670378049e-01 2.709431389017258884e-01
5.141739980449657743e-01 3.838553760691198469e-01 2.709384208489926116e-01
5.151515151515151381e-01 3.830531688719696626e-01 2.709323843301535972e-01
5.161290322580645018e-01 3.823544028727570154e-01 2.709254790864241702e-01
5.171065493646138655e-01 3.817515509634162307e-01 2.709180502119543643e-01
5.180840664711632293e-01 3.812365201691871874e-01 2.709103497499337765e-01
5.190615835777125930e-01 3.808008554038389004e-01 2.709025501576736161e-01
5.200391006842619568e-01 3.804359538832157717e-01 2.708947586078323533e-01
5.210166177908113205e-01 3.801332772256433845e-01 2.708870311368549166e-01
5.219941348973606843e-01 3.798845487009435695e-01 2.708793858014889033e-01
5.229716520039100480e-01 3.796819248069355779e-01 2.708718142267225737e-01
5.239491691104594118e-01 3.795181330928353858e-01 2.708642911821507182e-01
5.249266862170087755e-01 3.793865715074854483e-01 2.708567820682910021e-01
5.259042033235581393e-01 3.792813680577904467e-01 2.708492483983256371e-01
5.268817204301075030e-01 3.791974027746697340e-01 2.708416515060285690e-01
5.278592375366568668e-01 3.791302965542221459e-01 2.708339547928376168e-01
5.288367546432062305e-01 3.790763731672182058e-01 2.708261248528310294e-01
5.298142717497555942e-01 3.790326015592440090e-01 2.708181317971599666e-01
5.307917888563049580e-01 3.789965255769275343e-01 2.708099490549988331e-01
5.317693059628543217e-01 3.789661876238049065e-01 2.708015528708110353e-01
5.327468230694036855e-01 3.789400516875969793e-01 2.707929216589829435e-01
5.337243401759530492e-01 3.789169299052689843e-01 2.707840353240293929e-01
5.347018572825024130e-01 3.788959155293432635e-01 2.707748746113776139e-01
5.356793743890517767e-01 3.788763239668765936e-01 2.707654205212122744e-01
5.366568914956011405e-01 3.788576425670787673e-01 2.707556537952223175e-01
5.376344086021505042e-01 3.788394890725754749e-01 2.707455544716043661e-01
5.386119257086998680e-01 3.788215781229598567e-01 2.707351014953413570e-01
5.395894428152492317e-01 3.788036948821736360e-01 2.707242723666217210e-01
5.405669599217985954e-01 3.787856747141580271e-01 2.707130428086579332e-01
5.415444770283479592e-01 3.787673878103225977e-01 2.707013864357420974e-01
5.425219941348973229e-01 3.787487277360259141e-01 2.706892744020883423e-01
5.434995112414466867e-01 3.787296029757388216e-01 2.706766750109986241e-01
5.444770283479960504e-01 3.787099306898055184e-01 2.706635532613431150e-01
5.454545454545454142e-01 3.786896320292582052e-01 2.706498703034184716e-01
5.464320625610947779e-01 3.786686284750719333e-01 2.706355827678736947e-01
5.474095796676441417e-01 3.786468387656797829e-01 2.706206419181475531e-01
5.483870967741935054e-01 3.786241760459382322e-01 2.706049925568482784e-01
5.493646138807428692e-01 3.786005449082985308e-01 2.705885715871705899e-01
5.503421309872922329e-01 3.785758379996024825e-01 2.705713060886106858e-01
5.513196480938415966e-01 3.785499318314820005e-01 2.705531107080589859e-01
5.522971652003909604e-01 3.785226813552934888e-01 2.705338840886133966e-01
5.532746823069403241e-01 3.784939127405045345e-01 2.705135039550665144e-01
5.542521994134896879e-01 3.784634136263198001e-01 2.704918203439135582e-01
5.552297165200390516e-01 3.784309199010412184e-01 2.704686463061909407e-01
5.562072336265884154e-01 3.783960978088060645e-01 2.704437452269995434e-01
5.571847507331377791e-01 3.783585199043698610e-01 2.704168137061378485e-01
5.581622678396871429e-01 3.783176331012321203e-01 2.703874587487694048e-01
5.591397849462365066e-01 3.782727168297877474e-01 2.703551678535227043e-01
5.601173020527858704e-01 3.782228292009245374e-01 2.703192705005612040e-01
5.610948191593352341e-01 3.781667391344045726e-01 2.702788895891630183e-01
5.620723362658845979e-01 3.781028427518583479e-01 2.702328816182698046e-01
5.630498533724340726e-01 3.780290630480815373e-01 2.701797649134189960e-01
5.640273704789834364e-01 3.779427330303460897e-01 2.701176360429960455e-01
5.650048875855328001e-01 3.778404642159743920e-01 2.700440757805740444e-01
5.659824046920821639e-01 3.777180046171247363e-01 2.699560475682651894e-01
5.669599217986315276e-01 3.775700930602072236e-01 2.698497933769727908e-01
5.679374389051808913e-01 3.773903197346996086e-01 2.697207340356075900e-01
5.689149560117302551e-01 3.771710059865992504e-01 2.695633833300448146e-01
5.698924731182796188e-01 3.769031192056335744e-01 2.693712871968691469e-01
5.708699902248289826e-01 3.765762407580494631e-01 2.691370008390053248e-01
5.718475073313783463e-01 3.761786057983370068e-01 2.688521172199622722e-01
5.728250244379277101e-01 3.756972329779140196e-01 2.685073598105428005e-01
5.738025415444770738e-01 3.751181591698955486e-01 2.680927503900626951e-01
5.747800586510264376e-01 3.744267891300657181e-01 2.675978589885524284e-01
5.757575757575758013e-01 3.736083625434232780e-01 2.670121377173316768e-01
5.767350928641251651e-01 3.726485314905517710e-01 2.663253335067180538e-01
5.777126099706745288e-01 3.715340306542946336e-01 2.655279671129690544e-01
5.786901270772238925e-01 3.702534115130819425e-01 2.646118578424883627e-01
5.796676441837732563e-01 3.687978014882613009e-01 2.635706660957038983e-01
5.806451612903226200e-01 3.671616407804503268e-01 2.624004199503183199e-01
5.816226783968719838e-01 3.653433446372107429e-01 2.610999884364089141e-01
5.826001955034213475e-01 3.633458380077523309e-01 2.596714635948174088e-01
5.835777126099707113e-01 3.611769135438570588e-01 2.581204162726742357e-01
5.845552297165200750e-01 3.588493727827661850e-01 2.564559969549404794e-01
5.855327468230694388e-01 3.563809236210290776e-01 2.546908624179569092e-01
5.865102639296188025e-01 3.537938238382237199e-01 2.528409208910056827e-01
5.874877810361681663e-01 3.511142789850580370e-01 2.509249016734608206e-01
5.884652981427175300e-01 3.483716216500452045e-01 2.489637685191665173e-01
5.894428152492668938e-01 3.455973161173687136e-01 2.469800082474007119e-01
5.904203323558162575e-01 3.428238460210442096e-01 2.449968357529056784e-01
5.913978494623656212e-01 3.400835514325030173e-01 2.430373628980486422e-01
5.923753665689149850e-01 3.374074850498470779e-01 2.411237810777135671e-01
5.933528836754643487e-01 3.348243545562379353e-01 2.392766053871047405e-01
5.943304007820137125e-01 3.323596101748836906e-01 2.375140225750825007e-01
5.953079178885630762e-01 3.300347239188290982e-01 2.358513760100239831e-01
5.962854349951124400e-01 3.278666913878423572e-01 2.343008097025929548e-01
5.972629521016618037e-01 3.258677698167330439e-01 2.328710811741993847e-01
5.982404692082111675e-01 3.240454490867206161e-01 2.315675408157733539e-01
5.992179863147605312e-01 3.224026370845544109e-01 2.303922644282720145e-01
6.001955034213098950e-01 3.209380283415139146e-01 2.293443167377165748e-01
6.011730205278592587e-01 3.196466161091841562e-01 2.284201174072775786e-01
6.021505376344086224e-01 3.185203032846684046e-01 2.276138776795992025e-01
6.031280547409579862e-01 3.175485668038325882e-01 2.269180752162879844e-01
6.041055718475073499e-01 3.167191328262512484e-01 2.263239366358285043e-01
6.050830889540567137e-01 3.160186255173103587e-01 2.258219011697437106e-01
6.060606060606060774e-01 3.154331596135288573e-01 2.254020441321425428e-01
6.070381231671554412e-01 3.149488553190544771e-01 2.250544448741304826e-01
6.080156402737048049e-01 3.145522625687017793e-01 2.247694899603297214e-01
6.089931573802541687e-01 3.142306895887805873e-01 2.245381079475448072e-01
6.099706744868035324e-01 3.139724374604277446e-01 2.243519369860659807e-01
6.109481915933528962e-01 3.137669477144038876e-01 2.242034302687334058e-01
6.119257086999022599e-01 3.136048737304605316e-01 2.240859070282228138e-01
6.129032258064516236e-01 3.134780889157354200e-01 2.239935583557917664e-01
6.138807429130009874e-01 3.133796454606627702e-01 2.239214177032210762e-01
6.148582600195503511e-01 3.133036971663328840e-01 2.238653057116310741e-01
6.158357771260997149e-01 3.132453986928776524e-01 2.238217581925016908e-01
6.168132942326490786e-01 3.132007918860827966e-01 2.237879448761974366e-01
6.177908113391984424e-01 3.131666878660072095e-01 2.237615851330327366e-01
6.187683284457478061e-01 3.131405515301892706e-01 2.237408654220944537e-01
6.197458455522971699e-01 3.131203932027260550e-01 2.237243618532573641e-01
6.207233626588465336e-01 3.131046704551612714e-01 2.237109700285770386e-01
6.217008797653958974e-01 3.130922016855632317e-01 2.236998432856376340e-01
6.226783968719452611e-01 3.130820918920018681e-01 2.236903396133440580e-01
6.236559139784946248e-01 3.130736702671780280e-01 2.236819769282487325e-01
6.246334310850439886e-01 3.130664388672228515e-01 2.236743962494017468e-01
6.256109481915933523e-01 3.130600316477966660e-01 2.236673326103337245e-01
6.265884652981427161e-01 3.130541830886836019e-01 2.236605936024554653e-01
6.275659824046920798e-01 3.130487042646144524e-01 2.236540435716545538e-01
6.285434995112414436e-01 3.130434610399910889e-01 2.236475868099299102e-01
6.295210166177908073e-01 3.130383476955492239e-01 2.236411405863474866e-01
6.304985337243401711e-01 3.130332597224287916e-01 2.236346030206448343e-01
6.314760508308895348e-01 3.130280983541725570e-01 2.236278623885416261e-01
6.324535679374388986e-01 3.130228594163215750e-01 2.236209266488825564e-01
6.334310850439882623e-01 3.130177831426613766e-01 2.236141494463384505e-01
6.344086021505376261e-01 3.130132927570453139e-01 2.236081709308093413e-01
6.353861192570869898e-01 3.130092225043820675e-01 2.236028369798765680e-01
6.363636363636363535e-01 3.130033766739035439e-01 2.235950766069044471e-01
6.373411534701857173e-01 3.129915904621560774e-01 2.235787618903751217e-01
6.383186705767350810e-01 3.129738646785529266e-01 2.235532456397198164e-01
6.392961876832844448e-01 3.129675189779927980e-01 2.235426049295627937e-01
6.402737047898338085e-01 3.130103782629580778e-01 2.236021343655104354e-01
6.412512218963831723e-01 3.131129187440069850e-01 2.237523411402306817e-01
6.422287390029325360e-01 3.131401666162819120e-01 2.238072334102107486e-01
6.432062561094818998e-01 3.127530453007717481e-01 2.232745147600703473e-01
6.441837732160312635e-01 3.117744179060629728e-01 2.218563040342931836e-01
6.451612903225806273e-01 3.112238136854197368e-01 2.209403723404946840e-01
6.461388074291299910e-01 3.140518739719591057e-01 2.247928041696850288e-01
6.471163245356793547e-01 3.225897446880232611e-01 2.372269904684235764e-01
6.480938416422287185e-01 3.292437951004550389e-01 2.479939420105388148e-01
6.490713587487780822e-01 3.057249331456423080e-01 2.167897127205769825e-01
6.500488758553274460e-01 2.320780170990642544e-01 1.204824453124743872e-01
6.510263929618768097e-01 1.606450611088165448e-01 3.528501773770468392e-02
6.520039100684261735e-01 1.322314650997346019e-01 6.277838263419439034e-03
6.529814271749755372e-01 1.261245437474526609e-01 9.286517807959653818e-04
6.539589442815249010e-01 1.251614989936299105e-01 1.319193034403626892e-04
6.549364613880742647e-01 1.250228359816867307e-01 1.862155494808645346e-05
6.559139784946236285e-01 1.250032212237453533e-01 2.626207015815202383e-06
6.568914956011729922e-01 1.250004542405933061e-01 3.703171930606742722e-07
6.578690127077223559e-01 1.250000640514677130e-01 5.221728774940504726e-08
6.588465298142717197e-01 1.250000090316846224e-01 7.362997031162114846e-09
6.598240469208210834e-01 1.250000012735300037e-01 1.038232414452081504e-09
6.608015640273704472e-01 1.250000001795767146e-01 1.463980252163391084e-10
6.617790811339198109e-01 1.250000000253216059e-01 2.064314622469667552e-11
6.627565982404691747e-01 1.250000000035705050e-01 2.910817064634857267e-12
6.637341153470185384e-01 1.250000000005033751e-01 4.103976933646529131e-13
6.647116324535679022e-01 1.250000000000709710e-01 5.783811630569303666e-14
6.656891495601172659e-01 1.250000000000099920e-01 8.148177481925578176e-15
6.666666666666666297e-01 1.250000000000013878e-01 1.144485139222027025e-15
6.676441837732159934e-01 1.250000000000001665e-01 1.429889077691329454e-16
6.686217008797653572e-01 1.250000000000000000e-01 1.186850391831626592e-17
6.695992179863147209e-01 1.250000000000000000e-01 3.121976719341509801e-35
6.705767350928640846e-01 1.250000000000000000e-01 2.419135914729664102e-71
6.715542521994134484e-01 1.250000000000000000e-01 1.329334674215614235e-145
6.725317693059628121e-01 1.250000000000000000e-01 0.000000000000000000e+00
6.735092864125121759e-01 1.250000000000000000e-01 0.000000000000000000e+00
6.744868035190615396e-01 1.250000000000000000e-01 0.000000000000000000e+00
6.754643206256109034e-01 1.250000000000000000e-01 0.000000000000000000e+00
6.764418377321602671e-01 1.250000000000000000e-01 0.000000000000000000e+00
6.774193548387096309e-01 1.250000000000000000e-01 0.000000000000000000e+00
6.783968719452589946e-01 1.250000000000000000e-01 0.000000000000000000e+00
6.793743890518083584e-01 1.250000000000000000e-01 0.000000000000000000e+00
6.803519061583577221e-01 1.250000000000000000e-01 0.000000000000000000e+00
6.813294232649070858e-01 1.250000000000000000e-01 0.000000000000000000e+00
6.823069403714564496e-01 1.250000000000000000e-01 0.000000000000000000e+00
6.832844574780058133e-01 1.250000000000000000e-01 0.000000000000000000e+00
6.842619745845551771e-01 1.250000000000000000e-01 0.000000000000000000e+00
6.852394916911045408e-01 1.250000000000000000e-01 0.000000000000000000e+00
6.862170087976539046e-01 1.250000000000000000e-01 0.000000000000000000e+00
6.871945259042032683e-01 1.250000000000000000e-01 0.000000000000000000e+00
6.881720430107527431e-01 1.250000000000000000e-01 0.000000000000000000e+00
6.891495601173021068e-01 1.250000000000000000e-01 0.000000000000000000e+00
6.901270772238514706e-01 1.250000000000000000e-01 0.000000000000000000e+00
6.911045943304008343e-01 1.250000000000000000e-01 0.000000000000000000e+00
6.920821114369501981e-01 1.250000000000000000e-01 0.000000000000000000e+00
6.930596285434995618e-01 1.250000000000000000e-01 0.000000000000000000e+00
6.940371456500489256e-01 1.250000000000000000e-01 0.000000000000000000e+00
6.950146627565982893e-01 1.250000000000000000e-01 0.000000000000000000e+00
6.959921798631476531e-01 1.250000000000000000e-01 0.000000000000000000e+00
6.969696969696970168e-01 1.250000000000000000e-01 0.000000000000000000e+00
6.979472140762463805e-01 1.250000000000000000e-01 0.000000000000000000e+00
6.989247311827957443e-01 1.250000000000000000e-01 0.000000000000000000e+00
6.999022482893451080e-01 1.250000000000000000e-01 0.000000000000000000e+00
7.008797653958944718e-01 1.250000000000000000e-01 0.000000000000000000e+00
7.018572825024438355e-01 1.250000000000000000e-01 0.000000000000000000e+00
7.028347996089931993e-01 1.250000000000000000e-01 0.000000000000000000e+00
7.038123167155425630e-01 1.250000000000000000e-01 0.000000000000000000e+00
7.047898338220919268e-01 1.250000000000000000e-01 0.000000000000000000e+00
7.057673509286412905e-01 1.250000000000000000e-01 0.000000000000000000e+00
7.067448680351906543e-01 1.250000000000000000e-01 0.000000000000000000e+00
7.077223851417400180e-01 1.250000000000000000e-01 0.000000000000000000e+00
7.086999022482893817e-01 1.250000000000000000e-01 0.000000000000000000e+00
7.096774193548387455e-01 1.250000000000000000e-01 0.000000000000000000e+00
7.106549364613881092e-01 1.250000000000000000e-01 0.000000000000000000e+00
7.116324535679374730e-01 1.250000000000000000e-01 0.000000000000000000e+00
7.126099706744868367e-01 1.250000000000000000e-01 0.000000000000000000e+00
7.135874877810362005e-01 1.250000000000000000e-01 0.000000000000000000e+00
7.145650048875855642e-01 1.250000000000000000e-01 0.000000000000000000e+00
7.155425219941349280e-01 1.250000000000000000e-01 0.000000000000000000e+00
7.165200391006842917e-01 1.250000000000000000e-01 0.000000000000000000e+00
7.174975562072336555e-01 1.250000000000000000e-01 0.000000000000000000e+00
7.184750733137830192e-01 1.250000000000000000e-01 0.000000000000000000e+00
7.194525904203323829e-01 1.250000000000000000e-01 0.000000000000000000e+00
7.204301075268817467e-01 1.250000000000000000e-01 0.000000000000000000e+00
7.214076246334311104e-01 1.250000000000000000e-01 0.000000000000000000e+00
7.223851417399804742e-01 1.250000000000000000e-01 0.000000000000000000e+00
7.233626588465298379e-01 1.250000000000000000e-01 0.000000000000000000e+00
7.243401759530792017e-01 1.250000000000000000e-01 0.000000000000000000e+00
7.253176930596285654e-01 1.250000000000000000e-01 0.000000000000000000e+00
7.262952101661779292e-01 1.250000000000000000e-01 0.000000000000000000e+00
7.272727272727272929e-01 1.250000000000000000e-01 0.000000000000000000e+00
7.282502443792766567e-01 1.250000000000000000e-01 0.000000000000000000e+00
7.292277614858260204e-01 1.250000000000000000e-01 0.000000000000000000e+00
7.302052785923753842e-01 1.250000000000000000e-01 0.000000000000000000e+00
7.311827956989247479e-01 1.250000000000000000e-01 0.000000000000000000e+00
7.321603128054741116e-01 1.250000000000000000e-01 0.000000000000000000e+00
7.331378299120234754e-01 1.250000000000000000e-01 0.000000000000000000e+00
7.341153470185728391e-01 1.250000000000000000e-01 0.000000000000000000e+00
7.350928641251222029e-01 1.250000000000000000e-01 0.000000000000000000e+00
7.360703812316715666e-01 1.250000000000000000e-01 0.000000000000000000e+00
7.370478983382209304e-01 1.250000000000000000e-01 0.000000000000000000e+00
7.380254154447702941e-01 1.250000000000000000e-01 0.000000000000000000e+00
7.390029325513196579e-01 1.250000000000000000e-01 0.000000000000000000e+00
7.399804496578690216e-01 1.250000000000000000e-01 0.000000000000000000e+00
7.409579667644183854e-01 1.250000000000000000e-01 0.000000000000000000e+00
7.419354838709677491e-01 1.250000000000000000e-01 0.000000000000000000e+00
7.429130009775171128e-01 1.250000000000000000e-01 0.000000000000000000e+00
7.438905180840664766e-01 1.250000000000000000e-01 0.000000000000000000e+00
7.448680351906158403e-01 1.250000000000000000e-01 0.000000000000000000e+00
7.458455522971652041e-01 1.250000000000000000e-01 0.000000000000000000e+00
7.468230694037145678e-01 1.250000000000000000e-01 0.000000000000000000e+00
7.478005865102639316e-01 1.250000000000000000e-01 0.000000000000000000e+00
7.487781036168132953e-01 1.250000000000000000e-01 0.000000000000000000e+00
7.497556207233626591e-01 1.250000000000000000e-01 0.000000000000000000e+00
7.507331378299120228e-01 1.250000000000000000e-01 0.000000000000000000e+00
7.517106549364613866e-01 1.250000000000000000e-01 0.000000000000000000e+00
7.526881720430107503e-01 1.250000000000000000e-01 0.000000000000000000e+00
7.536656891495601140e-01 1.250000000000000000e-01 0.000000000000000000e+00
7.546432062561094778e-01 1.250000000000000000e-01 0.000000000000000000e+00
7.556207233626588415e-01 1.250000000000000000e-01 0.000000000000000000e+00
7.565982404692082053e-01 1.250000000000000000e-01 0.000000000000000000e+00
7.575757575757575690e-01 1.250000000000000000e-01 0.000000000000000000e+00
7.585532746823069328e-01 1.250000000000000000e-01 0.000000000000000000e+00
7.595307917888562965e-01 1.250000000000000000e-01 0.000000000000000000e+00
7.605083088954056603e-01 1.250000000000000000e-01 0.000000000000000000e+00
7.614858260019550240e-01 1.250000000000000000e-01 0.000000000000000000e+00
7.624633431085043878e-01 1.250000000000000000e-01 0.000000000000000000e+00
7.634408602150537515e-01 1.250000000000000000e-01 0.000000000000000000e+00
7.644183773216031152e-01 1.250000000000000000e-01 0.000000000000000000e+00
7.653958944281524790e-01 1.250000000000000000e-01 0.000000000000000000e+00
7.663734115347018427e-01 1.250000000000000000e-01 0.000000000000000000e+00
7.673509286412512065e-01 1.250000000000000000e-01 0.000000000000000000e+00
7.683284457478005702e-01 1.250000000000000000e-01 0.000000000000000000e+00
7.693059628543499340e-01 1.250000000000000000e-01 0.000000000000000000e+00
7.702834799608992977e-01 1.250000000000000000e-01 0.000000000000000000e+00
7.712609970674486615e-01 1.250000000000000000e-01 0.000000000000000000e+00
7.722385141739980252e-01 1.250000000000000000e-01 0.000000000000000000e+00
7.732160312805473890e-01 1.250000000000000000e-01 0.000000000000000000e+00
7.741935483870967527e-01 1.250000000000000000e-01 0.000000000000000000e+00
7.751710654936461165e-01 1.250000000000000000e-01 0.000000000000000000e+00
7.761485826001954802e-01 1.250000000000000000e-01 0.000000000000000000e+00
7.771260997067448439e-01 1.250000000000000000e-01 0.000000000000000000e+00
7.781036168132942077e-01 1.250000000000000000e-01 0.000000000000000000e+00
7.790811339198435714e-01 1.250000000000000000e-01 0.000000000000000000e+00
7.800586510263929352e-01 1.250000000000000000e-01 0.000000000000000000e+00
7.810361681329422989e-01 1.250000000000000000e-01 0.000000000000000000e+00
7.820136852394916627e-01 1.250000000000000000e-01 0.000000000000000000e+00
7.829912023460410264e-01 1.250000000000000000e-01 0.000000000000000000e+00
7.839687194525903902e-01 1.250000000000000000e-01 0.000000000000000000e+00
7.849462365591397539e-01 1.250000000000000000e-01 0.000000000000000000e+00
7.859237536656891177e-01 1.250000000000000000e-01 0.000000000000000000e+00
7.869012707722384814e-01 1.250000000000000000e-01 0.000000000000000000e+00
7.878787878787878451e-01 1.250000000000000000e-01 0.000000000000000000e+00
7.888563049853372089e-01 1.250000000000000000e-01 0.000000000000000000e+00
7.898338220918865726e-01 1.250000000000000000e-01 0.000000000000000000e+00
7.908113391984359364e-01 1.250000000000000000e-01 0.000000000000000000e+00
7.917888563049853001e-01 1.250000000000000000e-01 0.000000000000000000e+00
7.927663734115346639e-01 1.250000000000000000e-01 0.000000000000000000e+00
7.937438905180840276e-01 1.250000000000000000e-01 0.000000000000000000e+00
7.947214076246333914e-01 1.250000000000000000e-01 0.000000000000000000e+00
7.956989247311827551e-01 1.250000000000000000e-01 0.000000000000000000e+00
7.966764418377321189e-01 1.250000000000000000e-01 0.000000000000000000e+00
7.976539589442814826e-01 1.250000000000000000e-01 0.000000000000000000e+00
7.986314760508308463e-01 1.250000000000000000e-01 0.000000000000000000e+00
7.996089931573802101e-01 1.250000000000000000e-01 0.000000000000000000e+00
8.005865102639295738e-01 1.250000000000000000e-01 0.000000000000000000e+00
8.015640273704789376e-01 1.250000000000000000e-01 0.000000000000000000e+00
8.025415444770283013e-01 1.250000000000000000e-01 0.000000000000000000e+00
8.035190615835776651e-01 1.250000000000000000e-01 0.000000000000000000e+00
8.044965786901270288e-01 1.250000000000000000e-01 0.000000000000000000e+00
8.054740957966763926e-01 1.250000000000000000e-01 0.000000000000000000e+00
8.064516129032257563e-01 1.250000000000000000e-01 0.000000000000000000e+00
8.074291300097751201e-01 1.250000000000000000e-01 0.000000000000000000e+00
8.084066471163244838e-01 1.250000000000000000e-01 0.000000000000000000e+00
8.093841642228738475e-01 1.250000000000000000e-01 0.000000000000000000e+00
8.103616813294232113e-01 1.250000000000000000e-01 0.000000000000000000e+00
8.113391984359725750e-01 1.250000000000000000e-01 0.000000000000000000e+00
8.123167155425219388e-01 1.250000000000000000e-01 0.000000000000000000e+00
8.132942326490714136e-01 1.250000000000000000e-01 0.000000000000000000e+00
8.142717497556207773e-01 1.250000000000000000e-01 0.000000000000000000e+00
8.152492668621701410e-01 1.250000000000000000e-01 0.000000000000000000e+00
8.162267839687195048e-01 1.250000000000000000e-01 0.000000000000000000e+00
8.172043010752688685e-01 1.250000000000000000e-01 0.000000000000000000e+00
8.181818181818182323e-01 1.250000000000000000e-01 0.000000000000000000e+00
8.191593352883675960e-01 1.250000000000000000e-01 0.000000000000000000e+00
8.201368523949169598e-01 1.250000000000000000e-01 0.000000000000000000e+00
8.211143695014663235e-01 1.250000000000000000e-01 0.000000000000000000e+00
8.220918866080156873e-01 1.250000000000000000e-01 0.000000000000000000e+00
8.230694037145650510e-01 1.250000000000000000e-01 0.000000000000000000e+00
8.240469208211144148e-01 1.250000000000000000e-01 0.000000000000000000e+00
8.250244379276637785e-01 1.250000000000000000e-01 0.000000000000000000e+00
8.260019550342131422e-01 1.250000000000000000e-01 0.000000000000000000e+00
8.269794721407625060e-01 1.250000000000000000e-01 0.000000000000000000e+00
8.279569892473118697e-01 1.250000000000000000e-01 0.000000000000000000e+00
8.289345063538612335e-01 1.250000000000000000e-01 0.000000000000000000e+00
8.299120234604105972e-01 1.250000000000000000e-01 0.000000000000000000e+00
8.308895405669599610e-01 1.250000000000000000e-01 0.000000000000000000e+00
8.318670576735093247e-01 1.250000000000000000e-01 0.000000000000000000e+00
8.328445747800586885e-01 1.250000000000000000e-01 0.000000000000000000e+00
8.338220918866080522e-01 1.250000000000000000e-01 0.000000000000000000e+00
8.347996089931574160e-01 1.250000000000000000e-01 0.000000000000000000e+00
8.357771260997067797e-01 1.250000000000000000e-01 0.000000000000000000e+00
8.367546432062561435e-01 1.250000000000000000e-01 0.000000000000000000e+00
8.377321603128055072e-01 1.250000000000000000e-01 0.000000000000000000e+00
8.387096774193548709e-01 1.250000000000000000e-01 0.000000000000000000e+00
8.396871945259042347e-01 1.250000000000000000e-01 0.000000000000000000e+00
8.406647116324535984e-01 1.250000000000000000e-01 0.000000000000000000e+00
8.416422287390029622e-01 1.250000000000000000e-01 0.000000000000000000e+00
8.426197458455523259e-01 1.250000000000000000e-01 0.000000000000000000e+00
8.435972629521016897e-01 1.250000000000000000e-01 0.000000000000000000e+00
8.445747800586510534e-01 1.250000000000000000e-01 0.000000000000000000e+00
8.455522971652004172e-01 1.250000000000000000e-01 0.000000000000000000e+00
8.465298142717497809e-01 1.250000000000000000e-01 0.000000000000000000e+00
8.475073313782991447e-01 1.250000000000000000e-01 0.000000000000000000e+00
8.484848484848485084e-01 1.250000000000000000e-01 0.000000000000000000e+00
8.494623655913978721e-01 1.250000000000000000e-01 0.000000000000000000e+00
8.504398826979472359e-01 1.250000000000000000e-01 0.000000000000000000e+00
8.514173998044965996e-01 1.250000000000000000e-01 0.000000000000000000e+00
8.523949169110459634e-01 1.250000000000000000e-01 0.000000000000000000e+00
8.533724340175953271e-01 1.250000000000000000e-01 0.000000000000000000e+00
8.543499511241446909e-01 1.250000000000000000e-01 0.000000000000000000e+00
8.553274682306940546e-01 1.250000000000000000e-01 0.000000000000000000e+00
8.563049853372434184e-01 1.250000000000000000e-01 0.000000000000000000e+00
8.572825024437927821e-01 1.250000000000000000e-01 0.000000000000000000e+00
8.582600195503421459e-01 1.250000000000000000e-01 0.000000000000000000e+00
8.592375366568915096e-01 1.250000000000000000e-01 0.000000000000000000e+00
8.602150537634408733e-01 1.250000000000000000e-01 0.000000000000000000e+00
8.611925708699902371e-01 1.250000000000000000e-01 0.000000000000000000e+00
8.621700879765396008e-01 1.250000000000000000e-01 0.000000000000000000e+00
8.631476050830889646e-01 1.250000000000000000e-01 0.000000000000000000e+00
8.641251221896383283e-01 1.250000000000000000e-01 0.000000000000000000e+00
8.651026392961876921e-01 1.250000000000000000e-01 0.000000000000000000e+00
8.660801564027370558e-01 1.250000000000000000e-01 0.000000000000000000e+00
8.670576735092864196e-01 1.250000000000000000e-01 0.000000000000000000e+00
8.680351906158357833e-01 1.250000000000000000e-01 0.000000000000000000e+00
8.690127077223851471e-01 1.250000000000000000e-01 0.000000000000000000e+00
8.699902248289345108e-01 1.250000000000000000e-01 0.000000000000000000e+00
8.709677419354838745e-01 1.250000000000000000e-01 0.000000000000000000e+00
8.719452590420332383e-01 1.250000000000000000e-01 0.000000000000000000e+00
8.729227761485826020e-01 1.250000000000000000e-01 0.000000000000000000e+00
8.739002932551319658e-01 1.250000000000000000e-01 0.000000000000000000e+00
8.748778103616813295e-01 1.250000000000000000e-01 0.000000000000000000e+00
8.758553274682306933e-01 1.250000000000000000e-01 0.000000000000000000e+00
8.768328445747800570e-01 1.250000000000000000e-01 0.000000000000000000e+00
8.778103616813294208e-01 1.250000000000000000e-01 0.000000000000000000e+00
8.787878787878787845e-01 1.250000000000000000e-01 0.000000000000000000e+00
8.797653958944281483e-01 1.250000000000000000e-01 0.000000000000000000e+00
8.807429130009775120e-01 1.250000000000000000e-01 0.000000000000000000e+00
8.817204301075268758e-01 1.250000000000000000e-01 0.000000000000000000e+00
8.826979472140762395e-01 1.250000000000000000e-01 0.000000000000000000e+00
8.836754643206256032e-01 1.250000000000000000e-01 0.000000000000000000e+00
8.846529814271749670e-01 1.250000000000000000e-01 0.000000000000000000e+00
8.856304985337243307e-01 1.250000000000000000e-01 0.000000000000000000e+00
8.866080156402736945e-01 1.250000000000000000e-01 0.000000000000000000e+00
8.875855327468230582e-01 1.250000000000000000e-01 0.000000000000000000e+00
8.885630498533724220e-01 1.250000000000000000e-01 0.000000000000000000e+00
8.895405669599217857e-01 1.250000000000000000e-01 0.000000000000000000e+00
8.905180840664711495e-01 1.250000000000000000e-01 0.000000000000000000e+00
8.914956011730205132e-01 1.250000000000000000e-01 0.000000000000000000e+00
8.924731182795698770e-01 1.250000000000000000e-01 0.000000000000000000e+00
8.934506353861192407e-01 1.250000000000000000e-01 0.000000000000000000e+00
8.944281524926686044e-01 1.250000000000000000e-01 0.000000000000000000e+00
8.954056695992179682e-01 1.250000000000000000e-01 0.000000000000000000e+00
8.963831867057673319e-01 1.250000000000000000e-01 0.000000000000000000e+00
8.973607038123166957e-01 1.250000000000000000e-01 0.000000000000000000e+00
8.983382209188660594e-01 1.250000000000000000e-01 0.000000000000000000e+00
8.993157380254154232e-01 1.250000000000000000e-01 0.000000000000000000e+00
9.002932551319647869e-01 1.250000000000000000e-01 0.000000000000000000e+00
9.012707722385141507e-01 1.250000000000000000e-01 0.000000000000000000e+00
9.022482893450635144e-01 1.250000000000000000e-01 0.000000000000000000e+00
9.032258064516128782e-01 1.250000000000000000e-01 0.000000000000000000e+00
9.042033235581622419e-01 1.250000000000000000e-01 0.000000000000000000e+00
9.051808406647116056e-01 1.250000000000000000e-01 0.000000000000000000e+00
9.061583577712609694e-01 1.250000000000000000e-01 0.000000000000000000e+00
9.071358748778103331e-01 1.250000000000000000e-01 0.000000000000000000e+00
9.081133919843596969e-01 1.250000000000000000e-01 0.000000000000000000e+00
9.090909090909090606e-01 1.250000000000000000e-01 0.000000000000000000e+00
9.100684261974584244e-01 1.250000000000000000e-01 0.000000000000000000e+00
9.110459433040077881e-01 1.250000000000000000e-01 0.000000000000000000e+00
9.120234604105571519e-01 1.250000000000000000e-01 0.000000000000000000e+00
9.130009775171065156e-01 1.250000000000000000e-01 0.000000000000000000e+00
9.139784946236558794e-01 1.250000000000000000e-01 0.000000000000000000e+00
9.149560117302052431e-01 1.250000000000000000e-01 0.000000000000000000e+00
9.159335288367546068e-01 1.250000000000000000e-01 0.000000000000000000e+00
9.169110459433039706e-01 1.250000000000000000e-01 0.000000000000000000e+00
9.178885630498533343e-01 1.250000000000000000e-01 0.000000000000000000e+00
9.188660801564026981e-01 1.250000000000000000e-01 0.000000000000000000e+00
9.198435972629520618e-01 1.250000000000000000e-01 0.000000000000000000e+00
9.208211143695014256e-01 1.250000000000000000e-01 0.000000000000000000e+00
9.217986314760507893e-01 1.250000000000000000e-01 0.000000000000000000e+00
9.227761485826001531e-01 1.250000000000000000e-01 0.000000000000000000e+00
9.237536656891495168e-01 1.250000000000000000e-01 0.000000000000000000e+00
9.247311827956988806e-01 1.250000000000000000e-01 0.000000000000000000e+00
9.257086999022482443e-01 1.250000000000000000e-01 0.000000000000000000e+00
9.266862170087976081e-01 1.250000000000000000e-01 0.000000000000000000e+00
9.276637341153469718e-01 1.250000000000000000e-01 0.000000000000000000e+00
9.286412512218963355e-01 1.250000000000000000e-01 0.000000000000000000e+00
9.296187683284456993e-01 1.250000000000000000e-01 0.000000000000000000e+00
9.305962854349950630e-01 1.250000000000000000e-01 0.000000000000000000e+00
9.315738025415444268e-01 1.250000000000000000e-01 0.000000000000000000e+00
9.325513196480937905e-01 1.250000000000000000e-01 0.000000000000000000e+00
9.335288367546431543e-01 1.250000000000000000e-01 0.000000000000000000e+00
9.345063538611925180e-01 1.250000000000000000e-01 0.000000000000000000e+00
9.354838709677418818e-01 1.250000000000000000e-01 0.000000000000000000e+00
9.364613880742912455e-01 1.250000000000000000e-01 0.000000000000000000e+00
9.374389051808406093e-01 1.250000000000000000e-01 0.000000000000000000e+00
9.384164222873900840e-01 1.250000000000000000e-01 0.000000000000000000e+00
9.393939393939394478e-01 1.250000000000000000e-01 0.000000000000000000e+00
9.403714565004888115e-01 1.250000000000000000e-01 0.000000000000000000e+00
9.413489736070381753e-01 1.250000000000000000e-01 0.000000000000000000e+00
9.423264907135875390e-01 1.250000000000000000e-01 0.000000000000000000e+00
9.433040078201369028e-01 1.250000000000000000e-01 0.000000000000000000e+00
9.442815249266862665e-01 1.250000000000000000e-01 0.000000000000000000e+00
9.452590420332356302e-01 1.250000000000000000e-01 0.000000000000000000e+00
9.462365591397849940e-01 1.250000000000000000e-01 0.000000000000000000e+00
9.472140762463343577e-01 1.250000000000000000e-01 0.000000000000000000e+00
9.481915933528837215e-01 1.250000000000000000e-01 0.000000000000000000e+00
9.491691104594330852e-01 1.250000000000000000e-01 0.000000000000000000e+00
9.501466275659824490e-01 1.250000000000000000e-01 0.000000000000000000e+00
9.511241446725318127e-01 1.250000000000000000e-01 0.000000000000000000e+00
9.521016617790811765e-01 1.250000000000000000e-01 0.000000000000000000e+00
9.530791788856305402e-01 1.250000000000000000e-01 0.000000000000000000e+00
9.540566959921799040e-01 1.250000000000000000e-01 0.000000000000000000e+00
9.550342130987292677e-01 1.250000000000000000e-01 0.000000000000000000e+00
9.560117302052786314e-01 1.250000000000000000e-01 0.000000000000000000e+00
9.569892473118279952e-01 1.250000000000000000e-01 0.000000000000000000e+00
9.579667644183773589e-01 1.250000000000000000e-01 0.000000000000000000e+00
9.589442815249267227e-01 1.250000000000000000e-01 0.000000000000000000e+00
9.599217986314760864e-01 1.250000000000000000e-01 0.000000000000000000e+00
9.608993157380254502e-01 1.250000000000000000e-01 0.000000000000000000e+00
9.618768328445748139e-01 1.250000000000000000e-01 0.000000000000000000e+00
9.628543499511241777e-01 1.250000000000000000e-01 0.000000000000000000e+00
9.638318670576735414e-01 1.250000000000000000e-01 0.000000000000000000e+00
9.648093841642229052e-01 1.250000000000000000e-01 0.000000000000000000e+00
9.657869012707722689e-01 1.250000000000000000e-01 0.000000000000000000e+00
9.667644183773216326e-01 1.250000000000000000e-01 0.000000000000000000e+00
9.677419354838709964e-01 1.250000000000000000e-01 0.000000000000000000e+00
9.687194525904203601e-01 1.250000000000000000e-01 0.000000000000000000e+00
9.696969696969697239e-01 1.250000000000000000e-01 0.000000000000000000e+00
9.706744868035190876e-01 1.250000000000000000e-01 0.000000000000000000e+00
9.716520039100684514e-01 1.250000000000000000e-01 0.000000000000000000e+00
9.726295210166178151e-01 1.250000000000000000e-01 0.000000000000000000e+00
9.736070381231671789e-01 1.250000000000000000e-01 0.000000000000000000e+00
9.745845552297165426e-01 1.250000000000000000e-01 0.000000000000000000e+00
9.755620723362659064e-01 1.250000000000000000e-01 0.000000000000000000e+00
9.765395894428152701e-01 1.250000000000000000e-01 0.000000000000000000e+00
9.775171065493646338e-01 1.250000000000000000e-01 0.000000000000000000e+00
9.784946236559139976e-01 1.250000000000000000e-01 0.000000000000000000e+00
9.794721407624633613e-01 1.250000000000000000e-01 0.000000000000000000e+00
9.804496578690127251e-01 1.250000000000000000e-01 0.000000000000000000e+00
9.814271749755620888e-01 1.250000000000000000e-01 0.000000000000000000e+00
9.824046920821114526e-01 1.250000000000000000e-01 0.000000000000000000e+00
9.833822091886608163e-01 1.250000000000000000e-01 0.000000000000000000e+00
9.843597262952101801e-01 1.250000000000000000e-01 0.000000000000000000e+00
9.853372434017595438e-01 1.250000000000000000e-01 0.000000000000000000e+00
9.863147605083089076e-01 1.250000000000000000e-01 0.000000000000000000e+00
9.872922776148582713e-01 1.250000000000000000e-01 0.000000000000000000e+00
9.882697947214076351e-01 1.250000000000000000e-01 0.000000000000000000e+00
9.892473118279569988e-01 1.250000000000000000e-01 0.000000000000000000e+00
9.902248289345063625e-01 1.250000000000000000e-01 0.000000000000000000e+00
9.912023460410557263e-01 1.250000000000000000e-01 0.000000000000000000e+00
9.921798631476050900e-01 1.250000000000000000e-01 0.000000000000000000e+00
9.931573802541544538e-01 1.250000000000000000e-01 0.000000000000000000e+00
9.941348973607038175e-01 1.250000000000000000e-01 0.000000000000000000e+00
9.951124144672531813e-01 1.250000000000000000e-01 0.000000000000000000e+00
9.960899315738025450e-01 1.250000000000000000e-01 0.000000000000000000e+00
9.970674486803519088e-01 1.250000000000000000e-01 0.000000000000000000e+00
9.980449657869012725e-01 1.250000000000000000e-01 0.000000000000000000e+00
9.990224828934506363e-01 1.250000000000000000e-01 -0.000000000000000000e+00
1.000000000000000000e+00 1.250000000000000000e-01 -0.000000000000000000e+00
