# 0.09460340449531057
0.000000000000000000e+00 1.000000000000000000e+00 -0.000000000000000000e+00
9.775171065493646130e-04 1.000000000000000000e+00 -0.000000000000000000e+00
1.955034213098729226e-03 1.000000000000000000e+00 0.000000000000000000e+00
2.932551319648093839e-03 1.000000000000000000e+00 0.000000000000000000e+00
3.910068426197458452e-03 1.000000000000000000e+00 0.000000000000000000e+00
4.887585532746823065e-03 1.000000000000000000e+00 0.000000000000000000e+00
5.865102639296187678e-03 1.000000000000000000e+00 0.000000000000000000e+00
6.842619745845552291e-03 1.000000000000000000e+00 0.000000000000000000e+00
7.820136852394916904e-03 1.000000000000000000e+00 0.000000000000000000e+00
8.797653958944282385e-03 1.000000000000000000e+00 0.000000000000000000e+00
9.775171065493646130e-03 1.000000000000000000e+00 0.000000000000000000e+00
1.075268817204301161e-02 1.000000000000000000e+00 0.000000000000000000e+00
1.173020527859237536e-02 1.000000000000000000e+00 0.000000000000000000e+00
1.270772238514174084e-02 1.000000000000000000e+00 0.000000000000000000e+00
1.368523949169110458e-02 1.000000000000000000e+00 0.000000000000000000e+00
1.466275659824047006e-02 1.000000000000000000e+00 0.000000000000000000e+00
1.564027370478983381e-02 1.000000000000000000e+00 0.000000000000000000e+00
1.661779081133919755e-02 1.000000000000000000e+00 0.000000000000000000e+00
1.759530791788856477e-02 1.000000000000000000e+00 0.000000000000000000e+00
1.857282502443792851e-02 1.000000000000000000e+00 0.000000000000000000e+00
1.955034213098729226e-02 1.000000000000000000e+00 0.000000000000000000e+00
2.052785923753665601e-02 1.000000000000000000e+00 0.000000000000000000e+00
2.150537634408602322e-02 1.000000000000000000e+00 0.000000000000000000e+00
2.248289345063538697e-02 1.000000000000000000e+00 0.000000000000000000e+00
2.346041055718475071e-02 1.000000000000000000e+00 0.000000000000000000e+00
2.443792766373411446e-02 1.000000000000000000e+00 0.000000000000000000e+00
2.541544477028348167e-02 1.000000000000000000e+00 0.000000000000000000e+00
2.639296187683284542e-02 1.000000000000000000e+00 0.000000000000000000e+00
2.737047898338220916e-02 1.000000000000000000e+00 0.000000000000000000e+00
2.834799608993157291e-02 1.000000000000000000e+00 0.000000000000000000e+00
2.932551319648094013e-02 1.000000000000000000e+00 0.000000000000000000e+00
3.030303030303030387e-02 1.000000000000000000e+00 0.000000000000000000e+00
3.128054740957966762e-02 1.000000000000000000e+00 0.000000000000000000e+00
3.225806451612903136e-02 1.000000000000000000e+00 0.000000000000000000e+00
3.323558162267839511e-02 1.000000000000000000e+00 0.000000000000000000e+00
3.421309872922775885e-02 1.000000000000000000e+00 0.000000000000000000e+00
3.519061583577712954e-02 1.000000000000000000e+00 0.000000000000000000e+00
3.616813294232649328e-02 1.000000000000000000e+00 0.000000000000000000e+00
3.714565004887585703e-02 1.000000000000000000e+00 0.000000000000000000e+00
3.812316715542522078e-02 1.000000000000000000e+00 0.000000000000000000e+00
3.910068426197458452e-02 1.000000000000000000e+00 0.000000000000000000e+00
4.007820136852394827e-02 1.000000000000000000e+00 0.000000000000000000e+00
4.105571847507331201e-02 1.000000000000000000e+00 0.000000000000000000e+00
4.203323558162267576e-02 1.000000000000000000e+00 0.000000000000000000e+00
4.301075268817204644e-02 1.000000000000000000e+00 0.000000000000000000e+00
4.398826979472141019e-02 1.000000000000000000e+00 0.000000000000000000e+00
4.496578690127077393e-02 1.000000000000000000e+00 0.000000000000000000e+00
4.594330400782013768e-02 1.000000000000000000e+00 0.000000000000000000e+00
4.692082111436950143e-02 1.000000000000000000e+00 0.000000000000000000e+00
4.789833822091886517e-02 1.000000000000000000e+00 0.000000000000000000e+00
4.887585532746822892e-02 1.000000000000000000e+00 0.000000000000000000e+00
4.985337243401759266e-02 1.000000000000000000e+00 0.000000000000000000e+00
5.083088954056696335e-02 1.000000000000000000e+00 0.000000000000000000e+00
5.180840664711632709e-02 1.000000000000000000e+00 0.000000000000000000e+00
5.278592375366569084e-02 1.000000000000000000e+00 0.000000000000000000e+00
5.376344086021505458e-02 1.000000000000000000e+00 0.000000000000000000e+00
5.474095796676441833e-02 1.000000000000000000e+00 0.000000000000000000e+00
5.571847507331378208e-02 1.000000000000000000e+00 0.000000000000000000e+00
5.669599217986314582e-02 1.000000000000000000e+00 0.000000000000000000e+00
5.767350928641250957e-02 1.000000000000000000e+00 0.000000000000000000e+00
5.865102639296188025e-02 1.000000000000000000e+00 0.000000000000000000e+00
5.962854349951124400e-02 1.000000000000000000e+00 0.000000000000000000e+00
6.060606060606060774e-02 1.000000000000000000e+00 0.000000000000000000e+00
6.158357771260997149e-02 1.000000000000000000e+00 0.000000000000000000e+00
6.256109481915933523e-02 1.000000000000000000e+00 0.000000000000000000e+00
6.353861192570869898e-02 1.000000000000000000e+00 0.000000000000000000e+00
6.451612903225806273e-02 1.000000000000000000e+00 0.000000000000000000e+00
6.549364613880742647e-02 1.000000000000000000e+00 0.000000000000000000e+00
6.647116324535679022e-02 1.000000000000000000e+00 0.000000000000000000e+00
6.744868035190615396e-02 1.000000000000000000e+00 0.000000000000000000e+00
6.842619745845551771e-02 1.000000000000000000e+00 0.000000000000000000e+00
6.940371456500488145e-02 1.000000000000000000e+00 0.000000000000000000e+00
7.038123167155425908e-02 1.000000000000000000e+00 0.000000000000000000e+00
7.135874877810362282e-02 1.000000000000000000e+00 0.000000000000000000e+00
7.233626588465298657e-02 1.000000000000000000e+00 0.000000000000000000e+00
7.331378299120235031e-02 1.000000000000000000e+00 0.000000000000000000e+00
7.429130009775171406e-02 1.000000000000000000e+00 0.000000000000000000e+00
7.526881720430107781e-02 1.000000000000000000e+00 0.000000000000000000e+00
7.624633431085044155e-02 1.000000000000000000e+00 0.000000000000000000e+00
7.722385141739980530e-02 1.000000000000000000e+00 0.000000000000000000e+00
7.820136852394916904e-02 1.000000000000000000e+00 0.000000000000000000e+00
7.917888563049853279e-02 1.000000000000000000e+00 0.000000000000000000e+00
8.015640273704789653e-02 1.000000000000000000e+00 0.000000000000000000e+00
8.113391984359726028e-02 1.000000000000000000e+00 0.000000000000000000e+00
8.211143695014662403e-02 1.000000000000000000e+00 0.000000000000000000e+00
8.308895405669598777e-02 1.000000000000000000e+00 0.000000000000000000e+00
8.406647116324535152e-02 1.000000000000000000e+00 0.000000000000000000e+00
8.504398826979471526e-02 1.000000000000000000e+00 0.000000000000000000e+00
8.602150537634409289e-02 1.000000000000000000e+00 0.000000000000000000e+00
8.699902248289345663e-02 1.000000000000000000e+00 0.000000000000000000e+00
8.797653958944282038e-02 1.000000000000000000e+00 0.000000000000000000e+00
8.895405669599218412e-02 1.000000000000000000e+00 0.000000000000000000e+00
8.993157380254154787e-02 1.000000000000000000e+00 0.000000000000000000e+00
9.090909090909091161e-02 1.000000000000000000e+00 0.000000000000000000e+00
9.188660801564027536e-02 1.000000000000000000e+00 0.000000000000000000e+00
9.286412512218963911e-02 1.000000000000000000e+00 0.000000000000000000e+00
9.384164222873900285e-02 1.000000000000000000e+00 0.000000000000000000e+00
9.481915933528836660e-02 1.000000000000000000e+00 0.000000000000000000e+00
9.579667644183773034e-02 1.000000000000000000e+00 0.000000000000000000e+00
9.677419354838709409e-02 1.000000000000000000e+00 0.000000000000000000e+00
9.775171065493645783e-02 1.000000000000000000e+00 0.000000000000000000e+00
9.872922776148582158e-02 1.000000000000000000e+00 0.000000000000000000e+00
9.970674486803518533e-02 1.000000000000000000e+00 0.000000000000000000e+00
1.006842619745845491e-01 1.000000000000000000e+00 0.000000000000000000e+00
1.016617790811339267e-01 1.000000000000000000e+00 0.000000000000000000e+00
1.026392961876832904e-01 1.000000000000000000e+00 0.000000000000000000e+00
1.036168132942326542e-01 1.000000000000000000e+00 0.000000000000000000e+00
1.045943304007820179e-01 1.000000000000000000e+00 0.000000000000000000e+00
1.055718475073313817e-01 1.000000000000000000e+00 0.000000000000000000e+00
1.065493646138807454e-01 1.000000000000000000e+00 0.000000000000000000e+00
1.075268817204301092e-01 1.000000000000000000e+00 0.000000000000000000e+00
1.085043988269794729e-01 1.000000000000000000e+00 0.000000000000000000e+00
1.094819159335288367e-01 1.000000000000000000e+00 0.000000000000000000e+00
1.104594330400782004e-01 1.000000000000000000e+00 0.000000000000000000e+00
1.114369501466275642e-01 1.000000000000000000e+00 0.000000000000000000e+00
1.124144672531769279e-01 1.000000000000000000e+00 0.000000000000000000e+00
1.133919843597262916e-01 1.000000000000000000e+00 0.000000000000000000e+00
1.143695014662756554e-01 1.000000000000000000e+00 0.000000000000000000e+00
1.153470185728250191e-01 1.000000000000000000e+00 0.000000000000000000e+00
1.163245356793743829e-01 1.000000000000000000e+00 0.000000000000000000e+00
1.173020527859237605e-01 1.000000000000000000e+00 0.000000000000000000e+00
1.182795698924731242e-01 1.000000000000000000e+00 0.000000000000000000e+00
1.192570869990224880e-01 1.000000000000000000e+00 0.000000000000000000e+00
1.202346041055718517e-01 1.000000000000000000e+00 0.000000000000000000e+00
1.212121212121212155e-01 1.000000000000000000e+00 0.000000000000000000e+00
1.221896383186705792e-01 1.000000000000000000e+00 0.000000000000000000e+00
1.231671554252199430e-01 1.000000000000000000e+00 0.000000000000000000e+00
1.241446725317693067e-01 1.000000000000000000e+00 0.000000000000000000e+00
1.251221896383186705e-01 1.000000000000000000e+00 0.000000000000000000e+00
1.260997067448680342e-01 1.000000000000000000e+00 0.000000000000000000e+00
1.270772238514173980e-01 1.000000000000000000e+00 0.000000000000000000e+00
1.280547409579667617e-01 1.000000000000000000e+00 0.000000000000000000e+00
1.290322580645161255e-01 1.000000000000000000e+00 0.000000000000000000e+00
1.300097751710654892e-01 1.000000000000000000e+00 0.000000000000000000e+00
1.309872922776148529e-01 1.000000000000000000e+00 0.000000000000000000e+00
1.319648093841642167e-01 1.000000000000000000e+00 0.000000000000000000e+00
1.329423264907135804e-01 1.000000000000000000e+00 0.000000000000000000e+00
1.339198435972629442e-01 1.000000000000000000e+00 0.000000000000000000e+00
1.348973607038123079e-01 1.000000000000000000e+00 0.000000000000000000e+00
1.358748778103616717e-01 1.000000000000000000e+00 0.000000000000000000e+00
1.368523949169110354e-01 1.000000000000000000e+00 0.000000000000000000e+00
1.378299120234603992e-01 1.000000000000000000e+00 0.000000000000000000e+00
1.388074291300097629e-01 1.000000000000000000e+00 0.000000000000000000e+00
1.397849462365591267e-01 1.000000000000000000e+00 0.000000000000000000e+00
1.407624633431085182e-01 1.000000000000000000e+00 0.000000000000000000e+00
1.417399804496578819e-01 1.000000000000000000e+00 0.000000000000000000e+00
1.427174975562072456e-01 1.000000000000000000e+00 0.000000000000000000e+00
1.436950146627566094e-01 1.000000000000000000e+00 0.000000000000000000e+00
1.446725317693059731e-01 1.000000000000000000e+00 0.000000000000000000e+00
1.456500488758553369e-01 1.000000000000000000e+00 0.000000000000000000e+00
1.466275659824047006e-01 1.000000000000000000e+00 0.000000000000000000e+00
1.476050830889540644e-01 1.000000000000000000e+00 0.000000000000000000e+00
1.485826001955034281e-01 1.000000000000000000e+00 0.000000000000000000e+00
1.495601173020527919e-01 1.000000000000000000e+00 0.000000000000000000e+00
1.505376344086021556e-01 1.000000000000000000e+00 0.000000000000000000e+00
1.515151515151515194e-01 1.000000000000000000e+00 0.000000000000000000e+00
1.524926686217008831e-01 1.000000000000000000e+00 0.000000000000000000e+00
1.534701857282502468e-01 1.000000000000000000e+00 0.000000000000000000e+00
1.544477028347996106e-01 1.000000000000000000e+00 0.000000000000000000e+00
1.554252199413489743e-01 1.000000000000000000e+00 0.000000000000000000e+00
1.564027370478983381e-01 1.000000000000000000e+00 0.000000000000000000e+00
1.573802541544477018e-01 1.000000000000000000e+00 0.000000000000000000e+00
1.583577712609970656e-01 1.000000000000000000e+00 0.000000000000000000e+00
1.593352883675464293e-01 1.000000000000000000e+00 0.000000000000000000e+00
1.603128054740957931e-01 1.000000000000000000e+00 0.000000000000000000e+00
1.612903225806451568e-01 1.000000000000000000e+00 0.000000000000000000e+00
1.622678396871945206e-01 1.000000000000000000e+00 0.000000000000000000e+00
1.632453567937438843e-01 1.000000000000000000e+00 0.000000000000000000e+00
1.642228739002932481e-01 1.000000000000000000e+00 0.000000000000000000e+00
1.652003910068426118e-01 1.000000000000000000e+00 0.000000000000000000e+00
1.661779081133919755e-01 1.000000000000000000e+00 0.000000000000000000e+00
1.671554252199413393e-01 1.000000000000000000e+00 0.000000000000000000e+00
1.681329423264907030e-01 1.000000000000000000e+00 0.000000000000000000e+00
1.691104594330400668e-01 1.000000000000000000e+00 0.000000000000000000e+00
1.700879765395894305e-01 1.000000000000000000e+00 0.000000000000000000e+00
1.710654936461387943e-01 1.000000000000000000e+00 0.000000000000000000e+00
1.720430107526881858e-01 1.000000000000000000e+00 0.000000000000000000e+00
1.730205278592375495e-01 1.000000000000000000e+00 0.000000000000000000e+00
1.739980449657869133e-01 1.000000000000000000e+00 0.000000000000000000e+00
1.749755620723362770e-01 1.000000000000000000e+00 0.000000000000000000e+00
1.759530791788856408e-01 1.000000000000000000e+00 0.000000000000000000e+00
1.769305962854350045e-01 1.000000000000000000e+00 0.000000000000000000e+00
1.779081133919843682e-01 1.000000000000000000e+00 0.000000000000000000e+00
1.788856304985337320e-01 1.000000000000000000e+00 0.000000000000000000e+00
1.798631476050830957e-01 1.000000000000000000e+00 0.000000000000000000e+00
1.808406647116324595e-01 1.000000000000000000e+00 0.000000000000000000e+00
1.818181818181818232e-01 1.000000000000000000e+00 0.000000000000000000e+00
1.827956989247311870e-01 1.000000000000000000e+00 0.000000000000000000e+00
1.837732160312805507e-01 1.000000000000000000e+00 0.000000000000000000e+00
1.847507331378299145e-01 1.000000000000000000e+00 0.000000000000000000e+00
1.857282502443792782e-01 1.000000000000000000e+00 0.000000000000000000e+00
1.867057673509286420e-01 1.000000000000000000e+00 0.000000000000000000e+00
1.876832844574780057e-01 1.000000000000000000e+00 0.000000000000000000e+00
1.886608015640273694e-01 1.000000000000000000e+00 0.000000000000000000e+00
1.896383186705767332e-01 1.000000000000000000e+00 0.000000000000000000e+00
1.906158357771260969e-01 1.000000000000000000e+00 0.000000000000000000e+00
1.915933528836754607e-01 1.000000000000000000e+00 0.000000000000000000e+00
1.925708699902248244e-01 1.000000000000000000e+00 0.000000000000000000e+00
1.935483870967741882e-01 1.000000000000000000e+00 0.000000000000000000e+00
1.945259042033235519e-01 1.000000000000000000e+00 0.000000000000000000e+00
1.955034213098729157e-01 1.000000000000000000e+00 0.000000000000000000e+00
1.964809384164222794e-01 1.000000000000000000e+00 0.000000000000000000e+00
1.974584555229716432e-01 1.000000000000000000e+00 0.000000000000000000e+00
1.984359726295210069e-01 1.000000000000000000e+00 0.000000000000000000e+00
1.994134897360703707e-01 1.000000000000000000e+00 0.000000000000000000e+00
2.003910068426197344e-01 1.000000000000000000e+00 0.000000000000000000e+00
2.013685239491690981e-01 1.000000000000000000e+00 0.000000000000000000e+00
2.023460410557184619e-01 1.000000000000000000e+00 0.000000000000000000e+00
2.033235581622678534e-01 1.000000000000000000e+00 0.000000000000000000e+00
2.043010752688172171e-01 1.000000000000000000e+00 0.000000000000000000e+00
2.052785923753665809e-01 1.000000000000000000e+00 0.000000000000000000e+00
2.062561094819159446e-01 1.000000000000000000e+00 0.000000000000000000e+00
2.072336265884653084e-01 1.000000000000000000e+00 0.000000000000000000e+00
2.082111436950146721e-01 1.000000000000000000e+00 0.000000000000000000e+00
2.091886608015640359e-01 1.000000000000000000e+00 0.000000000000000000e+00
2.101661779081133996e-01 1.000000000000000000e+00 0.000000000000000000e+00
2.111436950146627634e-01 1.000000000000000000e+00 0.000000000000000000e+00
2.121212121212121271e-01 1.000000000000000000e+00 0.000000000000000000e+00
2.130987292277614908e-01 1.000000000000000000e+00 0.000000000000000000e+00
2.140762463343108546e-01 1.000000000000000000e+00 0.000000000000000000e+00
2.150537634408602183e-01 1.000000000000000000e+00 0.000000000000000000e+00
2.160312805474095821e-01 1.000000000000000000e+00 0.000000000000000000e+00
2.170087976539589458e-01 1.000000000000000000e+00 0.000000000000000000e+00
2.179863147605083096e-01 1.000000000000000000e+00 0.000000000000000000e+00
2.189638318670576733e-01 1.000000000000000000e+00 0.000000000000000000e+00
2.199413489736070371e-01 1.000000000000000000e+00 0.000000000000000000e+00
2.209188660801564008e-01 1.000000000000000000e+00 0.000000000000000000e+00
2.218963831867057646e-01 1.000000000000000000e+00 0.000000000000000000e+00
2.228739002932551283e-01 1.000000000000000000e+00 0.000000000000000000e+00
2.238514173998044920e-01 1.000000000000000000e+00 0.000000000000000000e+00
2.248289345063538558e-01 1.000000000000000000e+00 0.000000000000000000e+00
2.258064516129032195e-01 1.000000000000000000e+00 0.000000000000000000e+00
2.267839687194525833e-01 1.000000000000000000e+00 0.000000000000000000e+00
2.277614858260019470e-01 1.000000000000000000e+00 0.000000000000000000e+00
2.287390029325513108e-01 1.000000000000000000e+00 0.000000000000000000e+00
2.297165200391006745e-01 1.000000000000000000e+00 0.000000000000000000e+00
2.306940371456500383e-01 1.000000000000000000e+00 0.000000000000000000e+00
2.316715542521994020e-01 1.000000000000000000e+00 0.000000000000000000e+00
2.326490713587487658e-01 1.000000000000000000e+00 0.000000000000000000e+00
2.336265884652981295e-01 1.000000000000000000e+00 0.000000000000000000e+00
2.346041055718475210e-01 1.000000000000000000e+00 0.000000000000000000e+00
2.355816226783968848e-01 1.000000000000000000e+00 0.000000000000000000e+00
2.365591397849462485e-01 1.000000000000000000e+00 0.000000000000000000e+00
2.375366568914956122e-01 1.000000000000000000e+00 0.000000000000000000e+00
2.385141739980449760e-01 1.000000000000000000e+00 0.000000000000000000e+00
2.394916911045943397e-01 1.000000000000000000e+00 0.000000000000000000e+00
2.404692082111437035e-01 1.000000000000000000e+00 0.000000000000000000e+00
2.414467253176930672e-01 1.000000000000000000e+00 0.000000000000000000e+00
2.424242424242424310e-01 1.000000000000000000e+00 0.000000000000000000e+00
2.434017595307917947e-01 1.000000000000000000e+00 0.000000000000000000e+00
2.443792766373411585e-01 1.000000000000000000e+00 0.000000000000000000e+00
2.453567937438905222e-01 1.000000000000000000e+00 0.000000000000000000e+00
2.463343108504398860e-01 1.000000000000000000e+00 0.000000000000000000e+00
2.473118279569892497e-01 1.000000000000000000e+00 0.000000000000000000e+00
2.482893450635386134e-01 1.000000000000000000e+00 0.000000000000000000e+00
2.492668621700879772e-01 1.000000000000000000e+00 0.000000000000000000e+00
2.502443792766373409e-01 1.000000000000000000e+00 0.000000000000000000e+00
2.512218963831867047e-01 1.000000000000000000e+00 0.000000000000000000e+00
2.521994134897360684e-01 1.000000000000000000e+00 0.000000000000000000e+00
2.531769305962854322e-01 1.000000000000000000e+00 0.000000000000000000e+00
2.541544477028347959e-01 1.000000000000000000e+00 0.000000000000000000e+00
2.551319648093841597e-01 1.000000000000000000e+00 0.000000000000000000e+00
2.561094819159335234e-01 1.000000000000000000e+00 0.000000000000000000e+00
2.570869990224828872e-01 1.000000000000000000e+00 0.000000000000000000e+00
2.580645161290322509e-01 1.000000000000000000e+00 0.000000000000000000e+00
2.590420332355816146e-01 1.000000000000000000e+00 0.000000000000000000e+00
2.600195503421309784e-01 1.000000000000000000e+00 0.000000000000000000e+00
2.609970674486803421e-01 1.000000000000000000e+00 0.000000000000000000e+00
2.619745845552297059e-01 1.000000000000000000e+00 0.000000000000000000e+00
2.629521016617790696e-01 1.000000000000000000e+00 0.000000000000000000e+00
2.639296187683284334e-01 1.000000000000000000e+00 0.000000000000000000e+00
2.649071358748777971e-01 1.000000000000000000e+00 0.000000000000000000e+00
2.658846529814271609e-01 1.000000000000000000e+00 0.000000000000000000e+00
2.668621700879765246e-01 1.000000000000000000e+00 0.000000000000000000e+00
2.678396871945258884e-01 1.000000000000000000e+00 0.000000000000000000e+00
2.688172043010752521e-01 1.000000000000000000e+00 0.000000000000000000e+00
2.697947214076246158e-01 1.000000000000000000e+00 0.000000000000000000e+00
2.707722385141739796e-01 1.000000000000000000e+00 0.000000000000000000e+00
2.717497556207233433e-01 1.000000000000000000e+00 0.000000000000000000e+00
2.727272727272727071e-01 1.000000000000000000e+00 0.000000000000000000e+00
2.737047898338220708e-01 1.000000000000000000e+00 0.000000000000000000e+00
2.746823069403714346e-01 1.000000000000000000e+00 0.000000000000000000e+00
2.756598240469207983e-01 1.000000000000000000e+00 0.000000000000000000e+00
2.766373411534701621e-01 1.000000000000000000e+00 0.000000000000000000e+00
2.776148582600195258e-01 1.000000000000000000e+00 0.000000000000000000e+00
2.785923753665688896e-01 1.000000000000000000e+00 0.000000000000000000e+00
2.795698924731182533e-01 1.000000000000000000e+00 0.000000000000000000e+00
2.805474095796676171e-01 1.000000000000000000e+00 0.000000000000000000e+00
2.815249266862170363e-01 1.000000000000000000e+00 0.000000000000000000e+00
2.825024437927664001e-01 1.000000000000000000e+00 0.000000000000000000e+00
2.834799608993157638e-01 1.000000000000000000e+00 0.000000000000000000e+00
2.844574780058651275e-01 1.000000000000000000e+00 0.000000000000000000e+00
2.854349951124144913e-01 1.000000000000000000e+00 0.000000000000000000e+00
2.864125122189638550e-01 1.000000000000000000e+00 0.000000000000000000e+00
2.873900293255132188e-01 1.000000000000000000e+00 0.000000000000000000e+00
2.883675464320625825e-01 1.000000000000000000e+00 0.000000000000000000e+00
2.893450635386119463e-01 1.000000000000000000e+00 0.000000000000000000e+00
2.903225806451613100e-01 1.000000000000000000e+00 0.000000000000000000e+00
2.913000977517106738e-01 1.000000000000000000e+00 0.000000000000000000e+00
2.922776148582600375e-01 1.000000000000000000e+00 0.000000000000000000e+00
2.932551319648094013e-01 1.000000000000000000e+00 0.000000000000000000e+00
2.942326490713587650e-01 1.000000000000000000e+00 0.000000000000000000e+00
2.952101661779081287e-01 1.000000000000000000e+00 0.000000000000000000e+00
2.961876832844574925e-01 1.000000000000000000e+00 0.000000000000000000e+00
2.971652003910068562e-01 1.000000000000000000e+00 0.000000000000000000e+00
2.981427174975562200e-01 1.000000000000000000e+00 0.000000000000000000e+00
2.991202346041055837e-01 1.000000000000000000e+00 0.000000000000000000e+00
3.000977517106549475e-01 1.000000000000000000e+00 0.000000000000000000e+00
3.010752688172043112e-01 1.000000000000000000e+00 0.000000000000000000e+00
3.020527859237536750e-01 1.000000000000000000e+00 0.000000000000000000e+00
3.030303030303030387e-01 1.000000000000000000e+00 0.000000000000000000e+00
3.040078201368524025e-01 1.000000000000000000e+00 0.000000000000000000e+00
3.049853372434017662e-01 1.000000000000000000e+00 0.000000000000000000e+00
3.059628543499511300e-01 1.000000000000000000e+00 0.000000000000000000e+00
3.069403714565004937e-01 1.000000000000000000e+00 0.000000000000000000e+00
3.079178885630498574e-01 1.000000000000000000e+00 0.000000000000000000e+00
3.088954056695992212e-01 1.000000000000000000e+00 0.000000000000000000e+00
3.098729227761485849e-01 1.000000000000000000e+00 0.000000000000000000e+00
3.108504398826979487e-01 1.000000000000000000e+00 0.000000000000000000e+00
3.118279569892473124e-01 1.000000000000000000e+00 0.000000000000000000e+00
3.128054740957966762e-01 1.000000000000000000e+00 0.000000000000000000e+00
3.137829912023460399e-01 1.000000000000000000e+00 0.000000000000000000e+00
3.147605083088954037e-01 1.000000000000000000e+00 0.000000000000000000e+00
3.157380254154447674e-01 1.000000000000000000e+00 0.000000000000000000e+00
3.167155425219941312e-01 1.000000000000000000e+00 0.000000000000000000e+00
3.176930596285434949e-01 1.000000000000000000e+00 0.000000000000000000e+00
3.186705767350928586e-01 1.000000000000000000e+00 0.000000000000000000e+00
3.196480938416422224e-01 1.000000000000000000e+00 0.000000000000000000e+00
3.206256109481915861e-01 1.000000000000000000e+00 0.000000000000000000e+00
3.216031280547409499e-01 1.000000000000000000e+00 0.000000000000000000e+00
3.225806451612903136e-01 1.000000000000000000e+00 0.000000000000000000e+00
3.235581622678396774e-01 1.000000000000000000e+00 0.000000000000000000e+00
3.245356793743890411e-01 1.000000000000000000e+00 0.000000000000000000e+00
3.255131964809384049e-01 1.000000000000000000e+00 0.000000000000000000e+00
3.264907135874877686e-01 1.000000000000000000e+00 0.000000000000000000e+00
3.274682306940371324e-01 1.000000000000000000e+00 0.000000000000000000e+00
3.284457478005864961e-01 1.000000000000000000e+00 0.000000000000000000e+00
3.294232649071358598e-01 1.000000000000000000e+00 0.000000000000000000e+00
3.304007820136852236e-01 1.000000000000000000e+00 0.000000000000000000e+00
3.313782991202345873e-01 1.000000000000000000e+00 0.000000000000000000e+00
3.323558162267839511e-01 1.000000000000000000e+00 0.000000000000000000e+00
3.333333333333333148e-01 1.000000000000000000e+00 0.000000000000000000e+00
3.343108504398826786e-01 1.000000000000000000e+00 0.000000000000000000e+00
3.352883675464320423e-01 1.000000000000000000e+00 0.000000000000000000e+00
3.362658846529814061e-01 1.000000000000000000e+00 0.000000000000000000e+00
3.372434017595307698e-01 1.000000000000000000e+00 0.000000000000000000e+00
3.382209188660801336e-01 1.000000000000000000e+00 0.000000000000000000e+00
3.391984359726294973e-01 1.000000000000000000e+00 0.000000000000000000e+00
3.401759530791788610e-01 1.000000000000000000e+00 0.000000000000000000e+00
3.411534701857282248e-01 1.000000000000000000e+00 0.000000000000000000e+00
3.421309872922775885e-01 1.000000000000000000e+00 0.000000000000000000e+00
3.431085043988269523e-01 1.000000000000000000e+00 0.000000000000000000e+00
3.440860215053763715e-01 1.000000000000000000e+00 0.000000000000000000e+00
3.450635386119257353e-01 1.000000000000000000e+00 0.000000000000000000e+00
3.460410557184750990e-01 1.000000000000000000e+00 0.000000000000000000e+00
3.470185728250244628e-01 1.000000000000000000e+00 0.000000000000000000e+00
3.479960899315738265e-01 1.000000000000000000e+00 0.000000000000000000e+00
3.489736070381231903e-01 1.000000000000000000e+00 0.000000000000000000e+00
3.499511241446725540e-01 1.000000000000000000e+00 0.000000000000000000e+00
3.509286412512219178e-01 1.000000000000000000e+00 0.000000000000000000e+00
3.519061583577712815e-01 1.000000000000000000e+00 0.000000000000000000e+00
3.528836754643206453e-01 1.000000000000000000e+00 0.000000000000000000e+00
3.538611925708700090e-01 1.000000000000000000e+00 0.000000000000000000e+00
3.548387096774193727e-01 1.000000000000000000e+00 0.000000000000000000e+00
3.558162267839687365e-01 1.000000000000000000e+00 0.000000000000000000e+00
3.567937438905181002e-01 1.000000000000000000e+00 0.000000000000000000e+00
3.577712609970674640e-01 1.000000000000000000e+00 0.000000000000000000e+00
3.587487781036168277e-01 1.000000000000000000e+00 0.000000000000000000e+00
3.597262952101661915e-01 1.000000000000000000e+00 0.000000000000000000e+00
3.607038123167155552e-01 1.000000000000000000e+00 0.000000000000000000e+00
3.616813294232649190e-01 1.000000000000000000e+00 0.000000000000000000e+00
3.626588465298142827e-01 1.000000000000000000e+00 0.000000000000000000e+00
3.636363636363636465e-01 1.000000000000000000e+00 0.000000000000000000e+00
3.646138807429130102e-01 1.000000000000000000e+00 0.000000000000000000e+00
3.655913978494623739e-01 1.000000000000000000e+00 0.000000000000000000e+00
3.665689149560117377e-01 1.000000000000000000e+00 0.000000000000000000e+00
3.675464320625611014e-01 1.000000000000000000e+00 0.000000000000000000e+00
3.685239491691104652e-01 1.000000000000000000e+00 0.000000000000000000e+00
3.695014662756598289e-01 1.000000000000000000e+00 0.000000000000000000e+00
3.704789833822091927e-01 1.000000000000000000e+00 0.000000000000000000e+00
3.714565004887585564e-01 1.000000000000000000e+00 0.000000000000000000e+00
3.724340175953079202e-01 1.000000000000000000e+00 0.000000000000000000e+00
3.734115347018572839e-01 1.000000000000000000e+00 0.000000000000000000e+00
3.743890518084066477e-01 1.000000000000000000e+00 0.000000000000000000e+00
3.753665689149560114e-01 1.000000000000000000e+00 0.000000000000000000e+00
3.763440860215053752e-01 1.000000000000000000e+00 0.000000000000000000e+00
3.773216031280547389e-01 1.000000000000000000e+00 0.000000000000000000e+00
3.782991202346041026e-01 1.000000000000000000e+00 0.000000000000000000e+00
3.792766373411534664e-01 1.000000000000000000e+00 0.000000000000000000e+00
3.802541544477028301e-01 1.000000000000000000e+00 0.000000000000000000e+00
3.812316715542521939e-01 1.000000000000000000e+00 0.000000000000000000e+00
3.822091886608015576e-01 1.000000000000000000e+00 0.000000000000000000e+00
3.831867057673509214e-01 1.000000000000000000e+00 0.000000000000000000e+00
3.841642228739002851e-01 1.000000000000000000e+00 0.000000000000000000e+00
3.851417399804496489e-01 9.999999999999998890e-01 1.089426485853949573e-16
3.861192570869990126e-01 9.999999999999990008e-01 9.033493832369421124e-16
3.870967741935483764e-01 9.999999999999954481e-01 3.204933730351175153e-15
3.880742913000977401e-01 9.999999999999874545e-01 1.208009204497932776e-14
3.890518084066471038e-01 9.999999999999569233e-01 3.008942594241389569e-14
3.900293255131964676e-01 9.999999999998971933e-01 9.866780948501722548e-14
3.910068426197458313e-01 9.999999999996731503e-01 2.315669563586852435e-13
3.919843597262951951e-01 9.999999999992412736e-01 7.223654470075034669e-13
3.929618768328445588e-01 9.999999999976694198e-01 1.661707611683911635e-12
3.939393939393939226e-01 9.999999999946862506e-01 5.012245691887270759e-12
3.949169110459432863e-01 9.999999999842140719e-01 1.131375775392945078e-11
3.958944281524926501e-01 9.999999999646763671e-01 3.299641038955474913e-11
3.968719452590420138e-01 9.999999998986107697e-01 7.307350377340826231e-11
3.978494623655913776e-01 9.999999997774864369e-01 2.058155715856502349e-10
3.988269794721407413e-01 9.999999993835383405e-01 4.468498570792909243e-10
3.998044965786901050e-01 9.999999986742308389e-01 1.214022467889395472e-09
4.007820136852394688e-01 9.999999964592427570e-01 2.581559254764081489e-09
4.017595307917888325e-01 9.999999925456195538e-01 6.756581607203984137e-09
4.027370478983381963e-01 9.999999808344114394e-01 1.405667205515369116e-08
4.037145650048875600e-01 9.999999605458921303e-01 3.538946095683854761e-08
4.046920821114369238e-01 9.999999024971076844e-01 7.194456459228783469e-08
4.056695992179862875e-01 9.999998039906736746e-01 1.739507260051235227e-07
4.066471163245357068e-01 9.999995352015471628e-01 3.450735437256519017e-07
4.076246334310850705e-01 9.999990889044207965e-01 7.997850300370505587e-07
4.086021505376344343e-01 9.999979310083499939e-01 1.545676472744636479e-06
4.095796676441837980e-01 9.999960523057429551e-01 3.426832710093859957e-06
4.105571847507331618e-01 9.999914343822623453e-01 6.439857311286629811e-06
4.115347018572825255e-01 9.999841240722060487e-01 1.362365622509017219e-05
4.125122189638318893e-01 9.999671737034047103e-01 2.483911132648467280e-05
4.134897360703812530e-01 9.999410435144755471e-01 4.999608400666042014e-05
4.144672531769306167e-01 9.998841973321448418e-01 8.819621396790148246e-05
4.154447702834799805e-01 9.997990629442976562e-01 1.683178366484079376e-04
4.164222873900293442e-01 9.996264634771432345e-01 2.863199065517101050e-04
4.173998044965787080e-01 9.993761014586266533e-01 5.159711110203732843e-04
4.183773216031280717e-01 9.989070788819898183e-01 8.428279940878749370e-04
4.193548387096774355e-01 9.982506636561853108e-01 1.427424763965743151e-03
4.203323558162267992e-01 9.971259088187773845e-01 2.227710206277975537e-03
4.213098729227761630e-01 9.956142581358047305e-01 3.528478391005057582e-03
4.222873900293255267e-01 9.932709393256891062e-01 5.231437615984151947e-03
4.232649071358748905e-01 9.902626311995863517e-01 7.719612073481186242e-03
4.242424242424242542e-01 9.860796617805458464e-01 1.081623685873284342e-02
4.252199413489736179e-01 9.809766643526921515e-01 1.485898964243926104e-02
4.261974584555229817e-01 9.746142940537402266e-01 1.961851092193614421e-02
4.271749755620723454e-01 9.672661365460142324e-01 2.520340647412387322e-02
4.281524926686217092e-01 9.589343352393578934e-01 3.141076926779153011e-02
4.291300097751710729e-01 9.498261872301040354e-01 3.810511360373339262e-02
4.301075268817204367e-01 9.401662126316571166e-01 4.515317916186211561e-02
4.310850439882698004e-01 9.300989486399535711e-01 5.236745317355269436e-02
4.320625610948191642e-01 9.198101701869544344e-01 5.965206640663126003e-02
4.330400782013685279e-01 9.094170825047714901e-01 6.691335765149215853e-02
4.340175953079178917e-01 8.989904301502306128e-01 7.408395176437856944e-02
4.349951124144672554e-01 8.885966463061759635e-01 8.113387913142751373e-02
4.359726295210166191e-01 8.782641531187818096e-01 8.804130788383955630e-02
4.369501466275659829e-01 8.680102014944712785e-01 9.479054365857134123e-02
4.379276637341153466e-01 8.578477581818648723e-01 1.013799900130099574e-01
4.389051808406647104e-01 8.477838416347752704e-01 1.078065660876112858e-01
4.398826979472140741e-01 8.378192498582028858e-01 1.140694211600700725e-01
4.408602150537634379e-01 8.279576211456162183e-01 1.201695119980168702e-01
4.418377321603128016e-01 8.181995260034399253e-01 1.261092054133562401e-01
4.428152492668621654e-01 8.085453405850623332e-01 1.318894127317377374e-01
4.437927663734115291e-01 7.989945993067190111e-01 1.375125316312698354e-01
4.447702834799608929e-01 7.895477599443666561e-01 1.429808156966312360e-01
4.457478005865102566e-01 7.802039995273959416e-01 1.482967004649194120e-01
4.467253176930596203e-01 7.709628980902220041e-01 1.534622957181669411e-01
4.477028347996089841e-01 7.618237466876160990e-01 1.584801860046956279e-01
4.486803519061583478e-01 7.527860644101864729e-01 1.633527760574773058e-01
4.496578690127077116e-01 7.438489991291945547e-01 1.680825005067351496e-01
4.506353861192570753e-01 7.350118683076273252e-01 1.726717188296627847e-01
4.516129032258064391e-01 7.262739145220327153e-01 1.771228888219867625e-01
4.525904203323558028e-01 7.176344350217781498e-01 1.814383932963015700e-01
4.535679374389051666e-01 7.090926506279108255e-01 1.856205922187320057e-01
4.545454545454545303e-01 7.006478353929755931e-01 1.896718132262640300e-01
4.555229716520038941e-01 6.922992690036934293e-01 1.935943829366879032e-01
4.565004887585532578e-01 6.840462552364207083e-01 1.973905896156853967e-01
4.574780058651026216e-01 6.758881010983519566e-01 2.010626881581491776e-01
4.584555229716519853e-01 6.678241432482305839e-01 2.046129045079802533e-01
4.594330400782013490e-01 6.598537460932489829e-01 2.080434420646797566e-01
4.604105571847507128e-01 6.519763028276411854e-01 2.113564745403883616e-01
4.613880742913000765e-01 6.441912335558163116e-01 2.145541443890787159e-01
4.623655913978494403e-01 6.364979918230798672e-01 2.176385653929791830e-01
4.633431085043988040e-01 6.288960685912191595e-01 2.206118254586005578e-01
4.643206256109481678e-01 6.213849941590620096e-01 2.234759860223092531e-01
4.652981427174975315e-01 6.139643397202763087e-01 2.262330812989685747e-01
4.662756598240468953e-01 6.066337210080677833e-01 2.288851192782571375e-01
4.672531769305962590e-01 5.993928026898487360e-01 2.314340835295135845e-01
4.682306940371456228e-01 5.922413023132969689e-01 2.338819342743542751e-01
4.692082111436950420e-01 5.851789940497454934e-01 2.362306088805566362e-01
4.701857282502444058e-01 5.782057131541286088e-01 2.384820226981496094e-01
4.711632453567937695e-01 5.713213613456443740e-01 2.406380704846208529e-01
4.721407624633431332e-01 5.645259127289907752e-01 2.427006279717407178e-01
4.731182795698924970e-01 5.578194200589400298e-01 2.446715532691221273e-01
4.740957966764418607e-01 5.512020215707265081e-01 2.465526882651447316e-01
4.750733137829912245e-01 5.446739486663949581e-01 2.483458602962303474e-01
4.760508308895405882e-01 5.382355345336476971e-01 2.500528841277243064e-01
4.770283479960899520e-01 5.318872236415254084e-01 2.516755641236934626e-01
4.780058651026393157e-01 5.256295821256190548e-01 2.532156965461021536e-01
4.789833822091886795e-01 5.194633091884903742e-01 2.546750720585764793e-01
4.799608993157380432e-01 5.133892496537161287e-01 2.560554785416092050e-01
4.809384164222874070e-01 5.074084077433841378e-01 2.573587042613114106e-01
4.819159335288367707e-01 5.015219620929899369e-01 2.585865413808169921e-01
4.828934506353861345e-01 4.957312820111977603e-01 2.597407898154632799e-01
4.838709677419354982e-01 4.900379449961144163e-01 2.608232614728810961e-01
4.848484848484848619e-01 4.844437554877381591e-01 2.618357849329001064e-01
4.858260019550342257e-01 4.789507647612464836e-01 2.627802106003317983e-01
4.868035190615835894e-01 4.735612917684884904e-01 2.636584163335026765e-01
4.877810361681329532e-01 4.682779446277872126e-01 2.644723135346097598e-01
4.887585532746823169e-01 4.631036423345450403e-01 2.652238536797420498e-01
4.897360703812316807e-01 4.580416360971288348e-01 2.659150352485128432e-01
4.907135874877810444e-01 4.530955294817807233e-01 2.665479109751185405e-01
4.916911045943304082e-01 4.482692962760456701e-01 2.671245952874207741e-01
4.926686217008797719e-01 4.435672946559235386e-01 2.676472717359907882e-01
4.936461388074291357e-01 4.389942758692448876e-01 2.681182001433823903e-01
4.946236559139784994e-01 4.345553852286149765e-01 2.685397231216874459e-01
4.956011730205278631e-01 4.302561527518847795e-01 2.689142715106880299e-01
4.965786901270772269e-01 4.261024703222681675e-01 2.692443681827327850e-01
4.975562072336265906e-01 4.221005518092862396e-01 2.695326295540312889e-01
4.985337243401759544e-01 4.182568722624138702e-01 2.697817640502419012e-01
4.995112414467253181e-01 4.145780821517633385e-01 2.699945667148602180e-01
5.004887585532746819e-01 4.110708927995145312e-01 2.701739091430289119e-01
5.014662756598240456e-01 4.077419297604540360e-01 2.703227239960097061e-01
5.024437927663734094e-01 4.045975521214179027e-01 2.704439835302167028e-01
5.034213098729227731e-01 4.016436376404459163e-01 2.705406718841822933e-01
5.043988269794721369e-01 3.988853364356506614e-01 2.706157513206712828e-01
5.053763440860215006e-01 3.963267995672130617e-01 2.706721232115198994e-01
5.063538611925708643e-01 3.939708931907082712e-01 2.707125852411388367e-01
5.073313782991202281e-01 3.918189136510708548e-01 2.707397870159934383e-01
5.083088954056695918e-01 3.898703233543984736e-01 2.707561868915336900e-01
5.092864125122189556e-01 3.881225306991252233e-01 2.707640132314795278e-01
5.102639296187683193e-01 3.865707388316738657e-01 2.707652333648472576e-01
5.112414467253176831e-01 3.852078866082637720e-01 2.707615331081016374e-01
5.122189638318670468e-01 3.840247002583388469e-01 2.707543088524108077e-01
5.131964809384164106e-01 3.830098657543568597e-01 2.707446729601843960e-01
5.141739980449657743e-01 3.821503204350603644e-01 2.707334717558114168e-01
5.151515151515151381e-01 3.814316494328349738e-01 2.707213139899071752e-01
5.161290322580645018e-01 3.808385599642192254e-01 2.707086065719904178e-01
5.171065493646138655e-01 3.803553968117245887e-01 2.706955938077237889e-01
5.180840664711632293e-01 3.799666572768254369e-01 2.706823964257610293e-01
5.190615835777125930e-01 3.796574645839296269e-01 2.706690472743927267e-01
5.200391006842619568e-01 3.794139650552668108e-01 2.706555215298365180e-01
5.210166177908113205e-01 3.792236250852862312e-01 2.706417603487032975e-01
5.219941348973606843e-01 3.790754169265297957e-01 2.706276878929178009e-01
5.229716520039100480e-01 3.789598951943104477e-01 2.706132224008414577e-01
5.239491691104594118e-01 3.788691767483688411e-01 2.705982824101419437e-01
5.249266862170087755e-01 3.787968438840891294e-01 2.705827893753992019e-01
5.259042033235581393e-01 3.787377941186022001e-01 2.705666678387801949e-01
5.268817204301075030e-01 3.786880596389790021e-01 2.705498440956307649e-01
5.278592375366568668e-01 3.786446165768384553e-01 2.705322440293221331e-01
5.288367546432062305e-01 3.786051997906622613e-01 2.705137905275460941e-01
5.298142717497555942e-01 3.785681338212028568e-01 2.704944006641485932e-01
5.307917888563049580e-01 3.785321859472465800e-01 2.704739826417290605e-01
5.317693059628543217e-01 3.784964433100943548e-01 2.704524323292474275e-01
5.327468230694036855e-01 3.784602131009128234e-01 2.704296290744706566e-01
5.337243401759530492e-01 3.784229427899654663e-01 2.704054302969207124e-01
5.347018572825024130e-01 3.783841561478054616e-01 2.703796641450328941e-01
5.356793743890517767e-01 3.783434001254742940e-01 2.703521192048370381e-01
5.366568914956011405e-01 3.783001972798698542e-01 2.703225298553974532e-01
5.376344086021505042e-01 3.782539981504690618e-01 2.702905553691422047e-01
5.386119257086998680e-01 3.782041276867378898e-01 2.702557502652907506e-01
5.395894428152492317e-01 3.781497194583940402e-01 2.702175227882996911e-01
5.405669599217985954e-01 3.780896310282411688e-01 2.701750777954294858e-01
5.415444770283479592e-01 3.780223337205947387e-01 2.701273399535881747e-01
5.425219941348973229e-01 3.779457703809991354e-01 2.700728531863293980e-01
5.434995112414466867e-01 3.778571759895912319e-01 2.700096530541791218e-01
5.444770283479960504e-01 3.777528585977796283e-01 2.699351104980592941e-01
5.454545454545454142e-01 3.776279424022603859e-01 2.698457483991371642e-01
5.464320625610947779e-01 3.774760810922818122e-01 2.697370368707404653e-01
5.474095796676441417e-01 3.772891578526944567e-01 2.696031790526686733e-01
5.483870967741935054e-01 3.770569980959001533e-01 2.694369060749446376e-01
5.493646138807428692e-01 3.767671311263084410e-01 2.692293070746422656e-01
5.503421309872922329e-01 3.764046459710558290e-01 2.689697265826760941e-01
5.513196480938415966e-01 3.759521925718394830e-01 2.686457658399468151e-01
5.522971652003909604e-01 3.753901802771253404e-01 2.682434251203079101e-01
5.532746823069403241e-01 3.746972191563875398e-01 2.677474195431344683e-01
5.542521994134896879e-01 3.738508347998755199e-01 2.671416902389849302e-01
5.552297165200390516e-01 3.728284638186383226e-01 2.664101159816080755e-01
5.562072336265884154e-01 3.716087065467520989e-01 2.655374084657602940e-01
5.571847507331377791e-01 3.701727783971321406e-01 2.645101493818476368e-01
5.581622678396871429e-01 3.685060662748810278e-01 2.633179024139126190e-01
5.591397849462365066e-01 3.665996666451897257e-01 2.619543120057483687e-01
5.601173020527858704e-01 3.644517626192529947e-01 2.604180870085949784e-01
5.610948191593352341e-01 3.620686932332820573e-01 2.587137643366606565e-01
5.620723362658845979e-01 3.594655816343598209e-01 2.568521574300020593e-01
5.630498533724340726e-01 3.566664203453934201e-01 2.548504167973688617e-01
5.640273704789834364e-01 3.537035585667702153e-01 2.527316633339445895e-01
5.650048875855328001e-01 3.506165934101312387e-01 2.505241957853555634e-01
5.659824046920821639e-01 3.474507269951280231e-01 2.482603166203758704e-01
5.669599217986315276e-01 3.442547066221237628e-01 2.459748600709831534e-01
5.679374389051808913e-01 3.410785083826254893e-01 2.437035369261601470e-01
5.689149560117302551e-01 3.379709498822617841e-01 2.414812287496277410e-01
5.698924731182796188e-01 3.349774221158005605e-01 2.393403673068372206e-01
5.708699902248289826e-01 3.321379138758410177e-01 2.373095230798724087e-01
5.718475073313783463e-01 3.294854672732625556e-01 2.354123018763485398e-01
5.728250244379277101e-01 3.270451552417599772e-01 2.336666144473311946e-01
5.738025415444770738e-01 3.248336179550626035e-01 2.320843454823023899e-01
5.747800586510264376e-01 3.228591418778974931e-01 2.306714103301303609e-01
5.757575757575758013e-01 3.211222189215122147e-01 2.294281547492115492e-01
5.767350928641251651e-01 3.196164885169212599e-01 2.283500282292318384e-01
5.777126099706745288e-01 3.183299449203368381e-01 2.274284467844067958e-01
5.786901270772238925e-01 3.172462861284633950e-01 2.266517568808600891e-01
5.796676441837732563e-01 3.163462879024370733e-01 2.260062172541651981e-01
5.806451612903226200e-01 3.156091036768974845e-01 2.254769277245582682e-01
5.816226783968719838e-01 3.150134149012807083e-01 2.250486511086837171e-01
5.826001955034213475e-01 3.145383828302284468e-01 2.247064932419097771e-01
5.835777126099707113e-01 3.141643785595258365e-01 2.244364245313894002e-01
5.845552297165200750e-01 3.138734905951350296e-01 2.242256424988756380e-01
5.855327468230694388e-01 3.136498268594692385e-01 2.240627873523090841e-01
5.865102639296188025e-01 3.134796402139389260e-01 2.239380314397896032e-01
5.874877810361681663e-01 3.133513134534757771e-01 2.238430686309845485e-01
5.884652981427175300e-01 3.132552415358695885e-01 2.237710310795457125e-01
5.894428152492668938e-01 3.131836454470857123e-01 2.237163575093814305e-01
5.904203323558162575e-01 3.131303442486161881e-01 2.236746290839594919e-01
5.913978494623656212e-01 3.130905043677364996e-01 2.236423819660728340e-01
5.923753665689149850e-01 3.130603893082583022e-01 2.236169153970777035e-01
5.933528836754643487e-01 3.130371563026036474e-01 2.235961522366697873e-01
5.943304007820137125e-01 3.130187618377491265e-01 2.235786384266524596e-01
5.953079178885630762e-01 3.130039568180633669e-01 2.235636610758767739e-01
5.962854349951124400e-01 3.129920955112731051e-01 2.235510982224216681e-01
5.972629521016618037e-01 3.129822477826095239e-01 2.235402488274426946e-01
5.982404692082111675e-01 3.129716502639073861e-01 2.235276147609011610e-01
5.992179863147605312e-01 3.129556932789729351e-01 2.235066960760067889e-01
6.001955034213098950e-01 3.129340792106583002e-01 2.234765891061493426e-01
6.011730205278592587e-01 3.129241125869658413e-01 2.234614514349674841e-01
6.021505376344086224e-01 3.129639217625253544e-01 2.235170925840441747e-01
6.031280547409579862e-01 3.130640730457366905e-01 2.236642764357785196e-01
6.041055718475073499e-01 3.130882968738203376e-01 2.237153439191015281e-01
6.050830889540567137e-01 3.126946306674054377e-01 2.231739265667385952e-01
6.060606060606060774e-01 3.117054543868373329e-01 2.217409905475499210e-01
6.070381231671554412e-01 3.111498867717367722e-01 2.208169223315546437e-01
6.080156402737048049e-01 3.139966083788945928e-01 2.246933716973998352e-01
6.089931573802541687e-01 3.225723084581193500e-01 2.371815120875809257e-01
6.099706744868035324e-01 3.291967910970011180e-01 2.479146563584908591e-01
6.109481915933528962e-01 3.054414216267024029e-01 2.164046152813186019e-01
6.119257086999022599e-01 2.315823743561885306e-01 1.198751919647433467e-01
6.129032258064516236e-01 1.603532697952702868e-01 3.497739046631823112e-02
6.138807429130009874e-01 1.321548654682354329e-01 6.211567285375835246e-03
6.148582600195503511e-01 1.261116793685987669e-01 9.184708160465964062e-04
6.158357771260997149e-01 1.251596279553262303e-01 1.304702097857322321e-04
6.168132942326490786e-01 1.250225720053865786e-01 1.841779497189850094e-05
6.177908113391984424e-01 1.250031841570749536e-01 2.597616503400583225e-06
6.187683284457478061e-01 1.250004490396419699e-01 3.663071638337766514e-07
6.197458455522971699e-01 1.250000633218817103e-01 5.165492027238351751e-08
6.207233626588465336e-01 1.250000089293517302e-01 7.284141418884273305e-09
6.217008797653958974e-01 1.250000012591782894e-01 1.027176765440678327e-09
6.226783968719452611e-01 1.250000001775642966e-01 1.448482155006977817e-10
6.236559139784946248e-01 1.250000000250394983e-01 2.042594994074622445e-11
6.246334310850439886e-01 1.250000000035309256e-01 2.880389712142152946e-12
6.256109481915933523e-01 1.250000000004979073e-01 4.061278564956305171e-13
6.265884652981427161e-01 1.250000000000701383e-01 5.727259070645805311e-14
6.275659824046920798e-01 1.250000000000099087e-01 8.073824136686366061e-15
6.285434995112414436e-01 1.250000000000013600e-01 1.126326598057421071e-15
6.295210166177908073e-01 1.250000000000001665e-01 1.435561486171338468e-16
6.304985337243401711e-01 1.250000000000000000e-01 1.191545101185055849e-17
6.314760508308895348e-01 1.250000000000000000e-01 3.159205180598974890e-35
6.324535679374388986e-01 1.250000000000000000e-01 2.487054390919958006e-71
6.334310850439882623e-01 1.250000000000000000e-01 1.410687371327238133e-145
6.344086021505376261e-01 1.250000000000000000e-01 0.000000000000000000e+00
6.353861192570869898e-01 1.250000000000000000e-01 0.000000000000000000e+00
6.363636363636363535e-01 1.250000000000000000e-01 0.000000000000000000e+00
6.373411534701857173e-01 1.250000000000000000e-01 0.000000000000000000e+00
6.383186705767350810e-01 1.250000000000000000e-01 0.000000000000000000e+00
6.392961876832844448e-01 1.250000000000000000e-01 0.000000000000000000e+00
6.402737047898338085e-01 1.250000000000000000e-01 0.000000000000000000e+00
6.412512218963831723e-01 1.250000000000000000e-01 0.000000000000000000e+00
6.422287390029325360e-01 1.250000000000000000e-01 0.000000000000000000e+00
6.432062561094818998e-01 1.250000000000000000e-01 0.000000000000000000e+00
6.441837732160312635e-01 1.250000000000000000e-01 0.000000000000000000e+00
6.451612903225806273e-01 1.250000000000000000e-01 0.000000000000000000e+00
6.461388074291299910e-01 1.250000000000000000e-01 0.000000000000000000e+00
6.471163245356793547e-01 1.250000000000000000e-01 0.000000000000000000e+00
6.480938416422287185e-01 1.250000000000000000e-01 0.000000000000000000e+00
6.490713587487780822e-01 1.250000000000000000e-01 0.000000000000000000e+00
6.500488758553274460e-01 1.250000000000000000e-01 0.000000000000000000e+00
6.510263929618768097e-01 1.250000000000000000e-01 0.000000000000000000e+00
6.520039100684261735e-01 1.250000000000000000e-01 0.000000000000000000e+00
6.529814271749755372e-01 1.250000000000000000e-01 0.000000000000000000e+00
6.539589442815249010e-01 1.250000000000000000e-01 0.000000000000000000e+00
6.549364613880742647e-01 1.250000000000000000e-01 0.000000000000000000e+00
6.559139784946236285e-01 1.250000000000000000e-01 0.000000000000000000e+00
6.568914956011729922e-01 1.250000000000000000e-01 0.000000000000000000e+00
6.578690127077223559e-01 1.250000000000000000e-01 0.000000000000000000e+00
6.588465298142717197e-01 1.250000000000000000e-01 0.000000000000000000e+00
6.598240469208210834e-01 1.250000000000000000e-01 0.000000000000000000e+00
6.608015640273704472e-01 1.250000000000000000e-01 0.000000000000000000e+00
6.617790811339198109e-01 1.250000000000000000e-01 0.000000000000000000e+00
6.627565982404691747e-01 1.250000000000000000e-01 0.000000000000000000e+00
6.637341153470185384e-01 1.250000000000000000e-01 0.000000000000000000e+00
6.647116324535679022e-01 1.250000000000000000e-01 0.000000000000000000e+00
6.656891495601172659e-01 1.250000000000000000e-01 0.000000000000000000e+00
6.666666666666666297e-01 1.250000000000000000e-01 0.000000000000000000e+00
6.676441837732159934e-01 1.250000000000000000e-01 0.000000000000000000e+00
6.686217008797653572e-01 1.250000000000000000e-01 0.000000000000000000e+00
6.695992179863147209e-01 1.250000000000000000e-01 0.000000000000000000e+00
6.705767350928640846e-01 1.250000000000000000e-01 0.000000000000000000e+00
6.715542521994134484e-01 1.250000000000000000e-01 0.000000000000000000e+00
6.725317693059628121e-01 1.250000000000000000e-01 0.000000000000000000e+00
6.735092864125121759e-01 1.250000000000000000e-01 0.000000000000000000e+00
6.744868035190615396e-01 1.250000000000000000e-01 0.000000000000000000e+00
6.754643206256109034e-01 1.250000000000000000e-01 0.000000000000000000e+00
6.764418377321602671e-01 1.250000000000000000e-01 0.000000000000000000e+00
6.774193548387096309e-01 1.250000000000000000e-01 0.000000000000000000e+00
6.783968719452589946e-01 1.250000000000000000e-01 0.000000000000000000e+00
6.793743890518083584e-01 1.250000000000000000e-01 0.000000000000000000e+00
6.803519061583577221e-01 1.250000000000000000e-01 0.000000000000000000e+00
6.813294232649070858e-01 1.250000000000000000e-01 0.000000000000000000e+00
6.823069403714564496e-01 1.250000000000000000e-01 0.000000000000000000e+00
6.832844574780058133e-01 1.250000000000000000e-01 0.000000000000000000e+00
6.842619745845551771e-01 1.250000000000000000e-01 0.000000000000000000e+00
6.852394916911045408e-01 1.250000000000000000e-01 0.000000000000000000e+00
6.862170087976539046e-01 1.250000000000000000e-01 0.000000000000000000e+00
6.871945259042032683e-01 1.250000000000000000e-01 0.000000000000000000e+00
6.881720430107527431e-01 1.250000000000000000e-01 0.000000000000000000e+00
6.891495601173021068e-01 1.250000000000000000e-01 0.000000000000000000e+00
6.901270772238514706e-01 1.250000000000000000e-01 0.000000000000000000e+00
6.911045943304008343e-01 1.250000000000000000e-01 0.000000000000000000e+00
6.920821114369501981e-01 1.250000000000000000e-01 0.000000000000000000e+00
6.930596285434995618e-01 1.250000000000000000e-01 0.000000000000000000e+00
6.940371456500489256e-01 1.250000000000000000e-01 0.000000000000000000e+00
6.950146627565982893e-01 1.250000000000000000e-01 0.000000000000000000e+00
6.959921798631476531e-01 1.250000000000000000e-01 0.000000000000000000e+00
6.969696969696970168e-01 1.250000000000000000e-01 0.000000000000000000e+00
6.979472140762463805e-01 1.250000000000000000e-01 0.000000000000000000e+00
6.989247311827957443e-01 1.250000000000000000e-01 0.000000000000000000e+00
6.999022482893451080e-01 1.250000000000000000e-01 0.000000000000000000e+00
7.008797653958944718e-01 1.250000000000000000e-01 0.000000000000000000e+00
7.018572825024438355e-01 1.250000000000000000e-01 0.000000000000000000e+00
7.028347996089931993e-01 1.250000000000000000e-01 0.000000000000000000e+00
7.038123167155425630e-01 1.250000000000000000e-01 0.000000000000000000e+00
7.047898338220919268e-01 1.250000000000000000e-01 0.000000000000000000e+00
7.057673509286412905e-01 1.250000000000000000e-01 0.000000000000000000e+00
7.067448680351906543e-01 1.250000000000000000e-01 0.000000000000000000e+00
7.077223851417400180e-01 1.250000000000000000e-01 0.000000000000000000e+00
7.086999022482893817e-01 1.250000000000000000e-01 0.000000000000000000e+00
7.096774193548387455e-01 1.250000000000000000e-01 0.000000000000000000e+00
7.106549364613881092e-01 1.250000000000000000e-01 0.000000000000000000e+00
7.116324535679374730e-01 1.250000000000000000e-01 0.000000000000000000e+00
7.126099706744868367e-01 1.250000000000000000e-01 0.000000000000000000e+00
7.135874877810362005e-01 1.250000000000000000e-01 0.000000000000000000e+00
7.145650048875855642e-01 1.250000000000000000e-01 0.000000000000000000e+00
7.155425219941349280e-01 1.250000000000000000e-01 0.000000000000000000e+00
7.165200391006842917e-01 1.250000000000000000e-01 0.000000000000000000e+00
7.174975562072336555e-01 1.250000000000000000e-01 0.000000000000000000e+00
7.184750733137830192e-01 1.250000000000000000e-01 0.000000000000000000e+00
7.194525904203323829e-01 1.250000000000000000e-01 0.000000000000000000e+00
7.204301075268817467e-01 1.250000000000000000e-01 0.000000000000000000e+00
7.214076246334311104e-01 1.250000000000000000e-01 0.000000000000000000e+00
7.223851417399804742e-01 1.250000000000000000e-01 0.000000000000000000e+00
7.233626588465298379e-01 1.250000000000000000e-01 0.000000000000000000e+00
7.243401759530792017e-01 1.250000000000000000e-01 0.000000000000000000e+00
7.253176930596285654e-01 1.250000000000000000e-01 0.000000000000000000e+00
7.262952101661779292e-01 1.250000000000000000e-01 0.000000000000000000e+00
7.272727272727272929e-01 1.250000000000000000e-01 0.000000000000000000e+00
7.282502443792766567e-01 1.250000000000000000e-01 0.000000000000000000e+00
7.292277614858260204e-01 1.250000000000000000e-01 0.000000000000000000e+00
7.302052785923753842e-01 1.250000000000000000e-01 0.000000000000000000e+00
7.311827956989247479e-01 1.250000000000000000e-01 0.000000000000000000e+00
7.321603128054741116e-01 1.250000000000000000e-01 0.000000000000000000e+00
7.331378299120234754e-01 1.250000000000000000e-01 0.000000000000000000e+00
7.341153470185728391e-01 1.250000000000000000e-01 0.000000000000000000e+00
7.350928641251222029e-01 1.250000000000000000e-01 0.000000000000000000e+00
7.360703812316715666e-01 1.250000000000000000e-01 0.000000000000000000e+00
7.370478983382209304e-01 1.250000000000000000e-01 0.000000000000000000e+00
7.380254154447702941e-01 1.250000000000000000e-01 0.000000000000000000e+00
7.390029325513196579e-01 1.250000000000000000e-01 0.000000000000000000e+00
7.399804496578690216e-01 1.250000000000000000e-01 0.000000000000000000e+00
7.409579667644183854e-01 1.250000000000000000e-01 0.000000000000000000e+00
7.419354838709677491e-01 1.250000000000000000e-01 0.000000000000000000e+00
7.429130009775171128e-01 1.250000000000000000e-01 0.000000000000000000e+00
7.438905180840664766e-01 1.250000000000000000e-01 0.000000000000000000e+00
7.448680351906158403e-01 1.250000000000000000e-01 0.000000000000000000e+00
7.458455522971652041e-01 1.250000000000000000e-01 0.000000000000000000e+00
7.468230694037145678e-01 1.250000000000000000e-01 0.000000000000000000e+00
7.478005865102639316e-01 1.250000000000000000e-01 0.000000000000000000e+00
7.487781036168132953e-01 1.250000000000000000e-01 0.000000000000000000e+00
7.497556207233626591e-01 1.250000000000000000e-01 0.000000000000000000e+00
7.507331378299120228e-01 1.250000000000000000e-01 0.000000000000000000e+00
7.517106549364613866e-01 1.250000000000000000e-01 0.000000000000000000e+00
7.526881720430107503e-01 1.250000000000000000e-01 0.000000000000000000e+00
7.536656891495601140e-01 1.250000000000000000e-01 0.000000000000000000e+00
7.546432062561094778e-01 1.250000000000000000e-01 0.000000000000000000e+00
7.556207233626588415e-01 1.250000000000000000e-01 0.000000000000000000e+00
7.565982404692082053e-01 1.250000000000000000e-01 0.000000000000000000e+00
7.575757575757575690e-01 1.250000000000000000e-01 0.000000000000000000e+00
7.585532746823069328e-01 1.250000000000000000e-01 0.000000000000000000e+00
7.595307917888562965e-01 1.250000000000000000e-01 0.000000000000000000e+00
7.605083088954056603e-01 1.250000000000000000e-01 0.000000000000000000e+00
7.614858260019550240e-01 1.250000000000000000e-01 0.000000000000000000e+00
7.624633431085043878e-01 1.250000000000000000e-01 0.000000000000000000e+00
7.634408602150537515e-01 1.250000000000000000e-01 0.000000000000000000e+00
7.644183773216031152e-01 1.250000000000000000e-01 0.000000000000000000e+00
7.653958944281524790e-01 1.250000000000000000e-01 0.000000000000000000e+00
7.663734115347018427e-01 1.250000000000000000e-01 0.000000000000000000e+00
7.673509286412512065e-01 1.250000000000000000e-01 0.000000000000000000e+00
7.683284457478005702e-01 1.250000000000000000e-01 0.000000000000000000e+00
7.693059628543499340e-01 1.250000000000000000e-01 0.000000000000000000e+00
7.702834799608992977e-01 1.250000000000000000e-01 0.000000000000000000e+00
7.712609970674486615e-01 1.250000000000000000e-01 0.000000000000000000e+00
7.722385141739980252e-01 1.250000000000000000e-01 0.000000000000000000e+00
7.732160312805473890e-01 1.250000000000000000e-01 0.000000000000000000e+00
7.741935483870967527e-01 1.250000000000000000e-01 0.000000000000000000e+00
7.751710654936461165e-01 1.250000000000000000e-01 0.000000000000000000e+00
7.761485826001954802e-01 1.250000000000000000e-01 0.000000000000000000e+00
7.771260997067448439e-01 1.250000000000000000e-01 0.000000000000000000e+00
7.781036168132942077e-01 1.250000000000000000e-01 0.000000000000000000e+00
7.790811339198435714e-01 1.250000000000000000e-01 0.000000000000000000e+00
7.800586510263929352e-01 1.250000000000000000e-01 0.000000000000000000e+00
7.810361681329422989e-01 1.250000000000000000e-01 0.000000000000000000e+00
7.820136852394916627e-01 1.250000000000000000e-01 0.000000000000000000e+00
7.829912023460410264e-01 1.250000000000000000e-01 0.000000000000000000e+00
7.839687194525903902e-01 1.250000000000000000e-01 0.000000000000000000e+00
7.849462365591397539e-01 1.250000000000000000e-01 0.000000000000000000e+00
7.859237536656891177e-01 1.250000000000000000e-01 0.000000000000000000e+00
7.869012707722384814e-01 1.250000000000000000e-01 0.000000000000000000e+00
7.878787878787878451e-01 1.250000000000000000e-01 0.000000000000000000e+00
7.888563049853372089e-01 1.250000000000000000e-01 0.000000000000000000e+00
7.898338220918865726e-01 1.250000000000000000e-01 0.000000000000000000e+00
7.908113391984359364e-01 1.250000000000000000e-01 0.000000000000000000e+00
7.917888563049853001e-01 1.250000000000000000e-01 0.000000000000000000e+00
7.927663734115346639e-01 1.250000000000000000e-01 0.000000000000000000e+00
7.937438905180840276e-01 1.250000000000000000e-01 0.000000000000000000e+00
7.947214076246333914e-01 1.250000000000000000e-01 0.000000000000000000e+00
7.956989247311827551e-01 1.250000000000000000e-01 0.000000000000000000e+00
7.966764418377321189e-01 1.250000000000000000e-01 0.000000000000000000e+00
7.976539589442814826e-01 1.250000000000000000e-01 0.000000000000000000e+00
7.986314760508308463e-01 1.250000000000000000e-01 0.000000000000000000e+00
7.996089931573802101e-01 1.250000000000000000e-01 0.000000000000000000e+00
8.005865102639295738e-01 1.250000000000000000e-01 0.000000000000000000e+00
8.015640273704789376e-01 1.250000000000000000e-01 0.000000000000000000e+00
8.025415444770283013e-01 1.250000000000000000e-01 0.000000000000000000e+00
8.035190615835776651e-01 1.250000000000000000e-01 0.000000000000000000e+00
8.044965786901270288e-01 1.250000000000000000e-01 0.000000000000000000e+00
8.054740957966763926e-01 1.250000000000000000e-01 0.000000000000000000e+00
8.064516129032257563e-01 1.250000000000000000e-01 0.000000000000000000e+00
8.074291300097751201e-01 1.250000000000000000e-01 0.000000000000000000e+00
8.084066471163244838e-01 1.250000000000000000e-01 0.000000000000000000e+00
8.093841642228738475e-01 1.250000000000000000e-01 0.000000000000000000e+00
8.103616813294232113e-01 1.250000000000000000e-01 0.000000000000000000e+00
8.113391984359725750e-01 1.250000000000000000e-01 0.000000000000000000e+00
8.123167155425219388e-01 1.250000000000000000e-01 0.000000000000000000e+00
8.132942326490714136e-01 1.250000000000000000e-01 0.000000000000000000e+00
8.142717497556207773e-01 1.250000000000000000e-01 0.000000000000000000e+00
8.152492668621701410e-01 1.250000000000000000e-01 0.000000000000000000e+00
8.162267839687195048e-01 1.250000000000000000e-01 0.000000000000000000e+00
8.172043010752688685e-01 1.250000000000000000e-01 0.000000000000000000e+00
8.181818181818182323e-01 1.250000000000000000e-01 0.000000000000000000e+00
8.191593352883675960e-01 1.250000000000000000e-01 0.000000000000000000e+00
8.201368523949169598e-01 1.250000000000000000e-01 0.000000000000000000e+00
8.211143695014663235e-01 1.250000000000000000e-01 0.000000000000000000e+00
8.220918866080156873e-01 1.250000000000000000e-01 0.000000000000000000e+00
8.230694037145650510e-01 1.250000000000000000e-01 0.000000000000000000e+00
8.240469208211144148e-01 1.250000000000000000e-01 0.000000000000000000e+00
8.250244379276637785e-01 1.250000000000000000e-01 0.000000000000000000e+00
8.260019550342131422e-01 1.250000000000000000e-01 0.000000000000000000e+00
8.269794721407625060e-01 1.250000000000000000e-01 0.000000000000000000e+00
8.279569892473118697e-01 1.250000000000000000e-01 0.000000000000000000e+00
8.289345063538612335e-01 1.250000000000000000e-01 0.000000000000000000e+00
8.299120234604105972e-01 1.250000000000000000e-01 0.000000000000000000e+00
8.308895405669599610e-01 1.250000000000000000e-01 0.000000000000000000e+00
8.318670576735093247e-01 1.250000000000000000e-01 0.000000000000000000e+00
8.328445747800586885e-01 1.250000000000000000e-01 0.000000000000000000e+00
8.338220918866080522e-01 1.250000000000000000e-01 0.000000000000000000e+00
8.347996089931574160e-01 1.250000000000000000e-01 0.000000000000000000e+00
8.357771260997067797e-01 1.250000000000000000e-01 0.000000000000000000e+00
8.367546432062561435e-01 1.250000000000000000e-01 0.000000000000000000e+00
8.377321603128055072e-01 1.250000000000000000e-01 0.000000000000000000e+00
8.387096774193548709e-01 1.250000000000000000e-01 0.000000000000000000e+00
8.396871945259042347e-01 1.250000000000000000e-01 0.000000000000000000e+00
8.406647116324535984e-01 1.250000000000000000e-01 0.000000000000000000e+00
8.416422287390029622e-01 1.250000000000000000e-01 0.000000000000000000e+00
8.426197458455523259e-01 1.250000000000000000e-01 0.000000000000000000e+00
8.435972629521016897e-01 1.250000000000000000e-01 0.000000000000000000e+00
8.445747800586510534e-01 1.250000000000000000e-01 0.000000000000000000e+00
8.455522971652004172e-01 1.250000000000000000e-01 0.000000000000000000e+00
8.465298142717497809e-01 1.250000000000000000e-01 0.000000000000000000e+00
8.475073313782991447e-01 1.250000000000000000e-01 0.000000000000000000e+00
8.484848484848485084e-01 1.250000000000000000e-01 0.000000000000000000e+00
8.494623655913978721e-01 1.250000000000000000e-01 0.000000000000000000e+00
8.504398826979472359e-01 1.250000000000000000e-01 0.000000000000000000e+00
8.514173998044965996e-01 1.250000000000000000e-01 0.000000000000000000e+00
8.523949169110459634e-01 1.250000000000000000e-01 0.000000000000000000e+00
8.533724340175953271e-01 1.250000000000000000e-01 0.000000000000000000e+00
8.543499511241446909e-01 1.250000000000000000e-01 0.000000000000000000e+00
8.553274682306940546e-01 1.250000000000000000e-01 0.000000000000000000e+00
8.563049853372434184e-01 1.250000000000000000e-01 0.000000000000000000e+00
8.572825024437927821e-01 1.250000000000000000e-01 0.000000000000000000e+00
8.582600195503421459e-01 1.250000000000000000e-01 0.000000000000000000e+00
8.592375366568915096e-01 1.250000000000000000e-01 0.000000000000000000e+00
8.602150537634408733e-01 1.250000000000000000e-01 0.000000000000000000e+00
8.611925708699902371e-01 1.250000000000000000e-01 0.000000000000000000e+00
8.621700879765396008e-01 1.250000000000000000e-01 0.000000000000000000e+00
8.631476050830889646e-01 1.250000000000000000e-01 0.000000000000000000e+00
8.641251221896383283e-01 1.250000000000000000e-01 0.000000000000000000e+00
8.651026392961876921e-01 1.250000000000000000e-01 0.000000000000000000e+00
8.660801564027370558e-01 1.250000000000000000e-01 0.000000000000000000e+00
8.670576735092864196e-01 1.250000000000000000e-01 0.000000000000000000e+00
8.680351906158357833e-01 1.250000000000000000e-01 0.000000000000000000e+00
8.690127077223851471e-01 1.250000000000000000e-01 0.000000000000000000e+00
8.699902248289345108e-01 1.250000000000000000e-01 0.000000000000000000e+00
8.709677419354838745e-01 1.250000000000000000e-01 0.000000000000000000e+00
8.719452590420332383e-01 1.250000000000000000e-01 0.000000000000000000e+00
8.729227761485826020e-01 1.250000000000000000e-01 0.000000000000000000e+00
8.739002932551319658e-01 1.250000000000000000e-01 0.000000000000000000e+00
8.748778103616813295e-01 1.250000000000000000e-01 0.000000000000000000e+00
8.758553274682306933e-01 1.250000000000000000e-01 0.000000000000000000e+00
8.768328445747800570e-01 1.250000000000000000e-01 0.000000000000000000e+00
8.778103616813294208e-01 1.250000000000000000e-01 0.000000000000000000e+00
8.787878787878787845e-01 1.250000000000000000e-01 0.000000000000000000e+00
8.797653958944281483e-01 1.250000000000000000e-01 0.000000000000000000e+00
8.807429130009775120e-01 1.250000000000000000e-01 0.000000000000000000e+00
8.817204301075268758e-01 1.250000000000000000e-01 0.000000000000000000e+00
8.826979472140762395e-01 1.250000000000000000e-01 0.000000000000000000e+00
8.836754643206256032e-01 1.250000000000000000e-01 0.000000000000000000e+00
8.846529814271749670e-01 1.250000000000000000e-01 0.000000000000000000e+00
8.856304985337243307e-01 1.250000000000000000e-01 0.000000000000000000e+00
8.866080156402736945e-01 1.250000000000000000e-01 0.000000000000000000e+00
8.875855327468230582e-01 1.250000000000000000e-01 0.000000000000000000e+00
8.885630498533724220e-01 1.250000000000000000e-01 0.000000000000000000e+00
8.895405669599217857e-01 1.250000000000000000e-01 0.000000000000000000e+00
8.905180840664711495e-01 1.250000000000000000e-01 0.000000000000000000e+00
8.914956011730205132e-01 1.250000000000000000e-01 0.000000000000000000e+00
8.924731182795698770e-01 1.250000000000000000e-01 0.000000000000000000e+00
8.934506353861192407e-01 1.250000000000000000e-01 0.000000000000000000e+00
8.944281524926686044e-01 1.250000000000000000e-01 0.000000000000000000e+00
8.954056695992179682e-01 1.250000000000000000e-01 0.000000000000000000e+00
8.963831867057673319e-01 1.250000000000000000e-01 0.000000000000000000e+00
8.973607038123166957e-01 1.250000000000000000e-01 0.000000000000000000e+00
8.983382209188660594e-01 1.250000000000000000e-01 0.000000000000000000e+00
8.993157380254154232e-01 1.250000000000000000e-01 0.000000000000000000e+00
9.002932551319647869e-01 1.250000000000000000e-01 0.000000000000000000e+00
9.012707722385141507e-01 1.250000000000000000e-01 0.000000000000000000e+00
9.022482893450635144e-01 1.250000000000000000e-01 0.000000000000000000e+00
9.032258064516128782e-01 1.250000000000000000e-01 0.000000000000000000e+00
9.042033235581622419e-01 1.250000000000000000e-01 0.000000000000000000e+00
9.051808406647116056e-01 1.250000000000000000e-01 0.000000000000000000e+00
9.061583577712609694e-01 1.250000000000000000e-01 0.000000000000000000e+00
9.071358748778103331e-01 1.250000000000000000e-01 0.000000000000000000e+00
9.081133919843596969e-01 1.250000000000000000e-01 0.000000000000000000e+00
9.090909090909090606e-01 1.250000000000000000e-01 0.000000000000000000e+00
9.100684261974584244e-01 1.250000000000000000e-01 0.000000000000000000e+00
9.110459433040077881e-01 1.250000000000000000e-01 0.000000000000000000e+00
9.120234604105571519e-01 1.250000000000000000e-01 0.000000000000000000e+00
9.130009775171065156e-01 1.250000000000000000e-01 0.000000000000000000e+00
9.139784946236558794e-01 1.250000000000000000e-01 0.000000000000000000e+00
9.149560117302052431e-01 1.250000000000000000e-01 0.000000000000000000e+00
9.159335288367546068e-01 1.250000000000000000e-01 0.000000000000000000e+00
9.169110459433039706e-01 1.250000000000000000e-01 0.000000000000000000e+00
9.178885630498533343e-01 1.250000000000000000e-01 0.000000000000000000e+00
9.188660801564026981e-01 1.250000000000000000e-01 0.000000000000000000e+00
9.198435972629520618e-01 1.250000000000000000e-01 0.000000000000000000e+00
9.208211143695014256e-01 1.250000000000000000e-01 0.000000000000000000e+00
9.217986314760507893e-01 1.250000000000000000e-01 0.000000000000000000e+00
9.227761485826001531e-01 1.250000000000000000e-01 0.000000000000000000e+00
9.237536656891495168e-01 1.250000000000000000e-01 0.000000000000000000e+00
9.247311827956988806e-01 1.250000000000000000e-01 0.000000000000000000e+00
9.257086999022482443e-01 1.250000000000000000e-01 0.000000000000000000e+00
9.266862170087976081e-01 1.250000000000000000e-01 0.000000000000000000e+00
9.276637341153469718e-01 1.250000000000000000e-01 0.000000000000000000e+00
9.286412512218963355e-01 1.250000000000000000e-01 0.000000000000000000e+00
9.296187683284456993e-01 1.250000000000000000e-01 0.000000000000000000e+00
9.305962854349950630e-01 1.250000000000000000e-01 0.000000000000000000e+00
9.315738025415444268e-01 1.250000000000000000e-01 0.000000000000000000e+00
9.325513196480937905e-01 1.250000000000000000e-01 0.000000000000000000e+00
9.335288367546431543e-01 1.250000000000000000e-01 0.000000000000000000e+00
9.345063538611925180e-01 1.250000000000000000e-01 0.000000000000000000e+00
9.354838709677418818e-01 1.250000000000000000e-01 0.000000000000000000e+00
9.364613880742912455e-01 1.250000000000000000e-01 0.000000000000000000e+00
9.374389051808406093e-01 1.250000000000000000e-01 0.000000000000000000e+00
9.384164222873900840e-01 1.250000000000000000e-01 0.000000000000000000e+00
9.393939393939394478e-01 1.250000000000000000e-01 0.000000000000000000e+00
9.403714565004888115e-01 1.250000000000000000e-01 0.000000000000000000e+00
9.413489736070381753e-01 1.250000000000000000e-01 0.000000000000000000e+00
9.423264907135875390e-01 1.250000000000000000e-01 0.000000000000000000e+00
9.433040078201369028e-01 1.250000000000000000e-01 0.000000000000000000e+00
9.442815249266862665e-01 1.250000000000000000e-01 0.000000000000000000e+00
9.452590420332356302e-01 1.250000000000000000e-01 0.000000000000000000e+00
9.462365591397849940e-01 1.250000000000000000e-01 0.000000000000000000e+00
9.472140762463343577e-01 1.250000000000000000e-01 0.000000000000000000e+00
9.481915933528837215e-01 1.250000000000000000e-01 0.000000000000000000e+00
9.491691104594330852e-01 1.250000000000000000e-01 0.000000000000000000e+00
9.501466275659824490e-01 1.250000000000000000e-01 0.000000000000000000e+00
9.511241446725318127e-01 1.250000000000000000e-01 0.000000000000000000e+00
9.521016617790811765e-01 1.250000000000000000e-01 0.000000000000000000e+00
9.530791788856305402e-01 1.250000000000000000e-01 0.000000000000000000e+00
9.540566959921799040e-01 1.250000000000000000e-01 0.000000000000000000e+00
9.550342130987292677e-01 1.250000000000000000e-01 0.000000000000000000e+00
9.560117302052786314e-01 1.250000000000000000e-01 0.000000000000000000e+00
9.569892473118279952e-01 1.250000000000000000e-01 0.000000000000000000e+00
9.579667644183773589e-01 1.250000000000000000e-01 0.000000000000000000e+00
9.589442815249267227e-01 1.250000000000000000e-01 0.000000000000000000e+00
9.599217986314760864e-01 1.250000000000000000e-01 0.000000000000000000e+00
9.608993157380254502e-01 1.250000000000000000e-01 0.000000000000000000e+00
9.618768328445748139e-01 1.250000000000000000e-01 0.000000000000000000e+00
9.628543499511241777e-01 1.250000000000000000e-01 0.000000000000000000e+00
9.638318670576735414e-01 1.250000000000000000e-01 0.000000000000000000e+00
9.648093841642229052e-01 1.250000000000000000e-01 0.000000000000000000e+00
9.657869012707722689e-01 1.250000000000000000e-01 0.000000000000000000e+00
9.667644183773216326e-01 1.250000000000000000e-01 0.000000000000000000e+00
9.677419354838709964e-01 1.250000000000000000e-01 0.000000000000000000e+00
9.687194525904203601e-01 1.250000000000000000e-01 0.000000000000000000e+00
9.696969696969697239e-01 1.250000000000000000e-01 0.000000000000000000e+00
9.706744868035190876e-01 1.250000000000000000e-01 0.000000000000000000e+00
9.716520039100684514e-01 1.250000000000000000e-01 0.000000000000000000e+00
9.726295210166178151e-01 1.250000000000000000e-01 0.000000000000000000e+00
9.736070381231671789e-01 1.250000000000000000e-01 0.000000000000000000e+00
9.745845552297165426e-01 1.250000000000000000e-01 0.000000000000000000e+00
9.755620723362659064e-01 1.250000000000000000e-01 0.000000000000000000e+00
9.765395894428152701e-01 1.250000000000000000e-01 0.000000000000000000e+00
9.775171065493646338e-01 1.250000000000000000e-01 0.000000000000000000e+00
9.784946236559139976e-01 1.250000000000000000e-01 0.000000000000000000e+00
9.794721407624633613e-01 1.250000000000000000e-01 0.000000000000000000e+00
9.804496578690127251e-01 1.250000000000000000e-01 0.000000000000000000e+00
9.814271749755620888e-01 1.250000000000000000e-01 0.000000000000000000e+00
9.824046920821114526e-01 1.250000000000000000e-01 0.000000000000000000e+00
9.833822091886608163e-01 1.250000000000000000e-01 0.000000000000000000e+00
9.843597262952101801e-01 1.250000000000000000e-01 0.000000000000000000e+00
9.853372434017595438e-01 1.250000000000000000e-01 0.000000000000000000e+00
9.863147605083089076e-01 1.250000000000000000e-01 0.000000000000000000e+00
9.872922776148582713e-01 1.250000000000000000e-01 0.000000000000000000e+00
9.882697947214076351e-01 1.250000000000000000e-01 0.000000000000000000e+00
9.892473118279569988e-01 1.250000000000000000e-01 0.000000000000000000e+00
9.902248289345063625e-01 1.250000000000000000e-01 0.000000000000000000e+00
9.912023460410557263e-01 1.250000000000000000e-01 0.000000000000000000e+00
9.921798631476050900e-01 1.250000000000000000e-01 0.000000000000000000e+00
9.931573802541544538e-01 1.250000000000000000e-01 0.000000000000000000e+00
9.941348973607038175e-01 1.250000000000000000e-01 0.000000000000000000e+00
9.951124144672531813e-01 1.250000000000000000e-01 0.000000000000000000e+00
9.960899315738025450e-01 1.250000000000000000e-01 0.000000000000000000e+00
9.970674486803519088e-01 1.250000000000000000e-01 0.000000000000000000e+00
9.980449657869012725e-01 1.250000000000000000e-01 0.000000000000000000e+00
9.990224828934506363e-01 1.250000000000000000e-01 -0.000000000000000000e+00
1.000000000000000000e+00 1.250000000000000000e-01 -0.000000000000000000e+00
