# 0.09620181549091456
0.000000000000000000e+00 1.000000000000000000e+00 -0.000000000000000000e+00
9.775171065493646130e-04 1.000000000000000000e+00 -0.000000000000000000e+00
1.955034213098729226e-03 1.000000000000000000e+00 0.000000000000000000e+00
2.932551319648093839e-03 1.000000000000000000e+00 0.000000000000000000e+00
3.910068426197458452e-03 1.000000000000000000e+00 0.000000000000000000e+00
4.887585532746823065e-03 1.000000000000000000e+00 0.000000000000000000e+00
5.865102639296187678e-03 1.000000000000000000e+00 0.000000000000000000e+00
6.842619745845552291e-03 1.000000000000000000e+00 0.000000000000000000e+00
7.820136852394916904e-03 1.000000000000000000e+00 0.000000000000000000e+00
8.797653958944282385e-03 1.000000000000000000e+00 0.000000000000000000e+00
9.775171065493646130e-03 1.000000000000000000e+00 0.000000000000000000e+00
1.075268817204301161e-02 1.000000000000000000e+00 0.000000000000000000e+00
1.173020527859237536e-02 1.000000000000000000e+00 0.000000000000000000e+00
1.270772238514174084e-02 1.000000000000000000e+00 0.000000000000000000e+00
1.368523949169110458e-02 1.000000000000000000e+00 0.000000000000000000e+00
1.466275659824047006e-02 1.000000000000000000e+00 0.000000000000000000e+00
1.564027370478983381e-02 1.000000000000000000e+00 0.000000000000000000e+00
1.661779081133919755e-02 1.000000000000000000e+00 0.000000000000000000e+00
1.759530791788856477e-02 1.000000000000000000e+00 0.000000000000000000e+00
1.857282502443792851e-02 1.000000000000000000e+00 0.000000000000000000e+00
1.955034213098729226e-02 1.000000000000000000e+00 0.000000000000000000e+00
2.052785923753665601e-02 1.000000000000000000e+00 0.000000000000000000e+00
2.150537634408602322e-02 1.000000000000000000e+00 0.000000000000000000e+00
2.248289345063538697e-02 1.000000000000000000e+00 0.000000000000000000e+00
2.346041055718475071e-02 1.000000000000000000e+00 0.000000000000000000e+00
2.443792766373411446e-02 1.000000000000000000e+00 0.000000000000000000e+00
2.541544477028348167e-02 1.000000000000000000e+00 0.000000000000000000e+00
2.639296187683284542e-02 1.000000000000000000e+00 0.000000000000000000e+00
2.737047898338220916e-02 1.000000000000000000e+00 0.000000000000000000e+00
2.834799608993157291e-02 1.000000000000000000e+00 0.000000000000000000e+00
2.932551319648094013e-02 1.000000000000000000e+00 0.000000000000000000e+00
3.030303030303030387e-02 1.000000000000000000e+00 0.000000000000000000e+00
3.128054740957966762e-02 1.000000000000000000e+00 0.000000000000000000e+00
3.225806451612903136e-02 1.000000000000000000e+00 0.000000000000000000e+00
3.323558162267839511e-02 1.000000000000000000e+00 0.000000000000000000e+00
3.421309872922775885e-02 1.000000000000000000e+00 0.000000000000000000e+00
3.519061583577712954e-02 1.000000000000000000e+00 0.000000000000000000e+00
3.616813294232649328e-02 1.000000000000000000e+00 0.000000000000000000e+00
3.714565004887585703e-02 1.000000000000000000e+00 0.000000000000000000e+00
3.812316715542522078e-02 1.000000000000000000e+00 0.000000000000000000e+00
3.910068426197458452e-02 1.000000000000000000e+00 0.000000000000000000e+00
4.007820136852394827e-02 1.000000000000000000e+00 0.000000000000000000e+00
4.105571847507331201e-02 1.000000000000000000e+00 0.000000000000000000e+00
4.203323558162267576e-02 1.000000000000000000e+00 0.000000000000000000e+00
4.301075268817204644e-02 1.000000000000000000e+00 0.000000000000000000e+00
4.398826979472141019e-02 1.000000000000000000e+00 0.000000000000000000e+00
4.496578690127077393e-02 1.000000000000000000e+00 0.000000000000000000e+00
4.594330400782013768e-02 1.000000000000000000e+00 0.000000000000000000e+00
4.692082111436950143e-02 1.000000000000000000e+00 0.000000000000000000e+00
4.789833822091886517e-02 1.000000000000000000e+00 0.000000000000000000e+00
4.887585532746822892e-02 1.000000000000000000e+00 0.000000000000000000e+00
4.985337243401759266e-02 1.000000000000000000e+00 0.000000000000000000e+00
5.083088954056696335e-02 1.000000000000000000e+00 0.000000000000000000e+00
5.180840664711632709e-02 1.000000000000000000e+00 0.000000000000000000e+00
5.278592375366569084e-02 1.000000000000000000e+00 0.000000000000000000e+00
5.376344086021505458e-02 1.000000000000000000e+00 0.000000000000000000e+00
5.474095796676441833e-02 1.000000000000000000e+00 0.000000000000000000e+00
5.571847507331378208e-02 1.000000000000000000e+00 0.000000000000000000e+00
5.669599217986314582e-02 1.000000000000000000e+00 0.000000000000000000e+00
5.767350928641250957e-02 1.000000000000000000e+00 0.000000000000000000e+00
5.865102639296188025e-02 1.000000000000000000e+00 0.000000000000000000e+00
5.962854349951124400e-02 1.000000000000000000e+00 0.000000000000000000e+00
6.060606060606060774e-02 1.000000000000000000e+00 0.000000000000000000e+00
6.158357771260997149e-02 1.000000000000000000e+00 0.000000000000000000e+00
6.256109481915933523e-02 1.000000000000000000e+00 0.000000000000000000e+00
6.353861192570869898e-02 1.000000000000000000e+00 0.000000000000000000e+00
6.451612903225806273e-02 1.000000000000000000e+00 0.000000000000000000e+00
6.549364613880742647e-02 1.000000000000000000e+00 0.000000000000000000e+00
6.647116324535679022e-02 1.000000000000000000e+00 0.000000000000000000e+00
6.744868035190615396e-02 1.000000000000000000e+00 0.000000000000000000e+00
6.842619745845551771e-02 1.000000000000000000e+00 0.000000000000000000e+00
6.940371456500488145e-02 1.000000000000000000e+00 0.000000000000000000e+00
7.038123167155425908e-02 1.000000000000000000e+00 0.000000000000000000e+00
7.135874877810362282e-02 1.000000000000000000e+00 0.000000000000000000e+00
7.233626588465298657e-02 1.000000000000000000e+00 0.000000000000000000e+00
7.331378299120235031e-02 1.000000000000000000e+00 0.000000000000000000e+00
7.429130009775171406e-02 1.000000000000000000e+00 0.000000000000000000e+00
7.526881720430107781e-02 1.000000000000000000e+00 0.000000000000000000e+00
7.624633431085044155e-02 1.000000000000000000e+00 0.000000000000000000e+00
7.722385141739980530e-02 1.000000000000000000e+00 0.000000000000000000e+00
7.820136852394916904e-02 1.000000000000000000e+00 0.000000000000000000e+00
7.917888563049853279e-02 1.000000000000000000e+00 0.000000000000000000e+00
8.015640273704789653e-02 1.000000000000000000e+00 0.000000000000000000e+00
8.113391984359726028e-02 1.000000000000000000e+00 0.000000000000000000e+00
8.211143695014662403e-02 1.000000000000000000e+00 0.000000000000000000e+00
8.308895405669598777e-02 1.000000000000000000e+00 0.000000000000000000e+00
8.406647116324535152e-02 1.000000000000000000e+00 0.000000000000000000e+00
8.504398826979471526e-02 1.000000000000000000e+00 0.000000000000000000e+00
8.602150537634409289e-02 1.000000000000000000e+00 0.000000000000000000e+00
8.699902248289345663e-02 1.000000000000000000e+00 0.000000000000000000e+00
8.797653958944282038e-02 1.000000000000000000e+00 0.000000000000000000e+00
8.895405669599218412e-02 1.000000000000000000e+00 0.000000000000000000e+00
8.993157380254154787e-02 1.000000000000000000e+00 0.000000000000000000e+00
9.090909090909091161e-02 1.000000000000000000e+00 0.000000000000000000e+00
9.188660801564027536e-02 1.000000000000000000e+00 0.000000000000000000e+00
9.286412512218963911e-02 1.000000000000000000e+00 0.000000000000000000e+00
9.384164222873900285e-02 1.000000000000000000e+00 0.000000000000000000e+00
9.481915933528836660e-02 1.000000000000000000e+00 0.000000000000000000e+00
9.579667644183773034e-02 1.000000000000000000e+00 0.000000000000000000e+00
9.677419354838709409e-02 1.000000000000000000e+00 0.000000000000000000e+00
9.775171065493645783e-02 1.000000000000000000e+00 0.000000000000000000e+00
9.872922776148582158e-02 1.000000000000000000e+00 0.000000000000000000e+00
9.970674486803518533e-02 1.000000000000000000e+00 0.000000000000000000e+00
1.006842619745845491e-01 1.000000000000000000e+00 0.000000000000000000e+00
1.016617790811339267e-01 1.000000000000000000e+00 0.000000000000000000e+00
1.026392961876832904e-01 1.000000000000000000e+00 0.000000000000000000e+00
1.036168132942326542e-01 1.000000000000000000e+00 0.000000000000000000e+00
1.045943304007820179e-01 1.000000000000000000e+00 0.000000000000000000e+00
1.055718475073313817e-01 1.000000000000000000e+00 0.000000000000000000e+00
1.065493646138807454e-01 1.000000000000000000e+00 0.000000000000000000e+00
1.075268817204301092e-01 1.000000000000000000e+00 0.000000000000000000e+00
1.085043988269794729e-01 1.000000000000000000e+00 0.000000000000000000e+00
1.094819159335288367e-01 1.000000000000000000e+00 0.000000000000000000e+00
1.104594330400782004e-01 1.000000000000000000e+00 0.000000000000000000e+00
1.114369501466275642e-01 1.000000000000000000e+00 0.000000000000000000e+00
1.124144672531769279e-01 1.000000000000000000e+00 0.000000000000000000e+00
1.133919843597262916e-01 1.000000000000000000e+00 0.000000000000000000e+00
1.143695014662756554e-01 1.000000000000000000e+00 0.000000000000000000e+00
1.153470185728250191e-01 1.000000000000000000e+00 0.000000000000000000e+00
1.163245356793743829e-01 1.000000000000000000e+00 0.000000000000000000e+00
1.173020527859237605e-01 1.000000000000000000e+00 0.000000000000000000e+00
1.182795698924731242e-01 1.000000000000000000e+00 0.000000000000000000e+00
1.192570869990224880e-01 1.000000000000000000e+00 0.000000000000000000e+00
1.202346041055718517e-01 1.000000000000000000e+00 0.000000000000000000e+00
1.212121212121212155e-01 1.000000000000000000e+00 0.000000000000000000e+00
1.221896383186705792e-01 1.000000000000000000e+00 0.000000000000000000e+00
1.231671554252199430e-01 1.000000000000000000e+00 0.000000000000000000e+00
1.241446725317693067e-01 1.000000000000000000e+00 0.000000000000000000e+00
1.251221896383186705e-01 1.000000000000000000e+00 0.000000000000000000e+00
1.260997067448680342e-01 1.000000000000000000e+00 0.000000000000000000e+00
1.270772238514173980e-01 1.000000000000000000e+00 0.000000000000000000e+00
1.280547409579667617e-01 1.000000000000000000e+00 0.000000000000000000e+00
1.290322580645161255e-01 1.000000000000000000e+00 0.000000000000000000e+00
1.300097751710654892e-01 1.000000000000000000e+00 0.000000000000000000e+00
1.309872922776148529e-01 1.000000000000000000e+00 0.000000000000000000e+00
1.319648093841642167e-01 1.000000000000000000e+00 0.000000000000000000e+00
1.329423264907135804e-01 1.000000000000000000e+00 0.000000000000000000e+00
1.339198435972629442e-01 1.000000000000000000e+00 0.000000000000000000e+00
1.348973607038123079e-01 1.000000000000000000e+00 0.000000000000000000e+00
1.358748778103616717e-01 1.000000000000000000e+00 0.000000000000000000e+00
1.368523949169110354e-01 1.000000000000000000e+00 0.000000000000000000e+00
1.378299120234603992e-01 1.000000000000000000e+00 0.000000000000000000e+00
1.388074291300097629e-01 1.000000000000000000e+00 0.000000000000000000e+00
1.397849462365591267e-01 1.000000000000000000e+00 0.000000000000000000e+00
1.407624633431085182e-01 1.000000000000000000e+00 0.000000000000000000e+00
1.417399804496578819e-01 1.000000000000000000e+00 0.000000000000000000e+00
1.427174975562072456e-01 1.000000000000000000e+00 0.000000000000000000e+00
1.436950146627566094e-01 1.000000000000000000e+00 0.000000000000000000e+00
1.446725317693059731e-01 1.000000000000000000e+00 0.000000000000000000e+00
1.456500488758553369e-01 1.000000000000000000e+00 0.000000000000000000e+00
1.466275659824047006e-01 1.000000000000000000e+00 0.000000000000000000e+00
1.476050830889540644e-01 1.000000000000000000e+00 0.000000000000000000e+00
1.485826001955034281e-01 1.000000000000000000e+00 0.000000000000000000e+00
1.495601173020527919e-01 1.000000000000000000e+00 0.000000000000000000e+00
1.505376344086021556e-01 1.000000000000000000e+00 0.000000000000000000e+00
1.515151515151515194e-01 1.000000000000000000e+00 0.000000000000000000e+00
1.524926686217008831e-01 1.000000000000000000e+00 0.000000000000000000e+00
1.534701857282502468e-01 1.000000000000000000e+00 0.000000000000000000e+00
1.544477028347996106e-01 1.000000000000000000e+00 0.000000000000000000e+00
1.554252199413489743e-01 1.000000000000000000e+00 0.000000000000000000e+00
1.564027370478983381e-01 1.000000000000000000e+00 0.000000000000000000e+00
1.573802541544477018e-01 1.000000000000000000e+00 0.000000000000000000e+00
1.583577712609970656e-01 1.000000000000000000e+00 0.000000000000000000e+00
1.593352883675464293e-01 1.000000000000000000e+00 0.000000000000000000e+00
1.603128054740957931e-01 1.000000000000000000e+00 0.000000000000000000e+00
1.612903225806451568e-01 1.000000000000000000e+00 0.000000000000000000e+00
1.622678396871945206e-01 1.000000000000000000e+00 0.000000000000000000e+00
1.632453567937438843e-01 1.000000000000000000e+00 0.000000000000000000e+00
1.642228739002932481e-01 1.000000000000000000e+00 0.000000000000000000e+00
1.652003910068426118e-01 1.000000000000000000e+00 0.000000000000000000e+00
1.661779081133919755e-01 1.000000000000000000e+00 0.000000000000000000e+00
1.671554252199413393e-01 1.000000000000000000e+00 0.000000000000000000e+00
1.681329423264907030e-01 1.000000000000000000e+00 0.000000000000000000e+00
1.691104594330400668e-01 1.000000000000000000e+00 0.000000000000000000e+00
1.700879765395894305e-01 1.000000000000000000e+00 0.000000000000000000e+00
1.710654936461387943e-01 1.000000000000000000e+00 0.000000000000000000e+00
1.720430107526881858e-01 1.000000000000000000e+00 0.000000000000000000e+00
1.730205278592375495e-01 1.000000000000000000e+00 0.000000000000000000e+00
1.739980449657869133e-01 1.000000000000000000e+00 0.000000000000000000e+00
1.749755620723362770e-01 1.000000000000000000e+00 0.000000000000000000e+00
1.759530791788856408e-01 1.000000000000000000e+00 0.000000000000000000e+00
1.769305962854350045e-01 1.000000000000000000e+00 0.000000000000000000e+00
1.779081133919843682e-01 1.000000000000000000e+00 0.000000000000000000e+00
1.788856304985337320e-01 1.000000000000000000e+00 0.000000000000000000e+00
1.798631476050830957e-01 1.000000000000000000e+00 0.000000000000000000e+00
1.808406647116324595e-01 1.000000000000000000e+00 0.000000000000000000e+00
1.818181818181818232e-01 1.000000000000000000e+00 0.000000000000000000e+00
1.827956989247311870e-01 1.000000000000000000e+00 0.000000000000000000e+00
1.837732160312805507e-01 1.000000000000000000e+00 0.000000000000000000e+00
1.847507331378299145e-01 1.000000000000000000e+00 0.000000000000000000e+00
1.857282502443792782e-01 1.000000000000000000e+00 0.000000000000000000e+00
1.867057673509286420e-01 1.000000000000000000e+00 0.000000000000000000e+00
1.876832844574780057e-01 1.000000000000000000e+00 0.000000000000000000e+00
1.886608015640273694e-01 1.000000000000000000e+00 0.000000000000000000e+00
1.896383186705767332e-01 1.000000000000000000e+00 0.000000000000000000e+00
1.906158357771260969e-01 1.000000000000000000e+00 0.000000000000000000e+00
1.915933528836754607e-01 1.000000000000000000e+00 0.000000000000000000e+00
1.925708699902248244e-01 1.000000000000000000e+00 0.000000000000000000e+00
1.935483870967741882e-01 1.000000000000000000e+00 0.000000000000000000e+00
1.945259042033235519e-01 1.000000000000000000e+00 0.000000000000000000e+00
1.955034213098729157e-01 1.000000000000000000e+00 0.000000000000000000e+00
1.964809384164222794e-01 1.000000000000000000e+00 0.000000000000000000e+00
1.974584555229716432e-01 1.000000000000000000e+00 0.000000000000000000e+00
1.984359726295210069e-01 1.000000000000000000e+00 0.000000000000000000e+00
1.994134897360703707e-01 1.000000000000000000e+00 0.000000000000000000e+00
2.003910068426197344e-01 1.000000000000000000e+00 0.000000000000000000e+00
2.013685239491690981e-01 1.000000000000000000e+00 0.000000000000000000e+00
2.023460410557184619e-01 1.000000000000000000e+00 0.000000000000000000e+00
2.033235581622678534e-01 1.000000000000000000e+00 0.000000000000000000e+00
2.043010752688172171e-01 1.000000000000000000e+00 0.000000000000000000e+00
2.052785923753665809e-01 1.000000000000000000e+00 0.000000000000000000e+00
2.062561094819159446e-01 1.000000000000000000e+00 0.000000000000000000e+00
2.072336265884653084e-01 1.000000000000000000e+00 0.000000000000000000e+00
2.082111436950146721e-01 1.000000000000000000e+00 0.000000000000000000e+00
2.091886608015640359e-01 1.000000000000000000e+00 0.000000000000000000e+00
2.101661779081133996e-01 1.000000000000000000e+00 0.000000000000000000e+00
2.111436950146627634e-01 1.000000000000000000e+00 0.000000000000000000e+00
2.121212121212121271e-01 1.000000000000000000e+00 0.000000000000000000e+00
2.130987292277614908e-01 1.000000000000000000e+00 0.000000000000000000e+00
2.140762463343108546e-01 1.000000000000000000e+00 0.000000000000000000e+00
2.150537634408602183e-01 1.000000000000000000e+00 0.000000000000000000e+00
2.160312805474095821e-01 1.000000000000000000e+00 0.000000000000000000e+00
2.170087976539589458e-01 1.000000000000000000e+00 0.000000000000000000e+00
2.179863147605083096e-01 1.000000000000000000e+00 0.000000000000000000e+00
2.189638318670576733e-01 1.000000000000000000e+00 0.000000000000000000e+00
2.199413489736070371e-01 1.000000000000000000e+00 0.000000000000000000e+00
2.209188660801564008e-01 1.000000000000000000e+00 0.000000000000000000e+00
2.218963831867057646e-01 1.000000000000000000e+00 0.000000000000000000e+00
2.228739002932551283e-01 1.000000000000000000e+00 0.000000000000000000e+00
2.238514173998044920e-01 1.000000000000000000e+00 0.000000000000000000e+00
2.248289345063538558e-01 1.000000000000000000e+00 0.000000000000000000e+00
2.258064516129032195e-01 1.000000000000000000e+00 0.000000000000000000e+00
2.267839687194525833e-01 1.000000000000000000e+00 0.000000000000000000e+00
2.277614858260019470e-01 1.000000000000000000e+00 0.000000000000000000e+00
2.287390029325513108e-01 1.000000000000000000e+00 0.000000000000000000e+00
2.297165200391006745e-01 1.000000000000000000e+00 0.000000000000000000e+00
2.306940371456500383e-01 1.000000000000000000e+00 0.000000000000000000e+00
2.316715542521994020e-01 1.000000000000000000e+00 0.000000000000000000e+00
2.326490713587487658e-01 1.000000000000000000e+00 0.000000000000000000e+00
2.336265884652981295e-01 1.000000000000000000e+00 0.000000000000000000e+00
2.346041055718475210e-01 1.000000000000000000e+00 0.000000000000000000e+00
2.355816226783968848e-01 1.000000000000000000e+00 0.000000000000000000e+00
2.365591397849462485e-01 1.000000000000000000e+00 0.000000000000000000e+00
2.375366568914956122e-01 1.000000000000000000e+00 0.000000000000000000e+00
2.385141739980449760e-01 1.000000000000000000e+00 0.000000000000000000e+00
2.394916911045943397e-01 1.000000000000000000e+00 0.000000000000000000e+00
2.404692082111437035e-01 1.000000000000000000e+00 0.000000000000000000e+00
2.414467253176930672e-01 1.000000000000000000e+00 0.000000000000000000e+00
2.424242424242424310e-01 1.000000000000000000e+00 0.000000000000000000e+00
2.434017595307917947e-01 1.000000000000000000e+00 0.000000000000000000e+00
2.443792766373411585e-01 1.000000000000000000e+00 0.000000000000000000e+00
2.453567937438905222e-01 1.000000000000000000e+00 0.000000000000000000e+00
2.463343108504398860e-01 1.000000000000000000e+00 0.000000000000000000e+00
2.473118279569892497e-01 1.000000000000000000e+00 0.000000000000000000e+00
2.482893450635386134e-01 1.000000000000000000e+00 0.000000000000000000e+00
2.492668621700879772e-01 1.000000000000000000e+00 0.000000000000000000e+00
2.502443792766373409e-01 1.000000000000000000e+00 0.000000000000000000e+00
2.512218963831867047e-01 1.000000000000000000e+00 0.000000000000000000e+00
2.521994134897360684e-01 1.000000000000000000e+00 0.000000000000000000e+00
2.531769305962854322e-01 1.000000000000000000e+00 0.000000000000000000e+00
2.541544477028347959e-01 1.000000000000000000e+00 0.000000000000000000e+00
2.551319648093841597e-01 1.000000000000000000e+00 0.000000000000000000e+00
2.561094819159335234e-01 1.000000000000000000e+00 0.000000000000000000e+00
2.570869990224828872e-01 1.000000000000000000e+00 0.000000000000000000e+00
2.580645161290322509e-01 1.000000000000000000e+00 0.000000000000000000e+00
2.590420332355816146e-01 1.000000000000000000e+00 0.000000000000000000e+00
2.600195503421309784e-01 1.000000000000000000e+00 0.000000000000000000e+00
2.609970674486803421e-01 1.000000000000000000e+00 0.000000000000000000e+00
2.619745845552297059e-01 1.000000000000000000e+00 0.000000000000000000e+00
2.629521016617790696e-01 1.000000000000000000e+00 0.000000000000000000e+00
2.639296187683284334e-01 1.000000000000000000e+00 0.000000000000000000e+00
2.649071358748777971e-01 1.000000000000000000e+00 0.000000000000000000e+00
2.658846529814271609e-01 1.000000000000000000e+00 0.000000000000000000e+00
2.668621700879765246e-01 1.000000000000000000e+00 0.000000000000000000e+00
2.678396871945258884e-01 1.000000000000000000e+00 0.000000000000000000e+00
2.688172043010752521e-01 1.000000000000000000e+00 0.000000000000000000e+00
2.697947214076246158e-01 1.000000000000000000e+00 0.000000000000000000e+00
2.707722385141739796e-01 1.000000000000000000e+00 0.000000000000000000e+00
2.717497556207233433e-01 1.000000000000000000e+00 0.000000000000000000e+00
2.727272727272727071e-01 1.000000000000000000e+00 0.000000000000000000e+00
2.737047898338220708e-01 1.000000000000000000e+00 0.000000000000000000e+00
2.746823069403714346e-01 1.000000000000000000e+00 0.000000000000000000e+00
2.756598240469207983e-01 1.000000000000000000e+00 0.000000000000000000e+00
2.766373411534701621e-01 1.000000000000000000e+00 0.000000000000000000e+00
2.776148582600195258e-01 1.000000000000000000e+00 0.000000000000000000e+00
2.785923753665688896e-01 1.000000000000000000e+00 0.000000000000000000e+00
2.795698924731182533e-01 1.000000000000000000e+00 0.000000000000000000e+00
2.805474095796676171e-01 1.000000000000000000e+00 0.000000000000000000e+00
2.815249266862170363e-01 1.000000000000000000e+00 0.000000000000000000e+00
2.825024437927664001e-01 1.000000000000000000e+00 0.000000000000000000e+00
2.834799608993157638e-01 1.000000000000000000e+00 0.000000000000000000e+00
2.844574780058651275e-01 1.000000000000000000e+00 0.000000000000000000e+00
2.854349951124144913e-01 1.000000000000000000e+00 0.000000000000000000e+00
2.864125122189638550e-01 1.000000000000000000e+00 0.000000000000000000e+00
2.873900293255132188e-01 1.000000000000000000e+00 0.000000000000000000e+00
2.883675464320625825e-01 1.000000000000000000e+00 0.000000000000000000e+00
2.893450635386119463e-01 1.000000000000000000e+00 0.000000000000000000e+00
2.903225806451613100e-01 1.000000000000000000e+00 0.000000000000000000e+00
2.913000977517106738e-01 1.000000000000000000e+00 0.000000000000000000e+00
2.922776148582600375e-01 1.000000000000000000e+00 0.000000000000000000e+00
2.932551319648094013e-01 1.000000000000000000e+00 0.000000000000000000e+00
2.942326490713587650e-01 1.000000000000000000e+00 0.000000000000000000e+00
2.952101661779081287e-01 1.000000000000000000e+00 0.000000000000000000e+00
2.961876832844574925e-01 1.000000000000000000e+00 0.000000000000000000e+00
2.971652003910068562e-01 1.000000000000000000e+00 0.000000000000000000e+00
2.981427174975562200e-01 1.000000000000000000e+00 0.000000000000000000e+00
2.991202346041055837e-01 1.000000000000000000e+00 0.000000000000000000e+00
3.000977517106549475e-01 1.000000000000000000e+00 0.000000000000000000e+00
3.010752688172043112e-01 1.000000000000000000e+00 0.000000000000000000e+00
3.020527859237536750e-01 1.000000000000000000e+00 0.000000000000000000e+00
3.030303030303030387e-01 1.000000000000000000e+00 0.000000000000000000e+00
3.040078201368524025e-01 1.000000000000000000e+00 0.000000000000000000e+00
3.049853372434017662e-01 1.000000000000000000e+00 0.000000000000000000e+00
3.059628543499511300e-01 1.000000000000000000e+00 0.000000000000000000e+00
3.069403714565004937e-01 1.000000000000000000e+00 0.000000000000000000e+00
3.079178885630498574e-01 1.000000000000000000e+00 0.000000000000000000e+00
3.088954056695992212e-01 1.000000000000000000e+00 0.000000000000000000e+00
3.098729227761485849e-01 1.000000000000000000e+00 0.000000000000000000e+00
3.108504398826979487e-01 1.000000000000000000e+00 0.000000000000000000e+00
3.118279569892473124e-01 1.000000000000000000e+00 0.000000000000000000e+00
3.128054740957966762e-01 1.000000000000000000e+00 0.000000000000000000e+00
3.137829912023460399e-01 1.000000000000000000e+00 0.000000000000000000e+00
3.147605083088954037e-01 1.000000000000000000e+00 0.000000000000000000e+00
3.157380254154447674e-01 1.000000000000000000e+00 0.000000000000000000e+00
3.167155425219941312e-01 1.000000000000000000e+00 0.000000000000000000e+00
3.176930596285434949e-01 1.000000000000000000e+00 0.000000000000000000e+00
3.186705767350928586e-01 1.000000000000000000e+00 0.000000000000000000e+00
3.196480938416422224e-01 1.000000000000000000e+00 0.000000000000000000e+00
3.206256109481915861e-01 1.000000000000000000e+00 0.000000000000000000e+00
3.216031280547409499e-01 1.000000000000000000e+00 0.000000000000000000e+00
3.225806451612903136e-01 1.000000000000000000e+00 0.000000000000000000e+00
3.235581622678396774e-01 1.000000000000000000e+00 0.000000000000000000e+00
3.245356793743890411e-01 1.000000000000000000e+00 0.000000000000000000e+00
3.255131964809384049e-01 1.000000000000000000e+00 0.000000000000000000e+00
3.264907135874877686e-01 1.000000000000000000e+00 0.000000000000000000e+00
3.274682306940371324e-01 1.000000000000000000e+00 0.000000000000000000e+00
3.284457478005864961e-01 1.000000000000000000e+00 0.000000000000000000e+00
3.294232649071358598e-01 1.000000000000000000e+00 0.000000000000000000e+00
3.304007820136852236e-01 1.000000000000000000e+00 0.000000000000000000e+00
3.313782991202345873e-01 1.000000000000000000e+00 0.000000000000000000e+00
3.323558162267839511e-01 1.000000000000000000e+00 0.000000000000000000e+00
3.333333333333333148e-01 1.000000000000000000e+00 0.000000000000000000e+00
3.343108504398826786e-01 1.000000000000000000e+00 0.000000000000000000e+00
3.352883675464320423e-01 1.000000000000000000e+00 0.000000000000000000e+00
3.362658846529814061e-01 1.000000000000000000e+00 0.000000000000000000e+00
3.372434017595307698e-01 1.000000000000000000e+00 0.000000000000000000e+00
3.382209188660801336e-01 1.000000000000000000e+00 0.000000000000000000e+00
3.391984359726294973e-01 1.000000000000000000e+00 0.000000000000000000e+00
3.401759530791788610e-01 1.000000000000000000e+00 0.000000000000000000e+00
3.411534701857282248e-01 1.000000000000000000e+00 0.000000000000000000e+00
3.421309872922775885e-01 1.000000000000000000e+00 0.000000000000000000e+00
3.431085043988269523e-01 1.000000000000000000e+00 0.000000000000000000e+00
3.440860215053763715e-01 1.000000000000000000e+00 0.000000000000000000e+00
3.450635386119257353e-01 1.000000000000000000e+00 0.000000000000000000e+00
3.460410557184750990e-01 1.000000000000000000e+00 0.000000000000000000e+00
3.470185728250244628e-01 1.000000000000000000e+00 0.000000000000000000e+00
3.479960899315738265e-01 1.000000000000000000e+00 0.000000000000000000e+00
3.489736070381231903e-01 1.000000000000000000e+00 0.000000000000000000e+00
3.499511241446725540e-01 1.000000000000000000e+00 0.000000000000000000e+00
3.509286412512219178e-01 1.000000000000000000e+00 0.000000000000000000e+00
3.519061583577712815e-01 1.000000000000000000e+00 0.000000000000000000e+00
3.528836754643206453e-01 1.000000000000000000e+00 0.000000000000000000e+00
3.538611925708700090e-01 1.000000000000000000e+00 0.000000000000000000e+00
3.548387096774193727e-01 1.000000000000000000e+00 0.000000000000000000e+00
3.558162267839687365e-01 1.000000000000000000e+00 0.000000000000000000e+00
3.567937438905181002e-01 1.000000000000000000e+00 0.000000000000000000e+00
3.577712609970674640e-01 1.000000000000000000e+00 0.000000000000000000e+00
3.587487781036168277e-01 1.000000000000000000e+00 0.000000000000000000e+00
3.597262952101661915e-01 1.000000000000000000e+00 0.000000000000000000e+00
3.607038123167155552e-01 1.000000000000000000e+00 0.000000000000000000e+00
3.616813294232649190e-01 1.000000000000000000e+00 0.000000000000000000e+00
3.626588465298142827e-01 1.000000000000000000e+00 0.000000000000000000e+00
3.636363636363636465e-01 1.000000000000000000e+00 0.000000000000000000e+00
3.646138807429130102e-01 1.000000000000000000e+00 0.000000000000000000e+00
3.655913978494623739e-01 1.000000000000000000e+00 0.000000000000000000e+00
3.665689149560117377e-01 1.000000000000000000e+00 0.000000000000000000e+00
3.675464320625611014e-01 1.000000000000000000e+00 0.000000000000000000e+00
3.685239491691104652e-01 1.000000000000000000e+00 0.000000000000000000e+00
3.695014662756598289e-01 1.000000000000000000e+00 0.000000000000000000e+00
3.704789833822091927e-01 1.000000000000000000e+00 0.000000000000000000e+00
3.714565004887585564e-01 1.000000000000000000e+00 0.000000000000000000e+00
3.724340175953079202e-01 1.000000000000000000e+00 0.000000000000000000e+00
3.734115347018572839e-01 1.000000000000000000e+00 0.000000000000000000e+00
3.743890518084066477e-01 1.000000000000000000e+00 0.000000000000000000e+00
3.753665689149560114e-01 1.000000000000000000e+00 0.000000000000000000e+00
3.763440860215053752e-01 1.000000000000000000e+00 0.000000000000000000e+00
3.773216031280547389e-01 1.000000000000000000e+00 0.000000000000000000e+00
3.782991202346041026e-01 1.000000000000000000e+00 0.000000000000000000e+00
3.792766373411534664e-01 1.000000000000000000e+00 0.000000000000000000e+00
3.802541544477028301e-01 1.000000000000000000e+00 0.000000000000000000e+00
3.812316715542521939e-01 1.000000000000000000e+00 0.000000000000000000e+00
3.822091886608015576e-01 1.000000000000000000e+00 0.000000000000000000e+00
3.831867057673509214e-01 1.000000000000000000e+00 9.076170336406392992e-18
3.841642228739002851e-01 9.999999999999996669e-01 3.721401563740602989e-16
3.851417399804496489e-01 9.999999999999976685e-01 1.588442711784272354e-15
3.861192570869990126e-01 9.999999999999930056e-01 6.658014156685029308e-15
3.870967741935483764e-01 9.999999999999754641e-01 1.724217816795472822e-14
3.880742913000977401e-01 9.999999999999404920e-01 5.701018975890090101e-14
3.890518084066471038e-01 9.999999999998092637e-01 1.349989594658514675e-13
3.900293255131964676e-01 9.999999999995563549e-01 4.224053101950615105e-13
3.910068426197458313e-01 9.999999999986350918e-01 9.725195368355864748e-13
3.919843597262951951e-01 9.999999999968836040e-01 2.941403089946569357e-12
3.929618768328445588e-01 9.999999999907186465e-01 6.649162451567450426e-12
3.939393939393939226e-01 9.999999999791976402e-01 1.944993368765143606e-11
3.949169110459432863e-01 9.999999999400895900e-01 4.315325808602402539e-11
3.958944281524926501e-01 9.999999998682526092e-01 1.219931546924436523e-10
3.968719452590420138e-01 9.999999996335285912e-01 2.654550661309164428e-10
3.978494623655913776e-01 9.999999992099273260e-01 7.244053917137449580e-10
3.988269794721407413e-01 9.999999978797854405e-01 1.544589061527272253e-09
3.998044965786901050e-01 9.999999955231415605e-01 4.063785581724801281e-09
4.007820136852394688e-01 9.999999884247529058e-01 8.481793086418741227e-09
4.017595307917888325e-01 9.999999760879927369e-01 2.148477169241164210e-08
4.027370478983381963e-01 9.999999405183958023e-01 4.384381283752137442e-08
4.037145650048875600e-01 9.999998799326920151e-01 1.067586697415049243e-07
4.046920821114369238e-01 9.999997131273766771e-01 2.127293863827189423e-07
4.056695992179862875e-01 9.999994349654172110e-01 4.970667791123795196e-07
4.066471163245357068e-01 9.999987057152559533e-01 9.656631214617135021e-07
4.076246334310850705e-01 9.999975165745496053e-01 2.160922331878602436e-06
4.086021505376344343e-01 9.999945578516507005e-01 4.085707999626285589e-06
4.095796676441837980e-01 9.999898469580852378e-01 8.735867466608910822e-06
4.105571847507331618e-01 9.999787673987435843e-01 1.604135022288570372e-05
4.115347018572825255e-01 9.999615723458393779e-01 3.268369755689519288e-05
4.125122189638318893e-01 9.999235336047752609e-01 5.814012448890041207e-05
4.134897360703812530e-01 9.998661159723748471e-01 1.125185896357607857e-04
4.144672531769306167e-01 9.997473781631156520e-01 1.933012237860347044e-04
4.154447702834799805e-01 9.995735373291816384e-01 3.539813611051635775e-04
4.164222873900293442e-01 9.992400750597385528e-01 5.850479609439448569e-04
4.173998044965787080e-01 9.987681934183927357e-01 1.009244000225559225e-03
4.183773216031280717e-01 9.979365289751098711e-01 1.597233889231463623e-03
4.193548387096774355e-01 9.968039587310099092e-01 2.583037041665497274e-03
4.203323558162267992e-01 9.949895116563894915e-01 3.893147512880497634e-03
4.213098729227761630e-01 9.926237027770293819e-01 5.876851805814058485e-03
4.222873900293255267e-01 9.892117489820732024e-01 8.389469509588744559e-03
4.232649071358748905e-01 9.849746762511983889e-01 1.179721315067506875e-02
4.242424242424242542e-01 9.794952179473245257e-01 1.588886379491430412e-02
4.252199413489736179e-01 9.730428781779768554e-01 2.086400881598084525e-02
4.261974584555229817e-01 9.654974477454256743e-01 2.650831836976559261e-02
4.271749755620723454e-01 9.570876098308372937e-01 3.276170895241582726e-02
4.281524926686217092e-01 9.479829759895046504e-01 3.947171374661755799e-02
4.291300097751710729e-01 9.383404242486116376e-01 4.644955997116979179e-02
4.301075268817204367e-01 9.283767002570455507e-01 5.359269514904450166e-02
4.310850439882698004e-01 9.182160838244131096e-01 6.077197841089722330e-02
4.320625610948191642e-01 9.079636056776875241e-01 6.790830944973924588e-02
4.330400782013685279e-01 8.977063755598694295e-01 7.495741666972263739e-02
4.340175953079178917e-01 8.874809083951855637e-01 8.188160509696873479e-02
4.349951124144672554e-01 8.773179441862036798e-01 8.866144581226403920e-02
4.359726295210166191e-01 8.672364589024611492e-01 9.529172815311272304e-02
4.369501466275659829e-01 8.572444843822237814e-01 1.017647374462853638e-01
4.379276637341153466e-01 8.473458728092930770e-01 1.080791937170292871e-01
4.389051808406647104e-01 8.375461137199251560e-01 1.142356954541741271e-01
4.398826979472140741e-01 8.278454507207827495e-01 1.202352934910702054e-01
4.408602150537634379e-01 8.182448847798595715e-01 1.260784683427305930e-01
4.418377321603128016e-01 8.087446555249727664e-01 1.317677963381777007e-01
4.428152492668621654e-01 7.993452996006522593e-01 1.373050700297792637e-01
4.437927663734115291e-01 7.900459297299109451e-01 1.426923983862732614e-01
4.447702834799608929e-01 7.808464781819227651e-01 1.479318351217935312e-01
4.457478005865102566e-01 7.717463535367220517e-01 1.530259060732426235e-01
4.467253176930596203e-01 7.627450925196039844e-01 1.579767707563936308e-01
4.477028347996089841e-01 7.538418740968791942e-01 1.627867482815105737e-01
4.486803519061583478e-01 7.450361528486303397e-01 1.674581312763648855e-01
4.496578690127077116e-01 7.363272005458872949e-01 1.719932886291200835e-01
4.506353861192570753e-01 7.277143330011927036e-01 1.763944706743996171e-01
4.516129032258064391e-01 7.191967959257489218e-01 1.806639534473656605e-01
4.525904203323558028e-01 7.107739127207276519e-01 1.848039937457265913e-01
4.535679374389051666e-01 7.024449764641121918e-01 1.888168382885532792e-01
4.545454545454545303e-01 6.942092972199775947e-01 1.927046849083495772e-01
4.555229716520038941e-01 6.860661891884758390e-01 1.964697130636284261e-01
4.565004887585532578e-01 6.780150000334762561e-01 2.001140804842203302e-01
4.574780058651026216e-01 6.700550927418533753e-01 2.036399199956510364e-01
4.584555229716519853e-01 6.621858512102219985e-01 2.070493316423335506e-01
4.594330400782013490e-01 6.544066830844035287e-01 2.103443885013341619e-01
4.604105571847507128e-01 6.467170271351913025e-01 2.135271391510510375e-01
4.613880742913000765e-01 6.391163525425369585e-01 2.165996066316909219e-01
4.623655913978494403e-01 6.316041599252723016e-01 2.195637864698404274e-01
4.633431085043988040e-01 6.241799843340137821e-01 2.224216478779345585e-01
4.643206256109481678e-01 6.168433993984817620e-01 2.251751357062364289e-01
4.652981427174975315e-01 6.095940201077172382e-01 2.278261711538896173e-01
4.662756598240468953e-01 6.024315052035379425e-01 2.303766516810131781e-01
4.672531769305962590e-01 5.953555604192480866e-01 2.328284515713638092e-01
4.682306940371456228e-01 5.883659426508432988e-01 2.351834232380301259e-01
4.692082111436950420e-01 5.814624643438019991e-01 2.374433984952071530e-01
4.701857282502444058e-01 5.746449979015560983e-01 2.396101894733012883e-01
4.711632453567937695e-01 5.679134805111506479e-01 2.416855895336662008e-01
4.721407624633431332e-01 5.612679197169072598e-01 2.436713745186253055e-01
4.731182795698924970e-01 5.547083997048769533e-01 2.455693042701001805e-01
4.740957966764418607e-01 5.482350881572947143e-01 2.473811242019974543e-01
4.750733137829912245e-01 5.418482437127374318e-01 2.491085668913846918e-01
4.760508308895405882e-01 5.355482242102090895e-01 2.507533538242667226e-01
4.770283479960899520e-01 5.293354958581191205e-01 2.523171974039583043e-01
4.780058651026393157e-01 5.232106433675477453e-01 2.538018032152469794e-01
4.789833822091886795e-01 5.171743810616963311e-01 2.552088725002341629e-01
4.799608993157380432e-01 5.112275650185861275e-01 2.565401048558461627e-01
4.809384164222874070e-01 5.053712063383193343e-01 2.577972012168362470e-01
4.819159335288367707e-01 4.996064856055048575e-01 2.589818671850253606e-01
4.828934506353861345e-01 4.939347685665783083e-01 2.600958167304076585e-01
4.838709677419354982e-01 4.883576229989060602e-01 2.611407762707172453e-01
4.848484848484848619e-01 4.828768367178987164e-01 2.621184891449450660e-01
4.858260019550342257e-01 4.774944366256903550e-01 2.630307205094918888e-01
4.868035190615835894e-01 4.722127086294561904e-01 2.638792626806787389e-01
4.877810361681329532e-01 4.670342181470492626e-01 2.646659409241839400e-01
4.887585532746823169e-01 4.619618307792803247e-01 2.653926196637625967e-01
4.897360703812316807e-01 4.569987325625081143e-01 2.660612090556423448e-01
4.907135874877810444e-01 4.521484490131152945e-01 2.666736718463838529e-01
4.916911045943304082e-01 4.474148619255779447e-01 2.672320303912330552e-01
4.926686217008797719e-01 4.428022225827697445e-01 2.677383736524860391e-01
4.936461388074291357e-01 4.383151596834896080e-01 2.681948639252402233e-01
4.946236559139784994e-01 4.339586798964869541e-01 2.686037429556206169e-01
4.956011730205278631e-01 4.297381585264726245e-01 2.689673370271842834e-01
4.965786901270772269e-01 4.256593173488764648e-01 2.692880604968296288e-01
4.975562072336265906e-01 4.217281862749592825e-01 2.695684171670726936e-01
4.985337243401759544e-01 4.179510452069422066e-01 2.698109987976881063e-01
4.995112414467253181e-01 4.143343423177233142e-01 2.700184800034448607e-01
5.004887585532746819e-01 4.108845851490702250e-01 2.701936087777453421e-01
5.014662756598240456e-01 4.076082014933727904e-01 2.703391919486822781e-01
5.024437927663734094e-01 4.045113681448135878e-01 2.704580750387943766e-01
5.034213098729227731e-01 4.015998074053696576e-01 2.705531162835760339e-01
5.043988269794721369e-01 3.988785537995443997e-01 2.706271549781028574e-01
5.053763440860215006e-01 3.963516967974553551e-01 2.706829748597497365e-01
5.063538611925708643e-01 3.940221093443690981e-01 2.707232638650473588e-01
5.073313782991202281e-01 3.918911763397949777e-01 2.707505722544754079e-01
5.083088954056695918e-01 3.899585413825466529e-01 2.707672716820387349e-01
5.092864125122189556e-01 3.882218933793405435e-01 2.707755181761216101e-01
5.102639296187683193e-01 3.866768161526391578e-01 2.707772220731782808e-01
5.112414467253176831e-01 3.853167231431606776e-01 2.707740276160195969e-01
5.122189638318670468e-01 3.841328950750235172e-01 2.707673041683195669e-01
5.131964809384164106e-01 3.831146308916797416e-01 2.707581498710807111e-01
5.141739980449657743e-01 3.822495118892756949e-01 2.707474072339194904e-01
5.151515151515151381e-01 3.815237670003126524e-01 2.707356888418893104e-01
5.161290322580645018e-01 3.809227154291958128e-01 2.707234103114595780e-01
5.171065493646138655e-01 3.804312533711936006e-01 2.707108270427738828e-01
5.180840664711632293e-01 3.800343461793392330e-01 2.706980712807163791e-01
5.190615835777125930e-01 3.797174871834954057e-01 2.706851864772390481e-01
5.200391006842619568e-01 3.794670894785356907e-01 2.706721567924314509e-01
5.210166177908113205e-01 3.792707863763584153e-01 2.706589305709338755e-01
5.219941348973606843e-01 3.791176280416606037e-01 2.706454375745458996e-01
5.229716520039100480e-01 3.789981739531175786e-01 2.706316004873465242e-01
5.239491691104594118e-01 3.789044912907690299e-01 2.706173416635919704e-01
5.249266862170087755e-01 3.788300767894619003e-01 2.706025862660498271e-01
5.259042033235581393e-01 3.787697234521543166e-01 2.705872629017405107e-01
5.268817204301075030e-01 3.787193539722936153e-01 2.705713026840453339e-01
5.278592375366568668e-01 3.786758404988519455e-01 2.705546374114555230e-01
5.288367546432062305e-01 3.786368264777942305e-01 2.705371973108001149e-01
5.298142717497555942e-01 3.786005617050230976e-01 2.705189085788567982e-01
5.307917888563049580e-01 3.785657572290981876e-01 2.704996907810865436e-01
5.317693059628543217e-01 3.785314628769932965e-01 2.704794540239542910e-01
5.327468230694036855e-01 3.784969671968472227e-01 2.704580956919147017e-01
5.337243401759530492e-01 3.784617175455892157e-01 2.704354964102300141e-01
5.347018572825024130e-01 3.784252567700335801e-01 2.704115147363908012e-01
5.356793743890517767e-01 3.783871722302191154e-01 2.703859798716386487e-01
5.366568914956011405e-01 3.783470525655285299e-01 2.703586813973442027e-01
5.376344086021505042e-01 3.783044474027346116e-01 2.703293546615783138e-01
5.386119257086998680e-01 3.782588249979040307e-01 2.702976599635085186e-01
5.395894428152492317e-01 3.782095225094292967e-01 2.702631531223069761e-01
5.405669599217985954e-01 3.781556832201118379e-01 2.702252444205879844e-01
5.415444770283479592e-01 3.780961746595914441e-01 2.701831423728665027e-01
5.425219941348973229e-01 3.780294814222017741e-01 2.701357784359381120e-01
5.434995112414466867e-01 3.779535668241366664e-01 2.700817088585767412e-01
5.444770283479960504e-01 3.778656987687935565e-01 2.700189906202479784e-01
5.454545454545454142e-01 3.777622376928844727e-01 2.699450301107457761e-01
5.464320625610947779e-01 3.776383886065290962e-01 2.698564061012019843e-01
5.474095796676441417e-01 3.774879252263956819e-01 2.697486727922794314e-01
5.483870967741935054e-01 3.773029019662220707e-01 2.696161542438412217e-01
5.493646138807428692e-01 3.770733786332330362e-01 2.694517479582437258e-01
5.503421309872922329e-01 3.767871921430483440e-01 2.692467621328968330e-01
5.513196480938415966e-01 3.764298179833058811e-01 2.689908170967228451e-01
5.522971652003909604e-01 3.759843697137010832e-01 2.686718454039982995e-01
5.532746823069403241e-01 3.754317855133519344e-01 2.682762255682960562e-01
5.542521994134896879e-01 3.747512448854412037e-01 2.677890802009507132e-01
5.552297165200390516e-01 3.739208449174286075e-01 2.671947595252474050e-01
5.562072336265884154e-01 3.729185438071919712e-01 2.664775157504034597e-01
5.571847507331377791e-01 3.717233508745557691e-01 2.656223534449529411e-01
5.581622678396871429e-01 3.703167096150075110e-01 2.646160177249012313e-01
5.591397849462365066e-01 3.686839874523382687e-01 2.634480585764885086e-01
5.601173020527858704e-01 3.668159574935551115e-01 2.621118893828363050e-01
5.610948191593352341e-01 3.647101387055527444e-01 2.606057442346066955e-01
5.620723362658845979e-01 3.623718557207725732e-01 2.589334348798544294e-01
5.630498533724340726e-01 3.598148905720378044e-01 2.571048160906201363e-01
5.640273704789834364e-01 3.570616264635180781e-01 2.551358880873503265e-01
5.650048875855328001e-01 3.541426260811072479e-01 2.530484949508428616e-01
5.659824046920821639e-01 3.510956394106100054e-01 2.508696154359838504e-01
5.669599217986315276e-01 3.479640922355055621e-01 2.486302827588527942e-01
5.679374389051808913e-01 3.447951592346886196e-01 2.463642076185990071e-01
5.689149560117302551e-01 3.416375679760876305e-01 2.441062089933762891e-01
5.698924731182796188e-01 3.385393065732941187e-01 2.418905761624787487e-01
5.708699902248289826e-01 3.355454150717428474e-01 2.397494906193740616e-01
5.718475073313783463e-01 3.326960282320997608e-01 2.377116276765568192e-01
5.728250244379277101e-01 3.300248074960060451e-01 2.358010362061306320e-01
5.738025415444770738e-01 3.275578570499741438e-01 2.340363643238042857e-01
5.747800586510264376e-01 3.253131690157107236e-01 2.324304631742569738e-01
5.757575757575758013e-01 3.233005923369454138e-01 2.309903649201794640e-01
5.767350928641251651e-01 3.215222748444370171e-01 2.297175988206446029e-01
5.777126099706745288e-01 3.199734928878780194e-01 2.286087842118366964e-01
5.786901270772238925e-01 3.186437606265551392e-01 2.276564232751625283e-01
5.796676441837732563e-01 3.175181023830656590e-01 2.268498102746744627e-01
5.806451612903226200e-01 3.165783753778941279e-01 2.261759767464687765e-01
5.816226783968719838e-01 3.158045442656011725e-01 2.256206022041606918e-01
5.826001955034213475e-01 3.151758299311024358e-01 2.251688349618780338e-01
5.835777126099707113e-01 3.146716794642707704e-01 2.248059851590292479e-01
5.845552297165200750e-01 3.142725288526616034e-01 2.245180696642555818e-01
5.855327468230694388e-01 3.139603520847610851e-01 2.242922043487534378e-01
5.865102639296188025e-01 3.137190082679830461e-01 2.241168519853004581e-01
5.874877810361681663e-01 3.135344112115175941e-01 2.239819432046460390e-01
5.884652981427175300e-01 3.133945537358954758e-01 2.238788936480595737e-01
5.894428152492668938e-01 3.132894222713368260e-01 2.238005430952488828e-01
5.904203323558162575e-01 3.132108364763738217e-01 2.237410418391477807e-01
5.913978494623656212e-01 3.131522435483758970e-01 2.236957049691884747e-01
5.923753665689149850e-01 3.131084883034268018e-01 2.236608465575707083e-01
5.933528836754643487e-01 3.130755730057029340e-01 2.236335993029867908e-01
5.943304007820137125e-01 3.130504265800422847e-01 2.236117367462859828e-01
5.953079178885630762e-01 3.130307277144290246e-01 2.235935550208808797e-01
5.962854349951124400e-01 3.130148400616871718e-01 2.235778977356913388e-01
5.972629521016618037e-01 3.130018287579236502e-01 2.235642889269020550e-01
5.982404692082111675e-01 3.129912635363082951e-01 2.235527602907958211e-01
5.992179863147605312e-01 3.129822982384242169e-01 2.235426193386201854e-01
6.001955034213098950e-01 3.129721373560762077e-01 2.235302347233182052e-01
6.011730205278592587e-01 3.129562468896335825e-01 2.235091347903609693e-01
6.021505376344086224e-01 3.129349831876052646e-01 2.234792866306178627e-01
6.031280547409579862e-01 3.129270157094564131e-01 2.234668132735726231e-01
6.041055718475073499e-01 3.129709106247258732e-01 2.235283248689723112e-01
6.050830889540567137e-01 3.130726315394992132e-01 2.236782422321571262e-01
6.060606060606060774e-01 3.130840917382969879e-01 2.237117440360811282e-01
6.070381231671554412e-01 3.126567630334332604e-01 2.231215129301741540e-01
6.080156402737048049e-01 3.116479592549017408e-01 2.216560703966437285e-01
6.089931573802541687e-01 3.111892129161641374e-01 2.208631976873587088e-01
6.099706744868035324e-01 3.143303763788733995e-01 2.251661799402351338e-01
6.109481915933528962e-01 3.231577066621980632e-01 2.380612554887234777e-01
6.119257086999022599e-01 3.290285532848864491e-01 2.477719714673314033e-01
6.129032258064516236e-01 3.025299655222948858e-01 2.124844499585867852e-01
6.138807429130009874e-01 2.268033021653781678e-01 1.138742979763011642e-01
6.148582600195503511e-01 1.577072717718045747e-01 3.208652638519781525e-02
6.158357771260997149e-01 1.314800095131100910e-01 5.598618853994246497e-03
6.168132942326490786e-01 1.259988538370005462e-01 8.242149596665814242e-04
6.177908113391984424e-01 1.251431730851132740e-01 1.169955283814959736e-04
6.187683284457478061e-01 1.250202396623587286e-01 1.651356689273303537e-05
6.197458455522971699e-01 1.250028550188202192e-01 2.329003402935887460e-06
6.207233626588465336e-01 1.250004026190320028e-01 3.284267858960318653e-07
6.217008797653958974e-01 1.250000567755868985e-01 4.631298214555063449e-08
6.226783968719452611e-01 1.250000080061925423e-01 6.530820139867443271e-09
6.236559139784946248e-01 1.250000011289938706e-01 9.209432231046634027e-10
6.246334310850439886e-01 1.250000001592054821e-01 1.298670775035997052e-10
6.256109481915933523e-01 1.250000000224504304e-01 1.831326249726215707e-11
6.265884652981427161e-01 1.250000000031657732e-01 2.582471089992059939e-12
6.275659824046920798e-01 1.250000000004464207e-01 3.641521273694605137e-13
6.285434995112414436e-01 1.250000000000628941e-01 5.135727635832882622e-14
6.295210166177908073e-01 1.250000000000087985e-01 7.212999732699522556e-15
6.304985337243401711e-01 1.250000000000012212e-01 9.882033750224402806e-16
6.314760508308895348e-01 1.250000000000001388e-01 1.248006139466816008e-16
6.324535679374388986e-01 1.250000000000000000e-01 1.021080002883750489e-17
6.334310850439882623e-01 1.250000000000000000e-01 2.714959887943789753e-35
6.344086021505376261e-01 1.250000000000000000e-01 2.482846306179142511e-71
6.353861192570869898e-01 1.250000000000000000e-01 1.405571127004618762e-145
6.363636363636363535e-01 1.250000000000000000e-01 0.000000000000000000e+00
6.373411534701857173e-01 1.250000000000000000e-01 0.000000000000000000e+00
6.383186705767350810e-01 1.250000000000000000e-01 0.000000000000000000e+00
6.392961876832844448e-01 1.250000000000000000e-01 0.000000000000000000e+00
6.402737047898338085e-01 1.250000000000000000e-01 0.000000000000000000e+00
6.412512218963831723e-01 1.250000000000000000e-01 0.000000000000000000e+00
6.422287390029325360e-01 1.250000000000000000e-01 0.000000000000000000e+00
6.432062561094818998e-01 1.250000000000000000e-01 0.000000000000000000e+00
6.441837732160312635e-01 1.250000000000000000e-01 0.000000000000000000e+00
6.451612903225806273e-01 1.250000000000000000e-01 0.000000000000000000e+00
6.461388074291299910e-01 1.250000000000000000e-01 0.000000000000000000e+00
6.471163245356793547e-01 1.250000000000000000e-01 0.000000000000000000e+00
6.480938416422287185e-01 1.250000000000000000e-01 0.000000000000000000e+00
6.490713587487780822e-01 1.250000000000000000e-01 0.000000000000000000e+00
6.500488758553274460e-01 1.250000000000000000e-01 0.000000000000000000e+00
6.510263929618768097e-01 1.250000000000000000e-01 0.000000000000000000e+00
6.520039100684261735e-01 1.250000000000000000e-01 0.000000000000000000e+00
6.529814271749755372e-01 1.250000000000000000e-01 0.000000000000000000e+00
6.539589442815249010e-01 1.250000000000000000e-01 0.000000000000000000e+00
6.549364613880742647e-01 1.250000000000000000e-01 0.000000000000000000e+00
6.559139784946236285e-01 1.250000000000000000e-01 0.000000000000000000e+00
6.568914956011729922e-01 1.250000000000000000e-01 0.000000000000000000e+00
6.578690127077223559e-01 1.250000000000000000e-01 0.000000000000000000e+00
6.588465298142717197e-01 1.250000000000000000e-01 0.000000000000000000e+00
6.598240469208210834e-01 1.250000000000000000e-01 0.000000000000000000e+00
6.608015640273704472e-01 1.250000000000000000e-01 0.000000000000000000e+00
6.617790811339198109e-01 1.250000000000000000e-01 0.000000000000000000e+00
6.627565982404691747e-01 1.250000000000000000e-01 0.000000000000000000e+00
6.637341153470185384e-01 1.250000000000000000e-01 0.000000000000000000e+00
6.647116324535679022e-01 1.250000000000000000e-01 0.000000000000000000e+00
6.656891495601172659e-01 1.250000000000000000e-01 0.000000000000000000e+00
6.666666666666666297e-01 1.250000000000000000e-01 0.000000000000000000e+00
6.676441837732159934e-01 1.250000000000000000e-01 0.000000000000000000e+00
6.686217008797653572e-01 1.250000000000000000e-01 0.000000000000000000e+00
6.695992179863147209e-01 1.250000000000000000e-01 0.000000000000000000e+00
6.705767350928640846e-01 1.250000000000000000e-01 0.000000000000000000e+00
6.715542521994134484e-01 1.250000000000000000e-01 0.000000000000000000e+00
6.725317693059628121e-01 1.250000000000000000e-01 0.000000000000000000e+00
6.735092864125121759e-01 1.250000000000000000e-01 0.000000000000000000e+00
6.744868035190615396e-01 1.250000000000000000e-01 0.000000000000000000e+00
6.754643206256109034e-01 1.250000000000000000e-01 0.000000000000000000e+00
6.764418377321602671e-01 1.250000000000000000e-01 0.000000000000000000e+00
6.774193548387096309e-01 1.250000000000000000e-01 0.000000000000000000e+00
6.783968719452589946e-01 1.250000000000000000e-01 0.000000000000000000e+00
6.793743890518083584e-01 1.250000000000000000e-01 0.000000000000000000e+00
6.803519061583577221e-01 1.250000000000000000e-01 0.000000000000000000e+00
6.813294232649070858e-01 1.250000000000000000e-01 0.000000000000000000e+00
6.823069403714564496e-01 1.250000000000000000e-01 0.000000000000000000e+00
6.832844574780058133e-01 1.250000000000000000e-01 0.000000000000000000e+00
6.842619745845551771e-01 1.250000000000000000e-01 0.000000000000000000e+00
6.852394916911045408e-01 1.250000000000000000e-01 0.000000000000000000e+00
6.862170087976539046e-01 1.250000000000000000e-01 0.000000000000000000e+00
6.871945259042032683e-01 1.250000000000000000e-01 0.000000000000000000e+00
6.881720430107527431e-01 1.250000000000000000e-01 0.000000000000000000e+00
6.891495601173021068e-01 1.250000000000000000e-01 0.000000000000000000e+00
6.901270772238514706e-01 1.250000000000000000e-01 0.000000000000000000e+00
6.911045943304008343e-01 1.250000000000000000e-01 0.000000000000000000e+00
6.920821114369501981e-01 1.250000000000000000e-01 0.000000000000000000e+00
6.930596285434995618e-01 1.250000000000000000e-01 0.000000000000000000e+00
6.940371456500489256e-01 1.250000000000000000e-01 0.000000000000000000e+00
6.950146627565982893e-01 1.250000000000000000e-01 0.000000000000000000e+00
6.959921798631476531e-01 1.250000000000000000e-01 0.000000000000000000e+00
6.969696969696970168e-01 1.250000000000000000e-01 0.000000000000000000e+00
6.979472140762463805e-01 1.250000000000000000e-01 0.000000000000000000e+00
6.989247311827957443e-01 1.250000000000000000e-01 0.000000000000000000e+00
6.999022482893451080e-01 1.250000000000000000e-01 0.000000000000000000e+00
7.008797653958944718e-01 1.250000000000000000e-01 0.000000000000000000e+00
7.018572825024438355e-01 1.250000000000000000e-01 0.000000000000000000e+00
7.028347996089931993e-01 1.250000000000000000e-01 0.000000000000000000e+00
7.038123167155425630e-01 1.250000000000000000e-01 0.000000000000000000e+00
7.047898338220919268e-01 1.250000000000000000e-01 0.000000000000000000e+00
7.057673509286412905e-01 1.250000000000000000e-01 0.000000000000000000e+00
7.067448680351906543e-01 1.250000000000000000e-01 0.000000000000000000e+00
7.077223851417400180e-01 1.250000000000000000e-01 0.000000000000000000e+00
7.086999022482893817e-01 1.250000000000000000e-01 0.000000000000000000e+00
7.096774193548387455e-01 1.250000000000000000e-01 0.000000000000000000e+00
7.106549364613881092e-01 1.250000000000000000e-01 0.000000000000000000e+00
7.116324535679374730e-01 1.250000000000000000e-01 0.000000000000000000e+00
7.126099706744868367e-01 1.250000000000000000e-01 0.000000000000000000e+00
7.135874877810362005e-01 1.250000000000000000e-01 0.000000000000000000e+00
7.145650048875855642e-01 1.250000000000000000e-01 0.000000000000000000e+00
7.155425219941349280e-01 1.250000000000000000e-01 0.000000000000000000e+00
7.165200391006842917e-01 1.250000000000000000e-01 0.000000000000000000e+00
7.174975562072336555e-01 1.250000000000000000e-01 0.000000000000000000e+00
7.184750733137830192e-01 1.250000000000000000e-01 0.000000000000000000e+00
7.194525904203323829e-01 1.250000000000000000e-01 0.000000000000000000e+00
7.204301075268817467e-01 1.250000000000000000e-01 0.000000000000000000e+00
7.214076246334311104e-01 1.250000000000000000e-01 0.000000000000000000e+00
7.223851417399804742e-01 1.250000000000000000e-01 0.000000000000000000e+00
7.233626588465298379e-01 1.250000000000000000e-01 0.000000000000000000e+00
7.243401759530792017e-01 1.250000000000000000e-01 0.000000000000000000e+00
7.253176930596285654e-01 1.250000000000000000e-01 0.000000000000000000e+00
7.262952101661779292e-01 1.250000000000000000e-01 0.000000000000000000e+00
7.272727272727272929e-01 1.250000000000000000e-01 0.000000000000000000e+00
7.282502443792766567e-01 1.250000000000000000e-01 0.000000000000000000e+00
7.292277614858260204e-01 1.250000000000000000e-01 0.000000000000000000e+00
7.302052785923753842e-01 1.250000000000000000e-01 0.000000000000000000e+00
7.311827956989247479e-01 1.250000000000000000e-01 0.000000000000000000e+00
7.321603128054741116e-01 1.250000000000000000e-01 0.000000000000000000e+00
7.331378299120234754e-01 1.250000000000000000e-01 0.000000000000000000e+00
7.341153470185728391e-01 1.250000000000000000e-01 0.000000000000000000e+00
7.350928641251222029e-01 1.250000000000000000e-01 0.000000000000000000e+00
7.360703812316715666e-01 1.250000000000000000e-01 0.000000000000000000e+00
7.370478983382209304e-01 1.250000000000000000e-01 0.000000000000000000e+00
7.380254154447702941e-01 1.250000000000000000e-01 0.000000000000000000e+00
7.390029325513196579e-01 1.250000000000000000e-01 0.000000000000000000e+00
7.399804496578690216e-01 1.250000000000000000e-01 0.000000000000000000e+00
7.409579667644183854e-01 1.250000000000000000e-01 0.000000000000000000e+00
7.419354838709677491e-01 1.250000000000000000e-01 0.000000000000000000e+00
7.429130009775171128e-01 1.250000000000000000e-01 0.000000000000000000e+00
7.438905180840664766e-01 1.250000000000000000e-01 0.000000000000000000e+00
7.448680351906158403e-01 1.250000000000000000e-01 0.000000000000000000e+00
7.458455522971652041e-01 1.250000000000000000e-01 0.000000000000000000e+00
7.468230694037145678e-01 1.250000000000000000e-01 0.000000000000000000e+00
7.478005865102639316e-01 1.250000000000000000e-01 0.000000000000000000e+00
7.487781036168132953e-01 1.250000000000000000e-01 0.000000000000000000e+00
7.497556207233626591e-01 1.250000000000000000e-01 0.000000000000000000e+00
7.507331378299120228e-01 1.250000000000000000e-01 0.000000000000000000e+00
7.517106549364613866e-01 1.250000000000000000e-01 0.000000000000000000e+00
7.526881720430107503e-01 1.250000000000000000e-01 0.000000000000000000e+00
7.536656891495601140e-01 1.250000000000000000e-01 0.000000000000000000e+00
7.546432062561094778e-01 1.250000000000000000e-01 0.000000000000000000e+00
7.556207233626588415e-01 1.250000000000000000e-01 0.000000000000000000e+00
7.565982404692082053e-01 1.250000000000000000e-01 0.000000000000000000e+00
7.575757575757575690e-01 1.250000000000000000e-01 0.000000000000000000e+00
7.585532746823069328e-01 1.250000000000000000e-01 0.000000000000000000e+00
7.595307917888562965e-01 1.250000000000000000e-01 0.000000000000000000e+00
7.605083088954056603e-01 1.250000000000000000e-01 0.000000000000000000e+00
7.614858260019550240e-01 1.250000000000000000e-01 0.000000000000000000e+00
7.624633431085043878e-01 1.250000000000000000e-01 0.000000000000000000e+00
7.634408602150537515e-01 1.250000000000000000e-01 0.000000000000000000e+00
7.644183773216031152e-01 1.250000000000000000e-01 0.000000000000000000e+00
7.653958944281524790e-01 1.250000000000000000e-01 0.000000000000000000e+00
7.663734115347018427e-01 1.250000000000000000e-01 0.000000000000000000e+00
7.673509286412512065e-01 1.250000000000000000e-01 0.000000000000000000e+00
7.683284457478005702e-01 1.250000000000000000e-01 0.000000000000000000e+00
7.693059628543499340e-01 1.250000000000000000e-01 0.000000000000000000e+00
7.702834799608992977e-01 1.250000000000000000e-01 0.000000000000000000e+00
7.712609970674486615e-01 1.250000000000000000e-01 0.000000000000000000e+00
7.722385141739980252e-01 1.250000000000000000e-01 0.000000000000000000e+00
7.732160312805473890e-01 1.250000000000000000e-01 0.000000000000000000e+00
7.741935483870967527e-01 1.250000000000000000e-01 0.000000000000000000e+00
7.751710654936461165e-01 1.250000000000000000e-01 0.000000000000000000e+00
7.761485826001954802e-01 1.250000000000000000e-01 0.000000000000000000e+00
7.771260997067448439e-01 1.250000000000000000e-01 0.000000000000000000e+00
7.781036168132942077e-01 1.250000000000000000e-01 0.000000000000000000e+00
7.790811339198435714e-01 1.250000000000000000e-01 0.000000000000000000e+00
7.800586510263929352e-01 1.250000000000000000e-01 0.000000000000000000e+00
7.810361681329422989e-01 1.250000000000000000e-01 0.000000000000000000e+00
7.820136852394916627e-01 1.250000000000000000e-01 0.000000000000000000e+00
7.829912023460410264e-01 1.250000000000000000e-01 0.000000000000000000e+00
7.839687194525903902e-01 1.250000000000000000e-01 0.000000000000000000e+00
7.849462365591397539e-01 1.250000000000000000e-01 0.000000000000000000e+00
7.859237536656891177e-01 1.250000000000000000e-01 0.000000000000000000e+00
7.869012707722384814e-01 1.250000000000000000e-01 0.000000000000000000e+00
7.878787878787878451e-01 1.250000000000000000e-01 0.000000000000000000e+00
7.888563049853372089e-01 1.250000000000000000e-01 0.000000000000000000e+00
7.898338220918865726e-01 1.250000000000000000e-01 0.000000000000000000e+00
7.908113391984359364e-01 1.250000000000000000e-01 0.000000000000000000e+00
7.917888563049853001e-01 1.250000000000000000e-01 0.000000000000000000e+00
7.927663734115346639e-01 1.250000000000000000e-01 0.000000000000000000e+00
7.937438905180840276e-01 1.250000000000000000e-01 0.000000000000000000e+00
7.947214076246333914e-01 1.250000000000000000e-01 0.000000000000000000e+00
7.956989247311827551e-01 1.250000000000000000e-01 0.000000000000000000e+00
7.966764418377321189e-01 1.250000000000000000e-01 0.000000000000000000e+00
7.976539589442814826e-01 1.250000000000000000e-01 0.000000000000000000e+00
7.986314760508308463e-01 1.250000000000000000e-01 0.000000000000000000e+00
7.996089931573802101e-01 1.250000000000000000e-01 0.000000000000000000e+00
8.005865102639295738e-01 1.250000000000000000e-01 0.000000000000000000e+00
8.015640273704789376e-01 1.250000000000000000e-01 0.000000000000000000e+00
8.025415444770283013e-01 1.250000000000000000e-01 0.000000000000000000e+00
8.035190615835776651e-01 1.250000000000000000e-01 0.000000000000000000e+00
8.044965786901270288e-01 1.250000000000000000e-01 0.000000000000000000e+00
8.054740957966763926e-01 1.250000000000000000e-01 0.000000000000000000e+00
8.064516129032257563e-01 1.250000000000000000e-01 0.000000000000000000e+00
8.074291300097751201e-01 1.250000000000000000e-01 0.000000000000000000e+00
8.084066471163244838e-01 1.250000000000000000e-01 0.000000000000000000e+00
8.093841642228738475e-01 1.250000000000000000e-01 0.000000000000000000e+00
8.103616813294232113e-01 1.250000000000000000e-01 0.000000000000000000e+00
8.113391984359725750e-01 1.250000000000000000e-01 0.000000000000000000e+00
8.123167155425219388e-01 1.250000000000000000e-01 0.000000000000000000e+00
8.132942326490714136e-01 1.250000000000000000e-01 0.000000000000000000e+00
8.142717497556207773e-01 1.250000000000000000e-01 0.000000000000000000e+00
8.152492668621701410e-01 1.250000000000000000e-01 0.000000000000000000e+00
8.162267839687195048e-01 1.250000000000000000e-01 0.000000000000000000e+00
8.172043010752688685e-01 1.250000000000000000e-01 0.000000000000000000e+00
8.181818181818182323e-01 1.250000000000000000e-01 0.000000000000000000e+00
8.191593352883675960e-01 1.250000000000000000e-01 0.000000000000000000e+00
8.201368523949169598e-01 1.250000000000000000e-01 0.000000000000000000e+00
8.211143695014663235e-01 1.250000000000000000e-01 0.000000000000000000e+00
8.220918866080156873e-01 1.250000000000000000e-01 0.000000000000000000e+00
8.230694037145650510e-01 1.250000000000000000e-01 0.000000000000000000e+00
8.240469208211144148e-01 1.250000000000000000e-01 0.000000000000000000e+00
8.250244379276637785e-01 1.250000000000000000e-01 0.000000000000000000e+00
8.260019550342131422e-01 1.250000000000000000e-01 0.000000000000000000e+00
8.269794721407625060e-01 1.250000000000000000e-01 0.000000000000000000e+00
8.279569892473118697e-01 1.250000000000000000e-01 0.000000000000000000e+00
8.289345063538612335e-01 1.250000000000000000e-01 0.000000000000000000e+00
8.299120234604105972e-01 1.250000000000000000e-01 0.000000000000000000e+00
8.308895405669599610e-01 1.250000000000000000e-01 0.000000000000000000e+00
8.318670576735093247e-01 1.250000000000000000e-01 0.000000000000000000e+00
8.328445747800586885e-01 1.250000000000000000e-01 0.000000000000000000e+00
8.338220918866080522e-01 1.250000000000000000e-01 0.000000000000000000e+00
8.347996089931574160e-01 1.250000000000000000e-01 0.000000000000000000e+00
8.357771260997067797e-01 1.250000000000000000e-01 0.000000000000000000e+00
8.367546432062561435e-01 1.250000000000000000e-01 0.000000000000000000e+00
8.377321603128055072e-01 1.250000000000000000e-01 0.000000000000000000e+00
8.387096774193548709e-01 1.250000000000000000e-01 0.000000000000000000e+00
8.396871945259042347e-01 1.250000000000000000e-01 0.000000000000000000e+00
8.406647116324535984e-01 1.250000000000000000e-01 0.000000000000000000e+00
8.416422287390029622e-01 1.250000000000000000e-01 0.000000000000000000e+00
8.426197458455523259e-01 1.250000000000000000e-01 0.000000000000000000e+00
8.435972629521016897e-01 1.250000000000000000e-01 0.000000000000000000e+00
8.445747800586510534e-01 1.250000000000000000e-01 0.000000000000000000e+00
8.455522971652004172e-01 1.250000000000000000e-01 0.000000000000000000e+00
8.465298142717497809e-01 1.250000000000000000e-01 0.000000000000000000e+00
8.475073313782991447e-01 1.250000000000000000e-01 0.000000000000000000e+00
8.484848484848485084e-01 1.250000000000000000e-01 0.000000000000000000e+00
8.494623655913978721e-01 1.250000000000000000e-01 0.000000000000000000e+00
8.504398826979472359e-01 1.250000000000000000e-01 0.000000000000000000e+00
8.514173998044965996e-01 1.250000000000000000e-01 0.000000000000000000e+00
8.523949169110459634e-01 1.250000000000000000e-01 0.000000000000000000e+00
8.533724340175953271e-01 1.250000000000000000e-01 0.000000000000000000e+00
8.543499511241446909e-01 1.250000000000000000e-01 0.000000000000000000e+00
8.553274682306940546e-01 1.250000000000000000e-01 0.000000000000000000e+00
8.563049853372434184e-01 1.250000000000000000e-01 0.000000000000000000e+00
8.572825024437927821e-01 1.250000000000000000e-01 0.000000000000000000e+00
8.582600195503421459e-01 1.250000000000000000e-01 0.000000000000000000e+00
8.592375366568915096e-01 1.250000000000000000e-01 0.000000000000000000e+00
8.602150537634408733e-01 1.250000000000000000e-01 0.000000000000000000e+00
8.611925708699902371e-01 1.250000000000000000e-01 0.000000000000000000e+00
8.621700879765396008e-01 1.250000000000000000e-01 0.000000000000000000e+00
8.631476050830889646e-01 1.250000000000000000e-01 0.000000000000000000e+00
8.641251221896383283e-01 1.250000000000000000e-01 0.000000000000000000e+00
8.651026392961876921e-01 1.250000000000000000e-01 0.000000000000000000e+00
8.660801564027370558e-01 1.250000000000000000e-01 0.000000000000000000e+00
8.670576735092864196e-01 1.250000000000000000e-01 0.000000000000000000e+00
8.680351906158357833e-01 1.250000000000000000e-01 0.000000000000000000e+00
8.690127077223851471e-01 1.250000000000000000e-01 0.000000000000000000e+00
8.699902248289345108e-01 1.250000000000000000e-01 0.000000000000000000e+00
8.709677419354838745e-01 1.250000000000000000e-01 0.000000000000000000e+00
8.719452590420332383e-01 1.250000000000000000e-01 0.000000000000000000e+00
8.729227761485826020e-01 1.250000000000000000e-01 0.000000000000000000e+00
8.739002932551319658e-01 1.250000000000000000e-01 0.000000000000000000e+00
8.748778103616813295e-01 1.250000000000000000e-01 0.000000000000000000e+00
8.758553274682306933e-01 1.250000000000000000e-01 0.000000000000000000e+00
8.768328445747800570e-01 1.250000000000000000e-01 0.000000000000000000e+00
8.778103616813294208e-01 1.250000000000000000e-01 0.000000000000000000e+00
8.787878787878787845e-01 1.250000000000000000e-01 0.000000000000000000e+00
8.797653958944281483e-01 1.250000000000000000e-01 0.000000000000000000e+00
8.807429130009775120e-01 1.250000000000000000e-01 0.000000000000000000e+00
8.817204301075268758e-01 1.250000000000000000e-01 0.000000000000000000e+00
8.826979472140762395e-01 1.250000000000000000e-01 0.000000000000000000e+00
8.836754643206256032e-01 1.250000000000000000e-01 0.000000000000000000e+00
8.846529814271749670e-01 1.250000000000000000e-01 0.000000000000000000e+00
8.856304985337243307e-01 1.250000000000000000e-01 0.000000000000000000e+00
8.866080156402736945e-01 1.250000000000000000e-01 0.000000000000000000e+00
8.875855327468230582e-01 1.250000000000000000e-01 0.000000000000000000e+00
8.885630498533724220e-01 1.250000000000000000e-01 0.000000000000000000e+00
8.895405669599217857e-01 1.250000000000000000e-01 0.000000000000000000e+00
8.905180840664711495e-01 1.250000000000000000e-01 0.000000000000000000e+00
8.914956011730205132e-01 1.250000000000000000e-01 0.000000000000000000e+00
8.924731182795698770e-01 1.250000000000000000e-01 0.000000000000000000e+00
8.934506353861192407e-01 1.250000000000000000e-01 0.000000000000000000e+00
8.944281524926686044e-01 1.250000000000000000e-01 0.000000000000000000e+00
8.954056695992179682e-01 1.250000000000000000e-01 0.000000000000000000e+00
8.963831867057673319e-01 1.250000000000000000e-01 0.000000000000000000e+00
8.973607038123166957e-01 1.250000000000000000e-01 0.000000000000000000e+00
8.983382209188660594e-01 1.250000000000000000e-01 0.000000000000000000e+00
8.993157380254154232e-01 1.250000000000000000e-01 0.000000000000000000e+00
9.002932551319647869e-01 1.250000000000000000e-01 0.000000000000000000e+00
9.012707722385141507e-01 1.250000000000000000e-01 0.000000000000000000e+00
9.022482893450635144e-01 1.250000000000000000e-01 0.000000000000000000e+00
9.032258064516128782e-01 1.250000000000000000e-01 0.000000000000000000e+00
9.042033235581622419e-01 1.250000000000000000e-01 0.000000000000000000e+00
9.051808406647116056e-01 1.250000000000000000e-01 0.000000000000000000e+00
9.061583577712609694e-01 1.250000000000000000e-01 0.000000000000000000e+00
9.071358748778103331e-01 1.250000000000000000e-01 0.000000000000000000e+00
9.081133919843596969e-01 1.250000000000000000e-01 0.000000000000000000e+00
9.090909090909090606e-01 1.250000000000000000e-01 0.000000000000000000e+00
9.100684261974584244e-01 1.250000000000000000e-01 0.000000000000000000e+00
9.110459433040077881e-01 1.250000000000000000e-01 0.000000000000000000e+00
9.120234604105571519e-01 1.250000000000000000e-01 0.000000000000000000e+00
9.130009775171065156e-01 1.250000000000000000e-01 0.000000000000000000e+00
9.139784946236558794e-01 1.250000000000000000e-01 0.000000000000000000e+00
9.149560117302052431e-01 1.250000000000000000e-01 0.000000000000000000e+00
9.159335288367546068e-01 1.250000000000000000e-01 0.000000000000000000e+00
9.169110459433039706e-01 1.250000000000000000e-01 0.000000000000000000e+00
9.178885630498533343e-01 1.250000000000000000e-01 0.000000000000000000e+00
9.188660801564026981e-01 1.250000000000000000e-01 0.000000000000000000e+00
9.198435972629520618e-01 1.250000000000000000e-01 0.000000000000000000e+00
9.208211143695014256e-01 1.250000000000000000e-01 0.000000000000000000e+00
9.217986314760507893e-01 1.250000000000000000e-01 0.000000000000000000e+00
9.227761485826001531e-01 1.250000000000000000e-01 0.000000000000000000e+00
9.237536656891495168e-01 1.250000000000000000e-01 0.000000000000000000e+00
9.247311827956988806e-01 1.250000000000000000e-01 0.000000000000000000e+00
9.257086999022482443e-01 1.250000000000000000e-01 0.000000000000000000e+00
9.266862170087976081e-01 1.250000000000000000e-01 0.000000000000000000e+00
9.276637341153469718e-01 1.250000000000000000e-01 0.000000000000000000e+00
9.286412512218963355e-01 1.250000000000000000e-01 0.000000000000000000e+00
9.296187683284456993e-01 1.250000000000000000e-01 0.000000000000000000e+00
9.305962854349950630e-01 1.250000000000000000e-01 0.000000000000000000e+00
9.315738025415444268e-01 1.250000000000000000e-01 0.000000000000000000e+00
9.325513196480937905e-01 1.250000000000000000e-01 0.000000000000000000e+00
9.335288367546431543e-01 1.250000000000000000e-01 0.000000000000000000e+00
9.345063538611925180e-01 1.250000000000000000e-01 0.000000000000000000e+00
9.354838709677418818e-01 1.250000000000000000e-01 0.000000000000000000e+00
9.364613880742912455e-01 1.250000000000000000e-01 0.000000000000000000e+00
9.374389051808406093e-01 1.250000000000000000e-01 0.000000000000000000e+00
9.384164222873900840e-01 1.250000000000000000e-01 0.000000000000000000e+00
9.393939393939394478e-01 1.250000000000000000e-01 0.000000000000000000e+00
9.403714565004888115e-01 1.250000000000000000e-01 0.000000000000000000e+00
9.413489736070381753e-01 1.250000000000000000e-01 0.000000000000000000e+00
9.423264907135875390e-01 1.250000000000000000e-01 0.000000000000000000e+00
9.433040078201369028e-01 1.250000000000000000e-01 0.000000000000000000e+00
9.442815249266862665e-01 1.250000000000000000e-01 0.000000000000000000e+00
9.452590420332356302e-01 1.250000000000000000e-01 0.000000000000000000e+00
9.462365591397849940e-01 1.250000000000000000e-01 0.000000000000000000e+00
9.472140762463343577e-01 1.250000000000000000e-01 0.000000000000000000e+00
9.481915933528837215e-01 1.250000000000000000e-01 0.000000000000000000e+00
9.491691104594330852e-01 1.250000000000000000e-01 0.000000000000000000e+00
9.501466275659824490e-01 1.250000000000000000e-01 0.000000000000000000e+00
9.511241446725318127e-01 1.250000000000000000e-01 0.000000000000000000e+00
9.521016617790811765e-01 1.250000000000000000e-01 0.000000000000000000e+00
9.530791788856305402e-01 1.250000000000000000e-01 0.000000000000000000e+00
9.540566959921799040e-01 1.250000000000000000e-01 0.000000000000000000e+00
9.550342130987292677e-01 1.250000000000000000e-01 0.000000000000000000e+00
9.560117302052786314e-01 1.250000000000000000e-01 0.000000000000000000e+00
9.569892473118279952e-01 1.250000000000000000e-01 0.000000000000000000e+00
9.579667644183773589e-01 1.250000000000000000e-01 0.000000000000000000e+00
9.589442815249267227e-01 1.250000000000000000e-01 0.000000000000000000e+00
9.599217986314760864e-01 1.250000000000000000e-01 0.000000000000000000e+00
9.608993157380254502e-01 1.250000000000000000e-01 0.000000000000000000e+00
9.618768328445748139e-01 1.250000000000000000e-01 0.000000000000000000e+00
9.628543499511241777e-01 1.250000000000000000e-01 0.000000000000000000e+00
9.638318670576735414e-01 1.250000000000000000e-01 0.000000000000000000e+00
9.648093841642229052e-01 1.250000000000000000e-01 0.000000000000000000e+00
9.657869012707722689e-01 1.250000000000000000e-01 0.000000000000000000e+00
9.667644183773216326e-01 1.250000000000000000e-01 0.000000000000000000e+00
9.677419354838709964e-01 1.250000000000000000e-01 0.000000000000000000e+00
9.687194525904203601e-01 1.250000000000000000e-01 0.000000000000000000e+00
9.696969696969697239e-01 1.250000000000000000e-01 0.000000000000000000e+00
9.706744868035190876e-01 1.250000000000000000e-01 0.000000000000000000e+00
9.716520039100684514e-01 1.250000000000000000e-01 0.000000000000000000e+00
9.726295210166178151e-01 1.250000000000000000e-01 0.000000000000000000e+00
9.736070381231671789e-01 1.250000000000000000e-01 0.000000000000000000e+00
9.745845552297165426e-01 1.250000000000000000e-01 0.000000000000000000e+00
9.755620723362659064e-01 1.250000000000000000e-01 0.000000000000000000e+00
9.765395894428152701e-01 1.250000000000000000e-01 0.000000000000000000e+00
9.775171065493646338e-01 1.250000000000000000e-01 0.000000000000000000e+00
9.784946236559139976e-01 1.250000000000000000e-01 0.000000000000000000e+00
9.794721407624633613e-01 1.250000000000000000e-01 0.000000000000000000e+00
9.804496578690127251e-01 1.250000000000000000e-01 0.000000000000000000e+00
9.814271749755620888e-01 1.250000000000000000e-01 0.000000000000000000e+00
9.824046920821114526e-01 1.250000000000000000e-01 0.000000000000000000e+00
9.833822091886608163e-01 1.250000000000000000e-01 0.000000000000000000e+00
9.843597262952101801e-01 1.250000000000000000e-01 0.000000000000000000e+00
9.853372434017595438e-01 1.250000000000000000e-01 0.000000000000000000e+00
9.863147605083089076e-01 1.250000000000000000e-01 0.000000000000000000e+00
9.872922776148582713e-01 1.250000000000000000e-01 0.000000000000000000e+00
9.882697947214076351e-01 1.250000000000000000e-01 0.000000000000000000e+00
9.892473118279569988e-01 1.250000000000000000e-01 0.000000000000000000e+00
9.902248289345063625e-01 1.250000000000000000e-01 0.000000000000000000e+00
9.912023460410557263e-01 1.250000000000000000e-01 0.000000000000000000e+00
9.921798631476050900e-01 1.250000000000000000e-01 0.000000000000000000e+00
9.931573802541544538e-01 1.250000000000000000e-01 0.000000000000000000e+00
9.941348973607038175e-01 1.250000000000000000e-01 0.000000000000000000e+00
9.951124144672531813e-01 1.250000000000000000e-01 0.000000000000000000e+00
9.960899315738025450e-01 1.250000000000000000e-01 0.000000000000000000e+00
9.970674486803519088e-01 1.250000000000000000e-01 0.000000000000000000e+00
9.980449657869012725e-01 1.250000000000000000e-01 0.000000000000000000e+00
9.990224828934506363e-01 1.250000000000000000e-01 -0.000000000000000000e+00
1.000000000000000000e+00 1.250000000000000000e-01 -0.000000000000000000e+00
