# 0.1551338367094307
0.000000000000000000e+00 1.000000000000000000e+00 -0.000000000000000000e+00
9.775171065493646130e-04 1.000000000000000000e+00 -0.000000000000000000e+00
1.955034213098729226e-03 1.000000000000000000e+00 0.000000000000000000e+00
2.932551319648093839e-03 1.000000000000000000e+00 0.000000000000000000e+00
3.910068426197458452e-03 1.000000000000000000e+00 0.000000000000000000e+00
4.887585532746823065e-03 1.000000000000000000e+00 0.000000000000000000e+00
5.865102639296187678e-03 1.000000000000000000e+00 0.000000000000000000e+00
6.842619745845552291e-03 1.000000000000000000e+00 0.000000000000000000e+00
7.820136852394916904e-03 1.000000000000000000e+00 0.000000000000000000e+00
8.797653958944282385e-03 1.000000000000000000e+00 0.000000000000000000e+00
9.775171065493646130e-03 1.000000000000000000e+00 0.000000000000000000e+00
1.075268817204301161e-02 1.000000000000000000e+00 0.000000000000000000e+00
1.173020527859237536e-02 1.000000000000000000e+00 0.000000000000000000e+00
1.270772238514174084e-02 1.000000000000000000e+00 0.000000000000000000e+00
1.368523949169110458e-02 1.000000000000000000e+00 0.000000000000000000e+00
1.466275659824047006e-02 1.000000000000000000e+00 0.000000000000000000e+00
1.564027370478983381e-02 1.000000000000000000e+00 0.000000000000000000e+00
1.661779081133919755e-02 1.000000000000000000e+00 0.000000000000000000e+00
1.759530791788856477e-02 1.000000000000000000e+00 0.000000000000000000e+00
1.857282502443792851e-02 1.000000000000000000e+00 0.000000000000000000e+00
1.955034213098729226e-02 1.000000000000000000e+00 0.000000000000000000e+00
2.052785923753665601e-02 1.000000000000000000e+00 0.000000000000000000e+00
2.150537634408602322e-02 1.000000000000000000e+00 0.000000000000000000e+00
2.248289345063538697e-02 1.000000000000000000e+00 0.000000000000000000e+00
2.346041055718475071e-02 1.000000000000000000e+00 0.000000000000000000e+00
2.443792766373411446e-02 1.000000000000000000e+00 0.000000000000000000e+00
2.541544477028348167e-02 1.000000000000000000e+00 0.000000000000000000e+00
2.639296187683284542e-02 1.000000000000000000e+00 0.000000000000000000e+00
2.737047898338220916e-02 1.000000000000000000e+00 0.000000000000000000e+00
2.834799608993157291e-02 1.000000000000000000e+00 0.000000000000000000e+00
2.932551319648094013e-02 1.000000000000000000e+00 0.000000000000000000e+00
3.030303030303030387e-02 1.000000000000000000e+00 0.000000000000000000e+00
3.128054740957966762e-02 1.000000000000000000e+00 0.000000000000000000e+00
3.225806451612903136e-02 1.000000000000000000e+00 0.000000000000000000e+00
3.323558162267839511e-02 1.000000000000000000e+00 0.000000000000000000e+00
3.421309872922775885e-02 1.000000000000000000e+00 0.000000000000000000e+00
3.519061583577712954e-02 1.000000000000000000e+00 0.000000000000000000e+00
3.616813294232649328e-02 1.000000000000000000e+00 0.000000000000000000e+00
3.714565004887585703e-02 1.000000000000000000e+00 0.000000000000000000e+00
3.812316715542522078e-02 1.000000000000000000e+00 0.000000000000000000e+00
3.910068426197458452e-02 1.000000000000000000e+00 0.000000000000000000e+00
4.007820136852394827e-02 1.000000000000000000e+00 0.000000000000000000e+00
4.105571847507331201e-02 1.000000000000000000e+00 0.000000000000000000e+00
4.203323558162267576e-02 1.000000000000000000e+00 0.000000000000000000e+00
4.301075268817204644e-02 1.000000000000000000e+00 0.000000000000000000e+00
4.398826979472141019e-02 1.000000000000000000e+00 0.000000000000000000e+00
4.496578690127077393e-02 1.000000000000000000e+00 0.000000000000000000e+00
4.594330400782013768e-02 1.000000000000000000e+00 0.000000000000000000e+00
4.692082111436950143e-02 1.000000000000000000e+00 0.000000000000000000e+00
4.789833822091886517e-02 1.000000000000000000e+00 0.000000000000000000e+00
4.887585532746822892e-02 1.000000000000000000e+00 0.000000000000000000e+00
4.985337243401759266e-02 1.000000000000000000e+00 0.000000000000000000e+00
5.083088954056696335e-02 1.000000000000000000e+00 0.000000000000000000e+00
5.180840664711632709e-02 1.000000000000000000e+00 0.000000000000000000e+00
5.278592375366569084e-02 1.000000000000000000e+00 0.000000000000000000e+00
5.376344086021505458e-02 1.000000000000000000e+00 0.000000000000000000e+00
5.474095796676441833e-02 1.000000000000000000e+00 0.000000000000000000e+00
5.571847507331378208e-02 1.000000000000000000e+00 0.000000000000000000e+00
5.669599217986314582e-02 1.000000000000000000e+00 0.000000000000000000e+00
5.767350928641250957e-02 1.000000000000000000e+00 0.000000000000000000e+00
5.865102639296188025e-02 1.000000000000000000e+00 0.000000000000000000e+00
5.962854349951124400e-02 1.000000000000000000e+00 0.000000000000000000e+00
6.060606060606060774e-02 1.000000000000000000e+00 0.000000000000000000e+00
6.158357771260997149e-02 1.000000000000000000e+00 0.000000000000000000e+00
6.256109481915933523e-02 1.000000000000000000e+00 0.000000000000000000e+00
6.353861192570869898e-02 1.000000000000000000e+00 0.000000000000000000e+00
6.451612903225806273e-02 1.000000000000000000e+00 0.000000000000000000e+00
6.549364613880742647e-02 1.000000000000000000e+00 0.000000000000000000e+00
6.647116324535679022e-02 1.000000000000000000e+00 0.000000000000000000e+00
6.744868035190615396e-02 1.000000000000000000e+00 0.000000000000000000e+00
6.842619745845551771e-02 1.000000000000000000e+00 0.000000000000000000e+00
6.940371456500488145e-02 1.000000000000000000e+00 0.000000000000000000e+00
7.038123167155425908e-02 1.000000000000000000e+00 0.000000000000000000e+00
7.135874877810362282e-02 1.000000000000000000e+00 0.000000000000000000e+00
7.233626588465298657e-02 1.000000000000000000e+00 0.000000000000000000e+00
7.331378299120235031e-02 1.000000000000000000e+00 0.000000000000000000e+00
7.429130009775171406e-02 1.000000000000000000e+00 0.000000000000000000e+00
7.526881720430107781e-02 1.000000000000000000e+00 0.000000000000000000e+00
7.624633431085044155e-02 1.000000000000000000e+00 0.000000000000000000e+00
7.722385141739980530e-02 1.000000000000000000e+00 0.000000000000000000e+00
7.820136852394916904e-02 1.000000000000000000e+00 0.000000000000000000e+00
7.917888563049853279e-02 1.000000000000000000e+00 0.000000000000000000e+00
8.015640273704789653e-02 1.000000000000000000e+00 0.000000000000000000e+00
8.113391984359726028e-02 1.000000000000000000e+00 0.000000000000000000e+00
8.211143695014662403e-02 1.000000000000000000e+00 0.000000000000000000e+00
8.308895405669598777e-02 1.000000000000000000e+00 0.000000000000000000e+00
8.406647116324535152e-02 1.000000000000000000e+00 0.000000000000000000e+00
8.504398826979471526e-02 1.000000000000000000e+00 0.000000000000000000e+00
8.602150537634409289e-02 1.000000000000000000e+00 0.000000000000000000e+00
8.699902248289345663e-02 1.000000000000000000e+00 0.000000000000000000e+00
8.797653958944282038e-02 1.000000000000000000e+00 0.000000000000000000e+00
8.895405669599218412e-02 1.000000000000000000e+00 0.000000000000000000e+00
8.993157380254154787e-02 1.000000000000000000e+00 0.000000000000000000e+00
9.090909090909091161e-02 1.000000000000000000e+00 0.000000000000000000e+00
9.188660801564027536e-02 1.000000000000000000e+00 0.000000000000000000e+00
9.286412512218963911e-02 1.000000000000000000e+00 0.000000000000000000e+00
9.384164222873900285e-02 1.000000000000000000e+00 0.000000000000000000e+00
9.481915933528836660e-02 1.000000000000000000e+00 0.000000000000000000e+00
9.579667644183773034e-02 1.000000000000000000e+00 0.000000000000000000e+00
9.677419354838709409e-02 1.000000000000000000e+00 0.000000000000000000e+00
9.775171065493645783e-02 1.000000000000000000e+00 0.000000000000000000e+00
9.872922776148582158e-02 1.000000000000000000e+00 0.000000000000000000e+00
9.970674486803518533e-02 1.000000000000000000e+00 0.000000000000000000e+00
1.006842619745845491e-01 1.000000000000000000e+00 0.000000000000000000e+00
1.016617790811339267e-01 1.000000000000000000e+00 0.000000000000000000e+00
1.026392961876832904e-01 1.000000000000000000e+00 0.000000000000000000e+00
1.036168132942326542e-01 1.000000000000000000e+00 0.000000000000000000e+00
1.045943304007820179e-01 1.000000000000000000e+00 0.000000000000000000e+00
1.055718475073313817e-01 1.000000000000000000e+00 0.000000000000000000e+00
1.065493646138807454e-01 1.000000000000000000e+00 0.000000000000000000e+00
1.075268817204301092e-01 1.000000000000000000e+00 0.000000000000000000e+00
1.085043988269794729e-01 1.000000000000000000e+00 0.000000000000000000e+00
1.094819159335288367e-01 1.000000000000000000e+00 0.000000000000000000e+00
1.104594330400782004e-01 1.000000000000000000e+00 0.000000000000000000e+00
1.114369501466275642e-01 1.000000000000000000e+00 0.000000000000000000e+00
1.124144672531769279e-01 1.000000000000000000e+00 0.000000000000000000e+00
1.133919843597262916e-01 1.000000000000000000e+00 0.000000000000000000e+00
1.143695014662756554e-01 1.000000000000000000e+00 0.000000000000000000e+00
1.153470185728250191e-01 1.000000000000000000e+00 0.000000000000000000e+00
1.163245356793743829e-01 1.000000000000000000e+00 0.000000000000000000e+00
1.173020527859237605e-01 1.000000000000000000e+00 0.000000000000000000e+00
1.182795698924731242e-01 1.000000000000000000e+00 0.000000000000000000e+00
1.192570869990224880e-01 1.000000000000000000e+00 0.000000000000000000e+00
1.202346041055718517e-01 1.000000000000000000e+00 0.000000000000000000e+00
1.212121212121212155e-01 1.000000000000000000e+00 0.000000000000000000e+00
1.221896383186705792e-01 1.000000000000000000e+00 0.000000000000000000e+00
1.231671554252199430e-01 1.000000000000000000e+00 0.000000000000000000e+00
1.241446725317693067e-01 1.000000000000000000e+00 0.000000000000000000e+00
1.251221896383186705e-01 1.000000000000000000e+00 0.000000000000000000e+00
1.260997067448680342e-01 1.000000000000000000e+00 0.000000000000000000e+00
1.270772238514173980e-01 1.000000000000000000e+00 0.000000000000000000e+00
1.280547409579667617e-01 1.000000000000000000e+00 0.000000000000000000e+00
1.290322580645161255e-01 1.000000000000000000e+00 0.000000000000000000e+00
1.300097751710654892e-01 1.000000000000000000e+00 0.000000000000000000e+00
1.309872922776148529e-01 1.000000000000000000e+00 0.000000000000000000e+00
1.319648093841642167e-01 1.000000000000000000e+00 0.000000000000000000e+00
1.329423264907135804e-01 1.000000000000000000e+00 0.000000000000000000e+00
1.339198435972629442e-01 1.000000000000000000e+00 0.000000000000000000e+00
1.348973607038123079e-01 1.000000000000000000e+00 0.000000000000000000e+00
1.358748778103616717e-01 1.000000000000000000e+00 0.000000000000000000e+00
1.368523949169110354e-01 1.000000000000000000e+00 0.000000000000000000e+00
1.378299120234603992e-01 1.000000000000000000e+00 0.000000000000000000e+00
1.388074291300097629e-01 1.000000000000000000e+00 0.000000000000000000e+00
1.397849462365591267e-01 1.000000000000000000e+00 0.000000000000000000e+00
1.407624633431085182e-01 1.000000000000000000e+00 0.000000000000000000e+00
1.417399804496578819e-01 1.000000000000000000e+00 0.000000000000000000e+00
1.427174975562072456e-01 1.000000000000000000e+00 0.000000000000000000e+00
1.436950146627566094e-01 1.000000000000000000e+00 0.000000000000000000e+00
1.446725317693059731e-01 1.000000000000000000e+00 0.000000000000000000e+00
1.456500488758553369e-01 1.000000000000000000e+00 0.000000000000000000e+00
1.466275659824047006e-01 1.000000000000000000e+00 0.000000000000000000e+00
1.476050830889540644e-01 1.000000000000000000e+00 0.000000000000000000e+00
1.485826001955034281e-01 1.000000000000000000e+00 0.000000000000000000e+00
1.495601173020527919e-01 1.000000000000000000e+00 0.000000000000000000e+00
1.505376344086021556e-01 1.000000000000000000e+00 0.000000000000000000e+00
1.515151515151515194e-01 1.000000000000000000e+00 0.000000000000000000e+00
1.524926686217008831e-01 1.000000000000000000e+00 0.000000000000000000e+00
1.534701857282502468e-01 1.000000000000000000e+00 0.000000000000000000e+00
1.544477028347996106e-01 1.000000000000000000e+00 0.000000000000000000e+00
1.554252199413489743e-01 1.000000000000000000e+00 0.000000000000000000e+00
1.564027370478983381e-01 1.000000000000000000e+00 0.000000000000000000e+00
1.573802541544477018e-01 1.000000000000000000e+00 0.000000000000000000e+00
1.583577712609970656e-01 1.000000000000000000e+00 0.000000000000000000e+00
1.593352883675464293e-01 1.000000000000000000e+00 0.000000000000000000e+00
1.603128054740957931e-01 1.000000000000000000e+00 0.000000000000000000e+00
1.612903225806451568e-01 1.000000000000000000e+00 0.000000000000000000e+00
1.622678396871945206e-01 1.000000000000000000e+00 0.000000000000000000e+00
1.632453567937438843e-01 1.000000000000000000e+00 0.000000000000000000e+00
1.642228739002932481e-01 1.000000000000000000e+00 0.000000000000000000e+00
1.652003910068426118e-01 1.000000000000000000e+00 0.000000000000000000e+00
1.661779081133919755e-01 1.000000000000000000e+00 0.000000000000000000e+00
1.671554252199413393e-01 1.000000000000000000e+00 0.000000000000000000e+00
1.681329423264907030e-01 1.000000000000000000e+00 0.000000000000000000e+00
1.691104594330400668e-01 1.000000000000000000e+00 0.000000000000000000e+00
1.700879765395894305e-01 1.000000000000000000e+00 0.000000000000000000e+00
1.710654936461387943e-01 1.000000000000000000e+00 0.000000000000000000e+00
1.720430107526881858e-01 1.000000000000000000e+00 0.000000000000000000e+00
1.730205278592375495e-01 1.000000000000000000e+00 0.000000000000000000e+00
1.739980449657869133e-01 1.000000000000000000e+00 0.000000000000000000e+00
1.749755620723362770e-01 1.000000000000000000e+00 0.000000000000000000e+00
1.759530791788856408e-01 1.000000000000000000e+00 0.000000000000000000e+00
1.769305962854350045e-01 1.000000000000000000e+00 0.000000000000000000e+00
1.779081133919843682e-01 1.000000000000000000e+00 0.000000000000000000e+00
1.788856304985337320e-01 1.000000000000000000e+00 0.000000000000000000e+00
1.798631476050830957e-01 1.000000000000000000e+00 0.000000000000000000e+00
1.808406647116324595e-01 1.000000000000000000e+00 0.000000000000000000e+00
1.818181818181818232e-01 1.000000000000000000e+00 0.000000000000000000e+00
1.827956989247311870e-01 1.000000000000000000e+00 0.000000000000000000e+00
1.837732160312805507e-01 1.000000000000000000e+00 0.000000000000000000e+00
1.847507331378299145e-01 1.000000000000000000e+00 0.000000000000000000e+00
1.857282502443792782e-01 1.000000000000000000e+00 0.000000000000000000e+00
1.867057673509286420e-01 1.000000000000000000e+00 0.000000000000000000e+00
1.876832844574780057e-01 1.000000000000000000e+00 0.000000000000000000e+00
1.886608015640273694e-01 1.000000000000000000e+00 0.000000000000000000e+00
1.896383186705767332e-01 1.000000000000000000e+00 0.000000000000000000e+00
1.906158357771260969e-01 1.000000000000000000e+00 0.000000000000000000e+00
1.915933528836754607e-01 1.000000000000000000e+00 0.000000000000000000e+00
1.925708699902248244e-01 1.000000000000000000e+00 0.000000000000000000e+00
1.935483870967741882e-01 1.000000000000000000e+00 0.000000000000000000e+00
1.945259042033235519e-01 1.000000000000000000e+00 0.000000000000000000e+00
1.955034213098729157e-01 1.000000000000000000e+00 0.000000000000000000e+00
1.964809384164222794e-01 1.000000000000000000e+00 0.000000000000000000e+00
1.974584555229716432e-01 1.000000000000000000e+00 0.000000000000000000e+00
1.984359726295210069e-01 1.000000000000000000e+00 0.000000000000000000e+00
1.994134897360703707e-01 1.000000000000000000e+00 0.000000000000000000e+00
2.003910068426197344e-01 1.000000000000000000e+00 0.000000000000000000e+00
2.013685239491690981e-01 1.000000000000000000e+00 0.000000000000000000e+00
2.023460410557184619e-01 1.000000000000000000e+00 0.000000000000000000e+00
2.033235581622678534e-01 1.000000000000000000e+00 0.000000000000000000e+00
2.043010752688172171e-01 1.000000000000000000e+00 0.000000000000000000e+00
2.052785923753665809e-01 1.000000000000000000e+00 0.000000000000000000e+00
2.062561094819159446e-01 1.000000000000000000e+00 0.000000000000000000e+00
2.072336265884653084e-01 1.000000000000000000e+00 0.000000000000000000e+00
2.082111436950146721e-01 1.000000000000000000e+00 0.000000000000000000e+00
2.091886608015640359e-01 1.000000000000000000e+00 0.000000000000000000e+00
2.101661779081133996e-01 1.000000000000000000e+00 0.000000000000000000e+00
2.111436950146627634e-01 1.000000000000000000e+00 0.000000000000000000e+00
2.121212121212121271e-01 1.000000000000000000e+00 0.000000000000000000e+00
2.130987292277614908e-01 1.000000000000000000e+00 0.000000000000000000e+00
2.140762463343108546e-01 1.000000000000000000e+00 0.000000000000000000e+00
2.150537634408602183e-01 1.000000000000000000e+00 0.000000000000000000e+00
2.160312805474095821e-01 1.000000000000000000e+00 0.000000000000000000e+00
2.170087976539589458e-01 1.000000000000000000e+00 0.000000000000000000e+00
2.179863147605083096e-01 1.000000000000000000e+00 0.000000000000000000e+00
2.189638318670576733e-01 1.000000000000000000e+00 0.000000000000000000e+00
2.199413489736070371e-01 1.000000000000000000e+00 0.000000000000000000e+00
2.209188660801564008e-01 1.000000000000000000e+00 0.000000000000000000e+00
2.218963831867057646e-01 1.000000000000000000e+00 0.000000000000000000e+00
2.228739002932551283e-01 1.000000000000000000e+00 0.000000000000000000e+00
2.238514173998044920e-01 1.000000000000000000e+00 0.000000000000000000e+00
2.248289345063538558e-01 1.000000000000000000e+00 0.000000000000000000e+00
2.258064516129032195e-01 1.000000000000000000e+00 0.000000000000000000e+00
2.267839687194525833e-01 1.000000000000000000e+00 0.000000000000000000e+00
2.277614858260019470e-01 1.000000000000000000e+00 0.000000000000000000e+00
2.287390029325513108e-01 1.000000000000000000e+00 0.000000000000000000e+00
2.297165200391006745e-01 1.000000000000000000e+00 0.000000000000000000e+00
2.306940371456500383e-01 1.000000000000000000e+00 0.000000000000000000e+00
2.316715542521994020e-01 1.000000000000000000e+00 0.000000000000000000e+00
2.326490713587487658e-01 1.000000000000000000e+00 0.000000000000000000e+00
2.336265884652981295e-01 1.000000000000000000e+00 0.000000000000000000e+00
2.346041055718475210e-01 1.000000000000000000e+00 0.000000000000000000e+00
2.355816226783968848e-01 1.000000000000000000e+00 0.000000000000000000e+00
2.365591397849462485e-01 1.000000000000000000e+00 0.000000000000000000e+00
2.375366568914956122e-01 1.000000000000000000e+00 0.000000000000000000e+00
2.385141739980449760e-01 1.000000000000000000e+00 0.000000000000000000e+00
2.394916911045943397e-01 1.000000000000000000e+00 0.000000000000000000e+00
2.404692082111437035e-01 1.000000000000000000e+00 0.000000000000000000e+00
2.414467253176930672e-01 1.000000000000000000e+00 0.000000000000000000e+00
2.424242424242424310e-01 1.000000000000000000e+00 0.000000000000000000e+00
2.434017595307917947e-01 1.000000000000000000e+00 0.000000000000000000e+00
2.443792766373411585e-01 1.000000000000000000e+00 0.000000000000000000e+00
2.453567937438905222e-01 1.000000000000000000e+00 0.000000000000000000e+00
2.463343108504398860e-01 1.000000000000000000e+00 0.000000000000000000e+00
2.473118279569892497e-01 1.000000000000000000e+00 0.000000000000000000e+00
2.482893450635386134e-01 1.000000000000000000e+00 0.000000000000000000e+00
2.492668621700879772e-01 1.000000000000000000e+00 0.000000000000000000e+00
2.502443792766373409e-01 1.000000000000000000e+00 0.000000000000000000e+00
2.512218963831867047e-01 1.000000000000000000e+00 0.000000000000000000e+00
2.521994134897360684e-01 1.000000000000000000e+00 0.000000000000000000e+00
2.531769305962854322e-01 1.000000000000000000e+00 0.000000000000000000e+00
2.541544477028347959e-01 1.000000000000000000e+00 0.000000000000000000e+00
2.551319648093841597e-01 1.000000000000000000e+00 0.000000000000000000e+00
2.561094819159335234e-01 1.000000000000000000e+00 0.000000000000000000e+00
2.570869990224828872e-01 1.000000000000000000e+00 0.000000000000000000e+00
2.580645161290322509e-01 1.000000000000000000e+00 0.000000000000000000e+00
2.590420332355816146e-01 1.000000000000000000e+00 0.000000000000000000e+00
2.600195503421309784e-01 1.000000000000000000e+00 0.000000000000000000e+00
2.609970674486803421e-01 1.000000000000000000e+00 0.000000000000000000e+00
2.619745845552297059e-01 1.000000000000000000e+00 0.000000000000000000e+00
2.629521016617790696e-01 1.000000000000000000e+00 0.000000000000000000e+00
2.639296187683284334e-01 1.000000000000000000e+00 0.000000000000000000e+00
2.649071358748777971e-01 1.000000000000000000e+00 0.000000000000000000e+00
2.658846529814271609e-01 1.000000000000000000e+00 0.000000000000000000e+00
2.668621700879765246e-01 1.000000000000000000e+00 0.000000000000000000e+00
2.678396871945258884e-01 1.000000000000000000e+00 0.000000000000000000e+00
2.688172043010752521e-01 1.000000000000000000e+00 0.000000000000000000e+00
2.697947214076246158e-01 1.000000000000000000e+00 0.000000000000000000e+00
2.707722385141739796e-01 1.000000000000000000e+00 0.000000000000000000e+00
2.717497556207233433e-01 1.000000000000000000e+00 0.000000000000000000e+00
2.727272727272727071e-01 1.000000000000000000e+00 0.000000000000000000e+00
2.737047898338220708e-01 1.000000000000000000e+00 0.000000000000000000e+00
2.746823069403714346e-01 1.000000000000000000e+00 0.000000000000000000e+00
2.756598240469207983e-01 1.000000000000000000e+00 0.000000000000000000e+00
2.766373411534701621e-01 1.000000000000000000e+00 0.000000000000000000e+00
2.776148582600195258e-01 1.000000000000000000e+00 0.000000000000000000e+00
2.785923753665688896e-01 1.000000000000000000e+00 0.000000000000000000e+00
2.795698924731182533e-01 1.000000000000000000e+00 0.000000000000000000e+00
2.805474095796676171e-01 1.000000000000000000e+00 0.000000000000000000e+00
2.815249266862170363e-01 1.000000000000000000e+00 0.000000000000000000e+00
2.825024437927664001e-01 1.000000000000000000e+00 0.000000000000000000e+00
2.834799608993157638e-01 1.000000000000000000e+00 0.000000000000000000e+00
2.844574780058651275e-01 1.000000000000000000e+00 0.000000000000000000e+00
2.854349951124144913e-01 1.000000000000000000e+00 0.000000000000000000e+00
2.864125122189638550e-01 1.000000000000000000e+00 0.000000000000000000e+00
2.873900293255132188e-01 1.000000000000000000e+00 0.000000000000000000e+00
2.883675464320625825e-01 1.000000000000000000e+00 0.000000000000000000e+00
2.893450635386119463e-01 1.000000000000000000e+00 0.000000000000000000e+00
2.903225806451613100e-01 1.000000000000000000e+00 0.000000000000000000e+00
2.913000977517106738e-01 1.000000000000000000e+00 0.000000000000000000e+00
2.922776148582600375e-01 1.000000000000000000e+00 0.000000000000000000e+00
2.932551319648094013e-01 1.000000000000000000e+00 0.000000000000000000e+00
2.942326490713587650e-01 1.000000000000000000e+00 0.000000000000000000e+00
2.952101661779081287e-01 1.000000000000000000e+00 0.000000000000000000e+00
2.961876832844574925e-01 1.000000000000000000e+00 0.000000000000000000e+00
2.971652003910068562e-01 1.000000000000000000e+00 0.000000000000000000e+00
2.981427174975562200e-01 1.000000000000000000e+00 0.000000000000000000e+00
2.991202346041055837e-01 1.000000000000000000e+00 0.000000000000000000e+00
3.000977517106549475e-01 1.000000000000000000e+00 0.000000000000000000e+00
3.010752688172043112e-01 1.000000000000000000e+00 0.000000000000000000e+00
3.020527859237536750e-01 1.000000000000000000e+00 0.000000000000000000e+00
3.030303030303030387e-01 1.000000000000000000e+00 0.000000000000000000e+00
3.040078201368524025e-01 1.000000000000000000e+00 0.000000000000000000e+00
3.049853372434017662e-01 1.000000000000000000e+00 0.000000000000000000e+00
3.059628543499511300e-01 1.000000000000000000e+00 0.000000000000000000e+00
3.069403714565004937e-01 1.000000000000000000e+00 0.000000000000000000e+00
3.079178885630498574e-01 1.000000000000000000e+00 0.000000000000000000e+00
3.088954056695992212e-01 1.000000000000000000e+00 0.000000000000000000e+00
3.098729227761485849e-01 1.000000000000000000e+00 0.000000000000000000e+00
3.108504398826979487e-01 1.000000000000000000e+00 0.000000000000000000e+00
3.118279569892473124e-01 1.000000000000000000e+00 0.000000000000000000e+00
3.128054740957966762e-01 1.000000000000000000e+00 0.000000000000000000e+00
3.137829912023460399e-01 1.000000000000000000e+00 0.000000000000000000e+00
3.147605083088954037e-01 1.000000000000000000e+00 0.000000000000000000e+00
3.157380254154447674e-01 1.000000000000000000e+00 0.000000000000000000e+00
3.167155425219941312e-01 1.000000000000000000e+00 0.000000000000000000e+00
3.176930596285434949e-01 1.000000000000000000e+00 0.000000000000000000e+00
3.186705767350928586e-01 1.000000000000000000e+00 0.000000000000000000e+00
3.196480938416422224e-01 1.000000000000000000e+00 0.000000000000000000e+00
3.206256109481915861e-01 1.000000000000000000e+00 0.000000000000000000e+00
3.216031280547409499e-01 1.000000000000000000e+00 0.000000000000000000e+00
3.225806451612903136e-01 1.000000000000000000e+00 0.000000000000000000e+00
3.235581622678396774e-01 1.000000000000000000e+00 0.000000000000000000e+00
3.245356793743890411e-01 1.000000000000000000e+00 0.000000000000000000e+00
3.255131964809384049e-01 1.000000000000000000e+00 0.000000000000000000e+00
3.264907135874877686e-01 1.000000000000000000e+00 0.000000000000000000e+00
3.274682306940371324e-01 1.000000000000000000e+00 0.000000000000000000e+00
3.284457478005864961e-01 1.000000000000000000e+00 0.000000000000000000e+00
3.294232649071358598e-01 1.000000000000000000e+00 0.000000000000000000e+00
3.304007820136852236e-01 1.000000000000000000e+00 0.000000000000000000e+00
3.313782991202345873e-01 1.000000000000000000e+00 6.765473228948621642e-17
3.323558162267839511e-01 9.999999999999993339e-01 4.735921233920020849e-16
3.333333333333333148e-01 9.999999999999975575e-01 2.449192291750565818e-15
3.343108504398826786e-01 9.999999999999905631e-01 6.423004437293386318e-15
3.352883675464320423e-01 9.999999999999783507e-01 1.985565208326380503e-14
3.362658846529814061e-01 9.999999999999398259e-01 4.381623054702510607e-14
3.372434017595307698e-01 9.999999999998707700e-01 1.175566773966382202e-13
3.382209188660801336e-01 9.999999999996604938e-01 2.483257863348782467e-13
3.391984359726294973e-01 9.999999999992892352e-01 6.424652370134773095e-13
3.401759530791788610e-01 9.999999999981824539e-01 1.333124553048613204e-12
3.411534701857282248e-01 9.999999999962577713e-01 3.363978085064912429e-12
3.421309872922775885e-01 9.999999999906610260e-01 6.871526460994367991e-12
3.431085043988269523e-01 9.999999999810483819e-01 1.692299960931585130e-11
3.440860215053763715e-01 9.999999999538616846e-01 3.407068178977704062e-11
3.450635386119257353e-01 9.999999999077583412e-01 8.184101969648474331e-11
3.460410557184750990e-01 9.999999997810301577e-01 1.622964527105961662e-10
3.470185728250244628e-01 9.999999995688891863e-01 3.800022346154724363e-10
3.479960899315738265e-01 9.999999990028141106e-01 7.418621534699121616e-10
3.489736070381231903e-01 9.999999980678232481e-01 1.691841094065196820e-09
3.499511241446725540e-01 9.999999956486059771e-01 3.249460938521047506e-09
3.509286412512219178e-01 9.999999917078136180e-01 7.212010851582621979e-09
3.519061583577712815e-01 9.999999818331837265e-01 1.361790104902167427e-08
3.528836754643206453e-01 9.999999659779553740e-01 2.938855776120481632e-08
3.538611925708700090e-01 9.999999275574876778e-01 5.451129353981392686e-08
3.548387096774193727e-01 9.999998667860596768e-01 1.142748045365826794e-07
3.558162267839687365e-01 9.999997246043322852e-01 2.080289658747371400e-07
3.567937438905181002e-01 9.999995032066952838e-01 4.231635883771259392e-07
3.577712609970674640e-01 9.999990040082926690e-01 7.552777355590691812e-07
3.587487781036168277e-01 9.999982393664291758e-01 1.488941713923697328e-06
3.597262952101661915e-01 9.999965813435212070e-01 2.602548777662728615e-06
3.607038123167155552e-01 9.999940853806377206e-01 4.965359694571091255e-06
3.616813294232649190e-01 9.999888935627339048e-01 8.488186147962657326e-06
3.626588465298142827e-01 9.999812205921347896e-01 1.564779768016117298e-05
3.636363636363636465e-01 9.999659553191515560e-01 2.612058572627002769e-05
3.646138807429130102e-01 9.999438354541313467e-01 4.644129984006614459e-05
3.655913978494623739e-01 9.999018953207964300e-01 7.556112538420459612e-05
3.665689149560117377e-01 9.998424042367582976e-01 1.292913038998676927e-04
3.675464320625611014e-01 9.997353700436474311e-01 2.045843074899717764e-04
3.685239491691104652e-01 9.995870378455797844e-01 3.360589902638333633e-04
3.695014662756598289e-01 9.993351150133387151e-01 5.158095448926985557e-04
3.704789833822091927e-01 9.989948498533864907e-01 8.111491445013073454e-04
3.714565004887585564e-01 9.984526067048864473e-01 1.203975008995619277e-03
3.724340175953079202e-01 9.977408927048302401e-01 1.807384085350313826e-03
3.734115347018572839e-01 9.966834402159464590e-01 2.585499797303611805e-03
3.743890518084066477e-01 9.953392681641564099e-01 3.695830616804390758e-03
3.753665689149560114e-01 9.934873791041574087e-01 5.078620329663713698e-03
3.763440860215053752e-01 9.912159632901531570e-01 6.903362625494949799e-03
3.773216031280547389e-01 9.883209282313518695e-01 9.089562237360578056e-03
3.782991202346041026e-01 9.849066182453988239e-01 1.175768339596358972e-02
3.792766373411534664e-01 9.808661113376130336e-01 1.482320607009557367e-02
3.802541544477028301e-01 9.762954238407156593e-01 1.830883529010845362e-02
3.812316715542521939e-01 9.712165358806010840e-01 2.214462284475378351e-02
3.822091886608015576e-01 9.657045691305725654e-01 2.626874967889536797e-02
3.831867057673509214e-01 9.598559111125198884e-01 3.062713511066674638e-02
3.841642228739002851e-01 9.537349397254554217e-01 3.513878494481351145e-02
3.851417399804496489e-01 9.474285895920074863e-01 3.975550112735184993e-02
3.861192570869990126e-01 9.409968202774179336e-01 4.442564971640171334e-02
3.870967741935483764e-01 9.344858757683142114e-01 4.910977506007781906e-02
3.880742913000977401e-01 9.279380209634183752e-01 5.378378201969886974e-02
3.890518084066471038e-01 9.213760407167881361e-01 5.842683779924400661e-02
3.900293255131964676e-01 9.148185246778681723e-01 6.302576406908658169e-02
3.910068426197458313e-01 9.082782471878094732e-01 6.757388076749991368e-02
3.919843597262951951e-01 9.017623056445366325e-01 7.206472632333950357e-02
3.929618768328445588e-01 8.952755397683602734e-01 7.649555134257120248e-02
3.939393939393939226e-01 8.888221167974109660e-01 8.086455122586222455e-02
3.949169110459432863e-01 8.824034992136369215e-01 8.517054780419171245e-02
3.958944281524926501e-01 8.760215389995495983e-01 8.941274094551612817e-02
3.968719452590420138e-01 8.696771884518182949e-01 9.359123950483316801e-02
3.978494623655913776e-01 8.633712847837662352e-01 9.770574140230013638e-02
3.988269794721407413e-01 8.571041065855177221e-01 1.017565005240597814e-01
3.998044965786901050e-01 8.508762631068437221e-01 1.057437035982462803e-01
4.007820136852394688e-01 8.446878066368839200e-01 1.096677607208544764e-01
4.017595307917888325e-01 8.385389854165931078e-01 1.135289481968923542e-01
4.027370478983381963e-01 8.324297940399248974e-01 1.173277966075085138e-01
4.037145650048875600e-01 8.263603469918775479e-01 1.210647222547042157e-01
4.046920821114369238e-01 8.203305347710307949e-01 1.247402588133333101e-01
4.056695992179862875e-01 8.143403665985615714e-01 1.283548922361992528e-01
4.066471163245357068e-01 8.083897181892610861e-01 1.319091953684868312e-01
4.076246334310850705e-01 8.024785185364544660e-01 1.354036902035925527e-01
4.086021505376344343e-01 7.966066130598199457e-01 1.388389511782303631e-01
4.095796676441837980e-01 7.907738907159442832e-01 1.422155318988591322e-01
4.105571847507331618e-01 7.849801851506662542e-01 1.455340128200675320e-01
4.115347018572825255e-01 7.792253499437039599e-01 1.487949571323731457e-01
4.125122189638318893e-01 7.735092093680294711e-01 1.519989448616349548e-01
4.134897360703812530e-01 7.678315999106691825e-01 1.551465472950224744e-01
4.144672531769306167e-01 7.621923393754129750e-01 1.582383416371105911e-01
4.154447702834799805e-01 7.565912511652250760e-01 1.612748986317228961e-01
4.164222873900293442e-01 7.510281499058278909e-01 1.642567915776682874e-01
4.173998044965787080e-01 7.455028530759885141e-01 1.671845891035962928e-01
4.183773216031280717e-01 7.400151732790086756e-01 1.700588586972210936e-01
4.193548387096774355e-01 7.345649247522948455e-01 1.728801637526552470e-01
4.203323558162267992e-01 7.291519202074460138e-01 1.756490654436170529e-01
4.213098729227761630e-01 7.237759736264103294e-01 1.783661209961720229e-01
4.222873900293255267e-01 7.184368988574237891e-01 1.810318842760739455e-01
4.232649071358748905e-01 7.131345111790543534e-01 1.836469051914207395e-01
4.242424242424242542e-01 7.078686269240120899e-01 1.862117299695386918e-01
4.252199413489736179e-01 7.026390641405094728e-01 1.887269007835685741e-01
4.261974584555229817e-01 6.974456425307097307e-01 1.911929557834996241e-01
4.271749755620723454e-01 6.922881838847928515e-01 1.936104289903873288e-01
4.281524926686217092e-01 6.871665122043003615e-01 1.959798503200950726e-01
4.291300097751710729e-01 6.820804539452467452e-01 1.983017455097602910e-01
4.301075268817204367e-01 6.770298381626200790e-01 2.005766361041958212e-01
4.310850439882698004e-01 6.720144967243645295e-01 2.028050394474611162e-01
4.320625610948191642e-01 6.670342644881301908e-01 2.049874686958046976e-01
4.330400782013685279e-01 6.620889794822385488e-01 2.071244328187428207e-01
4.340175953079178917e-01 6.571784830769122898e-01 2.092164366090855099e-01
4.349951124144672554e-01 6.523026201690437231e-01 2.112639807030165795e-01
4.359726295210166191e-01 6.474612393696411727e-01 2.132675616080855485e-01
4.369501466275659829e-01 6.426541931945195518e-01 2.152276717316728705e-01
4.379276637341153466e-01 6.378813382597933179e-01 2.171447994118851366e-01
4.389051808406647104e-01 6.331425354879157696e-01 2.190194289536444017e-01
4.398826979472140741e-01 6.284376503249999857e-01 2.208520406697216110e-01
4.408602150537634379e-01 6.237665529692200117e-01 2.226431109243743323e-01
4.418377321603128016e-01 6.191291186115239764e-01 2.243931121790592453e-01
4.428152492668621654e-01 6.145252276914394685e-01 2.261025130412370465e-01
4.437927663734115291e-01 6.099547661701480994e-01 2.277717783168177190e-01
4.447702834799608929e-01 6.054176258221394269e-01 2.294013690657663584e-01
4.457478005865102566e-01 6.009137045469176153e-01 2.309917426604429502e-01
4.467253176930596203e-01 5.964429067029550779e-01 2.325433528469265099e-01
4.477028347996089841e-01 5.920051434663733403e-01 2.340566498098254067e-01
4.486803519061583478e-01 5.876003332166770399e-01 2.355320802408075453e-01
4.496578690127077116e-01 5.832284019518486629e-01 2.369700874108979505e-01
4.506353861192570753e-01 5.788892837354077114e-01 2.383711112467382653e-01
4.516129032258064391e-01 5.745829211784097001e-01 2.397355884112369606e-01
4.525904203323558028e-01 5.703092659595940805e-01 2.410639523890970859e-01
4.535679374389051666e-01 5.660682793870338569e-01 2.423566335776563274e-01
4.545454545454545303e-01 5.618599330048891227e-01 2.436140593834837942e-01
4.555229716520038941e-01 5.576842092492003689e-01 2.448366543252887273e-01
4.565004887585532578e-01 5.535411021570393331e-01 2.460248401438180355e-01
4.574780058651026216e-01 5.494306181336652273e-01 2.471790359194886155e-01
4.584555229716519853e-01 5.453527767826858996e-01 2.482996581985500162e-01
4.594330400782013490e-01 5.413076118046145080e-01 2.493871211286481648e-01
4.604105571847507128e-01 5.372951719696538175e-01 2.504418366047777011e-01
4.613880742913000765e-01 5.333155221710051963e-01 2.514642144267315027e-01
4.623655913978494403e-01 5.293687445654711166e-01 2.524546624692713404e-01
4.633431085043988040e-01 5.254549398085945899e-01 2.534135868663592861e-01
4.643206256109481678e-01 5.215742283920936639e-01 2.543413922109208913e-01
4.652981427174975315e-01 5.177267520918499288e-01 2.552384817717637255e-01
4.662756598240468953e-01 5.139126755352400044e-01 2.561052577294392063e-01
4.672531769305962590e-01 5.101321878970802581e-01 2.569421214330047665e-01
4.682306940371456228e-01 5.063855047339282933e-01 2.577494736798192076e-01
4.692082111436950420e-01 5.026728699668864264e-01 2.585277150206871655e-01
4.701857282502444058e-01 4.989945580233988709e-01 2.592772460928698397e-01
4.711632453567937695e-01 4.953508761487492862e-01 2.599984679836720436e-01
4.721407624633431332e-01 4.917421668980466731e-01 2.606917826275240713e-01
4.731182795698924970e-01 4.881688108193422138e-01 2.613575932396619006e-01
4.740957966764418607e-01 4.846312293381208613e-01 2.619963047896927688e-01
4.750733137829912245e-01 4.811298878526476530e-01 2.626083245184955284e-01
4.760508308895405882e-01 4.776652990484541728e-01 2.631940625020230962e-01
4.770283479960899520e-01 4.742380264384795097e-01 2.637539322656586860e-01
4.780058651026393157e-01 4.708486881329105311e-01 2.642883514527745170e-01
4.789833822091886795e-01 4.674979608394294606e-01 2.647977425510602556e-01
4.799608993157380432e-01 4.641865840901626683e-01 2.652825336799672362e-01
4.809384164222874070e-01 4.609153646859240894e-01 2.657431594422507981e-01
4.819159335288367707e-01 4.576851813410744985e-01 2.661800618420023246e-01
4.828934506353861345e-01 4.544969895031869545e-01 2.665936912707411177e-01
4.838709677419354982e-01 4.513518263103700745e-01 2.669845075619750041e-01
4.848484848484848619e-01 4.482508156351863726e-01 2.673529811131053480e-01
4.858260019550342257e-01 4.451951731472205687e-01 2.676995940715536371e-01
4.868035190615835894e-01 4.421862113060807675e-01 2.680248415794376782e-01
4.877810361681329532e-01 4.392253441725668117e-01 2.683292330679499793e-01
4.887585532746823169e-01 4.363140918975405569e-01 2.686132935886877404e-01
4.897360703812316807e-01 4.334540847154151888e-01 2.688775651644791931e-01
4.907135874877810444e-01 4.306470662320031062e-01 2.691226081366862588e-01
4.916911045943304082e-01 4.278948957548283638e-01 2.693490024794893412e-01
4.926686217008797719e-01 4.251995493683355387e-01 2.695573490443111120e-01
4.936461388074291357e-01 4.225631194075958330e-01 2.697482706893671311e-01
4.946236559139784994e-01 4.199878119336092341e-01 2.699224132405469434e-01
4.956011730205278631e-01 4.174759417634079650e-01 2.700804462207044843e-01
4.965786901270772269e-01 4.150299245621041910e-01 2.702230632754429873e-01
4.975562072336265906e-01 4.126522654661946010e-01 2.703509822152525000e-01
4.985337243401759544e-01 4.103455436834904657e-01 2.704649445872382985e-01
4.995112414467253181e-01 4.081123925120452300e-01 2.705657146857478046e-01
5.004887585532746819e-01 4.059554742467515465e-01 2.706540779112092121e-01
5.014662756598240456e-01 4.038774495073140236e-01 2.707308383918672345e-01
5.024437927663734094e-01 4.018809406350900559e-01 2.707968157953119515e-01
5.034213098729227731e-01 3.999684889785486419e-01 2.708528412771137872e-01
5.043988269794721369e-01 3.981425061260016052e-01 2.708997525435647424e-01
5.053763440860215006e-01 3.964052194547778019e-01 2.709383880449560689e-01
5.063538611925708643e-01 3.947586127477609175e-01 2.709695803645627565e-01
5.073313782991202281e-01 3.932043630732506290e-01 2.709941489249326763e-01
5.083088954056695918e-01 3.917437756146113226e-01 2.710128921941097335e-01
5.092864125122189556e-01 3.903777186427497825e-01 2.710265796354424106e-01
5.102639296187683193e-01 3.891065613054712768e-01 2.710359436996012672e-01
5.112414467253176831e-01 3.879301173103961720e-01 2.710416721993341160e-01
5.122189638318670468e-01 3.868475978417698080e-01 2.710444014291113479e-01
5.131964809384164106e-01 3.858575771138567645e-01 2.710447103867938412e-01
5.141739980449657743e-01 3.849579737692095383e-01 2.710431164185639896e-01
5.151515151515151381e-01 3.841460508406919216e-01 2.710400725406706957e-01
5.161290322580645018e-01 3.834184362013338676e-01 2.710359665953184227e-01
5.171065493646138655e-01 3.827711643520395612e-01 2.710311222809931864e-01
5.180840664711632293e-01 3.821997391109963615e-01 2.710258019711752620e-01
5.190615835777125930e-01 3.816992153763767437e-01 2.710202111136907344e-01
5.200391006842619568e-01 3.812642967709242159e-01 2.710145039000516065e-01
5.210166177908113205e-01 3.808894447911923553e-01 2.710087898220780445e-01
5.219941348973606843e-01 3.805689942145037974e-01 2.710031406996127878e-01
5.229716520039100480e-01 3.802972690706908354e-01 2.709975977703331651e-01
5.239491691104594118e-01 3.800686935208718031e-01 2.709921784767901909e-01
5.249266862170087755e-01 3.798778924986636052e-01 2.709868826581584567e-01
5.259042033235581393e-01 3.797197778962175807e-01 2.709816979430209050e-01
5.268817204301075030e-01 3.795896173039809973e-01 2.709766042323245028e-01
5.278592375366568668e-01 3.794830836937513885e-01 2.709715772472810480e-01
5.288367546432062305e-01 3.793962858162739926e-01 2.709665911872993216e-01
5.298142717497555942e-01 3.793257803292542363e-01 2.709616205935395095e-01
5.307917888563049580e-01 3.792685676739010470e-01 2.709566415435436526e-01
5.317693059628543217e-01 3.792220744156213907e-01 2.709516323136209603e-01
5.327468230694036855e-01 3.791841251395725587e-01 2.709465736421270976e-01
5.337243401759530492e-01 3.791529070659935274e-01 2.709414487130641369e-01
5.347018572825024130e-01 3.791269303740212315e-01 2.709362429600008504e-01
5.356793743890517767e-01 3.791049868629645658e-01 2.709309437689072508e-01
5.366568914956011405e-01 3.790861091082151635e-01 2.709255401378350969e-01
5.376344086021505042e-01 3.790695317514449214e-01 2.709200223331781898e-01
5.386119257086998680e-01 3.790546560561557365e-01 2.709143815673343836e-01
5.395894428152492317e-01 3.790410183998587090e-01 2.709086097111521596e-01
5.405669599217985954e-01 3.790282629877613219e-01 2.709026990463209716e-01
5.415444770283479592e-01 3.790161187707942747e-01 2.708966420573666878e-01
5.425219941348973229e-01 3.790043803332465155e-01 2.708904312595815100e-01
5.434995112414466867e-01 3.789928923746961886e-01 2.708840590574759788e-01
5.444770283479960504e-01 3.789815373353019878e-01 2.708775176277211094e-01
5.454545454545454142e-01 3.789702256888973220e-01 2.708707988206303652e-01
5.464320625610947779e-01 3.789588884407762426e-01 2.708638940747210566e-01
5.474095796676441417e-01 3.789474714039970937e-01 2.708567943395688293e-01
5.483870967741935054e-01 3.789359308789317371e-01 2.708494900028717289e-01
5.493646138807428692e-01 3.789242304174662568e-01 2.708419708182904229e-01
5.503421309872922329e-01 3.789123384097765612e-01 2.708342258311535189e-01
5.513196480938415966e-01 3.789002262840467372e-01 2.708262432994956725e-01
5.522971652003909604e-01 3.788878671555695465e-01 2.708180106081198857e-01
5.532746823069403241e-01 3.788752348003580073e-01 2.708095141734204736e-01
5.542521994134896879e-01 3.788623028595482500e-01 2.708007393365787219e-01
5.552297165200390516e-01 3.788490442049486928e-01 2.707916702424215671e-01
5.562072336265884154e-01 3.788354304138464301e-01 2.707822897006830209e-01
5.571847507331377791e-01 3.788214313135198075e-01 2.707725790255670617e-01
5.581622678396871429e-01 3.788070145637043029e-01 2.707625178482921391e-01
5.591397849462365066e-01 3.787921452492689078e-01 2.707520838955426723e-01
5.601173020527858704e-01 3.787767854561238101e-01 2.707412527242504807e-01
5.610948191593352341e-01 3.787608938011604587e-01 2.707299973995699882e-01
5.620723362658845979e-01 3.787444248817852799e-01 2.707182880978450390e-01
5.630498533724340726e-01 3.787273286019159357e-01 2.707060916092234315e-01
5.640273704789834364e-01 3.787095493183790240e-01 2.706933707045559578e-01
5.650048875855328001e-01 3.786910247332415103e-01 2.706800833173457765e-01
5.659824046920821639e-01 3.786716844321350028e-01 2.706661814725777049e-01
5.669599217986315276e-01 3.786514479341230865e-01 2.706516098688445116e-01
5.679374389051808913e-01 3.786302220729600987e-01 2.706363039867811238e-01
5.689149560117302551e-01 3.786078974705339717e-01 2.706201875538918333e-01
5.698924731182796188e-01 3.785843437890791252e-01 2.706031691421863505e-01
5.708699902248289826e-01 3.785594033584616658e-01 2.705851376099737693e-01
5.718475073313783463e-01 3.785328826691089499e-01 2.705659560231847283e-01
5.728250244379277101e-01 3.785045411029966944e-01 2.705454536068682692e-01
5.738025415444770738e-01 3.784740761509167162e-01 2.705234151885910210e-01
5.747800586510264376e-01 3.784411042447481388e-01 2.704995675100209107e-01
5.757575757575758013e-01 3.784051362346108061e-01 2.704735617123820157e-01
5.767350928641251651e-01 3.783655464842400895e-01 2.704449512611758477e-01
5.777126099706745288e-01 3.783215345710201905e-01 2.704131645850815779e-01
5.786901270772238925e-01 3.782720786918040146e-01 2.703774717861041066e-01
5.796676441837732563e-01 3.782158801264530190e-01 2.703369449574761774e-01
5.806451612903226200e-01 3.781512985315118036e-01 2.702904119465208144e-01
5.816226783968719838e-01 3.780762784543883481e-01 2.702364038415066561e-01
5.826001955034213475e-01 3.779882682898300095e-01 2.701730970558930411e-01
5.835777126099707113e-01 3.778841339428145041e-01 2.700982516284453072e-01
5.845552297165200750e-01 3.777600706874253422e-01 2.700091482336383075e-01
5.855327468230694388e-01 3.776115180612120703e-01 2.699025273616393328e-01
5.865102639296188025e-01 3.774330840162256617e-01 2.697745351147050052e-01
5.874877810361681663e-01 3.772184858348334724e-01 2.696206809865960841e-01
5.884652981427175300e-01 3.769605163552901539e-01 2.694358137326328118e-01
5.894428152492668938e-01 3.766510446652254207e-01 2.692141218761764931e-01
5.904203323558162575e-01 3.762810604345294685e-01 2.689491654067119319e-01
5.913978494623656212e-01 3.758407703142347400e-01 2.686339446921472418e-01
5.923753665689149850e-01 3.753197532077232612e-01 2.682610114697122072e-01
5.933528836754643487e-01 3.747071786724120446e-01 2.678226249583811613e-01
5.943304007820137125e-01 3.739920892667303876e-01 2.673109536745014725e-01
5.953079178885630762e-01 3.731637434508479068e-01 2.667183205257415146e-01
5.962854349951124400e-01 3.722120109161782819e-01 2.660374853752284219e-01
5.972629521016618037e-01 3.711278072902818304e-01 2.652619557452225996e-01
5.982404692082111675e-01 3.699035504477828362e-01 2.643863129590370287e-01
5.992179863147605312e-01 3.685336166035804717e-01 2.634065381222813196e-01
6.001955034213098950e-01 3.670147714197811162e-01 2.623203202399563283e-01
6.011730205278592587e-01 3.653465499198127464e-01 2.611273277384777436e-01
6.021505376344086224e-01 3.635315593701367032e-01 2.598294249243603415e-01
6.031280547409579862e-01 3.615756816179272470e-01 2.584308165755764830e-01
6.041055718475073499e-01 3.594881556459789129e-01 2.569381069159965558e-01
6.050830889540567137e-01 3.572815271228662604e-01 2.553602635240871943e-01
6.060606060606060774e-01 3.549714591083459325e-01 2.537084820034904986e-01
6.070381231671554412e-01 3.525764062929798159e-01 2.519959531176945711e-01
6.080156402737048049e-01 3.501171635756850642e-01 2.502375401125127019e-01
6.089931573802541687e-01 3.476163077389504141e-01 2.484493796364538598e-01
6.099706744868035324e-01 3.450975578177434833e-01 2.466484245549636078e-01
6.109481915933528962e-01 3.425850849125123831e-01 2.448519506381647837e-01
6.119257086999022599e-01 3.401028052522629963e-01 2.430770512851827825e-01
6.129032258064516236e-01 3.376736910397301061e-01 2.413401449665329990e-01
6.138807429130009874e-01 3.353191319830236550e-01 2.396565189021588882e-01
6.148582600195503511e-01 3.330583766174359250e-01 2.380399297756974342e-01
6.158357771260997149e-01 3.309080769093646346e-01 2.365022782741868224e-01
6.168132942326490786e-01 3.288819527134129173e-01 2.350533692954810683e-01
6.177908113391984424e-01 3.269905850114283030e-01 2.337007642032016830e-01
6.187683284457478061e-01 3.252413391122352393e-01 2.324497259697825835e-01
6.197458455522971699e-01 3.236384117141756223e-01 2.313032528473711325e-01
6.207233626588465336e-01 3.221829894266953764e-01 2.302621916995126750e-01
6.217008797653958974e-01 3.208735013874466913e-01 2.293254185819326718e-01
6.226783968719452611e-01 3.197059452282589587e-01 2.284900717430675965e-01
6.236559139784946248e-01 3.186742639164644730e-01 2.277518209811503214e-01
6.246334310850439886e-01 3.177707508654118995e-01 2.271051572002484586e-01
6.256109481915933523e-01 3.169864619879643186e-01 2.265436869228586170e-01
6.265884652981427161e-01 3.163116157890886182e-01 2.260604182482862934e-01
6.275659824046920798e-01 3.157359658346952647e-01 2.256480270627707618e-01
6.285434995112414436e-01 3.152491336522603160e-01 2.252990949651252350e-01
6.295210166177908073e-01 3.148408939871969459e-01 2.250063131366431546e-01
6.304985337243401711e-01 3.145014080700483383e-01 2.247626490507718400e-01
6.314760508308895348e-01 3.142214039136895787e-01 2.245614753224413895e-01
6.324535679374388986e-01 3.139923054943666303e-01 2.243966620228445286e-01
6.334310850439882623e-01 3.138063148819439374e-01 2.242626353659840088e-01
6.344086021505376261e-01 3.136564529434166526e-01 2.241544067871965584e-01
6.353861192570869898e-01 3.135365651739366322e-01 2.240675770985405824e-01
6.363636363636363535e-01 3.134412995770013977e-01 2.239983206683846262e-01
6.373411534701857173e-01 3.133660634133416667e-01 2.239433544994171021e-01
6.383186705767350810e-01 3.133069651738174533e-01 2.238998967473966595e-01
6.392961876832844448e-01 3.132607474152178662e-01 2.238656187108348516e-01
6.402737047898338085e-01 3.132247152322888417e-01 2.238385937030971939e-01
6.412512218963831723e-01 3.131966642142515744e-01 2.238172455572039199e-01
6.422287390029325360e-01 3.131748108219090665e-01 2.238002988616429045e-01
6.432062561094818998e-01 3.131577272758576114e-01 2.237867324211439690e-01
6.441837732160312635e-01 3.131442823028539602e-01 2.237757369049908074e-01
6.451612903225806273e-01 3.131335884653030921e-01 2.237666772008376770e-01
6.461388074291299910e-01 3.131249563039684158e-01 2.237590596383391695e-01
6.471163245356793547e-01 3.131178551519040454e-01 2.237525039809989125e-01
6.480938416422287185e-01 3.131118802166341086e-01 2.237467198981624439e-01
6.490713587487780822e-01 3.131067253617865753e-01 2.237414875104834777e-01
6.500488758553274460e-01 3.131021609309593834e-01 2.237366415387085639e-01
6.510263929618768097e-01 3.130980159282540365e-01 2.237320585651225713e-01
6.520039100684261735e-01 3.130941638865453736e-01 2.237276469295719217e-01
6.529814271749755372e-01 3.130905118029957412e-01 2.237233388191610384e-01
6.539589442815249010e-01 3.130869915871087872e-01 2.237190841604905778e-01
6.549364613880742647e-01 3.130835535300076633e-01 2.237148459640153353e-01
6.559139784946236285e-01 3.130801613461242638e-01 2.237105967789610184e-01
6.568914956011729922e-01 3.130767883737784474e-01 2.237063159146024383e-01
6.578690127077223559e-01 3.130734146352050495e-01 2.237019871939900928e-01
6.588465298142717197e-01 3.130700247658924074e-01 2.236975974062778705e-01
6.598240469208210834e-01 3.130666072145341650e-01 2.236931361752022007e-01
6.608015640273704472e-01 3.130631548505731776e-01 2.236885976203240867e-01
6.617790811339198109e-01 3.130596650516668800e-01 2.236839812472066202e-01
6.627565982404691747e-01 3.130561340509224744e-01 2.236792845792964779e-01
6.637341153470185384e-01 3.130525418292768314e-01 2.236744816050344753e-01
6.647116324535679022e-01 3.130488409404221239e-01 2.236695051137296275e-01
6.656891495601172659e-01 3.130449938570555868e-01 2.236642970378997231e-01
6.666666666666666297e-01 3.130411004249074591e-01 2.236589916132418476e-01
6.676441837732159934e-01 3.130375203548692586e-01 2.236541056889833623e-01
6.686217008797653572e-01 3.130346091963283062e-01 2.236501908393085658e-01
6.695992179863147209e-01 3.130316292797568622e-01 2.236462779550402458e-01
6.705767350928640846e-01 3.130254674973303453e-01 2.236379243025858887e-01
6.715542521994134484e-01 3.130123723930421376e-01 2.236194283399577654e-01
6.725317693059628121e-01 3.129971053116121227e-01 2.235968241142805291e-01
6.735092864125121759e-01 3.130057212652003762e-01 2.236070805886372359e-01
6.744868035190615396e-01 3.130753766319348541e-01 2.237059385454079341e-01
6.754643206256109034e-01 3.131786728573436873e-01 2.238611307347539159e-01
6.764418377321602671e-01 3.131003148378766476e-01 2.237690111078373678e-01
6.774193548387096309e-01 3.124835918458785389e-01 2.229005221883288146e-01
6.783968719452589946e-01 3.114471928442341109e-01 2.213663058718267074e-01
6.793743890518083584e-01 3.117232345629334378e-01 2.215890423476190862e-01
6.803519061583577221e-01 3.166220772179064169e-01 2.284728603202681729e-01
6.813294232649070858e-01 3.263039907220328106e-01 2.428905181482481357e-01
6.823069403714564496e-01 3.261461906910974595e-01 2.442472688607860709e-01
6.832844574780058133e-01 2.834194197301431184e-01 1.869360314521052169e-01
6.842619745845551771e-01 2.015593242189360479e-01 8.276193733945626241e-02
6.852394916911045408e-01 1.458057663894785916e-01 1.948522794940409086e-02
6.862170087976539046e-01 1.287197390699846289e-01 3.143968917189265966e-03
6.871945259042032683e-01 1.255540518077721546e-01 4.544339501622694116e-04
6.881720430107527431e-01 1.250788440236058896e-01 6.431794674411752473e-05
6.891495601173021068e-01 1.250111326948483981e-01 9.073419508124340476e-06
6.901270772238514706e-01 1.250015700348932890e-01 1.279478552288299001e-06
6.911045943304008343e-01 1.250002213837755893e-01 1.804119659788848419e-07
6.920821114369501981e-01 1.250000312158499605e-01 2.543851349105030525e-08
6.930596285434995618e-01 1.250000044015172618e-01 3.586898410814454687e-09
6.940371456500489256e-01 1.250000006206256342e-01 5.057622942960289803e-10
6.950146627565982893e-01 1.250000000875099437e-01 7.131388126127624907e-11
6.959921798631476531e-01 1.250000000123391297e-01 1.005542428172882148e-11
6.969696969696970168e-01 1.250000000017398305e-01 1.417846348078021790e-12
6.979472140762463805e-01 1.250000000002452760e-01 1.998840026977884677e-13
6.989247311827957443e-01 1.250000000000345279e-01 2.813176254384234952e-14
6.999022482893451080e-01 1.250000000000048572e-01 3.956723411699534070e-15
7.008797653958944718e-01 1.250000000000006661e-01 5.530834527006214052e-16
7.018572825024438355e-01 1.250000000000000555e-01 6.539998875466713754e-17
7.028347996089931993e-01 1.250000000000000000e-01 2.818925049767261015e-18
7.038123167155425630e-01 1.250000000000000000e-01 8.264267937579593341e-37
7.047898338220919268e-01 1.250000000000000000e-01 1.826864727553525062e-135
7.057673509286412905e-01 1.250000000000000000e-01 4.058706446138762717e-274
7.067448680351906543e-01 1.250000000000000000e-01 0.000000000000000000e+00
7.077223851417400180e-01 1.250000000000000000e-01 0.000000000000000000e+00
7.086999022482893817e-01 1.250000000000000000e-01 0.000000000000000000e+00
7.096774193548387455e-01 1.250000000000000000e-01 0.000000000000000000e+00
7.106549364613881092e-01 1.250000000000000000e-01 0.000000000000000000e+00
7.116324535679374730e-01 1.250000000000000000e-01 0.000000000000000000e+00
7.126099706744868367e-01 1.250000000000000000e-01 0.000000000000000000e+00
7.135874877810362005e-01 1.250000000000000000e-01 0.000000000000000000e+00
7.145650048875855642e-01 1.250000000000000000e-01 0.000000000000000000e+00
7.155425219941349280e-01 1.250000000000000000e-01 0.000000000000000000e+00
7.165200391006842917e-01 1.250000000000000000e-01 0.000000000000000000e+00
7.174975562072336555e-01 1.250000000000000000e-01 0.000000000000000000e+00
7.184750733137830192e-01 1.250000000000000000e-01 0.000000000000000000e+00
7.194525904203323829e-01 1.250000000000000000e-01 0.000000000000000000e+00
7.204301075268817467e-01 1.250000000000000000e-01 0.000000000000000000e+00
7.214076246334311104e-01 1.250000000000000000e-01 0.000000000000000000e+00
7.223851417399804742e-01 1.250000000000000000e-01 0.000000000000000000e+00
7.233626588465298379e-01 1.250000000000000000e-01 0.000000000000000000e+00
7.243401759530792017e-01 1.250000000000000000e-01 0.000000000000000000e+00
7.253176930596285654e-01 1.250000000000000000e-01 0.000000000000000000e+00
7.262952101661779292e-01 1.250000000000000000e-01 0.000000000000000000e+00
7.272727272727272929e-01 1.250000000000000000e-01 0.000000000000000000e+00
7.282502443792766567e-01 1.250000000000000000e-01 0.000000000000000000e+00
7.292277614858260204e-01 1.250000000000000000e-01 0.000000000000000000e+00
7.302052785923753842e-01 1.250000000000000000e-01 0.000000000000000000e+00
7.311827956989247479e-01 1.250000000000000000e-01 0.000000000000000000e+00
7.321603128054741116e-01 1.250000000000000000e-01 0.000000000000000000e+00
7.331378299120234754e-01 1.250000000000000000e-01 0.000000000000000000e+00
7.341153470185728391e-01 1.250000000000000000e-01 0.000000000000000000e+00
7.350928641251222029e-01 1.250000000000000000e-01 0.000000000000000000e+00
7.360703812316715666e-01 1.250000000000000000e-01 0.000000000000000000e+00
7.370478983382209304e-01 1.250000000000000000e-01 0.000000000000000000e+00
7.380254154447702941e-01 1.250000000000000000e-01 0.000000000000000000e+00
7.390029325513196579e-01 1.250000000000000000e-01 0.000000000000000000e+00
7.399804496578690216e-01 1.250000000000000000e-01 0.000000000000000000e+00
7.409579667644183854e-01 1.250000000000000000e-01 0.000000000000000000e+00
7.419354838709677491e-01 1.250000000000000000e-01 0.000000000000000000e+00
7.429130009775171128e-01 1.250000000000000000e-01 0.000000000000000000e+00
7.438905180840664766e-01 1.250000000000000000e-01 0.000000000000000000e+00
7.448680351906158403e-01 1.250000000000000000e-01 0.000000000000000000e+00
7.458455522971652041e-01 1.250000000000000000e-01 0.000000000000000000e+00
7.468230694037145678e-01 1.250000000000000000e-01 0.000000000000000000e+00
7.478005865102639316e-01 1.250000000000000000e-01 0.000000000000000000e+00
7.487781036168132953e-01 1.250000000000000000e-01 0.000000000000000000e+00
7.497556207233626591e-01 1.250000000000000000e-01 0.000000000000000000e+00
7.507331378299120228e-01 1.250000000000000000e-01 0.000000000000000000e+00
7.517106549364613866e-01 1.250000000000000000e-01 0.000000000000000000e+00
7.526881720430107503e-01 1.250000000000000000e-01 0.000000000000000000e+00
7.536656891495601140e-01 1.250000000000000000e-01 0.000000000000000000e+00
7.546432062561094778e-01 1.250000000000000000e-01 0.000000000000000000e+00
7.556207233626588415e-01 1.250000000000000000e-01 0.000000000000000000e+00
7.565982404692082053e-01 1.250000000000000000e-01 0.000000000000000000e+00
7.575757575757575690e-01 1.250000000000000000e-01 0.000000000000000000e+00
7.585532746823069328e-01 1.250000000000000000e-01 0.000000000000000000e+00
7.595307917888562965e-01 1.250000000000000000e-01 0.000000000000000000e+00
7.605083088954056603e-01 1.250000000000000000e-01 0.000000000000000000e+00
7.614858260019550240e-01 1.250000000000000000e-01 0.000000000000000000e+00
7.624633431085043878e-01 1.250000000000000000e-01 0.000000000000000000e+00
7.634408602150537515e-01 1.250000000000000000e-01 0.000000000000000000e+00
7.644183773216031152e-01 1.250000000000000000e-01 0.000000000000000000e+00
7.653958944281524790e-01 1.250000000000000000e-01 0.000000000000000000e+00
7.663734115347018427e-01 1.250000000000000000e-01 0.000000000000000000e+00
7.673509286412512065e-01 1.250000000000000000e-01 0.000000000000000000e+00
7.683284457478005702e-01 1.250000000000000000e-01 0.000000000000000000e+00
7.693059628543499340e-01 1.250000000000000000e-01 0.000000000000000000e+00
7.702834799608992977e-01 1.250000000000000000e-01 0.000000000000000000e+00
7.712609970674486615e-01 1.250000000000000000e-01 0.000000000000000000e+00
7.722385141739980252e-01 1.250000000000000000e-01 0.000000000000000000e+00
7.732160312805473890e-01 1.250000000000000000e-01 0.000000000000000000e+00
7.741935483870967527e-01 1.250000000000000000e-01 0.000000000000000000e+00
7.751710654936461165e-01 1.250000000000000000e-01 0.000000000000000000e+00
7.761485826001954802e-01 1.250000000000000000e-01 0.000000000000000000e+00
7.771260997067448439e-01 1.250000000000000000e-01 0.000000000000000000e+00
7.781036168132942077e-01 1.250000000000000000e-01 0.000000000000000000e+00
7.790811339198435714e-01 1.250000000000000000e-01 0.000000000000000000e+00
7.800586510263929352e-01 1.250000000000000000e-01 0.000000000000000000e+00
7.810361681329422989e-01 1.250000000000000000e-01 0.000000000000000000e+00
7.820136852394916627e-01 1.250000000000000000e-01 0.000000000000000000e+00
7.829912023460410264e-01 1.250000000000000000e-01 0.000000000000000000e+00
7.839687194525903902e-01 1.250000000000000000e-01 0.000000000000000000e+00
7.849462365591397539e-01 1.250000000000000000e-01 0.000000000000000000e+00
7.859237536656891177e-01 1.250000000000000000e-01 0.000000000000000000e+00
7.869012707722384814e-01 1.250000000000000000e-01 0.000000000000000000e+00
7.878787878787878451e-01 1.250000000000000000e-01 0.000000000000000000e+00
7.888563049853372089e-01 1.250000000000000000e-01 0.000000000000000000e+00
7.898338220918865726e-01 1.250000000000000000e-01 0.000000000000000000e+00
7.908113391984359364e-01 1.250000000000000000e-01 0.000000000000000000e+00
7.917888563049853001e-01 1.250000000000000000e-01 0.000000000000000000e+00
7.927663734115346639e-01 1.250000000000000000e-01 0.000000000000000000e+00
7.937438905180840276e-01 1.250000000000000000e-01 0.000000000000000000e+00
7.947214076246333914e-01 1.250000000000000000e-01 0.000000000000000000e+00
7.956989247311827551e-01 1.250000000000000000e-01 0.000000000000000000e+00
7.966764418377321189e-01 1.250000000000000000e-01 0.000000000000000000e+00
7.976539589442814826e-01 1.250000000000000000e-01 0.000000000000000000e+00
7.986314760508308463e-01 1.250000000000000000e-01 0.000000000000000000e+00
7.996089931573802101e-01 1.250000000000000000e-01 0.000000000000000000e+00
8.005865102639295738e-01 1.250000000000000000e-01 0.000000000000000000e+00
8.015640273704789376e-01 1.250000000000000000e-01 0.000000000000000000e+00
8.025415444770283013e-01 1.250000000000000000e-01 0.000000000000000000e+00
8.035190615835776651e-01 1.250000000000000000e-01 0.000000000000000000e+00
8.044965786901270288e-01 1.250000000000000000e-01 0.000000000000000000e+00
8.054740957966763926e-01 1.250000000000000000e-01 0.000000000000000000e+00
8.064516129032257563e-01 1.250000000000000000e-01 0.000000000000000000e+00
8.074291300097751201e-01 1.250000000000000000e-01 0.000000000000000000e+00
8.084066471163244838e-01 1.250000000000000000e-01 0.000000000000000000e+00
8.093841642228738475e-01 1.250000000000000000e-01 0.000000000000000000e+00
8.103616813294232113e-01 1.250000000000000000e-01 0.000000000000000000e+00
8.113391984359725750e-01 1.250000000000000000e-01 0.000000000000000000e+00
8.123167155425219388e-01 1.250000000000000000e-01 0.000000000000000000e+00
8.132942326490714136e-01 1.250000000000000000e-01 0.000000000000000000e+00
8.142717497556207773e-01 1.250000000000000000e-01 0.000000000000000000e+00
8.152492668621701410e-01 1.250000000000000000e-01 0.000000000000000000e+00
8.162267839687195048e-01 1.250000000000000000e-01 0.000000000000000000e+00
8.172043010752688685e-01 1.250000000000000000e-01 0.000000000000000000e+00
8.181818181818182323e-01 1.250000000000000000e-01 0.000000000000000000e+00
8.191593352883675960e-01 1.250000000000000000e-01 0.000000000000000000e+00
8.201368523949169598e-01 1.250000000000000000e-01 0.000000000000000000e+00
8.211143695014663235e-01 1.250000000000000000e-01 0.000000000000000000e+00
8.220918866080156873e-01 1.250000000000000000e-01 0.000000000000000000e+00
8.230694037145650510e-01 1.250000000000000000e-01 0.000000000000000000e+00
8.240469208211144148e-01 1.250000000000000000e-01 0.000000000000000000e+00
8.250244379276637785e-01 1.250000000000000000e-01 0.000000000000000000e+00
8.260019550342131422e-01 1.250000000000000000e-01 0.000000000000000000e+00
8.269794721407625060e-01 1.250000000000000000e-01 0.000000000000000000e+00
8.279569892473118697e-01 1.250000000000000000e-01 0.000000000000000000e+00
8.289345063538612335e-01 1.250000000000000000e-01 0.000000000000000000e+00
8.299120234604105972e-01 1.250000000000000000e-01 0.000000000000000000e+00
8.308895405669599610e-01 1.250000000000000000e-01 0.000000000000000000e+00
8.318670576735093247e-01 1.250000000000000000e-01 0.000000000000000000e+00
8.328445747800586885e-01 1.250000000000000000e-01 0.000000000000000000e+00
8.338220918866080522e-01 1.250000000000000000e-01 0.000000000000000000e+00
8.347996089931574160e-01 1.250000000000000000e-01 0.000000000000000000e+00
8.357771260997067797e-01 1.250000000000000000e-01 0.000000000000000000e+00
8.367546432062561435e-01 1.250000000000000000e-01 0.000000000000000000e+00
8.377321603128055072e-01 1.250000000000000000e-01 0.000000000000000000e+00
8.387096774193548709e-01 1.250000000000000000e-01 0.000000000000000000e+00
8.396871945259042347e-01 1.250000000000000000e-01 0.000000000000000000e+00
8.406647116324535984e-01 1.250000000000000000e-01 0.000000000000000000e+00
8.416422287390029622e-01 1.250000000000000000e-01 0.000000000000000000e+00
8.426197458455523259e-01 1.250000000000000000e-01 0.000000000000000000e+00
8.435972629521016897e-01 1.250000000000000000e-01 0.000000000000000000e+00
8.445747800586510534e-01 1.250000000000000000e-01 0.000000000000000000e+00
8.455522971652004172e-01 1.250000000000000000e-01 0.000000000000000000e+00
8.465298142717497809e-01 1.250000000000000000e-01 0.000000000000000000e+00
8.475073313782991447e-01 1.250000000000000000e-01 0.000000000000000000e+00
8.484848484848485084e-01 1.250000000000000000e-01 0.000000000000000000e+00
8.494623655913978721e-01 1.250000000000000000e-01 0.000000000000000000e+00
8.504398826979472359e-01 1.250000000000000000e-01 0.000000000000000000e+00
8.514173998044965996e-01 1.250000000000000000e-01 0.000000000000000000e+00
8.523949169110459634e-01 1.250000000000000000e-01 0.000000000000000000e+00
8.533724340175953271e-01 1.250000000000000000e-01 0.000000000000000000e+00
8.543499511241446909e-01 1.250000000000000000e-01 0.000000000000000000e+00
8.553274682306940546e-01 1.250000000000000000e-01 0.000000000000000000e+00
8.563049853372434184e-01 1.250000000000000000e-01 0.000000000000000000e+00
8.572825024437927821e-01 1.250000000000000000e-01 0.000000000000000000e+00
8.582600195503421459e-01 1.250000000000000000e-01 0.000000000000000000e+00
8.592375366568915096e-01 1.250000000000000000e-01 0.000000000000000000e+00
8.602150537634408733e-01 1.250000000000000000e-01 0.000000000000000000e+00
8.611925708699902371e-01 1.250000000000000000e-01 0.000000000000000000e+00
8.621700879765396008e-01 1.250000000000000000e-01 0.000000000000000000e+00
8.631476050830889646e-01 1.250000000000000000e-01 0.000000000000000000e+00
8.641251221896383283e-01 1.250000000000000000e-01 0.000000000000000000e+00
8.651026392961876921e-01 1.250000000000000000e-01 0.000000000000000000e+00
8.660801564027370558e-01 1.250000000000000000e-01 0.000000000000000000e+00
8.670576735092864196e-01 1.250000000000000000e-01 0.000000000000000000e+00
8.680351906158357833e-01 1.250000000000000000e-01 0.000000000000000000e+00
8.690127077223851471e-01 1.250000000000000000e-01 0.000000000000000000e+00
8.699902248289345108e-01 1.250000000000000000e-01 0.000000000000000000e+00
8.709677419354838745e-01 1.250000000000000000e-01 0.000000000000000000e+00
8.719452590420332383e-01 1.250000000000000000e-01 0.000000000000000000e+00
8.729227761485826020e-01 1.250000000000000000e-01 0.000000000000000000e+00
8.739002932551319658e-01 1.250000000000000000e-01 0.000000000000000000e+00
8.748778103616813295e-01 1.250000000000000000e-01 0.000000000000000000e+00
8.758553274682306933e-01 1.250000000000000000e-01 0.000000000000000000e+00
8.768328445747800570e-01 1.250000000000000000e-01 0.000000000000000000e+00
8.778103616813294208e-01 1.250000000000000000e-01 0.000000000000000000e+00
8.787878787878787845e-01 1.250000000000000000e-01 0.000000000000000000e+00
8.797653958944281483e-01 1.250000000000000000e-01 0.000000000000000000e+00
8.807429130009775120e-01 1.250000000000000000e-01 0.000000000000000000e+00
8.817204301075268758e-01 1.250000000000000000e-01 0.000000000000000000e+00
8.826979472140762395e-01 1.250000000000000000e-01 0.000000000000000000e+00
8.836754643206256032e-01 1.250000000000000000e-01 0.000000000000000000e+00
8.846529814271749670e-01 1.250000000000000000e-01 0.000000000000000000e+00
8.856304985337243307e-01 1.250000000000000000e-01 0.000000000000000000e+00
8.866080156402736945e-01 1.250000000000000000e-01 0.000000000000000000e+00
8.875855327468230582e-01 1.250000000000000000e-01 0.000000000000000000e+00
8.885630498533724220e-01 1.250000000000000000e-01 0.000000000000000000e+00
8.895405669599217857e-01 1.250000000000000000e-01 0.000000000000000000e+00
8.905180840664711495e-01 1.250000000000000000e-01 0.000000000000000000e+00
8.914956011730205132e-01 1.250000000000000000e-01 0.000000000000000000e+00
8.924731182795698770e-01 1.250000000000000000e-01 0.000000000000000000e+00
8.934506353861192407e-01 1.250000000000000000e-01 0.000000000000000000e+00
8.944281524926686044e-01 1.250000000000000000e-01 0.000000000000000000e+00
8.954056695992179682e-01 1.250000000000000000e-01 0.000000000000000000e+00
8.963831867057673319e-01 1.250000000000000000e-01 0.000000000000000000e+00
8.973607038123166957e-01 1.250000000000000000e-01 0.000000000000000000e+00
8.983382209188660594e-01 1.250000000000000000e-01 0.000000000000000000e+00
8.993157380254154232e-01 1.250000000000000000e-01 0.000000000000000000e+00
9.002932551319647869e-01 1.250000000000000000e-01 0.000000000000000000e+00
9.012707722385141507e-01 1.250000000000000000e-01 0.000000000000000000e+00
9.022482893450635144e-01 1.250000000000000000e-01 0.000000000000000000e+00
9.032258064516128782e-01 1.250000000000000000e-01 0.000000000000000000e+00
9.042033235581622419e-01 1.250000000000000000e-01 0.000000000000000000e+00
9.051808406647116056e-01 1.250000000000000000e-01 0.000000000000000000e+00
9.061583577712609694e-01 1.250000000000000000e-01 0.000000000000000000e+00
9.071358748778103331e-01 1.250000000000000000e-01 0.000000000000000000e+00
9.081133919843596969e-01 1.250000000000000000e-01 0.000000000000000000e+00
9.090909090909090606e-01 1.250000000000000000e-01 0.000000000000000000e+00
9.100684261974584244e-01 1.250000000000000000e-01 0.000000000000000000e+00
9.110459433040077881e-01 1.250000000000000000e-01 0.000000000000000000e+00
9.120234604105571519e-01 1.250000000000000000e-01 0.000000000000000000e+00
9.130009775171065156e-01 1.250000000000000000e-01 0.000000000000000000e+00
9.139784946236558794e-01 1.250000000000000000e-01 0.000000000000000000e+00
9.149560117302052431e-01 1.250000000000000000e-01 0.000000000000000000e+00
9.159335288367546068e-01 1.250000000000000000e-01 0.000000000000000000e+00
9.169110459433039706e-01 1.250000000000000000e-01 0.000000000000000000e+00
9.178885630498533343e-01 1.250000000000000000e-01 0.000000000000000000e+00
9.188660801564026981e-01 1.250000000000000000e-01 0.000000000000000000e+00
9.198435972629520618e-01 1.250000000000000000e-01 0.000000000000000000e+00
9.208211143695014256e-01 1.250000000000000000e-01 0.000000000000000000e+00
9.217986314760507893e-01 1.250000000000000000e-01 0.000000000000000000e+00
9.227761485826001531e-01 1.250000000000000000e-01 0.000000000000000000e+00
9.237536656891495168e-01 1.250000000000000000e-01 0.000000000000000000e+00
9.247311827956988806e-01 1.250000000000000000e-01 0.000000000000000000e+00
9.257086999022482443e-01 1.250000000000000000e-01 0.000000000000000000e+00
9.266862170087976081e-01 1.250000000000000000e-01 0.000000000000000000e+00
9.276637341153469718e-01 1.250000000000000000e-01 0.000000000000000000e+00
9.286412512218963355e-01 1.250000000000000000e-01 0.000000000000000000e+00
9.296187683284456993e-01 1.250000000000000000e-01 0.000000000000000000e+00
9.305962854349950630e-01 1.250000000000000000e-01 0.000000000000000000e+00
9.315738025415444268e-01 1.250000000000000000e-01 0.000000000000000000e+00
9.325513196480937905e-01 1.250000000000000000e-01 0.000000000000000000e+00
9.335288367546431543e-01 1.250000000000000000e-01 0.000000000000000000e+00
9.345063538611925180e-01 1.250000000000000000e-01 0.000000000000000000e+00
9.354838709677418818e-01 1.250000000000000000e-01 0.000000000000000000e+00
9.364613880742912455e-01 1.250000000000000000e-01 0.000000000000000000e+00
9.374389051808406093e-01 1.250000000000000000e-01 0.000000000000000000e+00
9.384164222873900840e-01 1.250000000000000000e-01 0.000000000000000000e+00
9.393939393939394478e-01 1.250000000000000000e-01 0.000000000000000000e+00
9.403714565004888115e-01 1.250000000000000000e-01 0.000000000000000000e+00
9.413489736070381753e-01 1.250000000000000000e-01 0.000000000000000000e+00
9.423264907135875390e-01 1.250000000000000000e-01 0.000000000000000000e+00
9.433040078201369028e-01 1.250000000000000000e-01 0.000000000000000000e+00
9.442815249266862665e-01 1.250000000000000000e-01 0.000000000000000000e+00
9.452590420332356302e-01 1.250000000000000000e-01 0.000000000000000000e+00
9.462365591397849940e-01 1.250000000000000000e-01 0.000000000000000000e+00
9.472140762463343577e-01 1.250000000000000000e-01 0.000000000000000000e+00
9.481915933528837215e-01 1.250000000000000000e-01 0.000000000000000000e+00
9.491691104594330852e-01 1.250000000000000000e-01 0.000000000000000000e+00
9.501466275659824490e-01 1.250000000000000000e-01 0.000000000000000000e+00
9.511241446725318127e-01 1.250000000000000000e-01 0.000000000000000000e+00
9.521016617790811765e-01 1.250000000000000000e-01 0.000000000000000000e+00
9.530791788856305402e-01 1.250000000000000000e-01 0.000000000000000000e+00
9.540566959921799040e-01 1.250000000000000000e-01 0.000000000000000000e+00
9.550342130987292677e-01 1.250000000000000000e-01 0.000000000000000000e+00
9.560117302052786314e-01 1.250000000000000000e-01 0.000000000000000000e+00
9.569892473118279952e-01 1.250000000000000000e-01 0.000000000000000000e+00
9.579667644183773589e-01 1.250000000000000000e-01 0.000000000000000000e+00
9.589442815249267227e-01 1.250000000000000000e-01 0.000000000000000000e+00
9.599217986314760864e-01 1.250000000000000000e-01 0.000000000000000000e+00
9.608993157380254502e-01 1.250000000000000000e-01 0.000000000000000000e+00
9.618768328445748139e-01 1.250000000000000000e-01 0.000000000000000000e+00
9.628543499511241777e-01 1.250000000000000000e-01 0.000000000000000000e+00
9.638318670576735414e-01 1.250000000000000000e-01 0.000000000000000000e+00
9.648093841642229052e-01 1.250000000000000000e-01 0.000000000000000000e+00
9.657869012707722689e-01 1.250000000000000000e-01 0.000000000000000000e+00
9.667644183773216326e-01 1.250000000000000000e-01 0.000000000000000000e+00
9.677419354838709964e-01 1.250000000000000000e-01 0.000000000000000000e+00
9.687194525904203601e-01 1.250000000000000000e-01 0.000000000000000000e+00
9.696969696969697239e-01 1.250000000000000000e-01 0.000000000000000000e+00
9.706744868035190876e-01 1.250000000000000000e-01 0.000000000000000000e+00
9.716520039100684514e-01 1.250000000000000000e-01 0.000000000000000000e+00
9.726295210166178151e-01 1.250000000000000000e-01 0.000000000000000000e+00
9.736070381231671789e-01 1.250000000000000000e-01 0.000000000000000000e+00
9.745845552297165426e-01 1.250000000000000000e-01 0.000000000000000000e+00
9.755620723362659064e-01 1.250000000000000000e-01 0.000000000000000000e+00
9.765395894428152701e-01 1.250000000000000000e-01 0.000000000000000000e+00
9.775171065493646338e-01 1.250000000000000000e-01 0.000000000000000000e+00
9.784946236559139976e-01 1.250000000000000000e-01 0.000000000000000000e+00
9.794721407624633613e-01 1.250000000000000000e-01 0.000000000000000000e+00
9.804496578690127251e-01 1.250000000000000000e-01 0.000000000000000000e+00
9.814271749755620888e-01 1.250000000000000000e-01 0.000000000000000000e+00
9.824046920821114526e-01 1.250000000000000000e-01 0.000000000000000000e+00
9.833822091886608163e-01 1.250000000000000000e-01 0.000000000000000000e+00
9.843597262952101801e-01 1.250000000000000000e-01 0.000000000000000000e+00
9.853372434017595438e-01 1.250000000000000000e-01 0.000000000000000000e+00
9.863147605083089076e-01 1.250000000000000000e-01 0.000000000000000000e+00
9.872922776148582713e-01 1.250000000000000000e-01 0.000000000000000000e+00
9.882697947214076351e-01 1.250000000000000000e-01 0.000000000000000000e+00
9.892473118279569988e-01 1.250000000000000000e-01 0.000000000000000000e+00
9.902248289345063625e-01 1.250000000000000000e-01 0.000000000000000000e+00
9.912023460410557263e-01 1.250000000000000000e-01 0.000000000000000000e+00
9.921798631476050900e-01 1.250000000000000000e-01 0.000000000000000000e+00
9.931573802541544538e-01 1.250000000000000000e-01 0.000000000000000000e+00
9.941348973607038175e-01 1.250000000000000000e-01 0.000000000000000000e+00
9.951124144672531813e-01 1.250000000000000000e-01 0.000000000000000000e+00
9.960899315738025450e-01 1.250000000000000000e-01 0.000000000000000000e+00
9.970674486803519088e-01 1.250000000000000000e-01 0.000000000000000000e+00
9.980449657869012725e-01 1.250000000000000000e-01 0.000000000000000000e+00
9.990224828934506363e-01 1.250000000000000000e-01 -0.000000000000000000e+00
1.000000000000000000e+00 1.250000000000000000e-01 -0.000000000000000000e+00
