# 1.3820319586583076
0.000000000000000000e+00 5.482107628431263924e-02 5.482107628431263924e-02
1.010101010101010187e-02 5.554322614325724744e-02 5.554322614325724744e-02
2.020202020202020374e-02 5.554322614325724744e-02 5.554322614325724744e-02
3.030303030303030387e-02 5.482107628431263924e-02 5.482107628431263924e-02
4.040404040404040747e-02 5.944096072551992294e-02 5.944096072551992294e-02
5.050505050505050414e-02 5.902151240757295969e-02 5.902151240757295969e-02
6.060606060606060774e-02 6.602837615418960526e-02 6.602837615418960526e-02
7.070707070707070441e-02 6.789557191513212464e-02 6.789557191513212464e-02
8.080808080808081495e-02 7.712035864450304812e-02 7.712035864450304812e-02
9.090909090909091161e-02 8.251584932277433726e-02 8.251584932277433726e-02
1.010101010101010083e-01 9.363405329461216287e-02 9.363405329461216287e-02
1.111111111111111049e-01 1.026358071784847226e-01 1.026358071784847226e-01
1.212121212121212155e-01 1.168017465111534092e-01 1.168017465111534092e-01
1.313131313131313260e-01 1.298506444677538230e-01 1.298506444677538230e-01
1.414141414141414088e-01 1.471784079827447855e-01 1.471784079827447855e-01
1.515151515151515194e-01 1.644276528222206601e-01 1.644276528222206601e-01
1.616161616161616299e-01 1.854126649401333926e-01 1.854126649401333926e-01
1.717171717171717127e-01 2.068633024911863405e-01 2.068633024911863405e-01
1.818181818181818232e-01 2.313949740857808857e-01 2.313949740857808857e-01
1.919191919191919060e-01 2.565451267831124760e-01 2.565451267831124760e-01
2.020202020202020166e-01 2.839444067894432711e-01 2.839444067894432711e-01
2.121212121212121271e-01 3.116903161213837592e-01 3.116903161213837592e-01
2.222222222222222099e-01 3.406296622790022655e-01 3.406296622790022655e-01
2.323232323232323204e-01 3.691383099202620865e-01 3.691383099202620865e-01
2.424242424242424310e-01 3.973534696470039651e-01 3.973534696470039651e-01
2.525252525252525415e-01 4.239702933893371162e-01 4.239702933893371162e-01
2.626262626262626521e-01 4.486644677098575174e-01 4.486644677098575174e-01
2.727272727272727071e-01 4.705876856939540942e-01 4.705876856939540942e-01
2.828282828282828176e-01 4.891682751759962033e-01 4.891682751759962033e-01
2.929292929292929282e-01 5.043411205338503844e-01 5.043411205338503844e-01
3.030303030303030387e-01 5.155031692984251013e-01 5.155031692984251013e-01
3.131313131313131493e-01 5.236176543721381416e-01 5.236176543721381416e-01
3.232323232323232598e-01 5.279624111930025787e-01 5.279624111930025787e-01
3.333333333333333148e-01 5.305907334050986579e-01 5.305907334050986579e-01
3.434343434343434254e-01 5.302724187399971978e-01 5.302724187399971978e-01
3.535353535353535359e-01 5.301177334262084928e-01 5.301177334262084928e-01
3.636363636363636465e-01 5.277234592749915354e-01 5.277234592749915354e-01
3.737373737373737570e-01 5.273729786022628430e-01 5.273729786022628430e-01
3.838383838383838120e-01 5.246458414607050313e-01 5.246458414607050313e-01
3.939393939393939226e-01 5.256251196403834980e-01 5.256251196403834980e-01
4.040404040404040331e-01 5.229071853043388840e-01 5.229071853043388840e-01
4.141414141414141437e-01 5.256249314638040682e-01 5.256249314638040682e-01
4.242424242424242542e-01 5.222932820118847408e-01 5.222932820118847408e-01
4.343434343434343647e-01 5.266093862865426356e-01 5.266093862865426356e-01
4.444444444444444198e-01 5.219813448309911230e-01 5.219813448309911230e-01
4.545454545454545303e-01 5.276860412610197004e-01 5.276860412610197004e-01
4.646464646464646409e-01 5.216330444605782324e-01 5.216330444605782324e-01
4.747474747474747514e-01 5.284066050795455105e-01 5.284066050795455105e-01
4.848484848484848619e-01 5.213829981763109522e-01 5.213829981763109522e-01
4.949494949494949725e-01 5.285784968532796224e-01 5.285784968532796224e-01
5.050505050505050830e-01 6.517895628241524575e-01 6.517895628241524575e-01
5.151515151515151381e-01 6.601387618391237888e-01 6.601387618391237888e-01
5.252525252525253041e-01 6.523284308793622088e-01 6.523284308793622088e-01
5.353535353535353591e-01 6.591716746963214302e-01 6.591716746963214302e-01
5.454545454545454142e-01 6.532834175298419810e-01 6.532834175298419810e-01
5.555555555555555802e-01 6.581665119695214727e-01 6.581665119695214727e-01
5.656565656565656353e-01 6.543055520038651984e-01 6.543055520038651984e-01
5.757575757575758013e-01 6.572991871818331111e-01 6.572991871818331111e-01
5.858585858585858563e-01 6.551139360492750363e-01 6.551139360492750363e-01
5.959595959595959114e-01 6.567760856465491015e-01 6.567760856465491015e-01
6.060606060606060774e-01 6.557003976342874463e-01 6.557003976342874463e-01
6.161616161616161325e-01 6.566345212132705944e-01 6.566345212132705944e-01
6.262626262626262985e-01 6.560574954227399447e-01 6.560574954227399447e-01
6.363636363636363535e-01 6.566994621502936225e-01 6.566994621502936225e-01
6.464646464646465196e-01 6.562193217311034221e-01 6.562193217311034221e-01
6.565656565656565746e-01 6.566859426819154910e-01 6.566859426819154910e-01
6.666666666666666297e-01 6.557960317433197961e-01 6.557960317433197961e-01
6.767676767676767957e-01 6.554762488768594020e-01 6.554762488768594020e-01
6.868686868686868507e-01 6.533848937517775513e-01 6.533848937517775513e-01
6.969696969696970168e-01 6.516401321661899892e-01 6.516401321661899892e-01
7.070707070707070718e-01 6.483742439109494438e-01 6.483742439109494438e-01
7.171717171717171269e-01 6.458988410319566054e-01 6.458988410319566054e-01
7.272727272727272929e-01 6.429411014979440342e-01 6.429411014979440342e-01
7.373737373737373479e-01 6.417569393806706879e-01 6.417569393806706879e-01
7.474747474747475140e-01 6.415877211345006881e-01 6.415877211345006881e-01
7.575757575757575690e-01 6.444472562176269959e-01 6.444472562176269959e-01
7.676767676767676241e-01 6.497602370543557049e-01 6.497602370543557049e-01
7.777777777777777901e-01 6.589964737898522662e-01 6.589964737898522662e-01
7.878787878787878451e-01 6.715774216033638666e-01 6.715774216033638666e-01
7.979797979797980112e-01 6.885699900883097690e-01 6.885699900883097690e-01
8.080808080808080662e-01 7.097371222883116504e-01 7.097371222883116504e-01
8.181818181818182323e-01 7.355935788912142392e-01 7.355935788912142392e-01
8.282828282828282873e-01 7.655930945869784399e-01 7.655930945869784399e-01
8.383838383838383423e-01 7.991005052490758320e-01 7.991005052490758320e-01
8.484848484848485084e-01 8.364696424577353628e-01 8.364696424577353628e-01
8.585858585858585634e-01 8.759690931519066304e-01 8.759690931519066304e-01
8.686868686868687295e-01 9.176100221130492063e-01 9.176100221130492063e-01
8.787878787878787845e-01 9.567760508322253887e-01 9.567760508322253887e-01
8.888888888888888395e-01 9.969771050113271915e-01 9.969771050113271915e-01
8.989898989898990056e-01 1.030734561742009170e+00 1.030734561742009170e+00
9.090909090909090606e-01 1.064919381580014424e+00 1.064919381580014424e+00
9.191919191919192267e-01 1.089398322205191061e+00 1.089398322205191061e+00
9.292929292929292817e-01 1.114056152322640436e+00 1.114056152322640436e+00
9.393939393939394478e-01 1.130072516379556413e+00 1.130072516379556413e+00
9.494949494949495028e-01 1.144901077135860090e+00 1.144901077135860090e+00
9.595959595959595578e-01 1.154152544708917816e+00 1.154152544708917816e+00
9.696969696969697239e-01 1.160694899988172102e+00 1.160694899988172102e+00
9.797979797979797789e-01 1.163512381098622317e+00 1.163512381098622317e+00
9.898989898989899450e-01 1.163512381098622317e+00 1.163512381098622317e+00
1.000000000000000000e+00 1.160694899988172102e+00 1.160694899988172102e+00
