# 0.9345670399676514
0.000000000000000000e+00 4.967687520796904010e-02 4.967687520796904010e-02
1.010101010101010187e-02 4.985948216841169789e-02 4.985948216841169789e-02
2.020202020202020374e-02 4.985948216841169789e-02 4.985948216841169789e-02
3.030303030303030387e-02 4.967687520796904010e-02 4.967687520796904010e-02
4.040404040404040747e-02 4.965379046471411761e-02 4.965379046471411761e-02
5.050505050505050414e-02 5.001502023252626938e-02 5.001502023252626938e-02
6.060606060606060774e-02 4.978453401842866666e-02 4.978453401842866666e-02
7.070707070707070441e-02 4.962571956545235724e-02 4.962571956545235724e-02
8.080808080808081495e-02 4.953731049166298916e-02 4.953731049166298916e-02
9.090909090909091161e-02 5.024267811334445083e-02 5.024267811334445083e-02
1.010101010101010083e-01 4.975922806418390382e-02 4.975922806418390382e-02
1.111111111111111049e-01 4.960856024425430721e-02 4.960856024425430721e-02
1.212121212121212155e-01 4.932546668460478789e-02 4.932546668460478789e-02
1.313131313131313260e-01 5.038200768689519299e-02 5.038200768689519299e-02
1.414141414141414088e-01 4.972721181390932221e-02 4.972721181390932221e-02
1.515151515151515194e-01 4.991904642680063120e-02 4.991904642680063120e-02
1.616161616161616299e-01 4.904063390884965540e-02 4.904063390884965540e-02
1.717171717171717127e-01 5.016697341322304965e-02 5.016697341322304965e-02
1.818181818181818232e-01 4.961294764687954745e-02 4.961294764687954745e-02
1.919191919191919060e-01 5.079432317888508963e-02 5.079432317888508963e-02
2.020202020202020166e-01 4.885456813964385303e-02 4.885456813964385303e-02
2.121212121212121271e-01 4.980545116583314641e-02 4.980545116583314641e-02
2.222222222222222099e-01 4.873369766762616212e-02 4.873369766762616212e-02
2.323232323232323204e-01 5.114129844100798183e-02 5.114129844100798183e-02
2.424242424242424310e-01 4.936027470251597854e-02 4.936027470251597854e-02
2.525252525252525415e-01 5.116245256450677875e-02 5.116245256450677875e-02
2.626262626262626521e-01 4.765248750663798882e-02 4.765248750663798882e-02
2.727272727272727071e-01 5.031288372183188168e-02 5.031288372183188168e-02
2.828282828282828176e-01 4.893322426598790964e-02 4.893322426598790964e-02
2.929292929292929282e-01 5.342667977060987228e-02 5.342667977060987228e-02
3.030303030303030387e-01 4.985770107890826613e-02 4.985770107890826613e-02
3.131313131313131493e-01 5.288318631521155694e-02 5.288318631521155694e-02
3.232323232323232598e-01 4.385296723598341995e-02 4.385296723598341995e-02
3.333333333333333148e-01 4.507703716287977946e-02 4.507703716287977946e-02
3.434343434343434254e-01 3.875318133752355537e-02 3.875318133752355537e-02
3.535353535353535359e-01 4.352466628403632576e-02 4.352466628403632576e-02
3.636363636363636465e-01 4.966912282867801121e-02 4.966912282867801121e-02
3.737373737373737570e-01 6.095659280534400370e-02 6.095659280534400370e-02
3.838383838383838120e-01 7.645656287995507283e-02 7.645656287995507283e-02
3.939393939393939226e-01 9.372600496354033250e-02 9.372600496354033250e-02
4.040404040404040331e-01 1.171068011113392260e-01 1.171068011113392260e-01
4.141414141414141437e-01 1.414946222007452958e-01 1.414946222007452958e-01
4.242424242424242542e-01 1.716914630601875380e-01 1.716914630601875380e-01
4.343434343434343647e-01 2.021309979114369326e-01 2.021309979114369326e-01
4.444444444444444198e-01 2.366462364132760898e-01 2.366462364132760898e-01
4.545454545454545303e-01 2.702946403606977799e-01 2.702946403606977799e-01
4.646464646464646409e-01 3.057016865681895790e-01 3.057016865681895790e-01
4.747474747474747514e-01 3.386009635279271790e-01 3.386009635279271790e-01
4.848484848484848619e-01 3.725119257239384862e-01 3.725119257239384862e-01
4.949494949494949725e-01 3.995720905780864030e-01 3.995720905780864030e-01
5.050505050505050830e-01 5.426143830080738528e-01 5.426143830080738528e-01
5.151515151515151381e-01 5.727916906054042467e-01 5.727916906054042467e-01
5.252525252525253041e-01 5.959699092564946232e-01 5.959699092564946232e-01
5.353535353535353591e-01 6.255406474830764729e-01 6.255406474830764729e-01
5.454545454545454142e-01 6.405182934356521418e-01 6.405182934356521418e-01
5.555555555555555802e-01 6.674317648902159394e-01 6.674317648902159394e-01
5.656565656565656353e-01 6.806602679974899095e-01 6.806602679974899095e-01
5.757575757575758013e-01 7.080233907316565434e-01 7.080233907316565434e-01
5.858585858585858563e-01 7.240865501717030916e-01 7.240865501717030916e-01
5.959595959595959114e-01 7.559509618956272714e-01 7.559509618956272714e-01
6.060606060606060774e-01 7.784647163614636378e-01 7.784647163614636378e-01
6.161616161616161325e-01 8.181861729145641915e-01 8.181861729145641915e-01
6.262626262626262985e-01 8.494536700140199459e-01 8.494536700140199459e-01
6.363636363636363535e-01 8.985696971536857314e-01 8.985696971536857314e-01
6.464646464646465196e-01 9.383072749942124036e-01 9.383072749942124036e-01
6.565656565656565746e-01 9.946251959556996480e-01 9.946251959556996480e-01
6.666666666666666297e-01 1.037682661853006394e+00 1.037682661853006394e+00
6.767676767676767957e-01 1.092718643006941326e+00 1.092718643006941326e+00
6.868686868686868507e-01 1.127725392778187619e+00 1.127725392778187619e+00
6.969696969696970168e-01 1.167575719685286506e+00 1.167575719685286506e+00
7.070707070707070718e-01 1.182683039958794646e+00 1.182683039958794646e+00
7.171717171717171269e-01 1.199151095662817079e+00 1.199151095662817079e+00
7.272727272727272929e-01 1.195949733921284341e+00 1.195949733921284341e+00
7.373737373737373479e-01 1.198273688809756266e+00 1.198273688809756266e+00
7.474747474747475140e-01 1.191447179610586549e+00 1.191447179610586549e+00
7.575757575757575690e-01 1.192949738700822326e+00 1.192949738700822326e+00
7.676767676767676241e-01 1.188578268989176845e+00 1.188578268989176845e+00
7.777777777777777901e-01 1.189524340520367041e+00 1.189524340520367041e+00
7.878787878787878451e-01 1.185276633573321581e+00 1.185276633573321581e+00
7.979797979797980112e-01 1.186071151302911630e+00 1.186071151302911630e+00
8.080808080808080662e-01 1.184196443521964071e+00 1.184196443521964071e+00
8.181818181818182323e-01 1.187186142521863053e+00 1.187186142521863053e+00
8.282828282828282873e-01 1.187047296419159625e+00 1.187047296419159625e+00
8.383838383838383423e-01 1.188026539779765134e+00 1.188026539779765134e+00
8.484848484848485084e-01 1.186629825697367746e+00 1.186629825697367746e+00
8.585858585858585634e-01 1.187349900762748378e+00 1.187349900762748378e+00
8.686868686868687295e-01 1.186811118161235301e+00 1.186811118161235301e+00
8.787878787878787845e-01 1.187896957575634405e+00 1.187896957575634405e+00
8.888888888888888395e-01 1.187328090900673816e+00 1.187328090900673816e+00
8.989898989898990056e-01 1.186813608608235704e+00 1.186813608608235704e+00
9.090909090909090606e-01 1.186418712950376486e+00 1.186418712950376486e+00
9.191919191919192267e-01 1.187733210348014268e+00 1.187733210348014268e+00
9.292929292929292817e-01 1.187664536108993030e+00 1.187664536108993030e+00
9.393939393939394478e-01 1.186855578504378395e+00 1.186855578504378395e+00
9.494949494949495028e-01 1.186619256368415476e+00 1.186619256368415476e+00
9.595959595959595578e-01 1.187609422647753155e+00 1.187609422647753155e+00
9.696969696969697239e-01 1.187605005587371254e+00 1.187605005587371254e+00
9.797979797979797789e-01 1.186783200668656724e+00 1.186783200668656724e+00
9.898989898989899450e-01 1.186783200668656724e+00 1.186783200668656724e+00
1.000000000000000000e+00 1.187605005587371254e+00 1.187605005587371254e+00
