# 0.5407591804306172
0.000000000000000000e+00 1.167628108523152547e-01 1.167628108523152547e-01
1.010101010101010187e-02 1.057321221274681450e-01 1.057321221274681450e-01
2.020202020202020374e-02 1.057321221274681450e-01 1.057321221274681450e-01
3.030303030303030387e-02 1.167628108523152547e-01 1.167628108523152547e-01
4.040404040404040747e-02 1.442355250784513876e-01 1.442355250784513876e-01
5.050505050505050414e-02 1.867002796398520847e-01 1.867002796398520847e-01
6.060606060606060774e-02 2.383969858583839252e-01 2.383969858583839252e-01
7.070707070707070441e-02 2.939747694942269063e-01 2.939747694942269063e-01
8.080808080808081495e-02 3.475539059677251741e-01 3.475539059677251741e-01
9.090909090909091161e-02 3.947310154425006656e-01 3.947310154425006656e-01
1.010101010101010083e-01 4.333876608659686935e-01 4.333876608659686935e-01
1.111111111111111049e-01 4.630108096115367333e-01 4.630108096115367333e-01
1.212121212121212155e-01 4.845042524967148601e-01 4.845042524967148601e-01
1.313131313131313260e-01 4.993493631978359049e-01 4.993493631978359049e-01
1.414141414141414088e-01 5.091753049436236189e-01 5.091753049436236189e-01
1.515151515151515194e-01 5.154674395076587201e-01 5.154674395076587201e-01
1.616161616161616299e-01 5.193550740003088917e-01 5.193550740003088917e-01
1.717171717171717127e-01 5.217234405272586084e-01 5.217234405272586084e-01
1.818181818181818232e-01 5.230973146779310801e-01 5.230973146779310801e-01
1.919191919191919060e-01 5.239143298810780003e-01 5.239143298810780003e-01
2.020202020202020166e-01 5.243375703552843881e-01 5.243375703552843881e-01
2.121212121212121271e-01 5.246072226783506931e-01 5.246072226783506931e-01
2.222222222222222099e-01 5.246998003031786428e-01 5.246998003031786428e-01
2.323232323232323204e-01 5.248110127864147323e-01 5.248110127864147323e-01
2.424242424242424310e-01 5.247892861569369849e-01 5.247892861569369849e-01
2.525252525252525415e-01 5.248827435762877247e-01 5.248827435762877247e-01
2.626262626262626521e-01 5.247966663300777101e-01 5.247966663300777101e-01
2.727272727272727071e-01 5.249301612694360353e-01 5.249301612694360353e-01
2.828282828282828176e-01 5.247657786127208901e-01 5.247657786127208901e-01
2.929292929292929282e-01 5.249886693398380100e-01 5.249886693398380100e-01
3.030303030303030387e-01 5.247004381466447986e-01 5.247004381466447986e-01
3.131313131313131493e-01 5.250794357848320715e-01 5.250794357848320715e-01
3.232323232323232598e-01 5.245913036305962507e-01 5.245913036305962507e-01
3.333333333333333148e-01 5.252197583226336786e-01 5.252197583226336786e-01
3.434343434343434254e-01 5.244235325007947646e-01 5.244235325007947646e-01
3.535353535353535359e-01 5.254248194196280419e-01 5.254248194196280419e-01
3.636363636363636465e-01 5.241840542496221111e-01 5.241840542496221111e-01
3.737373737373737570e-01 5.257046874998119179e-01 5.257046874998119179e-01
3.838383838383838120e-01 5.238676479674657660e-01 5.238676479674657660e-01
3.939393939393939226e-01 5.260579596574804784e-01 5.260579596574804784e-01
4.040404040404040331e-01 5.234831286541132833e-01 5.234831286541132833e-01
4.141414141414141437e-01 5.264665211033336956e-01 5.264665211033336956e-01
4.242424242424242542e-01 5.230581718219327048e-01 5.230581718219327048e-01
4.343434343434343647e-01 5.268935714300219120e-01 5.268935714300219120e-01
4.444444444444444198e-01 5.226391730216057852e-01 5.226391730216057852e-01
4.545454545454545303e-01 5.272869043467391936e-01 5.272869043467391936e-01
4.646464646464646409e-01 5.222846045307754093e-01 5.222846045307754093e-01
4.747474747474747514e-01 5.275883907362949321e-01 5.275883907362949321e-01
4.848484848484848619e-01 5.220524910057658952e-01 5.220524910057658952e-01
4.949494949494949725e-01 5.277475458387638207e-01 5.277475458387638207e-01
5.050505050505050830e-01 6.524814946768093815e-01 6.524814946768093815e-01
5.151515151515151381e-01 6.596647391126619908e-01 6.596647391126619908e-01
5.252525252525253041e-01 6.525990399830980948e-01 6.525990399830980948e-01
5.353535353535353591e-01 6.594314063932279479e-01 6.594314063932279479e-01
5.454545454545454142e-01 6.529207764729109131e-01 6.529207764729109131e-01
5.555555555555555802e-01 6.590220966471258546e-01 6.590220966471258546e-01
5.656565656565656353e-01 6.533922920639505527e-01 6.533922920639505527e-01
5.757575757575758013e-01 6.585018657961254629e-01 6.585018657961254629e-01
5.858585858585858563e-01 6.539385600868194981e-01 6.539385600868194981e-01
5.959595959595959114e-01 6.579463434183783210e-01 6.579463434183783210e-01
6.060606060606060774e-01 6.544835538556227350e-01 6.544835538556227350e-01
6.161616161616161325e-01 6.574235003453210435e-01 6.574235003453210435e-01
6.262626262626262985e-01 6.549668101587012847e-01 6.549668101587012847e-01
6.363636363636363535e-01 6.569803881167538551e-01 6.569803881167538551e-01
6.464646464646465196e-01 6.553534792599851055e-01 6.553534792599851055e-01
6.565656565656565746e-01 6.566387816681942269e-01 6.566387816681942269e-01
6.666666666666666297e-01 6.556339360288445661e-01 6.556339360288445661e-01
6.767676767676767957e-01 6.563958023483960069e-01 6.563958023483960069e-01
6.868686868686868507e-01 6.558170677708320406e-01 6.558170677708320406e-01
6.969696969696970168e-01 6.562367824489400148e-01 6.562367824489400148e-01
7.070707070707070718e-01 6.559286142204117098e-01 6.559286142204117098e-01
7.171717171717171269e-01 6.561432432284616256e-01 6.561432432284616256e-01
7.272727272727272929e-01 6.559854619877144577e-01 6.559854619877144577e-01
7.373737373737373479e-01 6.560758670164609230e-01 6.560758670164609230e-01
7.474747474747475140e-01 6.559900739101357514e-01 6.559900739101357514e-01
7.575757575757575690e-01 6.560269772431691626e-01 6.560269772431691626e-01
7.676767676767676241e-01 6.560064413988074827e-01 6.560064413988074827e-01
7.777777777777777901e-01 6.560513350157294310e-01 6.560513350157294310e-01
7.878787878787878451e-01 6.560549975868594785e-01 6.560549975868594785e-01
7.979797979797980112e-01 6.560230734247234352e-01 6.560230734247234352e-01
8.080808080808080662e-01 6.558880695941446959e-01 6.558880695941446959e-01
8.181818181818182323e-01 6.556936975710329074e-01 6.556936975710329074e-01
8.282828282828282873e-01 6.555486963843162318e-01 6.555486963843162318e-01
8.383838383838383423e-01 6.556821544159558979e-01 6.556821544159558979e-01
8.484848484848485084e-01 6.563443779075980311e-01 6.563443779075980311e-01
8.585858585858585634e-01 6.577104400060818090e-01 6.577104400060818090e-01
8.686868686868687295e-01 6.597255151404010087e-01 6.597255151404010087e-01
8.787878787878787845e-01 6.620210404436835949e-01 6.620210404436835949e-01
8.888888888888888395e-01 6.639117947265157360e-01 6.639117947265157360e-01
8.989898989898990056e-01 6.645288036562122524e-01 6.645288036562122524e-01
9.090909090909090606e-01 6.630812676325804622e-01 6.630812676325804622e-01
9.191919191919192267e-01 6.591023860975727677e-01 6.591023860975727677e-01
9.292929292929292817e-01 6.529191149705212416e-01 6.529191149705212416e-01
9.393939393939394478e-01 6.453349533667118720e-01 6.453349533667118720e-01
9.494949494949495028e-01 6.386241689123619558e-01 6.386241689123619558e-01
9.595959595959595578e-01 6.344513004922613941e-01 6.344513004922613941e-01
9.696969696969697239e-01 6.337185854608839986e-01 6.337185854608839986e-01
9.797979797979797789e-01 6.381633762877552130e-01 6.381633762877552130e-01
9.898989898989899450e-01 6.381633762877552130e-01 6.381633762877552130e-01
1.000000000000000000e+00 6.337185854608839986e-01 6.337185854608839986e-01
