# 165.5035927866206
0.000000000000000000e+00 6.389239102693758388e-02 -1.091318298705435536e-01
2.004008016032063892e+02 6.416828798807518164e-02 6.368599929116453007e-02
4.008016032064127785e+02 6.416828798807518164e-02 -6.368599929116453007e-02
6.012024048096192246e+02 6.389239102693758388e-02 1.091318298705435536e-01
8.016032064128255570e+02 6.389361455017200653e-02 -1.750179052058357942e-02
1.002004008016032003e+03 6.361837482304157076e-02 1.541749679340421175e-01
1.202404809619238449e+03 6.362034656372334007e-02 2.868837246833376431e-02
1.402805611222444895e+03 6.334623612412432214e-02 1.988473318348605301e-01
1.603206412825651114e+03 6.334847301971792410e-02 7.489914614176043650e-02
1.803607214428857787e+03 6.307594010702642640e-02 2.431338397847166710e-01
2.004008016032064006e+03 6.307797089499317389e-02 1.211227964861600892e-01
2.204408817635270680e+03 6.280749350215883431e-02 2.870287473328004824e-01
2.404809619238476898e+03 6.280885645462255806e-02 1.673386819774449752e-01
2.605210420841683117e+03 6.254087510477213119e-02 3.305501171826507600e-01
2.805611222444889790e+03 6.254111938948772598e-02 2.135659263278670839e-01
3.006012024048096009e+03 6.227606764820123320e-02 3.737100039108548488e-01
3.206412825651302228e+03 6.227476021413191898e-02 2.598060254866189633e-01
3.406813627254508901e+03 6.201305785148465699e-02 4.165171307621334251e-01
3.607214428857715575e+03 6.200977266242776315e-02 3.060424591060403321e-01
3.807615230460922248e+03 6.175182337779661079e-02 4.589901782899419858e-01
4.008016032064128012e+03 6.174617077401625687e-02 3.522893320275090612e-01
4.208416833667334686e+03 6.149233800353350737e-02 5.011609978262502318e-01
4.408817635270541359e+03 6.148395236848361312e-02 3.985288459176969944e-01
4.609218436873747123e+03 6.123458419956385318e-02 5.430091930838598646e-01
4.809619238476953797e+03 6.122312044944960147e-02 4.447184349243365475e-01
5.010020040080160470e+03 6.097852757793621042e-02 5.845697869210404463e-01
5.210420841683366234e+03 6.096369678712761087e-02 4.908812370469043396e-01
5.410821643286572908e+03 6.072414792328183208e-02 6.258666884839054756e-01
5.611222444889779581e+03 6.070567968056627545e-02 5.369764422113538771e-01
5.811623246492986254e+03 6.047142209415630465e-02 6.669090560539073786e-01
6.012024048096192018e+03 6.044908010566592271e-02 5.830023362753911087e-01
6.212424849699398692e+03 6.022031100901767409e-02 7.077351766696466928e-01
6.412825651302604456e+03 6.019390436797830007e-02 6.289526776068653513e-01
6.613226452905811129e+03 5.997078781122679170e-02 7.483569936815778201e-01
6.813627254509017803e+03 5.994017859782813790e-02 6.747969227146862758e-01
7.014028056112224476e+03 5.972284885552277961e-02 7.887977090479122433e-01
7.214428857715431150e+03 5.968790790820133196e-02 7.205295741835344714e-01
7.414829659318637823e+03 5.947642780817776614e-02 8.290655947889357114e-01
7.615230460921844497e+03 5.943709569082553101e-02 7.661109758347992571e-01
7.815631262525049351e+03 5.923151607959170617e-02 8.691820862203761822e-01
8.016032064128256025e+03 5.918776532680192215e-02 8.115326608715642820e-01
8.216432865731463608e+03 5.898809270806472382e-02 9.091837303133181170e-01
8.416833667334669371e+03 5.893991356859699243e-02 8.568007909102068886e-01
8.617234468937875135e+03 5.874610266510190554e-02 9.490802425001192422e-01
8.817635270541082718e+03 5.869355107584278697e-02 9.018711484593631145e-01
9.018036072144288482e+03 5.850555040925067146e-02 9.888854630596596307e-01
9.218436873747494246e+03 5.844869718925451568e-02 9.467517766205426621e-01
9.418837675350701829e+03 5.826639708246349192e-02 1.028625952417586031e+00
9.619238476953907593e+03 5.820536234773215911e-02 9.914307066347548547e-01
9.819639278557115176e+03 5.802863522114588835e-02 1.068300126343820322e+00
1.002004008016032094e+04 5.796354878037521252e-02 1.035878219121416866e+00
1.022044088176352670e+04 5.779223193689852350e-02 1.107936173241696576e+00
1.042084168336673247e+04 5.772324606062969460e-02 1.080103918327186552e+00
1.062124248496994005e+04 5.755714968695790218e-02 1.147535949033820390e+00
1.082164328657314582e+04 5.748446344904695887e-02 1.124080715171275280e+00
1.102204408817635340e+04 5.732340307591164696e-02 1.187120587521399262e+00
1.122244488977955916e+04 5.724720008403968302e-02 1.167829428252074253e+00
1.142284569138276674e+04 5.709094847482472368e-02 1.226694749656866756e+00
1.162324649298597251e+04 5.701147145666510957e-02 1.211327677125545677e+00
1.182364729458917827e+04 5.685979511618856341e-02 1.266246331664174773e+00
1.202404809619238404e+04 5.677725693455327322e-02 1.254569498186181686e+00
1.222444889779559162e+04 5.662991480521607085e-02 1.305807721292032930e+00
1.242484969939879738e+04 5.654457319899938023e-02 1.297583375810766437e+00
1.262525050100200315e+04 5.640131862822906489e-02 1.345367816962786289e+00
1.282565130260520891e+04 5.631338981801760346e-02 1.340343140402057154e+00
1.302605210420841649e+04 5.617397101334360016e-02 1.384960587114063557e+00
1.322645290581162226e+04 5.608370324051480116e-02 1.382870264269395300e+00
1.342685370741482984e+04 5.594787461453278044e-02 1.424524093397138813e+00
1.362725450901803561e+04 5.585547546185593015e-02 1.425140723106648188e+00
1.382765531062124319e+04 5.572302045922050001e-02 1.464097207573762383e+00
1.402805611222444895e+04 5.562864750630863026e-02 1.467191215653722791e+00
1.422845691382765654e+04 5.549941328383928285e-02 1.503657886398226617e+00
1.442885771543086230e+04 5.540328918432945587e-02 1.508999116781724048e+00
1.462925851703406806e+04 5.527702522233286786e-02 1.543231593909052179e+00
1.482965931863727565e+04 5.517943330874486990e-02 1.550580093696245054e+00
1.503006012024048141e+04 5.505588118638142514e-02 1.582826619482452291e+00
1.523046092184368899e+04 5.495703421364413893e-02 1.591956068590505646e+00
1.543086172344689294e+04 5.483597054991205116e-02 1.622412432843336028e+00
1.563126252505009870e+04 5.473607875502668058e-02 1.633123894037154633e+00
1.583166332665330629e+04 5.461728906813283907e-02 1.662003517450838741e+00
1.603206412825651205e+04 5.451656063434912741e-02 1.674097020236841926e+00
1.623246492985971963e+04 5.439983864214412851e-02 1.701586965704980470e+00
1.643286573146292722e+04 5.429844794092258953e-02 1.714885311115660782e+00
1.663326653306613298e+04 5.418361759769281527e-02 1.741151277368322425e+00
1.683366733466933874e+04 5.408172703128225761e-02 1.755495693182357320e+00
1.703406813627254451e+04 5.396861797404459149e-02 1.780692895265140629e+00
1.723446893787575027e+04 5.386637973828807546e-02 1.795931650117953859e+00
1.743486973947895967e+04 5.375484215813603611e-02 1.820206866256988132e+00
1.763527054108216544e+04 5.365239704998753939e-02 1.836214493822877936e+00
1.783567134268537120e+04 5.354230089413395538e-02 1.859696398920258398e+00
1.803607214428857696e+04 5.343976407464836459e-02 1.876354760937816835e+00
1.823647294589178273e+04 5.333098252288544228e-02 1.899150027648942141e+00
1.843687374749498849e+04 5.322845804040993861e-02 1.916349961878613284e+00
1.863727454909819426e+04 5.312088229081093904e-02 1.938560573104283868e+00
1.883767535070140366e+04 5.301846751429100529e-02 1.956212311921049940e+00
1.903807615230460942e+04 5.291200602630188876e-02 1.977929289944332369e+00
1.923847695390781519e+04 5.280978450782652933e-02 1.995956769352534188e+00
1.943887775551102095e+04 5.270435629091024810e-02 2.017258011527946593e+00
1.963927855711423035e+04 5.260239556977555631e-02 2.035590007616872477e+00
1.983967935871743612e+04 5.249791951746000246e-02 2.056534376406072173e+00
2.004008016032064188e+04 5.239627069415295213e-02 2.075101599053907897e+00
2.024048096192384764e+04 5.229268108193765863e-02 2.095742518506798824e+00
2.044088176352705341e+04 5.219140209744279474e-02 2.114501134565388352e+00
2.064128256513026281e+04 5.208865737653620848e-02 2.134898790826574189e+00
2.084168336673346494e+04 5.198779712466151254e-02 2.153813782412723477e+00
2.104208416833667070e+04 5.188584750181076538e-02 2.174005972144196441e+00
2.124248496993988010e+04 5.178543181805890516e-02 2.193032427155110486e+00
2.144288577154308587e+04 5.168423258742902565e-02 2.213047589910809965e+00
2.164328657314629163e+04 5.158429307854096174e-02 2.232158042574006185e+00
2.184368737474949739e+04 5.148381735706909074e-02 2.252030955941036527e+00
2.204408817635270680e+04 5.138437910709444528e-02 2.271203750170681435e+00
2.224448897795591256e+04 5.128459528213306223e-02 2.290954249767473527e+00
2.244488977955911832e+04 5.118567232036184272e-02 2.310165330041378251e+00
2.264529058116232409e+04 5.108655881453847553e-02 2.329813925859618440e+00
2.284569138276553349e+04 5.098817237668703400e-02 2.349054163981079135e+00
2.304609218436873925e+04 5.088971423876378908e-02 2.368621796050839112e+00
2.324649298597194502e+04 5.079187119388144100e-02 2.387875342121236866e+00
2.344689378757515078e+04 5.069404146584016030e-02 2.407364253526458775e+00
2.364729458917835655e+04 5.059674115414161677e-02 2.426612139720992101e+00
2.384769539078156231e+04 5.049952725848989160e-02 2.446032663949352148e+00
2.404809619238476807e+04 5.040278496887942022e-02 2.465276484761546705e+00
2.424849699398797384e+04 5.030618559040860027e-02 2.484647333905114053e+00
2.444889779559118324e+04 5.021000785507428316e-02 2.503884804476911530e+00
2.464929859719438900e+04 5.011400825376228357e-02 2.523207937875807882e+00
2.484969939879759477e+04 5.001839041308330652e-02 2.542427747864447696e+00
2.505010020040080053e+04 4.992298041192251568e-02 2.561705884378236320e+00
2.525050100200400630e+04 4.982792710510860340e-02 2.580908297857031020e+00
2.545090180360721206e+04 4.973310453283228544e-02 2.600150617801088693e+00
2.565130260521041782e+04 4.963861653510294458e-02 2.619334691549026317e+00
2.585170340681362359e+04 4.954437150670870649e-02 2.638541010549297905e+00
2.605210420841683299e+04 4.945044344059230934e-02 2.657700564993250580e+00
2.625250501002003875e+04 4.935676955821848705e-02 2.676872195206743132e+00
2.645290581162324452e+04 4.926340305845120643e-02 2.696009161855277281e+00
2.665330661322645028e+04 4.917029937269572909e-02 2.715152306188958420e+00
2.685370741482965968e+04 4.907749346787324690e-02 2.734267460756476975e+00
2.705410821643286545e+04 4.898495284840179154e-02 2.753381406545189147e+00
2.725450901803607121e+04 4.889270149920105918e-02 2.772470720231906771e+00
2.745490981963927698e+04 4.880071826086775783e-02 2.791555099631245707e+00
2.765531062124248638e+04 4.870902042356670819e-02 2.810619928015598123e+00
2.785571142284569214e+04 4.861759342178603727e-02 2.829678752672959874e+00
2.805611222444889790e+04 4.852644775197401117e-02 2.848720909729383077e+00
2.825651302605210367e+04 4.843557256378464709e-02 2.867754672806164251e+00
2.845691382765531307e+04 4.834497469757987470e-02 2.886773006198930513e+00
2.865731462925851883e+04 4.825464755883097229e-02 2.905782310649970501e+00
2.885771543086172460e+04 4.816459623452616634e-02 2.924778894149286934e+00
2.905811623246493036e+04 4.807481624523788494e-02 2.943767215017892180e+00
2.925851703406813613e+04 4.798531007791984049e-02 2.962744402206861860e+00
2.945891783567134553e+04 4.789607385091856906e-02 2.981712698872239553e+00
2.965931863727455129e+04 4.780710849427176334e-02 3.000669886817390886e+00
2.985971943887775706e+04 4.771841106588851217e-02 3.019617289624373591e+00
3.006012024048096282e+04 4.762998159017087230e-02 3.038553279463893642e+00
3.026052104208417222e+04 4.754181743050309161e-02 3.057478265702053388e+00
3.046092184368737799e+04 4.745391805088338549e-02 3.076390970207122599e+00
3.066132264529058011e+04 4.736628201190831722e-02 3.095292149781458502e+00
3.086172344689378588e+04 4.727891000757025730e-02 3.114182373709424301e+00
3.106212424849699164e+04 4.719180229439214752e-02 3.133063685664892795e+00
3.126252505010019740e+04 4.710495958139467726e-02 3.151937206215602139e+00
3.146292585170340317e+04 4.701838096181926857e-02 3.170803586866603130e+00
3.166332665330661257e+04 4.693206492964357990e-02 3.189661943057492177e+00
3.186372745490981833e+04 4.684600922030668357e-02 3.208511228849607821e+00
3.206412825651302410e+04 4.676021230026743830e-02 3.227350541190526556e+00
3.226452905811622986e+04 4.667467326751564838e-02 3.246180026624035264e+00
3.246492985971943926e+04 4.658939194627159663e-02 3.265000297001342311e+00
3.266533066132264503e+04 4.650436797662910182e-02 3.283812067019262315e+00
3.286573146292585443e+04 4.641960068536718498e-02 3.302615549703761921e+00
3.306613226452905656e+04 4.633508912449230133e-02 3.321410781170632820e+00
3.326653306613226596e+04 4.625083272065712292e-02 3.340198031976721715e+00
3.346693386773546808e+04 4.616683143489661023e-02 3.358978204321664940e+00
3.366733466933867749e+04 4.608308547534156752e-02 3.377752446200958047e+00
3.386773547094188689e+04 4.599959445777376116e-02 3.396521408999989333e+00
3.406813627254508901e+04 4.591635686572143049e-02 3.415284564439270198e+00
3.426853707414829842e+04 4.583337017463279262e-02 3.434040317493742389e+00
3.446893787575150054e+04 4.575063176038464408e-02 3.452786849510791178e+00
3.466933867735470994e+04 4.566813992104562514e-02 3.471523222565377154e+00
3.486973947895791935e+04 4.558589437205440992e-02 3.490249937620249820e+00
3.507014028056112147e+04 4.550389585374027546e-02 3.508968622861731390e+00
3.527054108216433087e+04 4.542214519979586446e-02 3.527681085410304451e+00
3.547094188376754028e+04 4.534064250719371109e-02 3.546388428574024143e+00
3.567134268537074240e+04 4.525938694340293084e-02 3.565090780916509772e+00
3.587174348697395180e+04 4.517837718096263250e-02 3.583787706040967080e+00
3.607214428857715393e+04 4.509761202353886750e-02 3.602478850219737794e+00
3.627254509018035606e+04 4.501709070931426970e-02 3.621164299092423988e+00
3.647294589178356546e+04 4.493681272492534157e-02 3.639844421286900999e+00
3.667334669338677486e+04 4.485677737789617314e-02 3.658519431415916845e+00
3.687374749498997699e+04 4.477698355356969639e-02 3.677189107675284507e+00
3.707414829659318639e+04 4.469742988396188665e-02 3.695852932088306897e+00
3.727454909819638851e+04 4.461811518884363503e-02 3.714510537691209535e+00
3.747494989979959792e+04 4.453903881344468269e-02 3.733162083921203411e+00
3.767535070140280732e+04 4.446020057419994981e-02 3.751808239139277745e+00
3.787575150300600944e+04 4.438160034225093614e-02 3.770449770218107233e+00
3.807615230460921885e+04 4.430323758330260986e-02 3.789087051861214750e+00
3.827655310621242097e+04 4.422511120244323329e-02 3.807719868373528271e+00
3.847695390781563037e+04 4.414721980333358164e-02 3.826347650091082020e+00
3.867735470941883978e+04 4.406956215790022724e-02 3.844969957309079867e+00
3.887775551102204190e+04 4.399213753783389608e-02 3.863586850846312704e+00
3.907815631262525130e+04 4.391494568094373580e-02 3.882198892426981018e+00
3.927855711422846070e+04 4.383798644571985231e-02 3.900806803836835090e+00
3.947895791583166283e+04 4.376125942671390406e-02 3.919411056600067944e+00
3.967935871743487223e+04 4.368476380447715302e-02 3.938011687337358957e+00
3.987975951903807436e+04 4.360849850397838234e-02 3.956608438760371715e+00
4.008016032064128376e+04 4.353246250026079206e-02 3.975201075734900336e+00
4.028056112224449316e+04 4.345665501841760453e-02 3.993789612045594684e+00
4.048096192384769529e+04 4.338107548477400377e-02 4.012374281659754516e+00
4.068136272545090469e+04 4.330572329977506324e-02 4.030955309026523103e+00
4.088176352705410682e+04 4.323059765016146194e-02 4.049532699414774228e+00
4.108216432865731622e+04 4.315569754653767603e-02 4.068106254986493475e+00
4.128256513026052562e+04 4.308102208907182290e-02 4.086675839383297593e+00
4.148296593186372775e+04 4.300657076904336462e-02 4.105241703004061549e+00
4.168336673346692987e+04 4.293234355522491941e-02 4.123804602501888183e+00
4.188376753507013927e+04 4.285834064054943465e-02 4.142365565069291655e+00
4.208416833667334140e+04 4.278456195326295342e-02 4.160925385158099843e+00
4.228456913827655080e+04 4.271100671273053706e-02 4.179484138051878794e+00
4.248496993987976020e+04 4.263767331249417036e-02 4.198041016470753561e+00
4.268537074148296233e+04 4.256455963517837005e-02 4.216594623230474959e+00
4.288577154308617173e+04 4.249166365441606197e-02 4.235143590444712558e+00
4.308617234468937386e+04 4.241898401083452064e-02 4.253687204672146116e+00
4.328657314629258326e+04 4.234652026244864476e-02 4.272225712100047090e+00
4.348697394789579266e+04 4.227427269318693309e-02 4.290760158139049985e+00
4.368737474949899479e+04 4.220224180558877769e-02 4.309291872028150117e+00
4.388777555110220419e+04 4.213042778447343567e-02 4.327821890063340504e+00
4.408817635270541359e+04 4.205883021095607049e-02 4.346350621038884476e+00
4.428857715430861572e+04 4.198744814446984247e-02 4.364877898552136593e+00
4.448897795591182512e+04 4.191628047498515558e-02 4.383403336663209693e+00
4.468937875751502725e+04 4.184532630344509063e-02 4.401926741155742562e+00
4.488977955911823665e+04 4.177458511309248279e-02 4.420448317769458235e+00
4.509018036072144605e+04 4.170405663685457232e-02 4.438968559011716053e+00
4.529058116232464818e+04 4.163374051753987448e-02 4.457487894501412029e+00
4.549098196392785758e+04 4.156363598538575371e-02 4.476006336008311770e+00
4.569138276553106698e+04 4.149374176893389637e-02 4.494523353926176412e+00
4.589178356713426911e+04 4.142405631758963591e-02 4.513038085912905117e+00
4.609218436873747851e+04 4.135457822835223590e-02 4.531549780778838965e+00
4.629258517034068063e+04 4.128530664236478021e-02 4.550058235544815588e+00
4.649298597194389004e+04 4.121624138217270389e-02 4.568563974569755715e+00
4.669338677354709944e+04 4.114738273624062720e-02 4.587068053378786203e+00
4.689378757515030156e+04 4.107873098870453571e-02 4.605571572938437441e+00
4.709418837675351097e+04 4.101028593401813416e-02 4.624075150714094029e+00
4.729458917835671309e+04 4.094204663025230451e-02 4.642578624597451409e+00
4.749498997995991522e+04 4.087401152350063349e-02 4.661081148193904511e+00
4.769539078156312462e+04 4.080617888452600650e-02 4.679581634315430172e+00
4.789579158316633402e+04 4.073854733925039162e-02 4.698079325245113402e+00
4.809619238476953615e+04 4.067111622959489886e-02 4.716574206182173157e+00
4.829659318637274555e+04 4.060388563062417716e-02 4.735067061338876115e+00
4.849699398797594768e+04 4.053685602340195704e-02 4.753559152960667333e+00
4.869739478957915708e+04 4.047002778913058596e-02 4.772051686509906077e+00
4.889779559118236648e+04 4.040340076670539959e-02 4.790545319066904284e+00
4.909819639278556861e+04 4.033697407112466632e-02 4.809039932290761321e+00
4.929859719438877801e+04 4.027074623550240540e-02 4.827534753350993135e+00
4.949899799599198013e+04 4.020471558752159585e-02 4.846028742424923763e+00
4.969939879759518954e+04 4.013888067581461438e-02 4.864521054586665727e+00
4.989979959919839894e+04 4.007324056104467208e-02 4.883011372941390427e+00
5.010020040080160106e+04 4.000779486853454220e-02 4.901499991096271991e+00
5.030060120240480319e+04 3.994254361502412587e-02 4.919987646547516746e+00
5.050100200400801259e+04 3.987748691439981646e-02 4.938475210360972589e+00
5.070140280561121472e+04 3.981262469928353170e-02 4.956963380064686397e+00
5.090180360721442412e+04 3.974795656426547558e-02 4.975452495142691056e+00
5.110220440881763352e+04 3.968348176777931891e-02 4.993942522916023030e+00
5.130260521042083565e+04 3.961919935938872789e-02 5.012433185615574160e+00
5.150300601202404505e+04 3.955510835618260279e-02 5.030924149312321347e+00
5.170340681362724717e+04 3.949120788693766260e-02 5.049415185844169152e+00
5.190380761523045658e+04 3.942749724945820294e-02 5.067906244880462374e+00
5.210420841683366598e+04 3.936397586920955399e-02 5.086397418435961271e+00
5.230460921843686810e+04 3.930064318893283087e-02 5.104888825939983832e+00
5.250501002004007751e+04 3.923749854617358812e-02 5.123380479569509482e+00
5.270541082164328691e+04 3.917454110092610797e-02 5.141872197969693303e+00
5.290581162324648903e+04 3.911176985708700315e-02 5.160363618957512166e+00
5.310621242484969844e+04 3.904918378384838323e-02 5.178854322599262261e+00
5.330661322645290056e+04 3.898678199837485314e-02 5.197344027255317300e+00
5.350701402805610996e+04 3.892456393630785993e-02 5.215832781199043922e+00
5.370741482965931937e+04 3.886252942883897110e-02 5.234321060262656644e+00
5.390781563126252149e+04 3.880067863290063979e-02 5.252809708420826063e+00
5.410821643286573089e+04 3.873901181800804006e-02 5.271299718111684740e+00
5.430861723446893302e+04 3.867752907762743442e-02 5.289791918019136396e+00
5.450901803607214242e+04 3.861623007544659480e-02 5.308286686269660493e+00
5.470941883767535182e+04 3.855511393461855119e-02 5.326783810011495923e+00
5.490981963927855395e+04 3.849417932679376209e-02 5.345282561101068808e+00
5.511022044088176335e+04 3.843342473660373015e-02 5.363781970540679289e+00
5.531062124248497275e+04 3.837284880130381604e-02 5.382281198711472037e+00
5.551102204408817488e+04 3.831245058960105337e-02 5.400779853644757544e+00
5.571142284569138428e+04 3.825222970621266344e-02 5.419278127781979038e+00
5.591182364729458641e+04 3.819218618081251376e-02 5.437776698480569770e+00
5.611222444889779581e+04 3.813232019004045986e-02 5.456276436199498647e+00
5.631262525050100521e+04 3.807263172924332806e-02 5.474778043056144128e+00
5.651302605210420734e+04 3.801312036723602378e-02 5.493281769089695565e+00
5.671342685370741674e+04 3.795378517729731949e-02 5.511787315254274233e+00
5.691382765531062614e+04 3.789462486113045342e-02 5.530293950627374500e+00
5.711422845691382827e+04 3.783563800485861828e-02 5.548800784359950278e+00
5.731462925851703767e+04 3.777682336036134597e-02 5.567307077918720815e+00
5.751503006012023980e+04 3.771818004740244007e-02 5.585812480156434390e+00
5.771543086172344920e+04 3.765970761537767303e-02 5.604317111806182083e+00
5.791583166332665860e+04 3.760140596433822480e-02 5.622821492338424321e+00
5.811623246492986073e+04 3.754327517530986480e-02 5.641326359813183089e+00
5.831663326653307013e+04 3.748531532108750203e-02 5.659832461285091654e+00
5.851703406813627225e+04 3.742752631817147096e-02 5.678340382885312287e+00
5.871743486973948166e+04 3.736990785033977164e-02 5.696850456864980039e+00
5.891783567134269106e+04 3.731245936249780876e-02 5.715362747262587639e+00
5.911823647294589318e+04 3.725518010386757312e-02 5.733877092640825346e+00
5.931863727454910259e+04 3.719806919615476631e-02 5.752393178972644350e+00
5.951903807615231199e+04 3.714112570933510160e-02 5.770910622743727458e+00
5.971943887775551411e+04 3.708434873549174005e-02 5.789429053124596436e+00
5.991983967935872352e+04 3.702773745312253062e-02 5.807948184808150671e+00
6.012024048096192564e+04 3.697129117089748701e-02 5.826467869500659091e+00
6.032064128256513504e+04 3.691500933717539040e-02 5.844988110582058027e+00
6.052104208416834445e+04 3.685889150656154051e-02 5.863509029985238818e+00
6.072144288577154657e+04 3.680293726933063503e-02 5.882030791737467013e+00
6.092184368737475597e+04 3.674714616814259149e-02 5.900553507466874237e+00
6.112224448897795082e+04 3.669151763862232157e-02 5.919077164018603732e+00
6.132264529058116022e+04 3.663605100657032348e-02 5.937601611085478126e+00
6.152304609218436235e+04 3.658074555265165145e-02 5.956126623967417544e+00
6.172344689378757175e+04 3.652560062322592060e-02 5.974652020937546659e+00
6.192384769539077388e+04 3.647061573863785017e-02 5.993177782616056604e+00
6.212424849699398328e+04 3.641579064292749940e-02 6.011704109630804815e+00
6.232464929859719268e+04 3.636112525862580241e-02 6.030231373864677558e+00
6.252505010020039481e+04 3.630661955135610491e-02 6.048759962855182692e+00
6.272545090180360421e+04 3.625227335424519720e-02 6.067290068232644273e+00
6.292585170340680634e+04 3.619808623039719175e-02 6.085821503564018187e+00
6.312625250501001574e+04 3.614405744744520615e-02 6.104353636083842183e+00
6.332665330661322514e+04 3.609018609973142083e-02 6.122885476751345202e+00
6.352705410821642727e+04 3.603647135492209219e-02 6.141415907864793411e+00
6.372745490981963667e+04 3.598291274723087324e-02 6.159943963786396637e+00
6.392785571142284607e+04 3.592951041338989654e-02 6.178469046348943117e+00
6.412825651302604820e+04 3.587626518373269319e-02 6.196990969356903634e+00
6.432865731462925760e+04 3.582317849547991817e-02 6.215509784197514875e+00
6.452905811623245972e+04 3.577025216818084663e-02 6.234025419646756383e+00
6.472945891783566913e+04 3.571748814330914096e-02 6.252537241263781631e+00
6.492985971943887853e+04 3.566488831558929651e-02 6.271043669342168059e+00
6.513026052104208065e+04 3.561245456113473068e-02 6.289541974038200145e+00
6.533066132264529006e+04 3.556018900439797403e-02 6.308028298203370632e+00
6.553106212424849946e+04 3.550809448609365537e-02 6.326497868004659075e+00
6.573146292585170886e+04 3.545617512838838276e-02 6.344945273237824424e+00
6.593186372745491099e+04 3.540443686719035171e-02 6.363364663424306400e+00
6.613226452905811311e+04 3.535288784445915489e-02 6.381749726074234630e+00
6.633266533066131524e+04 3.530153861714199759e-02 6.400093382074691029e+00
6.653306613226453192e+04 3.525040221934323814e-02 6.418387223993577528e+00
6.673346693386773404e+04 3.519949418065491942e-02 6.436620802304743982e+00
6.693386773547093617e+04 3.514883263203519986e-02 6.454780903503167799e+00
6.713426853707415285e+04 3.509843861175532265e-02 6.472850950039610751e+00
6.733466933867735497e+04 3.504833662597565264e-02 6.490810592331654583e+00
6.753507014028055710e+04 3.499855544354701226e-02 6.508635481749776908e+00
6.773547094188377378e+04 3.494912903974926877e-02 6.526297141355578368e+00
6.793587174348697590e+04 3.490009757064405777e-02 6.543762814408582429e+00
6.813627254509017803e+04 3.485150826723502904e-02 6.560995181246513930e+00
6.833667334669339471e+04 3.480341617983164632e-02 6.577951887333188807e+00
6.853707414829659683e+04 3.475588475899357710e-02 6.594584898889517710e+00
6.873747494989979896e+04 3.470898630674962293e-02 6.610839771164384260e+00
6.893787575150300108e+04 3.466280235157904316e-02 6.626654955831720706e+00
6.913827655310621776e+04 3.461742398458181325e-02 6.641961277319037293e+00
6.933867735470941989e+04 3.457295214802449251e-02 6.656681678099037214e+00
6.953907815631262201e+04 3.452949780508806493e-02 6.670731284788161908e+00
6.973947895791583869e+04 3.448718186468617553e-02 6.684017806656914473e+00
6.993987975951904082e+04 3.444613469342960171e-02 6.696442249809051894e+00
7.014028056112224294e+04 3.440649506074607011e-02 6.707899963754412553e+00
7.034068136272545962e+04 3.436840833628368452e-02 6.718282004831708676e+00
7.054108216432866175e+04 3.433202394692561749e-02 6.727477007318875657e+00
7.074148296593186387e+04 3.429749186482706352e-02 6.735373384188871881e+00
7.094188376753508055e+04 3.426495865475661512e-02 6.741862391033087931e+00
7.114228456913828268e+04 3.423456271947811214e-02 6.746840939125625880e+00
7.134268537074148480e+04 3.420643200883161789e-02 6.750216034468125237e+00
7.154308617234470148e+04 3.418068294829865184e-02 6.751903171147271898e+00
7.174348697394790361e+04 3.415744414028777654e-02 6.751765893776513927e+00
7.194388777555110573e+04 3.413663585234056469e-02 6.749926633608946069e+00
7.214428857715430786e+04 3.411815469403965684e-02 6.746459295528009825e+00
7.234468937875750999e+04 3.410199188482400390e-02 6.741363711153117499e+00
7.254509018036071211e+04 3.408801439695995777e-02 6.734733061304540414e+00
7.274549098196392879e+04 3.407603420434398428e-02 6.726722897908675947e+00
7.294589178356713091e+04 3.406579471771897100e-02 6.717529033445936548e+00
7.314629258517033304e+04 3.405698883671213345e-02 6.707386447921069639e+00
7.334669338677354972e+04 3.404927455909212419e-02 6.696554877572442166e+00
7.354709418837675184e+04 3.404229429089561387e-02 6.685303074246720101e+00
7.374749498997995397e+04 3.403570084599179257e-02 6.673891090515421176e+00
7.394789579158315610e+04 3.402918384767946586e-02 6.662550337499869357e+00
7.414829659318637277e+04 3.402249243120192279e-02 6.651465980778605847e+00
7.434869739478957490e+04 3.401545092124023950e-02 6.640766323377465419e+00
7.454909819639277703e+04 3.400796547007536169e-02 6.630518828484912142e+00
7.474949899799599370e+04 3.400001975768143087e-02 6.620733057014467349e+00
7.494989979959919583e+04 3.399166063933344722e-02 6.611371293218701872e+00
7.515030060120239796e+04 3.398297714152759968e-02 6.602364888003855903e+00
7.535070140280561463e+04 3.397407591734429716e-02 6.593633134585600963e+00
7.555110220440881676e+04 3.396505838206696076e-02 6.585100194152216702e+00
7.575150300601201889e+04 3.395600448476074340e-02 6.576706612879845260e+00
7.595190380761523556e+04 3.394696672104147855e-02 6.568413223282099089e+00
7.615230460921843769e+04 3.393797404109882149e-02 6.560197981190974303e+00
7.635270541082163982e+04 3.392904240643419139e-02 6.552048145666904411e+00
7.655310621242484194e+04 3.392018641064239309e-02 6.543951854969694004e+00
7.675350701402805862e+04 3.391142608612007781e-02 6.535893419485561573e+00
7.695390781563126075e+04 3.390278582040079369e-02 6.527854543655356778e+00
7.715430861723446287e+04 3.389428607726569648e-02 6.519820767523157201e+00
7.735470941883767955e+04 3.388593240537720458e-02 6.511789582092398554e+00
7.755511022044088168e+04 3.387770832384383313e-02 6.503775261873339097e+00
7.775551102204408380e+04 3.386957716443948774e-02 6.495806777239350183e+00
7.795591182364730048e+04 3.386149342448424582e-02 6.487918641444141876e+00
7.815631262525050261e+04 3.385341912029414535e-02 6.480138356313765335e+00
7.835671342685370473e+04 3.384533771054396706e-02 6.472476212882614988e+00
7.855711422845692141e+04 3.383725917279924861e-02 6.464922201516576372e+00
7.875751503006012354e+04 3.382921439097850286e-02 6.457451067308493720e+00
7.895791583166332566e+04 3.382124249518873166e-02 6.450032340736073344e+00
7.915831663326652779e+04 3.381337791848469665e-02 6.442640064502969999e+00
7.935871743486974447e+04 3.380564290977670916e-02 6.435258061933475382e+00
7.955911823647294659e+04 3.379804704802975845e-02 6.427879895966760238e+00
7.975951903807614872e+04 3.379059105029880161e-02 6.420505759669641321e+00
7.995991983967936540e+04 3.378327071176753793e-02 6.413139449926902991e+00
8.016032064128256752e+04 3.377607859509055427e-02 6.405787115574729462e+00
8.036072144288576965e+04 3.376900403596717198e-02 6.398457233416341872e+00
8.056112224448898633e+04 3.376203354702117521e-02 6.391160212935472096e+00
8.076152304609218845e+04 3.375515283238582354e-02 6.383906796957834473e+00
8.096192384769539058e+04 3.374834965285135324e-02 6.376705922609753330e+00
8.116232464929860726e+04 3.374161577325177769e-02 6.369563376267680432e+00
8.136272545090180938e+04 3.373494699580784073e-02 6.362481916259737247e+00
8.156312625250501151e+04 3.372834180520994929e-02 6.355462385703810391e+00
8.176352705410821363e+04 3.372179987699248233e-02 6.348504837034667503e+00
8.196392785571143031e+04 3.371532119810929234e-02 6.341609136746269471e+00
8.216432865731463244e+04 3.370890567196626469e-02 6.334775225597248038e+00
8.236472945891783456e+04 3.370255278748641309e-02 6.328003384881266236e+00
8.256513026052105124e+04 3.369626129187185126e-02 6.321294487983109889e+00
8.276553106212425337e+04 3.369002918315070622e-02 6.314649939657900113e+00
8.296593186372745549e+04 3.368385423631703457e-02 6.308071215667724552e+00
8.316633266533067217e+04 3.367773482353481757e-02 6.301559288729045250e+00
8.336673346693385975e+04 3.367167050078687801e-02 6.295114279491381026e+00
8.356713426853706187e+04 3.366566203342778729e-02 6.288735432682093673e+00
8.376753507014027855e+04 3.365971099878451583e-02 6.282421340377205787e+00
8.396793587174348067e+04 3.365381932487466338e-02 6.276170307888029321e+00
8.416833667334668280e+04 3.364798892803400054e-02 6.269980733737698486e+00
8.436873747494989948e+04 3.364222136332626484e-02 6.263851373744658169e+00
8.456913827655310160e+04 3.363651745505568530e-02 6.257781493141976625e+00
8.476953907815630373e+04 3.363087707204666377e-02 6.251771016922021751e+00
8.496993987975952041e+04 3.362529919542236317e-02 6.245820637086176852e+00
8.517034068136272253e+04 3.361978223344299493e-02 6.239931641439598664e+00
8.537074148296592466e+04 3.361432447313825178e-02 6.234105401144643288e+00
8.557114228456914134e+04 3.360892461131039649e-02 6.228342842039761074e+00
8.577154308617234346e+04 3.360358221715740307e-02 6.222644247944884910e+00
8.597194388777554559e+04 3.359829783282366339e-02 6.217009355575964236e+00
8.617234468937874772e+04 3.359307258489322573e-02 6.211437499929859385e+00
8.637274549098196439e+04 3.358790758642013485e-02 6.205927786297078974e+00
8.657314629258516652e+04 3.358280352743723413e-02 6.200479401673521629e+00
8.677354709418836865e+04 3.357776055125789166e-02 6.195091947277959754e+00
8.697394789579158532e+04 3.357277827559564803e-02 6.189765509066217142e+00
8.717434869739478745e+04 3.356785591400249930e-02 6.184500425524657174e+00
8.737474949899798958e+04 3.356299255758862093e-02 6.179297004536448590e+00
8.757515030060120625e+04 3.355818753726266812e-02 6.174155387276089257e+00
8.777555110220440838e+04 3.355344064825375311e-02 6.169075538526206159e+00
8.797595190380761051e+04 3.354875212701689119e-02 6.164057292632515228e+00
8.817635270541082718e+04 3.354412245551241512e-02 6.159100441107188573e+00
8.837675350701402931e+04 3.353955211787772173e-02 6.154204838092175223e+00
8.857715430861723144e+04 3.353504138922457078e-02 6.149370453413319559e+00
8.877755511022043356e+04 3.353059022434050351e-02 6.144597340792169682e+00
8.897795591182365024e+04 3.352619829478973440e-02 6.139885555416115359e+00
8.917835671342685237e+04 3.352186517537384530e-02 6.135235105706208003e+00
8.937875751503005449e+04 3.351759056809739540e-02 6.130645964136697046e+00
8.957915831663327117e+04 3.351337439761286480e-02 6.126118077756210312e+00
8.977955911823647330e+04 3.350921666907803742e-02 6.121651274644607454e+00
8.997995991983967542e+04 3.350511728034485937e-02 6.117245198670050677e+00
9.018036072144289210e+04 3.350107605328674770e-02 6.112899474340933281e+00
9.038076152304609423e+04 3.349709300400666862e-02 6.108614084979753223e+00
9.058116232464929635e+04 3.349316838603281360e-02 6.104389430762998892e+00
9.078156312625251303e+04 3.348930238380357777e-02 6.100225915026411094e+00
9.098196392785571516e+04 3.348549479988938843e-02 6.096123462987859121e+00
9.118236472945891728e+04 3.348174534675347341e-02 6.092081755790678343e+00
9.138276553106213396e+04 3.347805404594079298e-02 6.088100706148216190e+00
9.158316633266533609e+04 3.347442126472380264e-02 6.084180616707405065e+00
9.178356713426853821e+04 3.347084704881592848e-02 6.080321510044171873e+00
9.198396793587174034e+04 3.346733098519123761e-02 6.076522970671430102e+00
9.218436873747495702e+04 3.346387236617315991e-02 6.072784296641778212e+00
9.238476953907815914e+04 3.346047090202537017e-02 6.069105300705535555e+00
9.258517034068136127e+04 3.345712641032008716e-02 6.065485947918250353e+00
9.278557114228457795e+04 3.345383901572768215e-02 6.061926518200293046e+00
9.298597194388778007e+04 3.345060859045125012e-02 6.058426885620709967e+00
9.318637274549098220e+04 3.344743543446720979e-02 6.054987229725373510e+00
9.338677354709419888e+04 3.344431935249272264e-02 6.051606988482882699e+00
9.358717434869740100e+04 3.344126054353534910e-02 6.048285893784512979e+00
9.378757515030060313e+04 3.343825892559620927e-02 6.045023376873331244e+00
9.398797595190381981e+04 3.343531539435829619e-02 6.041820222422886744e+00
9.418837675350702193e+04 3.343243048932920819e-02 6.038677372762981221e+00
9.438877755511022406e+04 3.342960398113257320e-02 6.035595383734416508e+00
9.458917835671342618e+04 3.342683519970993805e-02 6.032574619939391702e+00
9.478957915831662831e+04 3.342412167169041270e-02 6.029612971478196748e+00
9.498997995991983043e+04 3.342146565266287950e-02 6.026713170880318771e+00
9.519038076152304711e+04 3.341886349262111061e-02 6.023870225556796854e+00
9.539078156312624924e+04 3.341632335734770476e-02 6.021092455047131864e+00
9.559118236472945136e+04 3.341383392665539520e-02 6.018365846608681125e+00
9.579158316633266804e+04 3.341141239520156736e-02 6.015710108292158687e+00
9.599198396793587017e+04 3.340903061156545034e-02 6.013093507496469314e+00
9.619238476953907229e+04 3.340672885440468254e-02 6.010563326868718192e+00
9.639278557114227442e+04 3.340444712934117349e-02 6.008051240251329084e+00
9.659318637274549110e+04 3.340227328425632303e-02 6.005657963031766577e+00
9.679358717434869322e+04 3.340007714793007121e-02 6.003233405565620018e+00
9.699398797595189535e+04 3.339804897405584949e-02 6.000995456027391484e+00
9.719438877755511203e+04 3.339591236284700226e-02 5.998627531629737497e+00
9.739478957915831415e+04 3.339406473991483881e-02 5.996584527606068526e+00
9.759519038076151628e+04 3.339194446655622400e-02 5.994223735524943031e+00
9.779559118236473296e+04 3.339035240507245983e-02 5.992460740950001252e+00
9.799599198396793508e+04 3.338815187755317382e-02 5.989997006470356489e+00
9.819639278557113721e+04 3.338692744582446442e-02 5.988641701101090398e+00
9.839679358717435389e+04 3.338446528573012911e-02 5.985867809199156397e+00
9.859719438877755601e+04 3.338383837748511163e-02 5.985182641627434741e+00
9.879759519038075814e+04 3.338078527382652705e-02 5.981724436533867539e+00
9.899799599198396027e+04 3.338122297063522009e-02 5.982238662190557221e+00
9.919839679358717694e+04 3.337690186688720834e-02 5.977330094892936430e+00
9.939879759519037907e+04 3.337963136855254254e-02 5.980451604263895327e+00
9.959919839679358120e+04 3.337225089107235393e-02 5.972041914630399795e+00
9.979959919839679787e+04 3.337963136855254254e-02 5.980451604263895327e+00
1.000000000000000000e+05 3.337225089107235393e-02 5.972041914630399795e+00
