# 219.24314947257665
0.000000000000000000e+00 2.178681941659313281e+01 3.993134684561063352e+01
2.004008016032063892e+02 2.205540744426669164e+01 7.241320260700241818e+01
4.008016032064127785e+02 2.205540744426669164e+01 -7.241320260700241818e+01
6.012024048096192246e+02 2.178681941659313281e+01 -3.993134684561063352e+01
8.016032064128255570e+02 2.179701841796723372e+01 -1.738000885791319945e+02
1.002004008016032003e+03 2.153961965807635437e+01 -1.347937439559674431e+02
1.202404809619238449e+03 2.154783549693786426e+01 -2.577446295588991916e+02
1.402805611222444895e+03 2.129841209280633407e+01 -2.235250341725021315e+02
1.603206412825651114e+03 2.129223587906220416e+01 -3.422831053157553924e+02
1.803607214428857787e+03 2.104618208444662031e+01 -3.143443880436153108e+02
2.004008016032064006e+03 2.102987640886477649e+01 -4.178460932568031581e+02
2.204408817635270680e+03 2.079707901858469299e+01 -3.818352535718892113e+02
2.404809619238476898e+03 2.078043997119639386e+01 -4.647070730698014813e+02
2.605210420841683117e+03 2.057737314678069040e+01 -4.259870032436846827e+02
2.805611222444889790e+03 2.056083242316652715e+01 -4.988009488561338571e+02
3.006012024048096009e+03 2.036377262424834100e+01 -4.659703287647987509e+02
3.206412825651302228e+03 2.032259355527923361e+01 -5.394493990681164632e+02
3.406813627254508901e+03 2.011323476816421163e+01 -5.224115206776147033e+02
3.607214428857715575e+03 2.003881857391553112e+01 -6.000253417569877001e+02
3.807615230460922248e+03 1.982781406206848374e+01 -6.007384042047511912e+02
4.008016032064128012e+03 1.972806931015635001e+01 -6.760950969781115418e+02
4.208416833667334686e+03 1.952464870343832004e+01 -6.878067318109941652e+02
4.408817635270541359e+03 1.941174323224315756e+01 -7.538756819472283723e+02
4.609218436873747123e+03 1.922661392012379977e+01 -7.708779996834177837e+02
4.809619238476953797e+03 1.910967922061242774e+01 -8.258032050170419325e+02
5.010020040080160470e+03 1.894422179601583167e+01 -8.451907509649073518e+02
5.210420841683366234e+03 1.882746599573801305e+01 -8.918667182758231320e+02
5.410821643286572908e+03 1.867535538268540662e+01 -9.132676623431369762e+02
5.611222444889779581e+03 1.855885874625272791e+01 -9.549736053928853607e+02
5.811623246492986254e+03 1.841678094631620155e+01 -9.782093639745139626e+02
6.012024048096192018e+03 1.829956609790675870e+01 -1.015982491368697197e+03
6.212424849699398692e+03 1.816378512717934512e+01 -1.041138822745864218e+03
6.412825651302604456e+03 1.804520318889564479e+01 -1.076937344640514311e+03
6.613226452905811129e+03 1.791331410676184532e+01 -1.103800592146400504e+03
6.813627254509017803e+03 1.779353363071630767e+01 -1.137956582326747139e+03
7.014028056112224476e+03 1.766491213416400896e+01 -1.165803978919163001e+03
7.214428857715431150e+03 1.754476648495564106e+01 -1.198587037997634297e+03
7.414829659318637823e+03 1.741883719381237583e+01 -1.227235539063688748e+03
7.615230460921844497e+03 1.729849596524691790e+01 -1.259156732446533624e+03
7.815631262525049351e+03 1.717457472999763723e+01 -1.288237634243764887e+03
8.016032064128256025e+03 1.705467581800670374e+01 -1.319262197961438233e+03
8.216432865731463608e+03 1.693298029690055628e+01 -1.348264821214371295e+03
8.416833667334669371e+03 1.681436493984654135e+01 -1.378242041839286230e+03
8.617234468937875135e+03 1.669518065759541159e+01 -1.406678578400841843e+03
8.817635270541082718e+03 1.657823376383797509e+01 -1.435516738622864068e+03
9.018036072144288482e+03 1.646112717680207282e+01 -1.463335431212317417e+03
9.218436873747494246e+03 1.634557955876199031e+01 -1.491331111514794429e+03
9.418837675350701829e+03 1.623015371943248653e+01 -1.518617316408616261e+03
9.619238476953907593e+03 1.611561784089327176e+01 -1.546023734142888088e+03
9.819639278557115176e+03 1.600077640851533900e+01 -1.573198686876529109e+03
1.002004008016032094e+04 1.588599521426683125e+01 -1.600691088428582134e+03
1.022044088176352670e+04 1.577063743145107289e+01 -1.628240256566735525e+03
1.042084168336673247e+04 1.565485496854910608e+01 -1.656171022365626641e+03
1.062124248496994005e+04 1.553822165856254145e+01 -1.684357611676865872e+03
1.082164328657314582e+04 1.542121540396139601e+01 -1.712815432500881116e+03
1.102204408817635340e+04 1.530430867554928120e+01 -1.741135242204751876e+03
1.122244488977955916e+04 1.518839641724953182e+01 -1.769033568168550346e+03
1.142284569138276674e+04 1.507311906118597555e+01 -1.796564387556053589e+03
1.162324649298597251e+04 1.495965966917381351e+01 -1.823279593668130019e+03
1.182364729458917827e+04 1.484677022090663456e+01 -1.849663453055520449e+03
1.202404809619238404e+04 1.473563767465254593e+01 -1.875235748050103894e+03
1.222444889779559162e+04 1.462912539124912925e+01 -1.898624899019039503e+03
1.242484969939879738e+04 1.449544461223582914e+01 -1.933066332316920580e+03
1.262525050100200315e+04 1.442922529175961088e+01 -1.938964549128425233e+03
1.282565130260520891e+04 1.419798431620032630e+01 -2.020252451609716672e+03
1.302605210420841649e+04 1.432265014386275581e+01 -1.942908082979372239e+03
1.322645290581162226e+04 1.372803704053191964e+01 -2.168708251417901920e+03
1.342685370741482984e+04 1.459084027549307194e+01 -1.782623007193882813e+03
1.362725450901803561e+04 1.241086093264607193e+01 -2.610733893862205605e+03
1.382765531062124319e+04 1.657779000465227881e+01 -7.226490752850901345e+02
1.402805611222444895e+04 2.430055898456829677e+00 -2.792552002683442879e+03
1.422845691382765654e+04 1.173993084370904327e+00 -2.415242945924500418e+03
1.442885771543086230e+04 1.001972534847380247e+00 -2.088670109661049082e+03
1.462925851703406806e+04 9.967277477938921715e-01 -2.085707392206258191e+03
1.482965931863727565e+04 9.955740625600816296e-01 -2.083249580172143851e+03
1.503006012024048141e+04 9.955757975549079930e-01 -2.083312294222821492e+03
1.523046092184368899e+04 9.955730730123764083e-01 -2.083278273949879349e+03
1.543086172344689294e+04 9.956048912526540562e-01 -2.083300275786773454e+03
1.563126252505009870e+04 9.956253127079029985e-01 -2.083312868592158338e+03
1.583166332665330629e+04 9.956443196784723337e-01 -2.083321530403392444e+03
1.603206412825651205e+04 9.956636974870387569e-01 -2.083331224123790435e+03
1.623246492985971963e+04 9.956828924141687409e-01 -2.083340567010007817e+03
1.643286573146292722e+04 9.957020406605661123e-01 -2.083349922481689191e+03
1.663326653306613298e+04 9.957211043098928016e-01 -2.083359190365999439e+03
1.683366733466933874e+04 9.957400940809146839e-01 -2.083368398684335716e+03
1.703406813627254451e+04 9.957590073779046813e-01 -2.083377540258376939e+03
1.723446893787575027e+04 9.957778452696761651e-01 -2.083386617592615039e+03
1.743486973947895967e+04 9.957966078145670252e-01 -2.083395630523958971e+03
1.763527054108216544e+04 9.958152953462569013e-01 -2.083404579619051219e+03
1.783567134268537120e+04 9.958339081200139331e-01 -2.083413465239621928e+03
1.803607214428857696e+04 9.958524464100613205e-01 -2.083422287799702644e+03
1.823647294589178273e+04 9.958709104828203929e-01 -2.083431047694901281e+03
1.843687374749498849e+04 9.958893006043101348e-01 -2.083439745321927148e+03
1.863727454909819426e+04 9.959076170381471194e-01 -2.083448381073269047e+03
1.883767535070140366e+04 9.959258600461250444e-01 -2.083456955338710941e+03
1.903807615230460942e+04 9.959440298880828379e-01 -2.083465468504952241e+03
1.923847695390781519e+04 9.959621268219732704e-01 -2.083473920955757876e+03
1.943887775551102095e+04 9.959801511038781641e-01 -2.083482313071975568e+03
1.963927855711423035e+04 9.959981029880327075e-01 -2.083490645231580402e+03
1.983967935871743612e+04 9.960159827268416644e-01 -2.083498917809694376e+03
2.004008016032064188e+04 9.960337905708990247e-01 -2.083507131178617328e+03
2.024048096192384764e+04 9.960515267690092100e-01 -2.083515285707856037e+03
2.044088176352705341e+04 9.960691915682066133e-01 -2.083523381764165151e+03
2.064128256513026281e+04 9.960867852137726963e-01 -2.083531419711566741e+03
2.084168336673346494e+04 9.961043079492526431e-01 -2.083539399911380315e+03
2.104208416833667070e+04 9.961217600164747887e-01 -2.083547322722244644e+03
2.124248496993988010e+04 9.961391416555694933e-01 -2.083555188500152326e+03
2.144288577154308587e+04 9.961564531049876825e-01 -2.083562997598477523e+03
2.164328657314629163e+04 9.961736946015207206e-01 -2.083570750368007339e+03
2.184368737474949739e+04 9.961908663803206165e-01 -2.083578447156965922e+03
2.204408817635270680e+04 9.962079686749250040e-01 -2.083586088311063122e+03
2.224448897795591256e+04 9.962250017172826766e-01 -2.083593674173536328e+03
2.244488977955911832e+04 9.962419657377797888e-01 -2.083601205085189576e+03
2.264529058116232409e+04 9.962588609652615057e-01 -2.083608681384443116e+03
2.284569138276553349e+04 9.962756876270502104e-01 -2.083616103407347964e+03
2.304609218436873925e+04 9.962924459489590490e-01 -2.083623471487609550e+03
2.324649298597194502e+04 9.963091361552995906e-01 -2.083630785956580894e+03
2.344689378757515078e+04 9.963257584688800517e-01 -2.083638047143246240e+03
2.364729458917835655e+04 9.963423131110039632e-01 -2.083645255374203771e+03
2.384769539078156231e+04 9.963588003014832717e-01 -2.083652410973683800e+03
2.404809619238476807e+04 9.963752202586620976e-01 -2.083659514263605161e+03
2.424849699398797384e+04 9.963915731994582581e-01 -2.083666565563666609e+03
2.444889779559118324e+04 9.964078593394157801e-01 -2.083673565191479611e+03
2.464929859719438900e+04 9.964240788927584136e-01 -2.083680513462692488e+03
2.484969939879759477e+04 9.964402320724198292e-01 -2.083687410691060450e+03
2.505010020040080053e+04 9.964563190900426193e-01 -2.083694257188422853e+03
2.525050100200400630e+04 9.964723401559435478e-01 -2.083701053264592701e+03
2.545090180360721206e+04 9.964882954790472702e-01 -2.083707799227161559e+03
2.565130260521041782e+04 9.965041852668146127e-01 -2.083714495381299002e+03
2.585170340681362359e+04 9.965200097251960543e-01 -2.083721142029614839e+03
2.605210420841683299e+04 9.965357690586397199e-01 -2.083727739472164103e+03
2.625250501002003875e+04 9.965514634701637675e-01 -2.083734288006627594e+03
2.645290581162324452e+04 9.965670931614786232e-01 -2.083740787928625650e+03
2.665330661322645028e+04 9.965826583331275357e-01 -2.083747239532071490e+03
2.685370741482965968e+04 9.965981591846018173e-01 -2.083753643109456334e+03
2.705410821643286545e+04 9.966135959143913592e-01 -2.083759998951966281e+03
2.725450901803607121e+04 9.966289687199595404e-01 -2.083766307349390900e+03
2.745490981963927698e+04 9.966442777976601830e-01 -2.083772568589882212e+03
2.765531062124248638e+04 9.966595233426189804e-01 -2.083778782959637738e+03
2.785571142284569214e+04 9.966747055486414597e-01 -2.083784950742637648e+03
2.805611222444889790e+04 9.966898246081817847e-01 -2.083791072220556089e+03
2.825651302605210367e+04 9.967048807123791709e-01 -2.083797147672848041e+03
2.845691382765531307e+04 9.967198740511439281e-01 -2.083803177376975782e+03
2.865731462925851883e+04 9.967348048132608218e-01 -2.083809161608662635e+03
2.885771543086172460e+04 9.967496731864733395e-01 -2.083815100642099424e+03
2.905811623246493036e+04 9.967644793575167750e-01 -2.083820994750026784e+03
2.925851703406813613e+04 9.967792235121050171e-01 -2.083826844203669680e+03
2.945891783567134553e+04 9.967939058348871395e-01 -2.083832649272620984e+03
2.965931863727455129e+04 9.968085265094045466e-01 -2.083838410224711879e+03
2.985971943887775706e+04 9.968230857180699900e-01 -2.083844127325953650e+03
3.006012024048096282e+04 9.968375836421790037e-01 -2.083849800840555872e+03
3.026052104208417222e+04 9.968520204619460978e-01 -2.083855431031017361e+03
3.046092184368737799e+04 9.968663963565449482e-01 -2.083861018158225306e+03
3.066132264529058011e+04 9.968807115041375955e-01 -2.083866562481517121e+03
3.086172344689378588e+04 9.968949660818804404e-01 -2.083872064258695445e+03
3.106212424849699164e+04 9.969091602659210238e-01 -2.083877523746004044e+03
3.126252505010019740e+04 9.969232942313894785e-01 -2.083882941198096432e+03
3.146292585170340317e+04 9.969373681523935327e-01 -2.083888316868013135e+03
3.166332665330661257e+04 9.969513822020303895e-01 -2.083893651007199878e+03
3.186372745490981833e+04 9.969653365524056010e-01 -2.083898943865546698e+03
3.206412825651302410e+04 9.969792313746584922e-01 -2.083904195691437053e+03
3.226452905811622986e+04 9.969930668389813677e-01 -2.083909406731791023e+03
3.246492985971943926e+04 9.970068431146343890e-01 -2.083914577232082593e+03
3.266533066132264503e+04 9.970205603699494601e-01 -2.083919707436342833e+03
3.286573146292585443e+04 9.970342187723333360e-01 -2.083924797587154444e+03
3.306613226452905656e+04 9.970478184882740624e-01 -2.083929847925657214e+03
3.326653306613226596e+04 9.970613596833490799e-01 -2.083934858691565296e+03
3.346693386773546808e+04 9.970748425222366595e-01 -2.083939830123185857e+03
3.366733466933867749e+04 9.970882671687276710e-01 -2.083944762457447268e+03
3.386773547094188689e+04 9.971016337857291356e-01 -2.083949655929904566e+03
3.406813627254508901e+04 9.971149425352656692e-01 -2.083954510774736718e+03
3.426853707414829842e+04 9.971281935784801487e-01 -2.083959327224746630e+03
3.446893787575150054e+04 9.971413870756374864e-01 -2.083964105511365233e+03
3.466933867735470994e+04 9.971545231861291825e-01 -2.083968845864660580e+03
3.486973947895791935e+04 9.971676020684779873e-01 -2.083973548513339665e+03
3.507014028056112147e+04 9.971806238803466726e-01 -2.083978213684772982e+03
3.527054108216433087e+04 9.971935887785472463e-01 -2.083982841605002704e+03
3.547094188376754028e+04 9.972064969190492789e-01 -2.083987432498760882e+03
3.567134268537074240e+04 9.972193484569857880e-01 -2.083991986589473527e+03
3.587174348697395180e+04 9.972321435466635631e-01 -2.083996504099276990e+03
3.607214428857715393e+04 9.972448823415686059e-01 -2.084000985249026144e+03
3.627254509018035606e+04 9.972575649943776765e-01 -2.084005430258311208e+03
3.647294589178356546e+04 9.972701916569703950e-01 -2.084009839345480032e+03
3.667334669338677486e+04 9.972827624804322388e-01 -2.084014212727643553e+03
3.687374749498997699e+04 9.972952776150678655e-01 -2.084018550620688529e+03
3.707414829659318639e+04 9.973077372104086624e-01 -2.084022853239298911e+03
3.727454909819638851e+04 9.973201414152180755e-01 -2.084027120796962208e+03
3.747494989979959792e+04 9.973324903774982708e-01 -2.084031353505974039e+03
3.767535070140280732e+04 9.973447842444957967e-01 -2.084035551577453134e+03
3.787575150300600944e+04 9.973570231627113536e-01 -2.084039715221350434e+03
3.807615230460921885e+04 9.973692072779044571e-01 -2.084043844646464549e+03
3.827655310621242097e+04 9.973813367350985448e-01 -2.084047940060443125e+03
3.847695390781563037e+04 9.973934116785855286e-01 -2.084052001669794663e+03
3.867735470941883978e+04 9.974054322519316784e-01 -2.084056029679891253e+03
3.887775551102204190e+04 9.974173985979822854e-01 -2.084060024294984032e+03
3.907815631262525130e+04 9.974293108588673240e-01 -2.084063985718206368e+03
3.927855711422846070e+04 9.974411691760067811e-01 -2.084067914151581135e+03
3.947895791583166283e+04 9.974529736901155408e-01 -2.084071809796035268e+03
3.967935871743487223e+04 9.974647245412081586e-01 -2.084075672851400668e+03
3.987975951903807436e+04 9.974764218686072992e-01 -2.084079503516430123e+03
4.008016032064128376e+04 9.974880658109495091e-01 -2.084083301988807307e+03
4.028056112224449316e+04 9.974996565061899911e-01 -2.084087068465150878e+03
4.048096192384769529e+04 9.975111940916098208e-01 -2.084090803141026299e+03
4.068136272545090469e+04 9.975226787038224963e-01 -2.084094506210959480e+03
4.088176352705410682e+04 9.975341104787799340e-01 -2.084098177868442235e+03
4.108216432865731622e+04 9.975454895517764653e-01 -2.084101818305939105e+03
4.128256513026052562e+04 9.975568160574526111e-01 -2.084105427714899633e+03
4.148296593186372775e+04 9.975680901297974135e-01 -2.084109006285752912e+03
4.168336673346692987e+04 9.975793119021516553e-01 -2.084112554207918492e+03
4.188376753507013927e+04 9.975904815072088594e-01 -2.084116071669806388e+03
4.208416833667334140e+04 9.976015990770175090e-01 -2.084119558858819801e+03
4.228456913827655080e+04 9.976126647429859329e-01 -2.084123015961361034e+03
4.248496993987976020e+04 9.976236786358869679e-01 -2.084126443162847409e+03
4.268537074148296233e+04 9.976346408858646209e-01 -2.084129840647711262e+03
4.288577154308617173e+04 9.976455516224421727e-01 -2.084133208599417230e+03
4.308617234468937386e+04 9.976564109745288400e-01 -2.084136547200470432e+03
4.328657314629258326e+04 9.976672190704319876e-01 -2.084139856632437841e+03
4.348697394789579266e+04 9.976779760378663431e-01 -2.084143137075960112e+03
4.368737474949899479e+04 9.976886820039627679e-01 -2.084146388710768406e+03
4.388777555110220419e+04 9.976993370952749185e-01 -2.084149611715690298e+03
4.408817635270541359e+04 9.977099414377843534e-01 -2.084152806268666154e+03
4.428857715430861572e+04 9.977204951569054181e-01 -2.084155972546745033e+03
4.448897795591182512e+04 9.977309983774879099e-01 -2.084159110726097424e+03
4.468937875751502725e+04 9.977414512238156341e-01 -2.084162220982010240e+03
4.488977955911823665e+04 9.977518538196067377e-01 -2.084165303488886821e+03
4.509018036072144605e+04 9.977622062880132647e-01 -2.084168358420250570e+03
4.529058116232464818e+04 9.977725087516208236e-01 -2.084171385948738134e+03
4.549098196392785758e+04 9.977827613324478095e-01 -2.084174386246104859e+03
4.569138276553106698e+04 9.977929641519478476e-01 -2.084177359483224336e+03
4.589178356713426911e+04 9.978031173310114577e-01 -2.084180305830092493e+03
4.609218436873747851e+04 9.978132209899666094e-01 -2.084183225455828961e+03
4.629258517034068063e+04 9.978232752485840518e-01 -2.084186118528676161e+03
4.649298597194389004e+04 9.978332802260836409e-01 -2.084188985216020228e+03
4.669338677354709944e+04 9.978432360411436663e-01 -2.084191825684403284e+03
4.689378757515030156e+04 9.978531428119101765e-01 -2.084194640099543449e+03
4.709418837675351097e+04 9.978630006560076371e-01 -2.084197428626352576e+03
4.729458917835671309e+04 9.978728096905455924e-01 -2.084200191428953076e+03
4.749498997995991522e+04 9.978825700321204417e-01 -2.084202928670669735e+03
4.769539078156312462e+04 9.978922817968094439e-01 -2.084205640514010611e+03
4.789579158316633402e+04 9.979019451001579499e-01 -2.084208327120627018e+03
4.809619238476953615e+04 9.979115600571782929e-01 -2.084210988651303069e+03
4.829659318637274555e+04 9.979211267823513420e-01 -2.084213625265962037e+03
4.849699398797594768e+04 9.979306453896437112e-01 -2.084216237123708197e+03
4.869739478957915708e+04 9.979401159925470610e-01 -2.084218824382926414e+03
4.889779559118236648e+04 9.979495387041237286e-01 -2.084221387201400830e+03
4.909819639278556861e+04 9.979589136370407010e-01 -2.084223925736403544e+03
4.929859719438877801e+04 9.979682409035806057e-01 -2.084226440144711887e+03
4.949899799599198013e+04 9.979775206155994116e-01 -2.084228930582497014e+03
4.969939879759518954e+04 9.979867528844532654e-01 -2.084231397205117446e+03
4.989979959919839894e+04 9.979959378209112275e-01 -2.084233840166892151e+03
5.010020040080160106e+04 9.980050755350945435e-01 -2.084236259620928649e+03
5.030060120240480319e+04 9.980141661364695382e-01 -2.084238655719122562e+03
5.050100200400801259e+04 9.980232097339170050e-01 -2.084241028612328591e+03
5.070140280561121472e+04 9.980322064358601031e-01 -2.084243378450704768e+03
5.090180360721442412e+04 9.980411563503934769e-01 -2.084245705384050325e+03
5.110220440881763352e+04 9.980500595853690760e-01 -2.084248009562023071e+03
5.130260521042083565e+04 9.980589162483941568e-01 -2.084250291134127110e+03
5.150300601202404505e+04 9.980677264467461285e-01 -2.084252550249475462e+03
5.170340681362724717e+04 9.980764902872426569e-01 -2.084254787056444911e+03
5.190380761523045658e+04 9.980852078761304202e-01 -2.084257001702379966e+03
5.210420841683366598e+04 9.980938793190401448e-01 -2.084259194333475079e+03
5.230460921843686810e+04 9.981025047210244638e-01 -2.084261365094880603e+03
5.250501002004007751e+04 9.981110841866560612e-01 -2.084263514130957446e+03
5.270541082164328691e+04 9.981196178201283686e-01 -2.084265641585539015e+03
5.290581162324648903e+04 9.981281057253164057e-01 -2.084267747602078998e+03
5.310621242484969844e+04 9.981365480057644568e-01 -2.084269832323614992e+03
5.330661322645290056e+04 9.981449447646310036e-01 -2.084271895892609791e+03
5.350701402805610996e+04 9.981532961046202246e-01 -2.084273938450781770e+03
5.370741482965931937e+04 9.981616021279469120e-01 -2.084275960139001654e+03
5.390781563126252149e+04 9.981698629363474629e-01 -2.084277961097336174e+03
5.410821643286573089e+04 9.981780786311235110e-01 -2.084279941465159936e+03
5.430861723446893302e+04 9.981862493131873348e-01 -2.084281901381283660e+03
5.450901803607214242e+04 9.981943750830808426e-01 -2.084283840983996470e+03
5.470941883767535182e+04 9.982024560409619163e-01 -2.084285760411023603e+03
5.490981963927855395e+04 9.982104922865729923e-01 -2.084287659799441371e+03
5.511022044088176335e+04 9.982184839192220771e-01 -2.084289539285613955e+03
5.531062124248497275e+04 9.982264310377820804e-01 -2.084291399005192488e+03
5.551102204408817488e+04 9.982343337407177941e-01 -2.084293239093170087e+03
5.571142284569138428e+04 9.982421921261210862e-01 -2.084295059683969612e+03
5.591182364729458641e+04 9.982500062917402106e-01 -2.084296860911508247e+03
5.611222444889779581e+04 9.982577763349806954e-01 -2.084298642909194314e+03
5.631262525050100521e+04 9.982655023528881344e-01 -2.084300405809879067e+03
5.651302605210420734e+04 9.982731844421318668e-01 -2.084302149745808947e+03
5.671342685370741674e+04 9.982808226989945410e-01 -2.084303874848611940e+03
5.691382765531062614e+04 9.982884172193771111e-01 -2.084305581249305305e+03
5.711422845691382827e+04 9.982959680988082729e-01 -2.084307269078332865e+03
5.731462925851703767e+04 9.983034754324486837e-01 -2.084308938465579104e+03
5.751503006012023980e+04 9.983109393150878530e-01 -2.084310589540361434e+03
5.771543086172344920e+04 9.983183598411368154e-01 -2.084312222431412465e+03
5.791583166332665860e+04 9.983257371046173612e-01 -2.084313837266856353e+03
5.811623246492986073e+04 9.983330711991620365e-01 -2.084315434174198799e+03
5.831663326653307013e+04 9.983403622180229142e-01 -2.084317013280350693e+03
5.851703406813627225e+04 9.983476102540810304e-01 -2.084318574711647670e+03
5.871743486973948166e+04 9.983548153998540453e-01 -2.084320118593861480e+03
5.891783567134269106e+04 9.983619777475053469e-01 -2.084321645052217264e+03
5.911823647294589318e+04 9.983690973888449394e-01 -2.084323154211394012e+03
5.931863727454910259e+04 9.983761744153313300e-01 -2.084324646195520017e+03
5.951903807615231199e+04 9.983832089180726399e-01 -2.084326121128171962e+03
5.971943887775551411e+04 9.983902009878348194e-01 -2.084327579132394021e+03
5.991983967935872352e+04 9.983971507150469771e-01 -2.084329020330708317e+03
6.012024048096192564e+04 9.984040581898034894e-01 -2.084330444845118109e+03
6.032064128256513504e+04 9.984109235018647777e-01 -2.084331852797105967e+03
6.052104208416834445e+04 9.984177467406558648e-01 -2.084333244307632867e+03
6.072144288577154657e+04 9.984245279952671526e-01 -2.084334619497137737e+03
6.092184368737475597e+04 9.984312673544598615e-01 -2.084335978485545638e+03
6.112224448897795082e+04 9.984379649066652540e-01 -2.084337321392273225e+03
6.132264529058116022e+04 9.984446207399868545e-01 -2.084338648336221468e+03
6.152304609218436235e+04 9.984512349422010047e-01 -2.084339959435785204e+03
6.172344689378757175e+04 9.984578076007577518e-01 -2.084341254808851318e+03
6.192384769539077388e+04 9.984643388027835131e-01 -2.084342534572802833e+03
6.212424849699398328e+04 9.984708286350841844e-01 -2.084343798844525281e+03
6.232464929859719268e+04 9.984772771841440298e-01 -2.084345047740403061e+03
6.252505010020039481e+04 9.984836845361285684e-01 -2.084346281376321713e+03
6.272545090180360421e+04 9.984900507768892375e-01 -2.084347499867684746e+03
6.292585170340680634e+04 9.984963759919631698e-01 -2.084348703329403634e+03
6.312625250501001574e+04 9.985026602665728612e-01 -2.084349891875900539e+03
6.332665330661322514e+04 9.985089036856286127e-01 -2.084351065621111047e+03
6.352705410821642727e+04 9.985151063337334154e-01 -2.084352224678492803e+03
6.372745490981963667e+04 9.985212682951821739e-01 -2.084353369161026421e+03
6.392785571142284607e+04 9.985273896539633709e-01 -2.084354499181214123e+03
6.412825651302604820e+04 9.985334704937619543e-01 -2.084355614851087921e+03
6.432865731462925760e+04 9.985395108979627787e-01 -2.084356716282211437e+03
6.452905811623245972e+04 9.985455109496531589e-01 -2.084357803585687634e+03
6.472945891783566913e+04 9.985514707316214267e-01 -2.084358876872158362e+03
6.492985971943887853e+04 9.985573903263582629e-01 -2.084359936251793442e+03
6.513026052104208065e+04 9.985632698160590293e-01 -2.084360981834308859e+03
6.533066132264529006e+04 9.985691092826227688e-01 -2.084362013728960392e+03
6.553106212424849946e+04 9.985749088076563140e-01 -2.084363032044547253e+03
6.573146292585170886e+04 9.985806684724738425e-01 -2.084364036889418912e+03
6.593186372745491099e+04 9.985863883580980982e-01 -2.084365028371467361e+03
6.613226452905811311e+04 9.985920685452661649e-01 -2.084366006598142576e+03
6.633266533066131524e+04 9.985977091144335738e-01 -2.084366971676455705e+03
6.653306613226453192e+04 9.986033101457774119e-01 -2.084367923712984975e+03
6.673346693386773404e+04 9.986088717192024289e-01 -2.084368862813884789e+03
6.693386773547093617e+04 9.986143939143427017e-01 -2.084369789084891636e+03
6.713426853707415285e+04 9.986198768105583046e-01 -2.084370702631316362e+03
6.733466933867735497e+04 9.986253204869318667e-01 -2.084371603558036441e+03
6.753507014028055710e+04 9.986307250222611342e-01 -2.084372491969489147e+03
6.773547094188377378e+04 9.986360904950537520e-01 -2.084373367969659284e+03
6.793587174348697590e+04 9.986414169835231558e-01 -2.084374231662078728e+03
6.813627254509017803e+04 9.986467045655907926e-01 -2.084375083149823695e+03
6.833667334669339471e+04 9.986519533188920050e-01 -2.084375922535530208e+03
6.853707414829659683e+04 9.986571633207840248e-01 -2.084376749921399096e+03
6.873747494989979896e+04 9.986623346483620711e-01 -2.084377565409223280e+03
6.893787575150300108e+04 9.986674673784728951e-01 -2.084378369100410509e+03
6.913827655310621776e+04 9.986725615877258821e-01 -2.084379161095999734e+03
6.933867735470941989e+04 9.986776173524999356e-01 -2.084379941496668835e+03
6.953907815631262201e+04 9.986826347489480282e-01 -2.084380710402744626e+03
6.973947895791583869e+04 9.986876138529913183e-01 -2.084381467914192854e+03
6.993987975951904082e+04 9.986925547403117109e-01 -2.084382214130611828e+03
7.014028056112224294e+04 9.986974574863403120e-01 -2.084382949151209687e+03
7.034068136272545962e+04 9.987023221662465478e-01 -2.084383673074786202e+03
7.054108216432866175e+04 9.987071488549296161e-01 -2.084384385999725055e+03
7.074148296593186387e+04 9.987119376270142679e-01 -2.084385088023981098e+03
7.094188376753508055e+04 9.987166885568488084e-01 -2.084385779245088543e+03
7.114228456913828268e+04 9.987214017185056525e-01 -2.084386459760148227e+03
7.134268537074148480e+04 9.987260771857865427e-01 -2.084387129665842622e+03
7.154308617234470148e+04 9.987307150322312088e-01 -2.084387789058444923e+03
7.174348697394790361e+04 9.987353153311264720e-01 -2.084388438033839066e+03
7.194388777555110573e+04 9.987398781555142380e-01 -2.084389076687529723e+03
7.214428857715430786e+04 9.987444035781943841e-01 -2.084389705114646858e+03
7.234468937875750999e+04 9.987488916717295329e-01 -2.084390323409947996e+03
7.254509018036071211e+04 9.987533425084453853e-01 -2.084390931667821405e+03
7.274549098196392879e+04 9.987577561604372711e-01 -2.084391529982298380e+03
7.294589178356713091e+04 9.987621326995798077e-01 -2.084392118447079611e+03
7.314629258517033304e+04 9.987664721975274551e-01 -2.084392697155533824e+03
7.334669338677354972e+04 9.987707747257102975e-01 -2.084393266200691414e+03
7.354709418837675184e+04 9.987750403553182776e-01 -2.084393825675194876e+03
7.374749498997995397e+04 9.987792691572801029e-01 -2.084394375671249236e+03
7.394789579158315610e+04 9.987834612022492564e-01 -2.084394916280578855e+03
7.414829659318637277e+04 9.987876165606139889e-01 -2.084395447594466532e+03
7.434869739478957490e+04 9.987917353025453915e-01 -2.084395969703870833e+03
7.454909819639277703e+04 9.987958174980706705e-01 -2.084396482699627995e+03
7.474949899799599370e+04 9.987998632171350977e-01 -2.084396986672609728e+03
7.494989979959919583e+04 9.988038725295947939e-01 -2.084397481713695470e+03
7.515030060120239796e+04 9.988078455051188076e-01 -2.084397967913505909e+03
7.535070140280561463e+04 9.988117822130216927e-01 -2.084398445361954600e+03
7.555110220440881676e+04 9.988156827221127410e-01 -2.084398914147852793e+03
7.575150300601201889e+04 9.988195471006700021e-01 -2.084399374358856221e+03
7.595190380761523556e+04 9.988233754165926070e-01 -2.084399826081870287e+03
7.615230460921843769e+04 9.988271677376742153e-01 -2.084400269403788570e+03
7.635270541082163982e+04 9.988309241318551468e-01 -2.084400704412147661e+03
7.655310621242484194e+04 9.988346446672869972e-01 -2.084401131195277230e+03
7.675350701402805862e+04 9.988383294121450096e-01 -2.084401549841785709e+03
7.695390781563126075e+04 9.988419784342847940e-01 -2.084401960439642608e+03
7.715430861723446287e+04 9.988455918009566670e-01 -2.084402363075436369e+03
7.735470941883767955e+04 9.988491695787744540e-01 -2.084402757834308886e+03
7.755511022044088168e+04 9.988527118339664002e-01 -2.084403144800641257e+03
7.775551102204408380e+04 9.988562186327427650e-01 -2.084403524059023766e+03
7.795591182364730048e+04 9.988596900415190882e-01 -2.084403895694834318e+03
7.815631262525050261e+04 9.988631261268454686e-01 -2.084404259794011978e+03
7.835671342685370473e+04 9.988665269550822678e-01 -2.084404616442198858e+03
7.855711422845692141e+04 9.988698925920731497e-01 -2.084404965723872010e+03
7.875751503006012354e+04 9.988732231030549302e-01 -2.084405307722133784e+03
7.895791583166332566e+04 9.988765185528690749e-01 -2.084405642519285720e+03
7.915831663326652779e+04 9.988797790063060900e-01 -2.084405970197745773e+03
7.935871743486974447e+04 9.988830045283181303e-01 -2.084406290840594011e+03
7.955911823647294659e+04 9.988861951839447251e-01 -2.084406604531342055e+03
7.975951903807614872e+04 9.988893510380238983e-01 -2.084406911353164560e+03
7.995991983967936540e+04 9.988924721549227170e-01 -2.084407211388190262e+03
8.016032064128256752e+04 9.988955585985025420e-01 -2.084407504717431948e+03
8.036072144288576965e+04 9.988986104323227533e-01 -2.084407791421343063e+03
8.056112224448898633e+04 9.989016277199070926e-01 -2.084408071580520300e+03
8.076152304609218845e+04 9.989046105248543528e-01 -2.084408345275982811e+03
8.096192384769539058e+04 9.989075589107244690e-01 -2.084408612588852066e+03
8.116232464929860726e+04 9.989104729408126992e-01 -2.084408873599747494e+03
8.136272545090180938e+04 9.989133526780099581e-01 -2.084409128388416775e+03
8.156312625250501151e+04 9.989161981848577732e-01 -2.084409377033881810e+03
8.176352705410821363e+04 9.989190095237333589e-01 -2.084409619614930307e+03
8.196392785571143031e+04 9.989217867569968323e-01 -2.084409856210501403e+03
8.216432865731463244e+04 9.989245299469806660e-01 -2.084410086899666112e+03
8.236472945891783456e+04 9.989272391558409181e-01 -2.084410311761244884e+03
8.256513026052105124e+04 9.989299144453986923e-01 -2.084410530873430616e+03
8.276553106212425337e+04 9.989325558771001701e-01 -2.084410744313692703e+03
8.296593186372745549e+04 9.989351635121078710e-01 -2.084410952159015778e+03
8.316633266533067217e+04 9.989377374114399855e-01 -2.084411154486234864e+03
8.336673346693385975e+04 9.989402776360561953e-01 -2.084411351372201352e+03
8.356713426853706187e+04 9.989427842468491248e-01 -2.084411542893713431e+03
8.376753507014027855e+04 9.989452573045838335e-01 -2.084411729127325543e+03
8.396793587174348067e+04 9.989476968698560722e-01 -2.084411910149248342e+03
8.416833667334668280e+04 9.989501030030972784e-01 -2.084412086035394623e+03
8.436873747494989948e+04 9.989524757645943387e-01 -2.084412256861478909e+03
8.456913827655310160e+04 9.989548152144851478e-01 -2.084412422703046104e+03
8.476953907815630373e+04 9.989571214127128673e-01 -2.084412583635378724e+03
8.496993987975952041e+04 9.989593944189707475e-01 -2.084412739733361377e+03
8.517034068136272253e+04 9.989616342926780357e-01 -2.084412891071421654e+03
8.537074148296592466e+04 9.989638410930061774e-01 -2.084413037723571051e+03
8.557114228456914134e+04 9.989660148789325511e-01 -2.084413179763532298e+03
8.577154308617234346e+04 9.989681557092791042e-01 -2.084413317264814850e+03
8.597194388777554559e+04 9.989702636427234550e-01 -2.084413450300724890e+03
8.617234468937874772e+04 9.989723387377852371e-01 -2.084413578944319397e+03
8.637274549098196439e+04 9.989743810528136647e-01 -2.084413703268372046e+03
8.657314629258516652e+04 9.989763906459911968e-01 -2.084413823345389119e+03
8.677354709418836865e+04 9.989783675753444170e-01 -2.084413939247639519e+03
8.697394789579158532e+04 9.989803118987510278e-01 -2.084414051047171597e+03
8.717434869739478745e+04 9.989822236739346328e-01 -2.084414158815807696e+03
8.737474949899798958e+04 9.989841029584536347e-01 -2.084414262625113224e+03
8.757515030060120625e+04 9.989859498096943513e-01 -2.084414362546381653e+03
8.777555110220440838e+04 9.989877642848733474e-01 -2.084414458650637698e+03
8.797595190380761051e+04 9.989895464410442072e-01 -2.084414551008657327e+03
8.817635270541082718e+04 9.989912963351014197e-01 -2.084414639690977310e+03
8.837675350701402931e+04 9.989930140237803791e-01 -2.084414724767892039e+03
8.857715430861723144e+04 9.989946995636524996e-01 -2.084414806309444430e+03
8.877755511022043356e+04 9.989963530111237722e-01 -2.084414884385416826e+03
8.897795591182365024e+04 9.989979744224346536e-01 -2.084414959065336461e+03
8.917835671342685237e+04 9.989995638536667277e-01 -2.084415030418482274e+03
8.937875751503005449e+04 9.990011213607455920e-01 -2.084415098513901739e+03
8.957915831663327117e+04 9.990026469994395253e-01 -2.084415163420401768e+03
8.977955911823647330e+04 9.990041408253556021e-01 -2.084415225206537798e+03
8.997995991983967542e+04 9.990056028939406918e-01 -2.084415283940616519e+03
9.018036072144289210e+04 9.990070332604834569e-01 -2.084415339690701330e+03
9.038076152304609423e+04 9.990084319801180168e-01 -2.084415392524618710e+03
9.058116232464929635e+04 9.990097991078229489e-01 -2.084415442509960030e+03
9.078156312625251303e+04 9.990111346984211771e-01 -2.084415489714074283e+03
9.098196392785571516e+04 9.990124388065799721e-01 -2.084415534204072173e+03
9.118236472945891728e+04 9.990137114868145041e-01 -2.084415576046829756e+03
9.138276553106213396e+04 9.990149527934851781e-01 -2.084415615308986162e+03
9.158316633266533609e+04 9.990161627807977451e-01 -2.084415652056944509e+03
9.178356713426853821e+04 9.990173415028067438e-01 -2.084415686356869173e+03
9.198396793587174034e+04 9.990184890134160556e-01 -2.084415718274702158e+03
9.218436873747495702e+04 9.990196053663777942e-01 -2.084415747876145360e+03
9.238476953907815914e+04 9.990206906152935273e-01 -2.084415775226671030e+03
9.258517034068136127e+04 9.990217448136157197e-01 -2.084415800391521316e+03
9.278557114228457795e+04 9.990227680146480660e-01 -2.084415823435709171e+03
9.298597194388778007e+04 9.990237602715453802e-01 -2.084415844424015177e+03
9.318637274549098220e+04 9.990247216373175920e-01 -2.084415863420996629e+03
9.338677354709419888e+04 9.990256521648284149e-01 -2.084415880490976178e+03
9.358717434869740100e+04 9.990265519068032285e-01 -2.084415895698054555e+03
9.378757515030060313e+04 9.990274209158315211e-01 -2.084415909106105573e+03
9.398797595190381981e+04 9.990282592443787690e-01 -2.084415920778771124e+03
9.418837675350702193e+04 9.990290669448130823e-01 -2.084415930779479822e+03
9.438877755511022406e+04 9.990298440694533877e-01 -2.084415939171437003e+03
9.458917835671342618e+04 9.990305906706542505e-01 -2.084415946017561510e+03
9.478957915831662831e+04 9.990313068008803699e-01 -2.084415951380141450e+03
9.498997995991983043e+04 9.990319925122723710e-01 -2.084415955319430395e+03
9.519038076152304711e+04 9.990326478533869681e-01 -2.084415957891043490e+03
9.539078156312624924e+04 9.990332728569756293e-01 -2.084415959161734918e+03
9.559118236472945136e+04 9.990338675297296689e-01 -2.084415959379637570e+03
9.579158316633266804e+04 9.990344320621066254e-01 -2.084415958025252166e+03
9.599198396793587017e+04 9.990349664687413478e-01 -2.084415955934200156e+03
9.619238476953907229e+04 9.990354707144651902e-01 -2.084415952587513402e+03
9.639278557114227442e+04 9.990359449131799296e-01 -2.084415948344207209e+03
9.659318637274549110e+04 9.990363890853822815e-01 -2.084415943130099549e+03
9.679358717434869322e+04 9.990368032959312528e-01 -2.084415937061395653e+03
9.699398797595189535e+04 9.990371875885032393e-01 -2.084415930176119673e+03
9.719438877755511203e+04 9.990375420141881513e-01 -2.084415922540993051e+03
9.739478957915831415e+04 9.990378666201913394e-01 -2.084415914211240761e+03
9.759519038076151628e+04 9.990381614536336663e-01 -2.084415905244624810e+03
9.779559118236473296e+04 9.990384265594177693e-01 -2.084415895695764448e+03
9.799599198396793508e+04 9.990386619794743295e-01 -2.084415885616607284e+03
9.819639278557113721e+04 9.990388677501617076e-01 -2.084415875053519812e+03
9.839679358717435389e+04 9.990390438978541399e-01 -2.084415864043484362e+03
9.859719438877755601e+04 9.990391904321350713e-01 -2.084415852609253761e+03
9.879759519038075814e+04 9.990393073433564419e-01 -2.084415840764327640e+03
9.899799599198396027e+04 9.990393946471817221e-01 -2.084415828580973994e+03
9.919839679358717694e+04 9.990394526608120662e-01 -2.084415816516932864e+03
9.939879759519037907e+04 9.990394831036311096e-01 -2.084415806401313603e+03
9.959919839679358120e+04 9.990394919871344870e-01 -2.084415801984221616e+03
9.979959919839679787e+04 9.990394831036311096e-01 -2.084415806401313603e+03
1.000000000000000000e+05 9.990394919871344870e-01 -2.084415801984221616e+03
