# 30.47488099177571
0.000000000000000000e+00 2.194627745380365869e-01 -2.190123969101193779e+00
2.004008016032063892e+02 2.204098054887303482e-01 -4.194505496036305958e-01
4.008016032064127785e+02 2.204098054887303482e-01 4.194505496036305958e-01
6.012024048096192246e+02 2.194627745380365869e-01 2.190123969101193779e+00
8.016032064128255570e+02 2.194606973258656224e-01 3.036124707186827365e+00
1.002004008016032003e+03 2.185324711416465893e-01 4.776579815113939809e+00
1.202404809619238449e+03 2.185034783021870264e-01 5.652940771728553138e+00
1.402805611222444895e+03 2.176172365766796679e-01 7.343248747844000945e+00
1.603206412825651114e+03 2.175397230866734366e-01 8.268870337187779640e+00
1.803607214428857787e+03 2.167139152923027445e-01 9.892235053696627034e+00
2.004008016032064006e+03 2.165721442043782863e-01 1.087882037218738240e+01
2.204408817635270680e+03 2.158174057237977339e-01 1.242714787439004631e+01
2.404809619238476898e+03 2.156053796586444860e-01 1.347876044186811306e+01
2.605210420841683117e+03 2.149245053694646967e-01 1.495229917453315949e+01
2.805611222444889790e+03 2.146443098753978707e-01 1.606409726919908110e+01
3.006012024048096009e+03 2.140304656931809602e-01 1.746964880343985982e+01
3.206412825651302228e+03 2.136908304959916072e-01 1.863044499280903210e+01
3.406813627254508901e+03 2.131324191878193886e-01 1.997993766927585213e+01
3.607214428857715575e+03 2.127469740586301894e-01 2.117698582079233560e+01
3.807615230460922248e+03 2.122304938388780704e-01 2.248452765137178488e+01
4.008016032064128012e+03 2.118131866875917479e-01 2.370467297101969351e+01
4.208416833667334686e+03 2.113245644540203416e-01 2.498220042159703524e+01
4.408817635270541359e+03 2.108869281261996076e-01 2.621348588600289631e+01
4.609218436873747123e+03 2.104147769777464094e-01 2.747037423694721170e+01
4.809619238476953797e+03 2.099662141566700224e-01 2.870481901536090419e+01
5.010020040080160470e+03 2.095034438019800771e-01 2.994833598774654249e+01
5.210420841683366234e+03 2.090503780584707649e-01 3.118129493070173552e+01
5.410821643286572908e+03 2.085923404121234892e-01 3.241531831755285253e+01
5.611222444889779581e+03 2.081374927500120875e-01 3.364336195213680725e+01
5.811623246492986254e+03 2.076810613230103686e-01 3.486896375587463126e+01
6.012024048096192018e+03 2.072254672431798062e-01 3.609021886669095380e+01
6.212424849699398692e+03 2.067696968021986437e-01 3.730822001205261529e+01
6.412825651302604456e+03 2.063144474077443224e-01 3.852275795835825534e+01
6.613226452905811129e+03 2.058595753483442037e-01 3.973408357255112122e+01
6.813627254509017803e+03 2.054050556649896775e-01 4.094203733221682739e+01
7.014028056112224476e+03 2.049506486060351240e-01 4.214638537582776934e+01
7.214428857715431150e+03 2.044961336479161063e-01 4.334686020691178499e+01
7.414829659318637823e+03 2.040414024963843054e-01 4.454332049829940132e+01
7.615230460921844497e+03 2.035865101292069490e-01 4.573581758487596005e+01
7.815631262525049351e+03 2.031316330902840916e-01 4.692454959771493606e+01
8.016032064128256025e+03 2.026769558252796699e-01 4.810973468839571154e+01
8.216432865731463608e+03 2.022225556159450988e-01 4.929147130056969672e+01
8.416833667334669371e+03 2.017683470707315463e-01 5.046966430893387923e+01
8.617234468937875135e+03 2.013141150985280903e-01 5.164405602426944597e+01
8.817635270541082718e+03 2.008596169457162461e-01 5.281434412025530634e+01
9.018036072144288482e+03 2.004046981759139701e-01 5.398032341189585281e+01
9.218436873747494246e+03 1.999493624199683017e-01 5.514197759782886266e+01
9.418837675350701829e+03 1.994937604245941576e-01 5.629947464477891117e+01
9.619238476953907593e+03 1.990381056930861370e-01 5.745306932809086931e+01
9.819639278557115176e+03 1.985825600809273950e-01 5.860296248352341308e+01
1.002004008016032094e+04 1.981271457285709581e-01 5.974918636529874760e+01
1.022044088176352670e+04 1.976717249158325418e-01 6.089157098825254621e+01
1.042084168336673247e+04 1.972160557008438009e-01 6.202980630440858789e+01
1.062124248496994005e+04 1.967598955926539439e-01 6.316356975914114713e+01
1.082164328657314582e+04 1.963031045204279013e-01 6.429265946580554214e+01
1.102204408817635340e+04 1.958457005791428562e-01 6.541707243518239068e+01
1.122244488977955916e+04 1.953878449607228673e-01 6.653699376913446883e+01
1.142284569138276674e+04 1.949297646117276184e-01 6.765270314288034115e+01
1.162324649298597251e+04 1.944716478128922510e-01 6.876444070508235029e+01
1.182364729458917827e+04 1.940135579237327879e-01 6.987229051976588323e+01
1.202404809619238404e+04 1.935554008944174176e-01 7.097613027630249860e+01
1.222444889779559162e+04 1.930969582821671360e-01 7.207566672639553929e+01
1.242484969939879738e+04 1.926379702643618019e-01 7.317054048426193447e+01
1.262525050100200315e+04 1.921782337682226005e-01 7.426045641573504952e+01
1.282565130260520891e+04 1.917176764804433553e-01 7.534528730175873079e+01
1.302605210420841649e+04 1.912563787892238021e-01 7.642511096864991771e+01
1.322645290581162226e+04 1.907945371190197803e-01 7.750016837603989472e+01
1.342685370741482984e+04 1.903323846678222075e-01 7.857076073753690082e+01
1.362725450901803561e+04 1.898701006174433326e-01 7.963712579428450056e+01
1.382765531062124319e+04 1.894077414472988552e-01 8.069933926094434185e+01
1.402805611222444895e+04 1.889452181423681709e-01 8.175727624046847097e+01
1.422845691382765654e+04 1.884823254349208832e-01 8.281064437635328090e+01
1.442885771543086230e+04 1.880188106604893938e-01 8.385907473287910818e+01
1.462925851703406806e+04 1.875544568742881502e-01 8.490223709047080547e+01
1.482965931863727565e+04 1.870891515262288474e-01 8.593993969078351824e+01
1.503006012024048141e+04 1.866229185534251656e-01 8.697218076044663349e+01
1.523046092184368899e+04 1.861559051702879608e-01 8.799913682993631880e+01
1.543086172344689294e+04 1.856883298731711318e-01 8.902109423325835280e+01
1.563126252505009870e+04 1.852204100964071898e-01 9.003834794558788701e+01
1.583166332665330629e+04 1.847522930584029610e-01 9.105110071713771447e+01
1.603206412825651205e+04 1.842840106943479384e-01 9.205939334163879550e+01
1.623246492985971963e+04 1.838154707909995522e-01 9.306308552215087104e+01
1.643286573146292722e+04 1.833464848104026657e-01 9.406189048028925015e+01
1.663326653306613298e+04 1.828768221641588754e-01 9.505545052984275856e+01
1.683366733466933874e+04 1.824062739168738345e-01 9.604342994200149519e+01
1.703406813627254451e+04 1.819347075921698698e-01 9.702559822949955048e+01
1.723446893787575027e+04 1.814620987080168280e-01 9.800188161087586991e+01
1.743486973947895967e+04 1.809885321903675903e-01 9.897237076407779455e+01
1.763527054108216544e+04 1.805141754180384084e-01 9.993728555765537180e+01
1.783567134268537120e+04 1.800392318716676487e-01 1.008969085907096854e+02
1.803607214428857696e+04 1.795638884481407793e-01 1.018515062911742604e+02
1.823647294589178273e+04 1.790882698074341417e-01 1.028012577457032108e+02
1.843687374749498849e+04 1.786124100816461613e-01 1.037462077115184229e+02
1.863727454909819426e+04 1.781362471208059184e-01 1.046862529967548454e+02
1.883767535070140366e+04 1.776596387290270973e-01 1.056211628292741835e+02
1.903807615230460942e+04 1.771823954882274788e-01 1.065506261661908667e+02
1.923847695390781519e+04 1.767043217563412649e-01 1.074743137584988943e+02
1.943887775551102095e+04 1.762252556440047357e-01 1.083919409454470042e+02
1.963927855711423035e+04 1.757451000243199224e-01 1.093033184931442463e+02
1.983967935871743612e+04 1.752638393046082321e-01 1.102083825049080446e+02
2.004008016032064188e+04 1.747815399879169007e-01 1.111071993506030680e+02
2.024048096192384764e+04 1.742983362116674595e-01 1.119999465087026209e+02
2.044088176352705341e+04 1.738144039081670478e-01 1.128868742656891442e+02
2.064128256513026281e+04 1.733299286995447774e-01 1.137682558482784003e+02
2.084168336673346494e+04 1.728450730920327028e-01 1.146443346502788359e+02
2.104208416833667070e+04 1.723599481290198077e-01 1.155152769317080867e+02
2.124248496993988010e+04 1.718745936398951291e-01 1.163811370392100457e+02
2.144288577154308587e+04 1.713889698212668344e-01 1.172418401693481513e+02
2.164328657314629163e+04 1.709029612985032143e-01 1.180971852558060675e+02
2.184368737474949739e+04 1.704163931752212813e-01 1.189468679210582280e+02
2.204408817635270680e+04 1.699290569962778608e-01 1.197905207717172971e+02
2.224448897795591256e+04 1.694407431453481827e-01 1.206277658371985098e+02
2.244488977955911832e+04 1.689512751226155685e-01 1.214582719193043800e+02
2.264529058116232409e+04 1.684605405783149989e-01 1.222818083576763826e+02
2.284569138276553349e+04 1.679685140785958097e-01 1.230982865399678161e+02
2.304609218436873925e+04 1.674752674474513925e-01 1.239077816119519042e+02
2.324649298597194502e+04 1.669809651369225934e-01 1.247105292903243736e+02
2.344689378757515078e+04 1.664858442547932915e-01 1.255068962164163935e+02
2.364729458917835655e+04 1.659901813187512620e-01 1.262973264376584552e+02
2.384769539078156231e+04 1.654942501201901450e-01 1.270822707234377162e+02
2.404809619238476807e+04 1.649982768697005608e-01 1.278621088167034401e+02
2.424849699398797384e+04 1.645023997196893850e-01 1.286370767613481405e+02
2.444889779559118324e+04 1.640066395947749889e-01 1.294072116665065835e+02
2.464929859719438900e+04 1.635108879425618000e-01 1.301723244616322006e+02
2.484969939879759477e+04 1.630149146617988487e-01 1.309320074588175373e+02
2.505010020040080053e+04 1.625183963721457681e-01 1.316856783077158468e+02
2.525050100200400630e+04 1.620209618221296888e-01 1.324326559600619362e+02
2.545090180360721206e+04 1.615222481557677670e-01 1.331722585455393641e+02
2.565130260521041782e+04 1.610219595492006772e-01 1.339039086601352437e+02
2.585170340681362359e+04 1.605199188514002118e-01 1.346272293954331758e+02
2.605210420841683299e+04 1.600161035554212852e-01 1.353421150327550322e+02
2.625250501002003875e+04 1.595106596248208886e-01 1.360487636996892888e+02
2.645290581162324452e+04 1.590038900380251474e-01 1.367476648933152887e+02
2.665330661322645028e+04 1.584962188081221190e-01 1.374395416435826291e+02
2.685370741482965968e+04 1.579881350270226359e-01 1.381252540656992380e+02
2.705410821643286545e+04 1.574801245802807670e-01 1.388056770480213515e+02
2.725450901803607121e+04 1.569725991569232149e-01 1.394815690099236178e+02
2.745490981963927698e+04 1.564658328060865577e-01 1.401534505246246738e+02
2.765531062124248638e+04 1.559599155112207647e-01 1.408215109082444201e+02
2.785571142284569214e+04 1.554547311500062701e-01 1.414855576576125884e+02
2.805611222444889790e+04 1.549499640065965522e-01 1.421450181641890538e+02
2.825651302605210367e+04 1.544451340681070317e-01 1.427989960241011715e+02
2.845691382765531307e+04 1.539396571757136734e-01 1.434463763999230821e+02
2.865731462925851883e+04 1.534329223196170267e-01 1.440859674132877046e+02
2.885771543086172460e+04 1.529243755885598410e-01 1.447166586919449855e+02
2.905811623246493036e+04 1.524135990234805060e-01 1.453375750401583844e+02
2.925851703406813613e+04 1.519003731598752016e-01 1.459482034083728763e+02
2.945891783567134553e+04 1.513847143217297020e-01 1.465484749438809615e+02
2.965931863727455129e+04 1.508668813503136474e-01 1.471387902648007469e+02
2.985971943887775706e+04 1.503473507518039154e-01 1.477199840354138303e+02
3.006012024048096282e+04 1.498267634815425853e-01 1.482932330378754102e+02
3.026052104208417222e+04 1.493058501160783036e-01 1.488599190044743636e+02
3.046092184368737799e+04 1.487853436122860695e-01 1.494214627043294570e+02
3.066132264529058011e+04 1.482658900967047944e-01 1.499791488642878221e+02
3.086172344689378588e+04 1.477479682242043013e-01 1.505339624682665374e+02
3.106212424849699164e+04 1.472318267024453342e-01 1.510864559383366270e+02
3.126252505010019740e+04 1.467174476883168766e-01 1.516366637273343372e+02
3.146292585170340317e+04 1.462045410143468227e-01 1.521840760160585546e+02
3.166332665330661257e+04 1.456925707593106634e-01 1.527276767339504886e+02
3.186372745490981833e+04 1.451808118380663593e-01 1.532660435402965788e+02
3.206412825651302410e+04 1.446684304968154089e-01 1.537974995792536106e+02
3.226452905811622986e+04 1.441545793972084655e-01 1.543202998556779733e+02
3.246492985971943926e+04 1.436384958844829085e-01 1.548328301069238648e+02
3.266533066132264503e+04 1.431195914688886961e-01 1.553337940043418826e+02
3.286573146292585443e+04 1.425975216822444325e-01 1.558223659015976921e+02
3.306613226452905656e+04 1.420722281650482477e-01 1.562982910209106251e+02
3.326653306613226596e+04 1.415439486283221471e-01 1.567619221147333803e+02
3.346693386773546808e+04 1.410131945119445229e-01 1.572141899070656450e+02
3.366733466933867749e+04 1.404806999678953061e-01 1.576565124781998009e+02
3.386773547094188689e+04 1.399473486461370320e-01 1.580906549667733429e+02
3.406813627254508901e+04 1.394140864065712138e-01 1.585185549301385208e+02
3.426853707414829842e+04 1.388818286379368550e-01 1.589421305638106219e+02
3.446893787575150054e+04 1.383513706698971668e-01 1.593630893372891535e+02
3.466933867735470994e+04 1.378233091494910634e-01 1.597827540706119294e+02
3.486973947895791935e+04 1.372979813652307202e-01 1.602019222943530110e+02
3.507014028056112147e+04 1.367754282743396110e-01 1.606207726977988273e+02
3.527054108216433087e+04 1.362553852586602110e-01 1.610388291712270359e+02
3.547094188376754028e+04 1.357373023186614902e-01 1.614549881645731091e+02
3.567134268537074240e+04 1.352203926179605387e-01 1.618676090205406410e+02
3.587174348697395180e+04 1.347037053046696298e-01 1.622746602290187639e+02
3.607214428857715393e+04 1.341862157574311432e-01 1.626739080800919623e+02
3.627254509018035606e+04 1.336669242422686976e-01 1.630631289057884032e+02
3.647294589178356546e+04 1.331449527774195285e-01 1.634403228425975385e+02
3.667334669338677486e+04 1.326196300426522590e-01 1.638039064606233524e+02
3.687374749498997699e+04 1.320905555368240836e-01 1.641528640024261279e+02
3.707414829659318639e+04 1.315576367614058606e-01 1.644868421824526763e+02
3.727454909819638851e+04 1.310210966072026528e-01 1.648061807540222503e+02
3.747494989979959792e+04 1.304814517409195185e-01 1.651118790527912665e+02
3.767535070140280732e+04 1.299394659339414559e-01 1.654055059055672530e+02
3.787575150300600944e+04 1.293960843778905467e-01 1.656890652824667427e+02
3.807615230460921885e+04 1.288523558527195911e-01 1.659648321959176656e+02
3.827655310621242097e+04 1.283093493473957958e-01 1.662351729246318541e+02
3.847695390781563037e+04 1.277680709171322981e-01 1.665023618358494275e+02
3.867735470941883978e+04 1.272293858045739634e-01 1.667684053545868608e+02
3.887775551102204190e+04 1.266939505096120466e-01 1.670348829565186861e+02
3.907815631262525130e+04 1.261621594683083325e-01 1.673028153973600354e+02
3.927855711422846070e+04 1.256341108354507297e-01 1.675725707675087506e+02
3.947895791583166283e+04 1.251095950396867440e-01 1.678438181214220890e+02
3.967935871743487223e+04 1.245881080636960792e-01 1.681155356158425889e+02
3.987975951903807436e+04 1.240688890238902942e-01 1.683860754878671457e+02
4.008016032064128376e+04 1.235509790961604598e-01 1.686532826514581984e+02
4.028056112224449316e+04 1.230332966572866005e-01 1.689146581222338170e+02
4.048096192384769529e+04 1.225147221216799504e-01 1.691675539155952777e+02
4.068136272545090469e+04 1.219941854265369080e-01 1.694093829958723063e+02
4.088176352705410682e+04 1.214707490080154245e-01 1.696378257498128050e+02
4.108216432865731622e+04 1.209436795715402718e-01 1.698510142270776555e+02
4.128256513026052562e+04 1.204125034140970385e-01 1.700476784693902061e+02
4.148296593186372775e+04 1.198770409452515340e-01 1.702272420029925968e+02
4.168336673346692987e+04 1.193374163890681128e-01 1.703898556671391020e+02
4.188376753507013927e+04 1.187940428285248484e-01 1.705363701968064163e+02
4.208416833667334140e+04 1.182475877009185744e-01 1.706682602376775719e+02
4.228456913827655080e+04 1.176989203280382340e-01 1.707875037721655644e+02
4.248496993987976020e+04 1.171490432374987650e-01 1.708964207476373360e+02
4.268537074148296233e+04 1.165990269118393208e-01 1.709975162003683806e+02
4.288577154308617173e+04 1.160499643589203295e-01 1.710933674824442221e+02
4.308617234468937386e+04 1.155029129724016029e-01 1.711864861508008175e+02
4.328657314629258326e+04 1.149587946379573011e-01 1.712790918106806828e+02
4.348697394789579266e+04 1.144183355886673054e-01 1.713729875647661913e+02
4.368737474949899479e+04 1.138821149988612919e-01 1.714697072000421940e+02
4.388777555110220419e+04 1.133505147838276828e-01 1.715704329991109489e+02
4.408817635270541359e+04 1.128233896150495214e-01 1.716751606302527193e+02
4.428857715430861572e+04 1.123000295644046159e-01 1.717824426088907614e+02
4.448897795591182512e+04 1.117800351630469508e-01 1.718914356005504089e+02
4.468937875751502725e+04 1.112637692266447431e-01 1.720031427362677050e+02
4.488977955911823665e+04 1.107503996258273060e-01 1.721156762496243857e+02
4.509018036072144605e+04 1.102362464545927345e-01 1.722197398043615522e+02
4.529058116232464818e+04 1.097188332313964176e-01 1.723089749484024651e+02
4.549098196392785758e+04 1.092023497470375748e-01 1.723934113794559266e+02
4.569138276553106698e+04 1.086919979848725987e-01 1.724861898571282666e+02
4.589178356713426911e+04 1.081799158329849880e-01 1.725666350963614946e+02
4.609218436873747851e+04 1.076525970980417440e-01 1.725984272516337512e+02
4.629258517034068063e+04 1.071137084928232841e-01 1.726003948417721574e+02
4.649298597194389004e+04 1.065749575585192149e-01 1.725964552765433098e+02
4.669338677354709944e+04 1.060373903097775877e-01 1.725824419581846314e+02
4.689378757515030156e+04 1.054974526879483149e-01 1.725537085685799639e+02
4.709418837675351097e+04 1.049539754713345457e-01 1.725089067024043175e+02
4.729458917835671309e+04 1.044075056972051108e-01 1.724491709188916104e+02
4.749498997995991522e+04 1.038589122757774263e-01 1.723764183092179962e+02
4.769539078156312462e+04 1.033089942396004240e-01 1.722924543749629152e+02
4.789579158316633402e+04 1.027586281718611411e-01 1.721992333876258385e+02
4.809619238476953615e+04 1.022090232481277644e-01 1.720996525047916919e+02
4.829659318637274555e+04 1.016616104193013570e-01 1.719974218200616178e+02
4.849699398797594768e+04 1.011174944630803818e-01 1.718956325212860463e+02
4.869739478957915708e+04 1.005770832012891774e-01 1.717956699258043898e+02
4.889779559118236648e+04 1.000403805149608916e-01 1.716978390601262277e+02
4.909819639278556861e+04 9.950760266322827841e-02 1.716028952589205403e+02
4.929859719438877801e+04 9.897941081805672336e-02 1.715126886837866778e+02
4.949899799599198013e+04 9.845653612164188828e-02 1.714292476805242416e+02
4.969939879759518954e+04 9.793923815395370880e-02 1.713533767520463584e+02
4.989979959919839894e+04 9.742711273118143112e-02 1.712841401172800886e+02
5.010020040080160106e+04 9.691928525897122726e-02 1.712193281882965721e+02
5.030060120240480319e+04 9.641468615891297944e-02 1.711561348483231484e+02
5.050100200400801259e+04 9.591220354926066616e-02 1.710915519629435266e+02
5.070140280561121472e+04 9.541072883892247336e-02 1.710225127936364231e+02
5.090180360721442412e+04 9.490918591119075487e-02 1.709459926626514914e+02
5.110220440881763352e+04 9.440658865677213629e-02 1.708591818966953042e+02
5.130260521042083565e+04 9.390210764934206478e-02 1.707596868294867249e+02
5.150300601202404505e+04 9.339510281742278985e-02 1.706456364413899678e+02
5.170340681362724717e+04 9.288510630070517804e-02 1.705156408823336562e+02
5.190380761523045658e+04 9.237178441371209081e-02 1.703686814782529382e+02
5.210420841683366598e+04 9.185492016556248696e-02 1.702040555216477173e+02
5.230460921843686810e+04 9.133442693070843721e-02 1.700214126451542711e+02
5.250501002004007751e+04 9.081036500140859946e-02 1.698208054966132465e+02
5.270541082164328691e+04 9.028292460251424734e-02 1.696026489865782594e+02
5.290581162324648903e+04 8.975236857246660094e-02 1.693675632870377399e+02
5.310621242484969844e+04 8.921897010677329320e-02 1.691161973856474390e+02
5.330661322645290056e+04 8.868299949473532062e-02 1.688491882908286925e+02
5.350701402805610996e+04 8.814478862555211180e-02 1.685673450127334547e+02
5.370741482965931937e+04 8.760484554125852474e-02 1.682719865162127348e+02
5.390781563126252149e+04 8.706394198232321469e-02 1.679652151133715847e+02
5.410821643286573089e+04 8.652309542865373182e-02 1.676498909301653271e+02
5.430861723446893302e+04 8.598342586628623940e-02 1.673292354980355867e+02
5.450901803607214242e+04 8.544595090060709552e-02 1.670062382316272362e+02
5.470941883767535182e+04 8.491142751502564479e-02 1.666831802612397553e+02
5.490981963927855395e+04 8.438031931356550219e-02 1.663615138377508060e+02
5.511022044088176335e+04 8.385289021377088925e-02 1.660421131130546257e+02
5.531062124248497275e+04 8.332935688417662801e-02 1.657257100032232131e+02
5.551102204408817488e+04 8.281001092636124106e-02 1.654132579635647176e+02
5.571142284569138428e+04 8.229524923141519344e-02 1.651060356608399502e+02
5.591182364729458641e+04 8.178550516819402261e-02 1.648054562957112807e+02
5.611222444889779581e+04 8.128112396682721230e-02 1.645127012811652776e+02
5.631262525050100521e+04 8.078224637133307739e-02 1.642283661947223550e+02
5.651302605210420734e+04 8.028874797352160420e-02 1.639522637779718366e+02
5.671342685370741674e+04 7.980024481081959831e-02 1.636834216821848713e+02
5.691382765531062614e+04 7.931614525387906123e-02 1.634202209968806869e+02
5.711422845691382827e+04 7.883571835656677518e-02 1.631605896757108951e+02
5.731462925851703767e+04 7.835815629805178983e-02 1.629021842175530708e+02
5.751503006012023980e+04 7.788262184150479550e-02 1.626425307306566879e+02
5.771543086172344920e+04 7.740828202687241588e-02 1.623791270527817119e+02
5.791583166332665860e+04 7.693433367511770538e-02 1.621095215485354402e+02
5.811623246492986073e+04 7.646002573456005258e-02 1.618313835641565959e+02
5.831663326653307013e+04 7.598468045089092071e-02 1.615425717983566187e+02
5.851703406813627225e+04 7.550771214083552840e-02 1.612411969951842821e+02
5.871743486973948166e+04 7.502864066686069922e-02 1.609256697333478030e+02
5.891783567134269106e+04 7.454709720383353999e-02 1.605947251253747936e+02
5.911823647294589318e+04 7.406282210901241059e-02 1.602474229231590925e+02
5.931863727454910259e+04 7.357565740276315880e-02 1.598831300996212121e+02
5.951903807615231199e+04 7.308553809026500925e-02 1.595014988315366224e+02
5.971943887775551411e+04 7.259248619410570147e-02 1.591024522656891804e+02
5.991983967935872352e+04 7.209660842129692049e-02 1.586861816671883503e+02
6.012024048096192564e+04 7.159809324179167156e-02 1.582531424031919300e+02
6.032064128256513504e+04 7.109719767149672021e-02 1.578040182387263144e+02
6.052104208416834445e+04 7.059421194529592880e-02 1.573396152947659630e+02
6.072144288577154657e+04 7.008939596558749763e-02 1.568606633740535017e+02
6.092184368737475597e+04 6.958289684358617833e-02 1.563675505585038366e+02
6.112224448897795082e+04 6.907467794214101897e-02 1.558600853632559904e+02
6.132264529058116022e+04 6.856450618014647835e-02 1.553374367407105296e+02
6.152304609218436235e+04 6.805204328993975926e-02 1.547984049711584760e+02
6.172344689378757175e+04 6.753705875413347492e-02 1.542420937383944306e+02
6.192384769539077388e+04 6.701972571835611292e-02 1.536688755431488573e+02
6.212424849699398328e+04 6.650089006750668774e-02 1.530813058643318243e+02
6.232464929859719268e+04 6.598215597614894012e-02 1.524844689388142456e+02
6.252505010020039481e+04 6.546566375451355613e-02 1.518853202881278435e+02
6.272545090180360421e+04 6.495356927230433453e-02 1.512910197915369395e+02
6.292585170340680634e+04 6.444740250704789064e-02 1.507068163221917985e+02
6.312625250501001574e+04 6.394756278284706441e-02 1.501343319088750548e+02
6.332665330661322514e+04 6.345314030115037363e-02 1.495708847879959080e+02
6.352705410821642727e+04 6.296210894885562181e-02 1.490100199295178811e+02
6.372745490981963667e+04 6.247183306784438728e-02 1.484430850745323482e+02
6.392785571142284607e+04 6.197980455892728585e-02 1.478616164158381423e+02
6.412825651302604820e+04 6.148449885908467000e-02 1.472602134254303223e+02
6.432865731462925760e+04 6.098612779335707557e-02 1.466391879736063117e+02
6.452905811623245972e+04 6.048693536927189640e-02 1.460057582850541564e+02
6.472945891783566913e+04 5.999074566368593764e-02 1.453727024809383579e+02
6.492985971943887853e+04 5.950184965473945264e-02 1.447546745265792367e+02
6.513026052104208065e+04 5.902375680118858436e-02 1.441639498277750420e+02
6.533066132264529006e+04 5.855840829374058670e-02 1.436076645968761056e+02
6.553106212424849946e+04 5.810608421240559540e-02 1.430873812559935061e+02
6.573146292585170886e+04 5.766581151644310788e-02 1.426003621373293697e+02
6.593186372745491099e+04 5.723592662899351646e-02 1.421414071728430883e+02
6.613226452905811311e+04 5.681454864947784594e-02 1.417044386937261891e+02
6.633266533066131524e+04 5.639988208181322821e-02 1.412835454691499990e+02
6.653306613226453192e+04 5.599036732738792155e-02 1.408735260208209752e+02
6.673346693386773404e+04 5.558472541138916728e-02 1.404700724641713521e+02
6.693386773547093617e+04 5.518193748383978109e-02 1.400697248969079851e+02
6.713426853707415285e+04 5.478118776352326053e-02 1.396696916748127819e+02
6.733466933867735497e+04 5.438179082186127972e-02 1.392676070459062885e+02
6.753507014028055710e+04 5.398312035813015303e-02 1.388612862199910012e+02
6.773547094188377378e+04 5.358455403260670158e-02 1.384485302232149593e+02
6.793587174348697590e+04 5.318544528731170007e-02 1.380270213549346749e+02
6.813627254509017803e+04 5.278512763840873673e-02 1.375943319526992070e+02
6.833667334669339471e+04 5.238294984620504857e-02 1.371480447945801870e+02
6.853707414829659683e+04 5.197833218457018067e-02 1.366859541982719861e+02
6.873747494989979896e+04 5.157082591233568686e-02 1.362062863491284475e+02
6.893787575150300108e+04 5.116015268828975199e-02 1.357078551329471736e+02
6.913827655310621776e+04 5.074620214177458233e-02 1.351900712707592618e+02
6.933867735470941989e+04 5.032897705403726468e-02 1.346527602762132574e+02
6.953907815631262201e+04 4.990849477647310573e-02 1.340958137485628185e+02
6.973947895791583869e+04 4.948467304533544359e-02 1.335187717774032023e+02
6.993987975951904082e+04 4.905723918211905149e-02 1.329204778068247208e+02
7.014028056112224294e+04 4.862569944657408466e-02 1.322989438730085965e+02
7.034068136272545962e+04 4.818939234118767290e-02 1.316515209981355383e+02
7.054108216432866175e+04 4.774763070603221804e-02 1.309754032104624173e+02
7.074148296593186387e+04 4.729991468988947040e-02 1.302684109054923169e+02
7.094188376753508055e+04 4.684617155928953725e-02 1.295298996763680179e+02
7.114228456913828268e+04 4.638695415236472608e-02 1.287615428465670959e+02
7.134268537074148480e+04 4.592352234807062922e-02 1.279676964771510370e+02
7.154308617234470148e+04 4.545775775231940957e-02 1.271551422670435727e+02
7.174348697394790361e+04 4.499192076881624452e-02 1.263322225019128950e+02
7.194388777555110573e+04 4.452832388613635339e-02 1.255076308386122861e+02
7.214428857715430786e+04 4.406902644624587778e-02 1.246892526932805936e+02
7.234468937875750999e+04 4.361563612430604392e-02 1.238833843267677963e+02
7.254509018036071211e+04 4.316924815266313248e-02 1.230944612461874073e+02
7.274549098196392879e+04 4.273049993394532897e-02 1.223252250516972595e+02
7.294589178356713091e+04 4.229968992586197185e-02 1.215771447735801019e+02
7.314629258517033304e+04 4.187690661840961365e-02 1.208508909745806363e+02
7.334669338677354972e+04 4.146212313542295413e-02 1.201466920582461029e+02
7.354709418837675184e+04 4.105522226600032132e-02 1.194644332630055317e+02
7.374749498997995397e+04 4.065591912765689070e-02 1.188033648888036282e+02
7.394789579158315610e+04 4.026354391817905248e-02 1.181612660028717841e+02
7.414829659318637277e+04 3.987663570743701924e-02 1.175328657702336415e+02
7.434869739478957490e+04 3.949227145012606383e-02 1.169072259685950996e+02
7.454909819639277703e+04 3.910498541478603374e-02 1.162635252416177281e+02
7.474949899799599370e+04 3.870499784946403871e-02 1.155641135583251042e+02
7.494989979959919583e+04 3.827540763239298954e-02 1.147432177893672787e+02
7.515030060120239796e+04 3.778879971725751519e-02 1.136923037972463106e+02
7.535070140280561463e+04 3.720699606726587949e-02 1.122564831917295152e+02
7.555110220440881676e+04 3.649252143717081343e-02 1.102788232504844785e+02
7.575150300601201889e+04 3.563579150774004445e-02 1.077122317215730050e+02
7.595190380761523556e+04 3.467778641516652133e-02 1.047148526647050062e+02
7.615230460921843769e+04 3.369557846137757884e-02 1.015931917060389367e+02
7.635270541082163982e+04 3.275797008428389667e-02 9.862352708657260791e+01
7.655310621242484194e+04 3.189602578885848000e-02 9.593314366644402469e+01
7.675350701402805862e+04 3.110695171674944873e-02 9.351460070456050744e+01
7.695390781563126075e+04 3.037246750920593805e-02 9.129773625958314653e+01
7.715430861723446287e+04 2.967304558899748132e-02 8.920592223556479894e+01
7.735470941883767955e+04 2.899424344647407240e-02 8.718167295660856553e+01
7.755511022044088168e+04 2.832798412705370139e-02 8.519243997115344769e+01
7.775551102204408380e+04 2.767147169055232669e-02 8.322678629245240245e+01
7.795591182364730048e+04 2.702520366681064254e-02 8.128664876357623825e+01
7.815631262525050261e+04 2.639097530824740384e-02 7.937937395215261915e+01
7.835671342685370473e+04 2.577046557422973949e-02 7.751200193504034530e+01
7.855711422845692141e+04 2.516460165849335531e-02 7.568864523981463321e+01
7.875751503006012354e+04 2.457353522790333561e-02 7.391032656593004901e+01
7.895791583166332566e+04 2.399691364055162729e-02 7.217602441130617308e+01
7.915831663326652779e+04 2.343418353722667019e-02 7.048387656845901006e+01
7.935871743486974447e+04 2.288479639187073270e-02 6.883200908271743401e+01
7.955911823647294659e+04 2.234829579194393817e-02 6.721889740914018319e+01
7.975951903807614872e+04 2.182432193330248113e-02 6.564339402104255328e+01
7.995991983967936540e+04 2.131257958786758264e-02 6.410460518937964025e+01
8.016032064128256752e+04 2.081280304948352616e-02 6.260175186569107808e+01
8.036072144288576965e+04 2.032473331174422179e-02 6.113407756152443540e+01
8.056112224448898633e+04 1.984810904566514447e-02 5.970081103174668868e+01
8.076152304609218845e+04 1.938266657484148323e-02 5.830116534048403309e+01
8.096192384769539058e+04 1.892814332431548910e-02 5.693435137699589887e+01
8.116232464929860726e+04 1.848428115244613035e-02 5.559959129615975115e+01
8.136272545090180938e+04 1.805082821192344894e-02 5.429612623976493069e+01
8.156312625250501151e+04 1.762753942627332676e-02 5.302321852445196271e+01
8.176352705410821363e+04 1.721417619356049866e-02 5.178015067813100103e+01
8.196392785571143031e+04 1.681050587457441625e-02 5.056622355357227150e+01
8.216432865731463244e+04 1.641630136599312589e-02 4.938075474577242119e+01
8.236472945891783456e+04 1.603134083394553572e-02 4.822307763831823735e+01
8.256513026052105124e+04 1.565540756714892123e-02 4.709254092835563910e+01
8.276553106212425337e+04 1.528828988382677917e-02 4.598850837028601291e+01
8.296593186372745549e+04 1.492978104642901649e-02 4.491035855260788168e+01
8.316633266533067217e+04 1.457967916566900793e-02 4.385748463125791829e+01
8.336673346693385975e+04 1.423778709342308352e-02 4.282929401580517492e+01
8.356713426853706187e+04 1.390391231057699212e-02 4.182520803217820315e+01
8.376753507014027855e+04 1.357786681539344120e-02 4.084466158430876703e+01
8.396793587174348067e+04 1.325946701521735042e-02 3.988710282629261172e+01
8.416833667334668280e+04 1.294853362206184119e-02 3.895199284753292090e+01
8.436873747494989948e+04 1.264489155156528662e-02 3.803880536899621490e+01
8.456913827655310160e+04 1.234836982466763940e-02 3.714702644804612675e+01
8.476953907815630373e+04 1.205880147158771253e-02 3.627615419021427812e+01
8.496993987975952041e+04 1.177602343793363905e-02 3.542569846726612326e+01
8.517034068136272253e+04 1.149987649291669620e-02 3.459518064148091554e+01
8.537074148296592466e+04 1.123020513967294687e-02 3.378413329621177041e+01
8.557114228456914134e+04 1.096685752768190338e-02 3.299209997273528927e+01
8.577154308617234346e+04 1.070968536724853197e-02 3.221863491330687879e+01
8.597194388777554559e+04 1.045854384600018380e-02 3.146330281027814380e+01
8.617234468937874772e+04 1.021329154734617467e-02 3.072567856111461637e+01
8.637274549098196439e+04 9.973790370850848033e-03 3.000534702916242225e+01
8.657314629258516652e+04 9.739905454472896906e-03 2.930190281001996411e+01
8.677354709418836865e+04 9.511505098627139401e-03 2.861495000338284100e+01
8.697394789579158532e+04 9.288460692026856078e-03 2.794410199023645092e+01
8.717434869739478745e+04 9.070646639264759101e-03 2.728898121527089771e+01
8.737474949899798958e+04 8.857940290092057925e-03 2.664921897439648291e+01
8.757515030060120625e+04 8.650221870356217257e-03 2.602445520724165107e+01
8.777555110220440838e+04 8.447374414558088060e-03 2.541433829451525384e+01
8.797595190380761051e+04 8.249283699990429819e-03 2.481852486011893077e+01
8.817635270541082718e+04 8.055838182421094784e-03 2.423667957789939464e+01
8.837675350701402931e+04 7.866928933284222936e-03 2.366847498293059715e+01
8.857715430861723144e+04 7.682449578344150397e-03 2.311359128721962719e+01
8.877755511022043356e+04 7.502296237797920556e-03 2.257171619973408738e+01
8.897795591182365024e+04 7.326367467782051238e-03 2.204254475064754004e+01
8.917835671342685237e+04 7.154564203251078704e-03 2.152577911970587721e+01
8.937875751503005449e+04 6.986789702195585726e-03 2.102112846861723838e+01
8.957915831663327117e+04 6.822949491168140042e-03 2.052830877737086723e+01
8.977955911823647330e+04 6.662951312086745626e-03 2.004704268439367354e+01
8.997995991983967542e+04 6.506705070285723203e-03 1.957705933045393465e+01
9.018036072144289210e+04 6.354122783784643333e-03 1.911809420622409661e+01
9.038076152304609423e+04 6.205118533746976223e-03 1.866988900341750579e+01
9.058116232464929635e+04 6.059608416100432937e-03 1.823219146941492852e+01
9.078156312625251303e+04 5.917510494291715155e-03 1.780475526529887276e+01
9.098196392785571516e+04 5.778744753149213723e-03 1.738733982721630866e+01
9.118236472945891728e+04 5.643233053827607405e-03 1.697971023099151466e+01
9.138276553106213396e+04 5.510899089808892620e-03 1.658163705991264081e+01
9.158316633266533609e+04 5.381668343935228430e-03 1.619289627561782297e+01
9.178356713426853821e+04 5.255468046449370510e-03 1.581326909200845598e+01
9.198396793587174034e+04 5.132227134018879817e-03 1.544254185211774733e+01
9.218436873747495702e+04 5.011876209721380197e-03 1.508050590786650424e+01
9.238476953907815914e+04 4.894347503968028180e-03 1.472695750263755521e+01
9.258517034068136127e+04 4.779574836343254175e-03 1.438169765660279431e+01
9.278557114228457795e+04 4.667493578339483931e-03 1.404453205473901356e+01
9.298597194388778007e+04 4.558040616965630676e-03 1.371527093746878379e+01
9.318637274549098220e+04 4.451154319208875179e-03 1.339372899386483695e+01
9.338677354709419888e+04 4.346774497329939681e-03 1.307972525735855918e+01
9.358717434869740100e+04 4.244842374972085906e-03 1.277308300389311135e+01
9.378757515030060313e+04 4.145300554064777765e-03 1.247362965246408351e+01
9.398797595190381981e+04 4.048092982503571219e-03 1.218119666799214862e+01
9.418837675350702193e+04 3.953164922587810298e-03 1.189561946647249790e+01
9.438877755511022406e+04 3.860462920198389110e-03 1.161673732234772594e+01
9.458917835671342618e+04 3.769934774698439472e-03 1.134439327805267084e+01
9.478957915831662831e+04 3.681529509539619056e-03 1.107843405567923512e+01
9.498997995991983043e+04 3.595197343557906579e-03 1.081870997071275653e+01
9.519038076152304711e+04 3.510889662942184332e-03 1.056507484778969896e+01
9.539078156312624924e+04 3.428558993860735850e-03 1.031738593843251195e+01
9.559118236472945136e+04 3.348158975727907709e-03 1.007550384070616722e+01
9.579158316633266804e+04 3.269644335103405030e-03 9.839292420781072579e+00
9.599198396793587017e+04 3.192970860184234441e-03 9.608618736258119242e+00
9.619238476953907229e+04 3.118095375959900346e-03 9.383352961548215632e+00
9.639278557114227442e+04 3.044975719732208406e-03 9.163368314140933890e+00
9.659318637274549110e+04 2.973570717939055894e-03 8.948540985482352994e+00
9.679358717434869322e+04 2.903840161076121171e-03 8.738750063821498770e+00
9.699398797595189535e+04 2.835744787404660856e-03 8.533877491221453226e+00
9.719438877755511203e+04 2.769246239546986794e-03 8.333807913061061612e+00
9.739478957915831415e+04 2.704307114350356419e-03 8.138428895176641475e+00
9.759519038076151628e+04 2.640890701922075923e-03 7.947629913660998469e+00
9.779559118236473296e+04 2.578961770679374325e-03 7.761305472999540100e+00
9.799599198396793508e+04 2.518483840305227924e-03 7.579344360538424752e+00
9.819639278557113721e+04 2.459428261391984061e-03 7.401665505698008296e+00
9.839679358717435389e+04 2.401743596736939396e-03 7.228097128873558042e+00
9.859719438877755601e+04 2.345458559666175734e-03 7.058783085291054249e+00
9.879759519038075814e+04 2.290335498655149404e-03 6.892814734515794406e+00
9.899799599198396027e+04 2.237038859832686608e-03 6.732838316590371797e+00
9.919839679358717694e+04 2.183195041887688818e-03 6.569491378351381528e+00
9.939879759519037907e+04 2.136906207421404753e-03 6.433940108467371743e+00
9.959919839679358120e+04 2.065453938738554419e-03 6.203602743488197291e+00
9.979959919839679787e+04 2.136906207421404753e-03 6.433940108467371743e+00
1.000000000000000000e+05 2.065453938738554419e-03 6.203602743488197291e+00
