# 193.66532521981827
0.000000000000000000e+00 1.226184535301980683e+00 0.000000000000000000e+00
4.008016032064127643e+01 1.226184535301980683e+00 0.000000000000000000e+00
8.016032064128255286e+01 8.827117616036027625e-01 2.837882295557188286e+02
1.202404809619238506e+02 1.087278589900844139e+00 1.354327367442874959e+02
1.603206412825651057e+02 9.671493329630753699e-01 2.293481076297618984e+02
2.004008016032064177e+02 1.038355821656613109e+00 1.756796855979283407e+02
2.404809619238477012e+02 9.960225557107240668e-01 2.079639292123886207e+02
2.805611222444889563e+02 1.020863521125868756e+00 1.888008063683380726e+02
3.206412825651302114e+02 1.005889952480035099e+00 1.999355846198476172e+02
3.607214428857715802e+02 1.014481784225087280e+00 1.930621172755578527e+02
4.008016032064128353e+02 1.009120002241043146e+00 1.968282588963205342e+02
4.408817635270541473e+02 1.012015143541451945e+00 1.942902347222071739e+02
4.809619238476954024e+02 1.010023879443163075e+00 1.954779859449105004e+02
5.210420841683366007e+02 1.010924376383417700e+00 1.944636036915516399e+02
5.611222444889779126e+02 1.010112229517015070e+00 1.947475252612935890e+02
6.012024048096192246e+02 1.010316620951179134e+00 1.942690125177835796e+02
6.412825651302604228e+02 1.009926896166130739e+00 1.942364933173173256e+02
6.813627254509017348e+02 1.009874810231866871e+00 1.939595339873898752e+02
7.214428857715431604e+02 1.009651160126058045e+00 1.938068964270677839e+02
7.615230460921844724e+02 1.009494666209527658e+00 1.935975089471152160e+02
8.016032064128256707e+02 1.009314302126355090e+00 1.934052785613805554e+02
8.416833667334669826e+02 1.009141684555951546e+00 1.932070210164412742e+02
8.817635270541082946e+02 1.008966573263256672e+00 1.930107437576945983e+02
9.218436873747494928e+02 1.008792292039898397e+00 1.928139157257477621e+02
9.619238476953908048e+02 1.008617809578453484e+00 1.926173320031668084e+02
1.002004008016032117e+03 1.008443428814655318e+00 1.924207594086689710e+02
1.042084168336673201e+03 1.008269070413326363e+00 1.922242592728357522e+02
1.082164328657314627e+03 1.008094750134895357e+00 1.920278192204499987e+02
1.122244488977955825e+03 1.007920467648015794e+00 1.918314395655968667e+02
1.162324649298597251e+03 1.007746220847372642e+00 1.916351218409054695e+02
1.202404809619238449e+03 1.007572011300109871e+00 1.914388647708812812e+02
1.242484969939879647e+03 1.007397838065954510e+00 1.912426690019053410e+02
1.282565130260520846e+03 1.007223701576948294e+00 1.910465341870255145e+02
1.322645290581162271e+03 1.007049601624380841e+00 1.908504604619631095e+02
1.362725450901803470e+03 1.006875538236816858e+00 1.906544477055774678e+02
1.402805611222444895e+03 1.006701511332112497e+00 1.904584958806480870e+02
1.442885771543086321e+03 1.006527520924883845e+00 1.902626049778013169e+02
1.482965931863727519e+03 1.006353567026038842e+00 1.900667750182535940e+02
1.523046092184368945e+03 1.006179649581775415e+00 1.898710059433743425e+02
1.563126252505009916e+03 1.006005768499566466e+00 1.896752976459364390e+02
1.603206412825651341e+03 1.005831923763235380e+00 1.894796500993183486e+02
1.643286573146292540e+03 1.005658115429350019e+00 1.892840633670660111e+02
1.683366733466933965e+03 1.005484343483204146e+00 1.890885374420596747e+02
1.723446893787575164e+03 1.005310607791122912e+00 1.888930721763803149e+02
1.763527054108216589e+03 1.005136908263506657e+00 1.886976674572168804e+02
1.803607214428857787e+03 1.004963244984598214e+00 1.885023233698070158e+02
1.843687374749498986e+03 1.004789618067694068e+00 1.883070400516173208e+02
1.883767535070140184e+03 1.004616027423506086e+00 1.881118174189437298e+02
1.923847695390781610e+03 1.004442472818945609e+00 1.879166552057376407e+02
1.963927855711422808e+03 1.004268954189835084e+00 1.877215533163872294e+02
2.004008016032064234e+03 1.004095471740227730e+00 1.875265119709975465e+02
2.044088176352705432e+03 1.003922025616577507e+00 1.873315313568051010e+02
2.084168336673346403e+03 1.003748615591650406e+00 1.871366112423669961e+02
2.124248496993987828e+03 1.003575241272578689e+00 1.869417511705479171e+02
2.164328657314629254e+03 1.003401902634699860e+00 1.867469510694318160e+02
2.204408817635270680e+03 1.003228600130044113e+00 1.865522114324286065e+02
2.244488977955911650e+03 1.003055334097791018e+00 1.863575326834738064e+02
2.284569138276553076e+03 1.002882104199027902e+00 1.861629144899273172e+02
2.324649298597194502e+03 1.002708909732283882e+00 1.859683560444487398e+02
2.364729458917835473e+03 1.002535750573826379e+00 1.857738571318782022e+02
2.404809619238476898e+03 1.002362627488275981e+00 1.855794185774505820e+02
2.444889779559118324e+03 1.002189541167686437e+00 1.853850412309350020e+02
2.484969939879759295e+03 1.002016491074520843e+00 1.851907245905084665e+02
2.525050100200400720e+03 1.001843475751948320e+00 1.849964670079008044e+02
2.565130260521041691e+03 1.001670494583821514e+00 1.848022676446835248e+02
2.605210420841683117e+03 1.001497548889019429e+00 1.846081278671163659e+02
2.645290581162324543e+03 1.001324640617672124e+00 1.844140499488517833e+02
2.685370741482965968e+03 1.001151769844682349e+00 1.842200341908866790e+02
2.725450901803606939e+03 1.000978934227496175e+00 1.840260780478627396e+02
2.765531062124248365e+03 1.000806131652356656e+00 1.838321789501542582e+02
2.805611222444889790e+03 1.000633363226719030e+00 1.836383378606059011e+02
2.845691382765531216e+03 1.000460632641313241e+00 1.834445589181317473e+02
2.885771543086172642e+03 1.000287941855950935e+00 1.832508446771578576e+02
2.925851703406813613e+03 1.000115287888841964e+00 1.830571921377739386e+02
2.965931863727455038e+03 9.999426651081956274e-01 1.828635948746351687e+02
3.006012024048096464e+03 9.997700713692169172e-01 1.826700499455659212e+02
3.046092184368737890e+03 9.995975112365801385e-01 1.824765620585645252e+02
3.086172344689378406e+03 9.994249918391454601e-01 1.822831394319518381e+02
3.126252505010019831e+03 9.992525149539187579e-01 1.820897847698981877e+02
3.166332665330661257e+03 9.990800739381936468e-01 1.818964910834456248e+02
3.206412825651302683e+03 9.989076598504098570e-01 1.817032479798411089e+02
3.246492985971943654e+03 9.987352712973165403e-01 1.815100529658475068e+02
3.286573146292585079e+03 9.985629176337056379e-01 1.813169159606132439e+02
3.326653306613226505e+03 9.983906110484636054e-01 1.811238510959000791e+02
3.366733466933867930e+03 9.982183544153380161e-01 1.809308627710823032e+02
3.406813627254508901e+03 9.980461369929823912e-01 1.807379397342884033e+02
3.446893787575150327e+03 9.978739432647349972e-01 1.805450641539850096e+02
3.486973947895791753e+03 9.977017675449886269e-01 1.803522282710552247e+02
3.527054108216433178e+03 9.975296207100352586e-01 1.801594431638965830e+02
3.567134268537074604e+03 9.973575219216302967e-01 1.799667305476492345e+02
3.607214428857715575e+03 9.971854817747265454e-01 1.797741038103180529e+02
3.647294589178356546e+03 9.970134915030381961e-01 1.795815546883440277e+02
3.687374749498997971e+03 9.968415281916481741e-01 1.793890577559035648e+02
3.727454909819638942e+03 9.966695724474143869e-01 1.791965899055963405e+02
3.767535070140280368e+03 9.964976243531451505e-01 1.790041492355517505e+02
3.807615230460921794e+03 9.963257046802219685e-01 1.788117579519924618e+02
3.847695390781563219e+03 9.961538400316184427e-01 1.786194465819396555e+02
3.887775551102204190e+03 9.959820431107742067e-01 1.784272313800281609e+02
3.927855711422845616e+03 9.958103028557100389e-01 1.782351018253665984e+02
3.967935871743487041e+03 9.956385915556459354e-01 1.780430272604993718e+02
4.008016032064128467e+03 9.954668836611475502e-01 1.778509776870780854e+02
4.048096192384769893e+03 9.952951730919297191e-01 1.776589440798577186e+02
4.088176352705410864e+03 9.951234775675464883e-01 1.774669446832669166e+02
4.128256513026052744e+03 9.949518277264596255e-01 1.772750138184841830e+02
4.168336673346692805e+03 9.947802486374859310e-01 1.770831811269868012e+02
4.208416833667334686e+03 9.946087453463220429e-01 1.768914544088879381e+02
4.248496993987975657e+03 9.944373005710956948e-01 1.766998158055129977e+02
4.288577154308616628e+03 9.942658847785520448e-01 1.765082323173559189e+02
4.328657314629258508e+03 9.940944719399688045e-01 1.763166735186134133e+02
4.368737474949899479e+03 9.939230520829698268e-01 1.761251263728210859e+02
4.408817635270541359e+03 9.937516347008265027e-01 1.759336000101510820e+02
4.448897795591182330e+03 9.935802426180062596e-01 1.757421195086595276e+02
4.488977955911823301e+03 9.934089006358507445e-01 1.755507132600617979e+02
4.529058116232465181e+03 9.932376249686046821e-01 1.753594007151679932e+02
4.569138276553106152e+03 9.930664179689682181e-01 1.751681858348112826e+02
4.609218436873748033e+03 9.928952693955656050e-01 1.749770579723753201e+02
4.649298597194389004e+03 9.927241624106362128e-01 1.747859983628743521e+02
4.689378757515029974e+03 9.925530809405338495e-01 1.745949884714788425e+02
4.729458917835670945e+03 9.923820152711357867e-01 1.744040165789337209e+02
4.769539078156312826e+03 9.922109642034863120e-01 1.742130805537622678e+02
4.809619238476953797e+03 9.920399338207537276e-01 1.740221867257853887e+02
4.849699398797594768e+03 9.918689341345036103e-01 1.738313462180354918e+02
4.889779559118236648e+03 9.916979752622819833e-01 1.736405706034912839e+02
4.929859719438877619e+03 9.915270644676661416e-01 1.734498684408667373e+02
4.969939879759518590e+03 9.913562047284296685e-01 1.732592435070365298e+02
5.010020040080159561e+03 9.911853948329464314e-01 1.730686947804723843e+02
5.050100200400801441e+03 9.910146305449335502e-01 1.728782176862558515e+02
5.090180360721442412e+03 9.908439061954005256e-01 1.726878058823951392e+02
5.130260521042083383e+03 9.906732161398217329e-01 1.724974529362986857e+02
5.170340681362725263e+03 9.905025557618091225e-01 1.723071535065764976e+02
5.210420841683366234e+03 9.903319219625720260e-01 1.721169039415062514e+02
5.250501002004008114e+03 9.901613132268531903e-01 1.719267023878679765e+02
5.290581162324649085e+03 9.899907293896845761e-01 1.717365485497818725e+02
5.330661322645290056e+03 9.898201712247539641e-01 1.715464432338619929e+02
5.370741482965931937e+03 9.896496399922369847e-01 1.713563878354653411e+02
5.410821643286572908e+03 9.894791370853502910e-01 1.711663839264558078e+02
5.450901803607213878e+03 9.893086638401580313e-01 1.709764330265736305e+02
5.490981963927855759e+03 9.891382214556583286e-01 1.707865365068902577e+02
5.531062124248496730e+03 9.889678109270327866e-01 1.705966955144423594e+02
5.571142284569138610e+03 9.887974329728558276e-01 1.704069108876946643e+02
5.611222444889779581e+03 9.886270880306761155e-01 1.702171831429216695e+02
5.651302605210420552e+03 9.884567763656081363e-01 1.700275125894106623e+02
5.691382765531062432e+03 9.882864982062079529e-01 1.698378994863443552e+02
5.731462925851703403e+03 9.881162537701960735e-01 1.696483440834539351e+02
5.771543086172345284e+03 9.879460431700326506e-01 1.694588465197157063e+02
5.811623246492986254e+03 9.877758663524209837e-01 1.692694067459739813e+02
5.851703406813627225e+03 9.876057231998974784e-01 1.690800246271575418e+02
5.891783567134269106e+03 9.874356137072790585e-01 1.688907001436700739e+02
5.931863727454910077e+03 9.872655380122986601e-01 1.687014334435406511e+02
5.971943887775551957e+03 9.870954962151886614e-01 1.685122246505277133e+02
6.012024048096192928e+03 9.869254882032280074e-01 1.683230736545267803e+02
6.052104208416833899e+03 9.867555137316380565e-01 1.681339801795091091e+02
6.092184368737475779e+03 9.865855727039689604e-01 1.679449440949762788e+02
6.132264529058115841e+03 9.864156653056197488e-01 1.677559655907153626e+02
6.172344689378756811e+03 9.862457917767371018e-01 1.675670449464522562e+02
6.212424849699398692e+03 9.860759520623932906e-01 1.673781821298719308e+02
6.252505010020039663e+03 9.859061457915352378e-01 1.671893767357639149e+02
6.292585170340680634e+03 9.857363726787321534e-01 1.670006284165555712e+02
6.332665330661322514e+03 9.855666328924868047e-01 1.668119373226915059e+02
6.372745490981963485e+03 9.853969268923123970e-01 1.666233039673055316e+02
6.412825651302605365e+03 9.852272548483012038e-01 1.664347285839821495e+02
6.452905811623246336e+03 9.850576163276506536e-01 1.662462107266439659e+02
6.492985971943887307e+03 9.848880107077964130e-01 1.660577496797701258e+02
6.533066132264529188e+03 9.847184379145192956e-01 1.658693452962923800e+02
6.573146292585170158e+03 9.845488985933471549e-01 1.656809982613934835e+02
6.613226452905811129e+03 9.843793933929295692e-01 1.654927093414229375e+02
6.653306613226453010e+03 9.842099221129168019e-01 1.653044783920889813e+02
6.693386773547093981e+03 9.840404837671714589e-01 1.651163043347374355e+02
6.733466933867735861e+03 9.838710776411774273e-01 1.649281862973164436e+02
6.773547094188376832e+03 9.837017041986900745e-01 1.647401246997606563e+02
6.813627254509017803e+03 9.835323646939194697e-01 1.645521209353474887e+02
6.853707414829659683e+03 9.833630597503246751e-01 1.643641758066953287e+02
6.893787575150300654e+03 9.831937884649871728e-01 1.641762884150476509e+02
6.933867735470942534e+03 9.830245492027338550e-01 1.639884569149541846e+02
6.973947895791583505e+03 9.828553413957941132e-01 1.638006805244063173e+02
7.014028056112224476e+03 9.826861663678357894e-01 1.636129605973083301e+02
7.054108216432866357e+03 9.825170260630617936e-01 1.634252993520001098e+02
7.094188376753507328e+03 9.823479208524542594e-01 1.632376973921426497e+02
7.134268537074149208e+03 9.821788488253355709e-01 1.630501527180548464e+02
7.174348697394790179e+03 9.820098075954869499e-01 1.628626625807745825e+02
7.214428857715431150e+03 9.818407969173421623e-01 1.626752264650967845e+02
7.254509018036071211e+03 9.816718192641963325e-01 1.624878469817023188e+02
7.294589178356713091e+03 9.815028774415938129e-01 1.623005273821593448e+02
7.334669338677354062e+03 9.813339714959408155e-01 1.621132680125722061e+02
7.374749498997995943e+03 9.811650982377067010e-01 1.619260654818704097e+02
7.414829659318636914e+03 9.809962542358819926e-01 1.617389158022930360e+02
7.454909819639277885e+03 9.808274394704536991e-01 1.615518185915585718e+02
7.494989979959919765e+03 9.806586577957902007e-01 1.613647779465100314e+02
7.535070140280560736e+03 9.804899133394681110e-01 1.611777986590863634e+02
7.575150300601202616e+03 9.803212061669147603e-01 1.609908812309112136e+02
7.615230460921843587e+03 9.801525316680734790e-01 1.608040207719886041e+02
7.655310621242484558e+03 9.799838847155359911e-01 1.606172113570121667e+02
7.695390781563126438e+03 9.798152648337531412e-01 1.604304519469483523e+02
7.735470941883767409e+03 9.796466772183777261e-01 1.602437480044092979e+02
7.775551102204408380e+03 9.794781281523745609e-01 1.600571067318771554e+02
7.815631262525050261e+03 9.793096188472698582e-01 1.598705300648444734e+02
7.855711422845691231e+03 9.791411436589672057e-01 1.596840121477503658e+02
7.895791583166333112e+03 9.789726948358029590e-01 1.594975441865812797e+02
7.935871743486974083e+03 9.788042697734655739e-01 1.593111226244236605e+02
7.975951903807615054e+03 9.786358740143548118e-01 1.591247530592744397e+02
8.016032064128256934e+03 9.784675167782312943e-01 1.589384458149210388e+02
8.056112224448897905e+03 9.782992026400804120e-01 1.587522066749729959e+02
8.096192384769539785e+03 9.781309268298626902e-01 1.585660310643291382e+02
8.136272545090180756e+03 9.779626787659606579e-01 1.583799073125111931e+02
8.176352705410821727e+03 9.777944511690997986e-01 1.581938266502470753e+02
8.216432865731463608e+03 9.776262468771385050e-01 1.580077913331788011e+02
8.256513026052105488e+03 9.774580771046429417e-01 1.578218134876566410e+02
8.296593186372745549e+03 9.772899521723135141e-01 1.576359051412558188e+02
8.336673346693385611e+03 9.771218724117803900e-01 1.574500676882537675e+02
8.376753507014027491e+03 9.769538271514993655e-01 1.572642899099321596e+02
8.416833667334669371e+03 9.767858030608862485e-01 1.570785566798166712e+02
8.456913827655309433e+03 9.766177952047383481e-01 1.568928614567436739e+02
8.496993987975951313e+03 9.764498116432508423e-01 1.567072122339704379e+02
8.537074148296593194e+03 9.762818675067720386e-01 1.565216257478964508e+02
8.577154308617233255e+03 9.761139730390123725e-01 1.563361142905552299e+02
8.617234468937875135e+03 9.759461251214609501e-01 1.561506756008216144e+02
8.657314629258517016e+03 9.757783091666475395e-01 1.559652940249938240e+02
8.697394789579158896e+03 9.756105101111949285e-01 1.557799522776495564e+02
8.737474949899798958e+03 9.754427240607719263e-01 1.555946447753911457e+02
8.777555110220440838e+03 9.752749615753149026e-01 1.554093822310269104e+02
8.817635270541082718e+03 9.751072399960344361e-01 1.552241839017119105e+02
8.857715430861722780e+03 9.749395705625418795e-01 1.550390632946205756e+02
8.897795591182364660e+03 9.747719499568879842e-01 1.548540180275267346e+02
8.937875751503006541e+03 9.746043625231326502e-01 1.546690313434891380e+02
8.977955911823646602e+03 9.744367914756223437e-01 1.544840841014622299e+02
9.018036072144288482e+03 9.742692309081804058e-01 1.542991684696470429e+02
9.058116232464930363e+03 9.741016900190375694e-01 1.541142935156570388e+02
9.098196392785572243e+03 9.739341867095308025e-01 1.539294788920272197e+02
9.138276553106212305e+03 9.737667352441202739e-01 1.537447412750852322e+02
9.178356713426854185e+03 9.735993366000224025e-01 1.535600830651634681e+02
9.218436873747496065e+03 9.734319779495860248e-01 1.533754909272691407e+02
9.258517034068136127e+03 9.732646412736952746e-01 1.531909447737583321e+02
9.298597194388778007e+03 9.730973150399592209e-01 1.530064308190964084e+02
9.338677354709419888e+03 9.729300012227339867e-01 1.528219500344903281e+02
9.378757515030059949e+03 9.727627134555193456e-01 1.526375168677045338e+02
9.418837675350701829e+03 9.725954680756851989e-01 1.524531496861502262e+02
9.458917835671341891e+03 9.724282741718607292e-01 1.522688595175852981e+02
9.498997995991983771e+03 9.722611288379255923e-01 1.520846441590124130e+02
9.539078156312625651e+03 9.720940200330244751e-01 1.519004907385987053e+02
9.579158316633265713e+03 9.719269345398419135e-01 1.517163843182036089e+02
9.619238476953907593e+03 9.717598656811257118e-01 1.515323167062906862e+02
9.659318637274549474e+03 9.715928162141470592e-01 1.513482901920711186e+02
9.699398797595189535e+03 9.714257952863684098e-01 1.511643146150698556e+02
9.739478957915831415e+03 9.712588120560045057e-01 1.509804004005146396e+02
9.779559118236473296e+03 9.710918702561961435e-01 1.507965522834152807e+02
9.819639278557113357e+03 9.709249668492099250e-01 1.506127674070539797e+02
9.859719438877755238e+03 9.707580950217440385e-01 1.504290383429041924e+02
9.899799599198397118e+03 9.705912490924722968e-01 1.502453585082080565e+02
9.939879759519037179e+03 9.704244280328373495e-01 1.500617263038591318e+02
9.979959919839679060e+03 9.702576355466819846e-01 1.498781455207795545e+02
1.002004008016031912e+04 9.700908770148627402e-01 1.496946221480003487e+02
1.006012024048096100e+04 9.699241555431118433e-01 1.495111599525247641e+02
1.010020040080160288e+04 9.697574697407133071e-01 1.493277577844560255e+02
1.014028056112224294e+04 9.695908146173848330e-01 1.491444103001511223e+02
1.018036072144288482e+04 9.694241849872906602e-01 1.489611115949695659e+02
1.022044088176352670e+04 9.692575792386702860e-01 1.487778594557956353e+02
1.026052104208416677e+04 9.690910011192254148e-01 1.485946575847668498e+02
1.030060120240480865e+04 9.689244583450952186e-01 1.484115143324546011e+02
1.034068136272545053e+04 9.687579586494108330e-01 1.482284384685050327e+02
1.038076152304609059e+04 9.685915053253035811e-01 1.480454341822322419e+02
1.042084168336673247e+04 9.684250946360507539e-01 1.478624979691105352e+02
1.046092184368737435e+04 9.682587165489463521e-01 1.476796191364205413e+02
1.050100200400801623e+04 9.680923586219768451e-01 1.474967838869077639e+02
1.054108216432865629e+04 9.679260113633747498e-01 1.473139812240880815e+02
1.058116232464929817e+04 9.677596726948741734e-01 1.471312080702104765e+02
1.062124248496994005e+04 9.675933495421952246e-01 1.469484713323122378e+02
1.066132264529058011e+04 9.674270558118617247e-01 1.467657859677466661e+02
1.070140280561122199e+04 9.672608075149312645e-01 1.465831697676599674e+02
1.074148296593186387e+04 9.670946169274146076e-01 1.464006368819190982e+02
1.078156312625250393e+04 9.669284879995935222e-01 1.462181925446242019e+02
1.082164328657314582e+04 9.667624146694460130e-01 1.460358309115208613e+02
1.086172344689378770e+04 9.665963825887047278e-01 1.458535366834603622e+02
1.090180360721442776e+04 9.664303735330056488e-01 1.456712898074661950e+02
1.094188376753506964e+04 9.662643709145735116e-01 1.454890715554382155e+02
1.098196392785571152e+04 9.660983646001610747e-01 1.453068699837807287e+02
1.102204408817635340e+04 9.659323536297809154e-01 1.451246831660096461e+02
1.106212424849699346e+04 9.657663462037429092e-01 1.449425194229648355e+02
1.110220440881763534e+04 9.656003571650804140e-01 1.447603947298475475e+02
1.114228456913827722e+04 9.654344038990211319e-01 1.445783282707659794e+02
1.118236472945891728e+04 9.652685019263780308e-01 1.443963375389679982e+02
1.122244488977955916e+04 9.651026614079735166e-01 1.442144343506748214e+02
1.126252505010020104e+04 9.649368853547642955e-01 1.440326226985267510e+02
1.130260521042084110e+04 9.647711697372403084e-01 1.438508987115852733e+02
1.134268537074148298e+04 9.646055051500534994e-01 1.436692523806228792e+02
1.138276553106212486e+04 9.644398793850115226e-01 1.434876703498140671e+02
1.142284569138276674e+04 9.642742802140062963e-01 1.433061390000591189e+02
1.146292585170340681e+04 9.641086977850769069e-01 1.431246471519574186e+02
1.150300601202404869e+04 9.639431261972948306e-01 1.429431878917847030e+02
1.154308617234469057e+04 9.637775640281296408e-01 1.427617592492163396e+02
1.158316633266533063e+04 9.636120138523928125e-01 1.425803637456952231e+02
1.162324649298597251e+04 9.634464810587679562e-01 1.423990071322403992e+02
1.166332665330661439e+04 9.632809724110376060e-01 1.422176968065788287e+02
1.170340681362725445e+04 9.631154947346013406e-01 1.420364403424925399e+02
1.174348697394789633e+04 9.629500539052207042e-01 1.418552443444771995e+02
1.178356713426853821e+04 9.627846541521719592e-01 1.416741136500871789e+02
1.182364729458917827e+04 9.626192976709225801e-01 1.414930508721193689e+02
1.186372745490982015e+04 9.624539846006120447e-01 1.413120563388697235e+02
1.190380761523046203e+04 9.622887133983998309e-01 1.411311284755291808e+02
1.194388777555110391e+04 9.621234814860782913e-01 1.409502645039401045e+02
1.198396793587174398e+04 9.619582858955568749e-01 1.407694611652933361e+02
1.202404809619238586e+04 9.617931236802241823e-01 1.405887151968331068e+02
1.206412825651302774e+04 9.616279920861184882e-01 1.404080235353889350e+02
1.210420841683366780e+04 9.614628886732758950e-01 1.402273834491419393e+02
1.214428857715430968e+04 9.612978115372832200e-01 1.400467927754007462e+02
1.218436873747495156e+04 9.611327595504022270e-01 1.398662501943661880e+02
1.222444889779558980e+04 9.609677323914593838e-01 1.396857552867752190e+02
1.226452905811623168e+04 9.608027302638554312e-01 1.395053082446092390e+02
1.230460921843687356e+04 9.606377534969297027e-01 1.393249094284663556e+02
1.234468937875751362e+04 9.604728023590255459e-01 1.391445591354806197e+02
1.238476953907815550e+04 9.603078772006551356e-01 1.389642577350058730e+02
1.242484969939879738e+04 9.601429786894256635e-01 1.387840059336117520e+02
1.246492985971943745e+04 9.599781077830960019e-01 1.386038047738772434e+02
1.250501002004007933e+04 9.598132653676236803e-01 1.384236552543295034e+02
1.254509018036072121e+04 9.596484518829684340e-01 1.382435579017394218e+02
1.258517034068136127e+04 9.594836673307418629e-01 1.380635127418402988e+02
1.262525050100200315e+04 9.593189116878628742e-01 1.378835197337552358e+02
1.266533066132264503e+04 9.591541853088130232e-01 1.377035792331529365e+02
1.270541082164328509e+04 9.589894888730799982e-01 1.375236919774709463e+02
1.274549098196392697e+04 9.588248228953262231e-01 1.373438585669873362e+02
1.278557114228456885e+04 9.586601873019222619e-01 1.371640789711243826e+02
1.282565130260521073e+04 9.584955815566550408e-01 1.369843526163188585e+02
1.286573146292585079e+04 9.583310052667028955e-01 1.368046790320384218e+02
1.290581162324649267e+04 9.581664586704036202e-01 1.366250584219581015e+02
1.294589178356713455e+04 9.580019424766804681e-01 1.364454915457712048e+02
1.298597194388777461e+04 9.578374571702927831e-01 1.362659789777877393e+02
1.302605210420841649e+04 9.576730024757743598e-01 1.360865204777458359e+02
1.306613226452905838e+04 9.575085775648750630e-01 1.359071151538380207e+02
1.310621242484969844e+04 9.573441818582544283e-01 1.357277623200955929e+02
1.314629258517034032e+04 9.571798156369366595e-01 1.355484622139191231e+02
1.318637274549098220e+04 9.570154798137449070e-01 1.353692158176055216e+02
1.322645290581162226e+04 9.568511750332023835e-01 1.351900238957180420e+02
1.326653306613226414e+04 9.566869009708407479e-01 1.350108861742512829e+02
1.330661322645290602e+04 9.565226565613521581e-01 1.348318015088372022e+02
1.334669338677354790e+04 9.563584409925814933e-01 1.346527689438673292e+02
1.338677354709418796e+04 9.561942545198307553e-01 1.344737886602835033e+02
1.342685370741482984e+04 9.560300982755908228e-01 1.342948618589097691e+02
1.346693386773547172e+04 9.558659731992243946e-01 1.341159896279009160e+02
1.350701402805611178e+04 9.557018790863268665e-01 1.339371718479245601e+02
1.354709418837675366e+04 9.555378146926807315e-01 1.337584072065038470e+02
1.358717434869739554e+04 9.553737788483260829e-01 1.335796943664757919e+02
1.362725450901803561e+04 9.552097715611367335e-01 1.334010332219903603e+02
1.366733466933867749e+04 9.550457940573082727e-01 1.332224250478149088e+02
1.370741482965931937e+04 9.548818476758844653e-01 1.330438713540039259e+02
1.374749498997995943e+04 9.547179326100645458e-01 1.328653724706338721e+02
1.378757515030060131e+04 9.545540476595961721e-01 1.326869271689044751e+02
1.382765531062124319e+04 9.543901912523637954e-01 1.325085336986049072e+02
1.386773547094188507e+04 9.542263628361647987e-01 1.323301913320923404e+02
1.390781563126252513e+04 9.540625633922342752e-01 1.321519010315672062e+02
1.394789579158316701e+04 9.538987945972134952e-01 1.319736646290197370e+02
1.398797595190380889e+04 9.537350573574482349e-01 1.317954832256739337e+02
1.402805611222444895e+04 9.535713509903781526e-01 1.316173562029241566e+02
1.406813627254509083e+04 9.534076737602296125e-01 1.314392816990774691e+02
1.410821643286573271e+04 9.532440243090684051e-01 1.312612581423320535e+02
1.414829659318637277e+04 9.530804027766169861e-01 1.310832855457070139e+02
1.418837675350701466e+04 9.529168106875868238e-01 1.309053654963109068e+02
1.422845691382765654e+04 9.527532497182438220e-01 1.307274998691287351e+02
1.426853707414829842e+04 9.525897203500593990e-01 1.305496893195936821e+02
1.430861723446893848e+04 9.524262214685748074e-01 1.303719327431963109e+02
1.434869739478958036e+04 9.522627511917008958e-01 1.301942280932026108e+02
1.438877755511022224e+04 9.520993082721520562e-01 1.300165739048205467e+02
1.442885771543086230e+04 9.519358930270586105e-01 1.298389703844154042e+02
1.446893787575150236e+04 9.517725071337039822e-01 1.296614192862130324e+02
1.450901803607214242e+04 9.516091524478953456e-01 1.294839226776510941e+02
1.454909819639278430e+04 9.514458296624680456e-01 1.293064814492236394e+02
1.458917835671342618e+04 9.512825377204576771e-01 1.291290945840453901e+02
1.462925851703406806e+04 9.511192744130503307e-01 1.289517597138459735e+02
1.466933867735470812e+04 9.509560378364892985e-01 1.287744746688232169e+02
1.470941883767535001e+04 9.507928277923690663e-01 1.285972390540177344e+02
1.474949899799599189e+04 9.506296461515771901e-01 1.284200547614914285e+02
1.478957915831663195e+04 9.504664957725554864e-01 1.282429249021207909e+02
1.482965931863727383e+04 9.503033785159338276e-01 1.280658516679797003e+02
1.486973947895791571e+04 9.501402936570475521e-01 1.278888345082705627e+02
1.490981963927855577e+04 9.499772379648663279e-01 1.277118700471322654e+02
1.494989979959919765e+04 9.498142077137365913e-01 1.275349541462703087e+02
1.498997995991983953e+04 9.496512014576026228e-01 1.273580849451085157e+02
1.503006012024047959e+04 9.494882215567852501e-01 1.271812647050806504e+02
1.507014028056112147e+04 9.493252730192142108e-01 1.270044987822391533e+02
1.511022044088176335e+04 9.491623600570572306e-01 1.268277919905991951e+02
1.515030060120240523e+04 9.489994826478490575e-01 1.266511447370244383e+02
1.519038076152304529e+04 9.488366358083704100e-01 1.264745519292748952e+02
1.523046092184368717e+04 9.486738126219139700e-01 1.262980059957030790e+02
1.527054108216432905e+04 9.485110092721489305e-01 1.261215023355167943e+02
1.531062124248496912e+04 9.483482284726897360e-01 1.259450433313733129e+02
1.535070140280561100e+04 9.481854783747112325e-01 1.257686375785435473e+02
1.539078156312625288e+04 9.480227671251948429e-01 1.255922942154505506e+02
1.543086172344689294e+04 9.478600966456824928e-01 1.254160160230716485e+02
1.547094188376753482e+04 9.476974602894929767e-01 1.252397964104171280e+02
1.551102204408817670e+04 9.475348466719101248e-01 1.250636230932049671e+02
1.555110220440881676e+04 9.473722475573854718e-01 1.248874865292608121e+02
1.559118236472945864e+04 9.472096643700826935e-01 1.247113873482712023e+02
1.563126252505010052e+04 9.470471083101787979e-01 1.245353371142754497e+02
1.567134268537074240e+04 9.468845932782457009e-01 1.243593511142778567e+02
1.571142284569138246e+04 9.467221260471564426e-01 1.241834376310643222e+02
1.575150300601202434e+04 9.465597005755826965e-01 1.240075911755311182e+02
1.579158316633266622e+04 9.463973009843338335e-01 1.238317949665755009e+02
1.583166332665330629e+04 9.462349118565426265e-01 1.236560317292115769e+02
1.587174348697394817e+04 9.460725291618397037e-01 1.234802958406066153e+02
1.591182364729459005e+04 9.459101641254903381e-01 1.233045983381268940e+02
1.595190380761523011e+04 9.457478367667019326e-01 1.231289607069135315e+02
1.599198396793587199e+04 9.455855628263545309e-01 1.229534009287581711e+02
1.603206412825651387e+04 9.454233426448409583e-01 1.227779208839527598e+02
1.607214428857715393e+04 9.452611597342023275e-01 1.226025038239752405e+02
1.611222444889779581e+04 9.450989906273048469e-01 1.224271242682400924e+02
1.615230460921843769e+04 9.449368200312735500e-01 1.222517643838362176e+02
1.619238476953907957e+04 9.447746514645539717e-01 1.220764262696410611e+02
1.623246492985971963e+04 9.446125060957135666e-01 1.219011317903585478e+02
1.627254509018036151e+04 9.444504100007644620e-01 1.217259094948530702e+02
1.631262525050100339e+04 9.442883776207450230e-01 1.215507765667278193e+02
1.635270541082164345e+04 9.441264019586397271e-01 1.213757272792709472e+02
1.639278557114228533e+04 9.439644579992214624e-01 1.212007355447300085e+02
1.643286573146292722e+04 9.438025176238654668e-01 1.210257704095222238e+02
1.647294589178356910e+04 9.436405669343358449e-01 1.208508150769791882e+02
1.651302605210421098e+04 9.434786152976836204e-01 1.206758777368647628e+02
1.655310621242484922e+04 9.433166903141951831e-01 1.205009872968769287e+02
1.659318637274549110e+04 9.431548216342957591e-01 1.203261764663969586e+02
1.663326653306613298e+04 9.429930232227344833e-01 1.201514622157797589e+02
1.667334669338677122e+04 9.428312848204046803e-01 1.199768354523398273e+02
1.671342685370741310e+04 9.426695775819078360e-01 1.198022659451799115e+02
1.675350701402805498e+04 9.425078707256181465e-01 1.196277197680845603e+02
1.679358717434869686e+04 9.423461491948662561e-01 1.194531787656985955e+02
1.683366733466933874e+04 9.421844223568395238e-01 1.192786510329361676e+02
1.687374749498998062e+04 9.420227185096098355e-01 1.191041661238607077e+02
1.691382765531061887e+04 9.418610689972757299e-01 1.189297584459133645e+02
1.695390781563126075e+04 9.416994905747571032e-01 1.187554478763952233e+02
1.699398797595190263e+04 9.415379766223412883e-01 1.185812292679504338e+02
1.703406813627254451e+04 9.413765009564681874e-01 1.184070754667265817e+02
1.707414829659318639e+04 9.412150328059407656e-01 1.182329529072267178e+02
1.711422845691382827e+04 9.410535529980015301e-01 1.180588393204290867e+02
1.715430861723446651e+04 9.408920642740351559e-01 1.178847357527593829e+02
1.719438877755510839e+04 9.407305883150361980e-01 1.177106643727902622e+02
1.723446893787575027e+04 9.405691544513686830e-01 1.175366568956134046e+02
1.727454909819639215e+04 9.404077830687107564e-01 1.173627365684000807e+02
1.731462925851703403e+04 9.402464769845608750e-01 1.171889081577856331e+02
1.735470941883767591e+04 9.400852193930012701e-01 1.170151548193844917e+02
1.739478957915831779e+04 9.399239856830990947e-01 1.168414502363339551e+02
1.743486973947895603e+04 9.397627536378486690e-01 1.166677695783760669e+02
1.747494989979959792e+04 9.396015174747525123e-01 1.164941051750777206e+02
1.751503006012023980e+04 9.394402851582861480e-01 1.163204643639354288e+02
1.755511022044088168e+04 9.392790782992648246e-01 1.161468699895489749e+02
1.759519038076152356e+04 9.391179139280930732e-01 1.159733408749095958e+02
1.763527054108216544e+04 9.389568047189144062e-01 1.157998917527662854e+02
1.767535070140280732e+04 9.387957436171115999e-01 1.156265160763149424e+02
1.771543086172344556e+04 9.386347221183158895e-01 1.154532052332348826e+02
1.775551102204408744e+04 9.384737194618838485e-01 1.152799366609525578e+02
1.779559118236472932e+04 9.383127334819937326e-01 1.151067073316388445e+02
1.783567134268537120e+04 9.381517553433138534e-01 1.149335069066472386e+02
1.787575150300601308e+04 9.379908039105102624e-01 1.147603552666913913e+02
1.791583166332665496e+04 9.378298751855229654e-01 1.145872481567895420e+02
1.795591182364729320e+04 9.376689923931736947e-01 1.144142111270568307e+02
1.799599198396793508e+04 9.375081330161103566e-01 1.142412204878330471e+02
1.803607214428857696e+04 9.373473170451176451e-01 1.140682981315888611e+02
1.807615230460921885e+04 9.371865034351861690e-01 1.138953996700705176e+02
1.811623246492986073e+04 9.370257300903575004e-01 1.137225654367399414e+02
1.815631262525050261e+04 9.368649494202415662e-01 1.135497435038314080e+02
1.819639278557114449e+04 9.367042352373006198e-01 1.133770130448438067e+02
1.823647294589178273e+04 9.365435195409543834e-01 1.132043009176010884e+02
1.827655310621242461e+04 9.363829072831133526e-01 1.130317208049301740e+02
1.831663326653306649e+04 9.362222738483835238e-01 1.128591393342215952e+02
1.835671342685370837e+04 9.360617586809517610e-01 1.126867073675194177e+02
1.839679358717435025e+04 9.359011570412207881e-01 1.125142046494749337e+02
1.843687374749499213e+04 9.357406858704028219e-01 1.123418642806653480e+02
1.847695390781563037e+04 9.355800505345315266e-01 1.121693681933372346e+02
1.851703406813627225e+04 9.354196124623852526e-01 1.119971042556124843e+02
1.855711422845691413e+04 9.352589476740749141e-01 1.118246154871791731e+02
1.859719438877755601e+04 9.350986229404489869e-01 1.116525114239596235e+02
1.863727454909819789e+04 9.349379848565246842e-01 1.114800898078763396e+02
1.867735470941883978e+04 9.347778747607220495e-01 1.113082564741473135e+02
1.871743486973948166e+04 9.346172621439168271e-01 1.111359046425107238e+02
1.875751503006011990e+04 9.344573970651489647e-01 1.109643790896979141e+02
1.879759519038076178e+04 9.342966924747209134e-01 1.107919743581547323e+02
1.883767535070140366e+04 9.341370515394561425e-01 1.106207352603295249e+02
1.887775551102204554e+04 9.339760842367776927e-01 1.104480928810207416e+02
1.891783567134268378e+04 9.338167139185327148e-01 1.102771863825763177e+02
1.895791583166332566e+04 9.336553505759555005e-01 1.101041587773473367e+02
1.899799599198396754e+04 9.334964491487778293e-01 1.099337934599591762e+02
1.903807615230460942e+04 9.333345818499940716e-01 1.097602627491151424e+02
1.907815631262525130e+04 9.331764743262923600e-01 1.095907872070102798e+02
1.911823647294588955e+04 9.330138978969466645e-01 1.094165360344162679e+02
1.915831663326653143e+04 9.328569711100744843e-01 1.092483686469042539e+02
1.919839679358717331e+04 9.326932550495460328e-01 1.090729400113995666e+02
1.923847695390781519e+04 9.325379754409145461e-01 1.089065834825333781e+02
1.927855711422845707e+04 9.323724097363872421e-01 1.087292184861104971e+02
1.931863727454909895e+04 9.322194640209836569e-01 1.085654073334884373e+02
1.935871743486973719e+04 9.320510407846003265e-01 1.083850248045889657e+02
1.939879759519037907e+04 9.319015376878533319e-01 1.082249423508483659e+02
1.943887775551102095e+04 9.317288604326879886e-01 1.080400448070994628e+02
1.947895791583166283e+04 9.315845278930997564e-01 1.078855373082030411e+02
1.951903807615230471e+04 9.314055752434777791e-01 1.076939615547514251e+02
1.955911823647294659e+04 9.312689692980211653e-01 1.075477630386830157e+02
1.959919839679358847e+04 9.310807122573990791e-01 1.073462718348218772e+02
1.963927855711422671e+04 9.309555241487087462e-01 1.072123306635347575e+02
1.967935871743486859e+04 9.307534216944648442e-01 1.069960724210283871e+02
1.971943887775551048e+04 9.306449666327396564e-01 1.068800700928856600e+02
1.975951903807615236e+04 9.304223336824771762e-01 1.066419029570475914e+02
1.979959919839679424e+04 9.303382272050219060e-01 1.065519734403460461e+02
1.983967935871743612e+04 9.300854564550629089e-01 1.062816364422717328e+02
1.987975951903807436e+04 9.300363471478934052e-01 1.062291457029929518e+02
1.991983967935871624e+04 9.297401082716232334e-01 1.059124094569833403e+02
1.995991983967935812e+04 9.297401082716232334e-01 1.059124094569833403e+02
2.000000000000000000e+04 9.297401082716232334e-01 1.059124094569833403e+02
