# 280.6947500295274
0.000000000000000000e+00 1.226184535301980683e+00 0.000000000000000000e+00
4.008016032064127643e+01 1.226184535301980683e+00 0.000000000000000000e+00
8.016032064128255286e+01 1.852215440366537624e+00 -6.918131149297125830e+02
1.202404809619238506e+02 1.422548768395000440e+00 -1.616440386265151972e+02
1.603206412825651057e+02 1.717487751590294653e+00 -4.983866646904013464e+02
2.004008016032064177e+02 1.514186452211957024e+00 -2.549928044194039103e+02
2.404809619238477012e+02 1.653117560290626287e+00 -4.167448722883555661e+02
2.805611222444889563e+02 1.556849106326616328e+00 -3.034041657233426008e+02
3.206412825651302114e+02 1.622115708049665317e+00 -3.805485430397806681e+02
3.607214428857715802e+02 1.576432056331816378e+00 -3.275696953973290420e+02
4.008016032064128353e+02 1.606921137599809590e+00 -3.642879857337793510e+02
4.408817635270541473e+02 1.585120240868890251e+00 -3.395804418759866508e+02
4.809619238476954024e+02 1.599203121234841873e+00 -3.571113384383615994e+02
5.210420841683366007e+02 1.588665932372678613e+00 -3.456911941144059028e+02
5.611222444889779126e+02 1.595016880300799134e+00 -3.541494569551628047e+02
6.012024048096192246e+02 1.589785710796120188e+00 -3.489813085971915143e+02
6.412825651302604228e+02 1.592497884316213863e+00 -3.531585308290879084e+02
6.813627254509017348e+02 1.589761032245276651e+00 -3.509337779793746108e+02
7.214428857715431604e+02 1.590767719286132253e+00 -3.530903200956010437e+02
7.615230460921844724e+02 1.589192650525289130e+00 -3.522574721875544128e+02
8.016032064128256707e+02 1.589419182771087069e+00 -3.534479196985080875e+02
8.416833667334669826e+02 1.588400963480789629e+00 -3.532320546397535281e+02
8.817635270541082946e+02 1.588255126536039397e+00 -3.540116981836114860e+02
9.218436873747494928e+02 1.587499860013698916e+00 -3.540765961966988584e+02
9.619238476953908048e+02 1.587179176576381634e+00 -3.546728093230244099e+02
1.002004008016032117e+03 1.586529906270448764e+00 -3.548849373236687939e+02
1.042084168336673201e+03 1.586114286176733446e+00 -3.553767496479609918e+02
1.082164328657314627e+03 1.585527064697936028e+00 -3.556669612196232038e+02
1.122244488977955825e+03 1.585062545106157517e+00 -3.561025764201867787e+02
1.162324649298597251e+03 1.584509158185262168e+00 -3.564331614561864399e+02
1.202404809619238449e+03 1.584019713380511174e+00 -3.568390054555153483e+02
1.242484969939879647e+03 1.583484391731779795e+00 -3.571902242108043311e+02
1.282565130260520846e+03 1.582982340613634298e+00 -3.575802585773445799e+02
1.322645290581162271e+03 1.582456682017844507e+00 -3.579418495976144072e+02
1.362725450901803470e+03 1.581948343239732102e+00 -3.583233770993057874e+02
1.402805611222444895e+03 1.581427893879383983e+00 -3.586900527704517003e+02
1.442885771543086321e+03 1.580916491362939214e+00 -3.590668952331944297e+02
1.482965931863727519e+03 1.580398944532216632e+00 -3.594359098419001839e+02
1.523046092184368945e+03 1.579886192725326710e+00 -3.598100143739313239e+02
1.563126252505009916e+03 1.579370390008832725e+00 -3.601799163524860319e+02
1.603206412825651341e+03 1.578857164072666741e+00 -3.605522972495781460e+02
1.643286573146292540e+03 1.578342451144645331e+00 -3.609223738451731265e+02
1.683366733466933965e+03 1.577829150290846583e+00 -3.612935957827992866e+02
1.723446893787575164e+03 1.577315179488584462e+00 -3.616634880351176662e+02
1.763527054108216589e+03 1.576802050374047415e+00 -3.620338158005361038e+02
1.803607214428857787e+03 1.576288702134905462e+00 -3.624032950159474922e+02
1.843687374749498986e+03 1.575775911716436273e+00 -3.627728351324465166e+02
1.883767535070140184e+03 1.575263120911439829e+00 -3.631417836331858666e+02
1.923847695390781610e+03 1.574750712214047832e+00 -3.635106209406422408e+02
1.963927855711422808e+03 1.574238384046992456e+00 -3.638790223155662034e+02
2.004008016032064234e+03 1.573726327186288465e+00 -3.642472396703230970e+02
2.044088176352705432e+03 1.573214393158189672e+00 -3.646151021020745020e+02
2.084168336673346403e+03 1.572702697982099718e+00 -3.649827265500449016e+02
2.124248496993987828e+03 1.572191188930779138e+00 -3.653500083469014612e+02
2.164328657314629254e+03 1.571679944543335816e+00 -3.657169933708055964e+02
2.204408817635270680e+03 1.571168943005870844e+00 -3.660836233584123534e+02
2.244488977955911650e+03 1.570658212743550664e+00 -3.664499296647388746e+02
2.284569138276553076e+03 1.570147718876481191e+00 -3.668158992386810837e+02
2.324649298597194502e+03 1.569637451796290328e+00 -3.671815659383414641e+02
2.364729458917835473e+03 1.569127380477236766e+00 -3.675469333904205200e+02
2.404809619238476898e+03 1.568617503259483348e+00 -3.679120174783129187e+02
2.444889779559118324e+03 1.568107820689855769e+00 -3.682768087652820554e+02
2.484969939879759295e+03 1.567598351818683788e+00 -3.686413010245177020e+02
2.525050100200400720e+03 1.567089109630612320e+00 -3.690054797815250254e+02
2.565130260521041691e+03 1.566580103138501823e+00 -3.693693417122086657e+02
2.605210420841683117e+03 1.566071325606263276e+00 -3.697328885721365168e+02
2.645290581162324543e+03 1.565562762296291766e+00 -3.700961325337504491e+02
2.685370741482965968e+03 1.565054393319289527e+00 -3.704590867213574370e+02
2.725450901803606939e+03 1.564546204528036277e+00 -3.708217627780474004e+02
2.765531062124248365e+03 1.564038191381113219e+00 -3.711841640501606889e+02
2.805611222444889790e+03 1.563530362105067129e+00 -3.715462858511822901e+02
2.845691382765531216e+03 1.563022734128806324e+00 -3.719081158567980765e+02
2.885771543086172642e+03 1.562515329519897023e+00 -3.722696386967627973e+02
2.925851703406813613e+03 1.562008168534303243e+00 -3.726308395947129952e+02
2.965931863727455038e+03 1.561501265346322942e+00 -3.729917082471930030e+02
3.006012024048096464e+03 1.560994625485088161e+00 -3.733522402797404425e+02
3.046092184368737890e+03 1.560488246189152495e+00 -3.737124374732579213e+02
3.086172344689378406e+03 1.559982118267504214e+00 -3.740723062413885032e+02
3.126252505010019831e+03 1.559476229073546438e+00 -3.744318557064337938e+02
3.166332665330661257e+03 1.558970565290833221e+00 -3.747910955514909119e+02
3.206412825651302683e+03 1.558465115204086482e+00 -3.751500344455491245e+02
3.246492985971943654e+03 1.557959869989822055e+00 -3.755086790035794593e+02
3.286573146292585079e+03 1.557454824192116227e+00 -3.758670334520974734e+02
3.326653306613226505e+03 1.556949975470429237e+00 -3.762250997464993816e+02
3.366733466933867930e+03 1.556445323952487136e+00 -3.765828780437753380e+02
3.406813627254508901e+03 1.555940871399662750e+00 -3.769403672803049403e+02
3.446893787575150327e+03 1.555436620435290296e+00 -3.772975657433123047e+02
3.486973947895791753e+03 1.554932573941284035e+00 -3.776544715051008438e+02
3.527054108216433178e+03 1.554428734678513502e+00 -3.780110827120220733e+02
3.567134268537074604e+03 1.553925105077822000e+00 -3.783673977375775053e+02
3.607214428857715575e+03 1.553421687143994978e+00 -3.787234152589466021e+02
3.647294589178356546e+03 1.552918482420364121e+00 -3.790791342829517703e+02
3.687374749498997971e+03 1.552415492011449905e+00 -3.794345541342124761e+02
3.727454909819638942e+03 1.551912716665936998e+00 -3.797896743972775084e+02
3.767535070140280368e+03 1.551410156903111570e+00 -3.801444948279938671e+02
3.807615230460921794e+03 1.550907813126110701e+00 -3.804990152700267458e+02
3.847695390781563219e+03 1.550405685666038869e+00 -3.808532356196877231e+02
3.887775551102204190e+03 1.549903774746871354e+00 -3.812071558474623316e+02
3.927855711422845616e+03 1.549402080428956330e+00 -3.815607760389299870e+02
3.967935871743487041e+03 1.548900602615217670e+00 -3.819140963943216320e+02
4.008016032064128467e+03 1.548399341160381804e+00 -3.822671171553365639e+02
4.048096192384769893e+03 1.547898296033399124e+00 -3.826198384900550309e+02
4.088176352705410864e+03 1.547397467419968864e+00 -3.829722604150064171e+02
4.128256513026052744e+03 1.546896855673340898e+00 -3.833243828221792455e+02
4.168336673346692805e+03 1.546396461123500377e+00 -3.836762056094327704e+02
4.208416833667334686e+03 1.545896283864627963e+00 -3.840277288332544572e+02
4.248496993987975657e+03 1.545396323672459493e+00 -3.843789527757789983e+02
4.288577154308616628e+03 1.544896580124016650e+00 -3.847298778692774022e+02
4.328657314629258508e+03 1.544397052853442087e+00 -3.850805045186948519e+02
4.368737474949899479e+03 1.543897741778830657e+00 -3.854308329363789198e+02
4.408817635270541359e+03 1.543398647150290959e+00 -3.857808630980212570e+02
4.448897795591182330e+03 1.542899769391061104e+00 -3.861305948464986955e+02
4.488977955911823301e+03 1.542401108845340874e+00 -3.864800280689134979e+02
4.529058116232465181e+03 1.541902665607031819e+00 -3.868291628242453157e+02
4.569138276553106152e+03 1.541404439539891813e+00 -3.871779993385849252e+02
4.609218436873748033e+03 1.540906430458348186e+00 -3.875265378828162284e+02
4.649298597194389004e+03 1.540408638321349333e+00 -3.878747786331347811e+02
4.689378757515029974e+03 1.539911063282970449e+00 -3.882227216266350638e+02
4.729458917835670945e+03 1.539413705549227629e+00 -3.885703668539637761e+02
4.769539078156312826e+03 1.538916565136195125e+00 -3.889177144283120811e+02
4.809619238476953797e+03 1.538419641707788665e+00 -3.892647647068751553e+02
4.849699398797594768e+03 1.537922934633443761e+00 -3.896115182620027326e+02
4.889779559118236648e+03 1.537426443269674259e+00 -3.899579756919549141e+02
4.929859719438877619e+03 1.536930167323414365e+00 -3.903041373654060635e+02
4.969939879759518590e+03 1.536434107092705226e+00 -3.906500032427892393e+02
5.010020040080159561e+03 1.535938263440176588e+00 -3.909955728809042625e+02
5.050100200400801441e+03 1.535442637498720231e+00 -3.913408456285686725e+02
5.090180360721442412e+03 1.534947230249745775e+00 -3.916858209202395074e+02
5.130260521042083383e+03 1.534452042172964603e+00 -3.920304985286865076e+02
5.170340681362725263e+03 1.533957073117444336e+00 -3.923748786676563896e+02
5.210420841683366234e+03 1.533462322425108715e+00 -3.927189619166559851e+02
5.250501002004008114e+03 1.532967789221882482e+00 -3.930627490226781902e+02
5.290581162324649085e+03 1.532473472738043574e+00 -3.934062406748177523e+02
5.330661322645290056e+03 1.531979372542219942e+00 -3.937494373348845897e+02
5.370741482965931937e+03 1.531485488641439519e+00 -3.940923391607374811e+02
5.410821643286572908e+03 1.530991821462319491e+00 -3.944349460141158943e+02
5.450901803607213878e+03 1.530498371751675135e+00 -3.947772575264811508e+02
5.490981963927855759e+03 1.530005140419670173e+00 -3.951192732056429122e+02
5.531062124248496730e+03 1.529512128325379194e+00 -3.954609925825174059e+02
5.571142284569138610e+03 1.529019336007059193e+00 -3.958024153972945101e+02
5.611222444889779581e+03 1.528526763398735611e+00 -3.961435417983510092e+02
5.651302605210420552e+03 1.528034409629367207e+00 -3.964843724891123316e+02
5.691382765531062432e+03 1.527542273028875686e+00 -3.968249087364475258e+02
5.731462925851703403e+03 1.527050351431217479e+00 -3.971651521747263018e+02
5.771543086172345284e+03 1.526558642763812479e+00 -3.975051044072329205e+02
5.811623246492986254e+03 1.526067145779734346e+00 -3.978447664987712074e+02
5.851703406813627225e+03 1.525575860684236673e+00 -3.981841385287501680e+02
5.891783567134269106e+03 1.525084789387736617e+00 -3.985232193923338286e+02
5.931863727454910077e+03 1.524593935208411910e+00 -3.988620069789304239e+02
5.971943887775551957e+03 1.524103302027159934e+00 -3.992004987355780941e+02
6.012024048096192928e+03 1.523612893102966881e+00 -3.995386924798104360e+02
6.052104208416833899e+03 1.523122709908529604e+00 -3.998765872172770059e+02
6.092184368737475779e+03 1.522632751381238103e+00 -4.002141836888171156e+02
6.132264529058115841e+03 1.522143013882096163e+00 -4.005514844367318119e+02
6.172344689378756811e+03 1.521653491944751968e+00 -4.008884933221526126e+02
6.212424849699398692e+03 1.521164179648303749e+00 -4.012252145975944586e+02
6.252505010020039663e+03 1.520675072244793924e+00 -4.015616517828860879e+02
6.292585170340680634e+03 1.520186167582660453e+00 -4.018978066607859319e+02
6.332665330661322514e+03 1.519697466918573658e+00 -4.022336786794912200e+02
6.372745490981963485e+03 1.519208974882397367e+00 -4.025692649345406835e+02
6.412825651302605365e+03 1.518720698596055074e+00 -4.029045607407533112e+02
6.452905811623246336e+03 1.518232646173309552e+00 -4.032395606465200899e+02
6.492985971943887307e+03 1.517744824979709861e+00 -4.035742596332136145e+02
6.533066132264529188e+03 1.517257240074070257e+00 -4.039086542081659559e+02
6.573146292585170158e+03 1.516769893184392926e+00 -4.042427431424193287e+02
6.613226452905811129e+03 1.516282782421846331e+00 -4.045765277048114399e+02
6.653306613226453010e+03 1.515795902753009239e+00 -4.049100113700855559e+02
6.693386773547093981e+03 1.515309247081110477e+00 -4.052431990971485334e+02
6.733466933867735861e+03 1.514822807668774640e+00 -4.055760963580249268e+02
6.773547094188376832e+03 1.514336577587648502e+00 -4.059087081338422536e+02
6.813627254509017803e+03 1.513850551906031683e+00 -4.062410380795062679e+02
6.853707414829659683e+03 1.513364728410343085e+00 -4.065730880024442513e+02
6.893787575150300654e+03 1.512879107775067178e+00 -4.069048577198529983e+02
6.933867735470942534e+03 1.512393693218612833e+00 -4.072363452738463252e+02
6.973947895791583505e+03 1.511908489780490861e+00 -4.075675474148243325e+02
7.014028056112224476e+03 1.511423503407932412e+00 -4.078984602248629017e+02
7.054108216432866357e+03 1.510938740040776107e+00 -4.082290797502141686e+02
7.094188376753507328e+03 1.510454204841015446e+00 -4.085594025396466691e+02
7.134268537074149208e+03 1.509969901648614776e+00 -4.088894260294531477e+02
7.174348697394790179e+03 1.509485832682554207e+00 -4.092191487595943045e+02
7.214428857715431150e+03 1.509001998463982419e+00 -4.095485704355534722e+02
7.254509018036071211e+03 1.508518397922403720e+00 -4.098776918626024326e+02
7.294589178356713091e+03 1.508035028648062159e+00 -4.102065147782086569e+02
7.334669338677354062e+03 1.507551887259064083e+00 -4.105350416044636859e+02
7.374749498997995943e+03 1.507068969847657591e+00 -4.108632751446197631e+02
7.414829659318636914e+03 1.506586272454155218e+00 -4.111912182582219657e+02
7.454909819639277885e+03 1.506103791498870859e+00 -4.115188735618386318e+02
7.494989979959919765e+03 1.505621524097809472e+00 -4.118462432063756751e+02
7.535070140280560736e+03 1.505139468208480436e+00 -4.121733287690404950e+02
7.575150300601202616e+03 1.504657622597193489e+00 -4.125001312681426953e+02
7.615230460921843587e+03 1.504175986673186083e+00 -4.128266512720246055e+02
7.655310621242484558e+03 1.503694560274409397e+00 -4.131528890453763552e+02
7.695390781563126438e+03 1.503213343495179988e+00 -4.134788446707770504e+02
7.735470941883767409e+03 1.502732336612386588e+00 -4.138045181045719687e+02
7.775551102204408380e+03 1.502251540108744177e+00 -4.141299091652388711e+02
7.815631262525050261e+03 1.501770954736176167e+00 -4.144550174908837334e+02
7.855711422845691231e+03 1.501290581537270352e+00 -4.147798425213967448e+02
7.895791583166333112e+03 1.500810421761721525e+00 -4.151043835499014563e+02
7.935871743486974083e+03 1.500330476670030722e+00 -4.154286398517438101e+02
7.975951903807615054e+03 1.499850747282025054e+00 -4.157526108546742876e+02
8.016032064128256934e+03 1.499371234170373102e+00 -4.160762962833424012e+02
8.056112224448897905e+03 1.498891937395924856e+00 -4.163996962112151436e+02
8.096192384769539785e+03 1.498412856630353174e+00 -4.167228109859948404e+02
8.136272545090180756e+03 1.497933991433089806e+00 -4.170456410472453967e+02
8.176352705410821727e+03 1.497455341578647348e+00 -4.173681867040664315e+02
8.216432865731463608e+03 1.496976907299997661e+00 -4.176904479635574603e+02
8.256513026052105488e+03 1.496498689339774257e+00 -4.180124244856913833e+02
8.296593186372745549e+03 1.496020688775304697e+00 -4.183341156916226851e+02
8.336673346693385611e+03 1.495542906676438744e+00 -4.186555209896391148e+02
8.376753507014027491e+03 1.495065343728433804e+00 -4.189766400317769808e+02
8.416833667334669371e+03 1.494587999974658743e+00 -4.192974728962394124e+02
8.456913827655309433e+03 1.494110874794530641e+00 -4.196180201146727882e+02
8.496993987975951313e+03 1.493633967144460950e+00 -4.199382825209617636e+02
8.537074148296593194e+03 1.493157275986662036e+00 -4.202582609678103154e+02
8.577154308617233255e+03 1.492680800752048675e+00 -4.205779560122552425e+02
8.617234468937875135e+03 1.492204541660238970e+00 -4.208973676897912810e+02
8.657314629258517016e+03 1.491728499762428051e+00 -4.212164954707756124e+02
8.697394789579158896e+03 1.491252676667807586e+00 -4.215353384305756776e+02
8.737474949899798958e+03 1.490777074027828997e+00 -4.218538955883990411e+02
8.777555110220440838e+03 1.490301692944044909e+00 -4.221721663064046197e+02
8.817635270541082718e+03 1.489826533501164008e+00 -4.224901506136390594e+02
8.857715430861722780e+03 1.489351594593449235e+00 -4.228078493388519519e+02
8.897795591182364660e+03 1.488876874120420801e+00 -4.231252639961487603e+02
8.937875751503006541e+03 1.488402369508298850e+00 -4.234423964473675142e+02
8.977955911823646602e+03 1.487928078407336097e+00 -4.237592484378654945e+02
9.018036072144288482e+03 1.487453999357437162e+00 -4.240758211438202920e+02
9.058116232464930363e+03 1.486980132223180595e+00 -4.243921148662836913e+02
9.098196392785572243e+03 1.486506478269613352e+00 -4.247081289623978932e+02
9.138276553106212305e+03 1.486033039857193483e+00 -4.250238620333311133e+02
9.178356713426854185e+03 1.485559819843077500e+00 -4.253393123149017470e+02
9.218436873747496065e+03 1.485086820853988243e+00 -4.256544781626957388e+02
9.258517034068136127e+03 1.484614044623081552e+00 -4.259693585028631446e+02
9.298597194388778007e+03 1.484141491556877135e+00 -4.262839531352718723e+02
9.338677354709419888e+03 1.483669160631185147e+00 -4.265982628192745665e+02
9.378757515030059949e+03 1.483197049629098041e+00 -4.269122891294900910e+02
9.418837675350701829e+03 1.482725155652787619e+00 -4.272260341240190655e+02
9.458917835671341891e+03 1.482253475782296270e+00 -4.275394999079372269e+02
9.498997995991983771e+03 1.481782007728716488e+00 -4.278526881936256814e+02
9.539078156312625651e+03 1.481310750337867743e+00 -4.281655999551006744e+02
9.579158316633265713e+03 1.480839703838854993e+00 -4.284782352490209973e+02
9.619238476953907593e+03 1.480368869790413822e+00 -4.287905932365993635e+02
9.659318637274549474e+03 1.479898250744487331e+00 -4.291026723963024097e+02
9.699398797595189535e+03 1.479427849707627418e+00 -4.294144708759546347e+02
9.739478957915831415e+03 1.478957669523528695e+00 -4.297259869033750874e+02
9.779559118236473296e+03 1.478487712314440872e+00 -4.300372191637503079e+02
9.819639278557113357e+03 1.478017979101374779e+00 -4.303481670624877893e+02
9.859719438877755238e+03 1.477548469676899900e+00 -4.306588308220116801e+02
9.899799599198397118e+03 1.477079182741811492e+00 -4.309692114021897282e+02
9.939879759519037179e+03 1.476610116254923000e+00 -4.312793102757134989e+02
9.979959919839679060e+03 1.476141267900633824e+00 -4.315891291204402478e+02
1.002004008016031912e+04 1.475672635563102242e+00 -4.318986695025567428e+02
1.006012024048096100e+04 1.475204217710747834e+00 -4.322079326157251558e+02
1.010020040080160288e+04 1.474736013632450549e+00 -4.325169191170876957e+02
1.014028056112224294e+04 1.474268023512439241e+00 -4.328256290706983691e+02
1.018036072144288482e+04 1.473800248368799082e+00 -4.331340619831599383e+02
1.022044088176352670e+04 1.473332689899977233e+00 -4.334422169023963534e+02
1.026052104208416677e+04 1.472865350282615227e+00 -4.337500925503729263e+02
1.030060120240480865e+04 1.472398231948929270e+00 -4.340576874701457086e+02
1.034068136272545053e+04 1.471931337354295266e+00 -4.343650001794285913e+02
1.038076152304609059e+04 1.471464668736397474e+00 -4.346720293295584270e+02
1.042084168336673247e+04 1.470998227871413544e+00 -4.349787738666509540e+02
1.046092184368737435e+04 1.470532015847515028e+00 -4.352852331823407326e+02
1.050100200400801623e+04 1.470066032892213936e+00 -4.355914072306516687e+02
1.054108216432865629e+04 1.469600278296901763e+00 -4.358972965824732455e+02
1.058116232464929817e+04 1.469134750471884798e+00 -4.362029023949748421e+02
1.062124248496994005e+04 1.468669447138358120e+00 -4.365082262903776495e+02
1.066132264529058011e+04 1.468204365628095864e+00 -4.368132701618206397e+02
1.070140280561122199e+04 1.467739503230002018e+00 -4.371180359453389883e+02
1.074148296593186387e+04 1.467274857507431474e+00 -4.374225254078401690e+02
1.078156312625250393e+04 1.466810426518184274e+00 -4.377267399967315100e+02
1.082164328657314582e+04 1.466346208898392955e+00 -4.380306807782952774e+02
1.086172344689378770e+04 1.465882203812456375e+00 -4.383343484652367579e+02
1.090180360721442776e+04 1.465418410809622207e+00 -4.386377435081402041e+02
1.094188376753506964e+04 1.464954829650958912e+00 -4.389408662095227669e+02
1.098196392785571152e+04 1.464491460171138737e+00 -4.392437168177107196e+02
1.102204408817635340e+04 1.464028302218734146e+00 -4.395462955705609147e+02
1.106212424849699346e+04 1.463565355684954161e+00 -4.398486026808674865e+02
1.110220440881763534e+04 1.463102620596191228e+00 -4.401506382781734033e+02
1.114228456913827722e+04 1.462640097222082325e+00 -4.404524023378699553e+02
1.118236472945891728e+04 1.462177786145306468e+00 -4.407538946329281089e+02
1.122244488977955916e+04 1.461715688252744894e+00 -4.410551147355897115e+02
1.126252505010020104e+04 1.461253804634595532e+00 -4.413560620791533324e+02
1.130260521042084110e+04 1.460792136409325481e+00 -4.416567360695470938e+02
1.134268537074148298e+04 1.460330684517955779e+00 -4.419571362192288575e+02
1.138276553106212486e+04 1.459869449543529374e+00 -4.422572622672390708e+02
1.142284569138276674e+04 1.459408431607268408e+00 -4.425571142513193195e+02
1.146292585170340681e+04 1.458947630373509829e+00 -4.428566925100897151e+02
1.150300601202404869e+04 1.458487045166570129e+00 -4.431559976118249438e+02
1.154308617234469057e+04 1.458026675172428233e+00 -4.434550302261806110e+02
1.158316633266533063e+04 1.457566519674730721e+00 -4.437537909708645429e+02
1.162324649298597251e+04 1.457106578264616870e+00 -4.440522802724514690e+02
1.166332665330661439e+04 1.456646850970031659e+00 -4.443504982773054621e+02
1.170340681362725445e+04 1.456187338271070386e+00 -4.446484448356196140e+02
1.174348697394789633e+04 1.455728040997997574e+00 -4.449461195623399021e+02
1.178356713426853821e+04 1.455268960139684653e+00 -4.452435219583817343e+02
1.182364729458917827e+04 1.454810096613788462e+00 -4.455406515596863528e+02
1.186372745490982015e+04 1.454351451059370692e+00 -4.458375080747038055e+02
1.190380761523046203e+04 1.453893023705297827e+00 -4.461340914747997886e+02
1.194388777555110391e+04 1.453434814345911930e+00 -4.464304020156722572e+02
1.198396793587174398e+04 1.452976822425604997e+00 -4.467264401871046857e+02
1.202404809619238586e+04 1.452519047204842373e+00 -4.470222066076549368e+02
1.206412825651302774e+04 1.452061487960106811e+00 -4.473177018946763042e+02
1.210420841683366780e+04 1.451604144164409638e+00 -4.476129265446766681e+02
1.214428857715430968e+04 1.451147015604134838e+00 -4.479078808537383907e+02
1.218436873747495156e+04 1.450690102408197513e+00 -4.482025648947554828e+02
1.222444889779558980e+04 1.450233404990033170e+00 -4.484969785520896721e+02
1.226452905811623168e+04 1.449776923924454897e+00 -4.487911215997689283e+02
1.230460921843687356e+04 1.449320659794377519e+00 -4.490849938004627688e+02
1.234468937875751362e+04 1.448864613044705818e+00 -4.493785950007498400e+02
1.238476953907815550e+04 1.448408783873601280e+00 -4.496719252027879179e+02
1.242484969939879738e+04 1.447953172178807701e+00 -4.499649846007873180e+02
1.246492985971943745e+04 1.447497777563288457e+00 -4.502577735795021567e+02
1.250501002004007933e+04 1.447042599393741025e+00 -4.505502926787935962e+02
1.254509018036072121e+04 1.446587636899298257e+00 -4.508425425321647708e+02
1.258517034068136127e+04 1.446132889295459911e+00 -4.511345237884501671e+02
1.262525050100200315e+04 1.445678355918388114e+00 -4.514262370258251167e+02
1.266533066132264503e+04 1.445224036355213793e+00 -4.517176826672198331e+02
1.270541082164328509e+04 1.444769930556031756e+00 -4.520088609066042409e+02
1.274549098196392697e+04 1.444316038912970557e+00 -4.522997716560059871e+02
1.278557114228456885e+04 1.443862362292476886e+00 -4.525904145226208470e+02
1.282565130260521073e+04 1.443408902010281381e+00 -4.528807888229763989e+02
1.286573146292585079e+04 1.442955659745202013e+00 -4.531708936365544673e+02
1.290581162324649267e+04 1.442502637397496290e+00 -4.534607278951096418e+02
1.294589178356713455e+04 1.442049836907892901e+00 -4.537502904974493845e+02
1.298597194388777461e+04 1.441597260061947772e+00 -4.540395804342870747e+02
1.302605210420841649e+04 1.441144908308276351e+00 -4.543285969053177951e+02
1.306613226452905838e+04 1.440692782617158940e+00 -4.546173394117368503e+02
1.310621242484969844e+04 1.440240883398227423e+00 -4.549058078118474668e+02
1.314629258517034032e+04 1.439789210484465176e+00 -4.551940023343303778e+02
1.318637274549098220e+04 1.439337763177570562e+00 -4.554819235514976867e+02
1.322645290581162226e+04 1.438886540339826992e+00 -4.557695723215636008e+02
1.326653306613226414e+04 1.438435540512124744e+00 -4.560569497130434797e+02
1.330661322645290602e+04 1.437984762037449737e+00 -4.563440569250086583e+02
1.334669338677354790e+04 1.437534203173308045e+00 -4.566308952142716748e+02
1.338677354709418796e+04 1.437083862183514693e+00 -4.569174658358944043e+02
1.342685370741482984e+04 1.436633737407338129e+00 -4.572037699983098378e+02
1.346693386773547172e+04 1.436183827309986949e+00 -4.574898088304451562e+02
1.350701402805611178e+04 1.435734130521407526e+00 -4.577755833564424393e+02
1.354709418837675366e+04 1.435284645869736364e+00 -4.580610944740543573e+02
1.358717434869739554e+04 1.434835372412289978e+00 -4.583463429349242233e+02
1.362725450901803561e+04 1.434386309462168940e+00 -4.586313293277782464e+02
1.366733466933867749e+04 1.433937456604516436e+00 -4.589160540679924338e+02
1.370741482965931937e+04 1.433488813694903996e+00 -4.592005173980693939e+02
1.374749498997995943e+04 1.433040380834021965e+00 -4.594847194027711339e+02
1.378757515030060131e+04 1.432592158317534947e+00 -4.597686600399867416e+02
1.382765531062124319e+04 1.432144146566228349e+00 -4.600523391845320020e+02
1.386773547094188507e+04 1.431696346047470980e+00 -4.603357566781543255e+02
1.390781563126252513e+04 1.431248757202648214e+00 -4.606189123764330020e+02
1.394789579158316701e+04 1.430801380395277489e+00 -4.609018061830115016e+02
1.398797595190380889e+04 1.430354215890630165e+00 -4.611844380640275745e+02
1.402805611222444895e+04 1.429907263870602518e+00 -4.614668080401231691e+02
1.406813627254509083e+04 1.429460524479053918e+00 -4.617489161588430875e+02
1.410821643286573271e+04 1.429013997885052900e+00 -4.620307624551443837e+02
1.414829659318637277e+04 1.428567684346588207e+00 -4.623123469108546715e+02
1.418837675350701466e+04 1.428121584256651477e+00 -4.625936694244837781e+02
1.422845691382765654e+04 1.427675698157326201e+00 -4.628747298006754818e+02
1.426853707414829842e+04 1.427230026714607414e+00 -4.631555277642848409e+02
1.430861723446893848e+04 1.426784570655319495e+00 -4.634360629986432514e+02
1.434869739478958036e+04 1.426339330675632677e+00 -4.637163352023115976e+02
1.438877755511022224e+04 1.425894307336627698e+00 -4.639963441547036496e+02
1.442885771543086230e+04 1.425449500965070282e+00 -4.642760897791069397e+02
1.446893787575150236e+04 1.425004911576884581e+00 -4.645555721920040924e+02
1.450901803607214242e+04 1.424560538837228219e+00 -4.648347917298015659e+02
1.454909819639278430e+04 1.424116382065586883e+00 -4.651137489474726863e+02
1.458917835671342618e+04 1.423672440288030083e+00 -4.653924445875329070e+02
1.462925851703406806e+04 1.423228712332627710e+00 -4.656708795216189856e+02
1.466933867735470812e+04 1.422785196958730181e+00 -4.659490546703433438e+02
1.470941883767535001e+04 1.422341893006616065e+00 -4.662269709098017074e+02
1.474949899799599189e+04 1.421898799551180481e+00 -4.665046289749495259e+02
1.478957915831663195e+04 1.421455916041934886e+00 -4.667820293709594353e+02
1.482965931863727383e+04 1.421013242411990340e+00 -4.670591723034623897e+02
1.486973947895791571e+04 1.420570779140990725e+00 -4.673360576371815114e+02
1.490981963927855577e+04 1.420128527261364626e+00 -4.676126848897999366e+02
1.494989979959919765e+04 1.419686488303500527e+00 -4.678890532640639321e+02
1.498997995991983953e+04 1.419244664182965243e+00 -4.681651617164419577e+02
1.503006012024047959e+04 1.418803057040704418e+00 -4.684410090557394710e+02
1.507014028056112147e+04 1.418361669054060581e+00 -4.687165940607040966e+02
1.511022044088176335e+04 1.417920502241190261e+00 -4.689919156026068094e+02
1.515030060120240523e+04 1.417479558282972230e+00 -4.692669727577125514e+02
1.519038076152304529e+04 1.417038838384387267e+00 -4.695417648957778738e+02
1.523046092184368717e+04 1.416598343191620257e+00 -4.698162917341429079e+02
1.527054108216432905e+04 1.416158072772808474e+00 -4.700905533521341226e+02
1.531062124248496912e+04 1.415718026660641282e+00 -4.703645501665372990e+02
1.535070140280561100e+04 1.415278203945777191e+00 -4.706382828747352960e+02
1.539078156312625288e+04 1.414838603402769790e+00 -4.709117523767343414e+02
1.543086172344689294e+04 1.414399223626336077e+00 -4.711849596898516097e+02
1.547094188376753482e+04 1.413960063156001867e+00 -4.714579058698597578e+02
1.551102204408817670e+04 1.413521120571384682e+00 -4.717305919498909361e+02
1.555110220440881676e+04 1.413082394547788834e+00 -4.720030189038760682e+02
1.559118236472945864e+04 1.412643883870918771e+00 -4.722751876356389857e+02
1.563126252505010052e+04 1.412205587418531749e+00 -4.725470989891129534e+02
1.567134268537074240e+04 1.411767504123883743e+00 -4.728187537706574517e+02
1.571142284569138246e+04 1.411329632939398948e+00 -4.730901527720801596e+02
1.575150300601202434e+04 1.410891972818281603e+00 -4.733612967832424943e+02
1.579158316633266622e+04 1.410454522726846349e+00 -4.736321865860335834e+02
1.583166332665330629e+04 1.410017281692161673e+00 -4.739028229264947640e+02
1.587174348697394817e+04 1.409580248879868547e+00 -4.741732064678685106e+02
1.591182364729459005e+04 1.409143423687969854e+00 -4.744433377330443022e+02
1.595190380761523011e+04 1.408706805836093201e+00 -4.747132170489110194e+02
1.599198396793587199e+04 1.408270395427837718e+00 -4.749828445064753168e+02
1.603206412825651387e+04 1.407834192967092335e+00 -4.752522199487881380e+02
1.607214428857715393e+04 1.407398199317154486e+00 -4.755213429939490197e+02
1.611222444889779581e+04 1.406962415602574845e+00 -4.757902130936850540e+02
1.615230460921843769e+04 1.406526843065479149e+00 -4.760588296206838095e+02
1.619238476953907957e+04 1.406091482897979361e+00 -4.763271919716358411e+02
1.623246492985971963e+04 1.405656336077921287e+00 -4.765952996692842021e+02
1.627254509018036151e+04 1.405221403235241473e+00 -4.768631524465473035e+02
1.631262525050100339e+04 1.404786684570636934e+00 -4.771307502990282501e+02
1.635270541082164345e+04 1.404352179838435299e+00 -4.773980934981648261e+02
1.639278557114228533e+04 1.403917888393827029e+00 -4.776651825644856331e+02
1.643286573146292722e+04 1.403483809293705864e+00 -4.779320182072426633e+02
1.647294589178356910e+04 1.403049941432613856e+00 -4.781986012416328435e+02
1.651302605210421098e+04 1.402616283692055488e+00 -4.784649324969721533e+02
1.655310621242484922e+04 1.402182835082856016e+00 -4.787310127284918053e+02
1.659318637274549110e+04 1.401749594865139059e+00 -4.789968425424939937e+02
1.663326653306613298e+04 1.401316562637065166e+00 -4.792624223405862836e+02
1.667334669338677122e+04 1.400883738389641531e+00 -4.795277522848384706e+02
1.671342685370741310e+04 1.400451122529254189e+00 -4.797928322829605463e+02
1.675350701402805498e+04 1.400018715871373720e+00 -4.800576619913632044e+02
1.679358717434869686e+04 1.399586519608577495e+00 -4.803222408340851644e+02
1.683366733466933874e+04 1.399154535254664600e+00 -4.805865680363888828e+02
1.687374749498998062e+04 1.398722764565513144e+00 -4.808506426725562051e+02
1.691382765531061887e+04 1.398291209437539928e+00 -4.811144637273488343e+02
1.695390781563126075e+04 1.397859871786583774e+00 -4.813780301694928312e+02
1.699398797595190263e+04 1.397428753413374025e+00 -4.816413410335452454e+02
1.703406813627254451e+04 1.396997855865584004e+00 -4.819043955041762501e+02
1.707414829659318639e+04 1.396567180309508105e+00 -4.821671929950009599e+02
1.711422845691382827e+04 1.396136727425635327e+00 -4.824297332132724705e+02
1.715430861723446651e+04 1.395706497341212993e+00 -4.826920162023875491e+02
1.719438877755510839e+04 1.395276489609282855e+00 -4.829540423562733622e+02
1.723446893787575027e+04 1.394846703238354024e+00 -4.832158124029332384e+02
1.727454909819639215e+04 1.394417136770739640e+00 -4.834773273581676563e+02
1.731462925851703403e+04 1.393987788401757522e+00 -4.837385884540436223e+02
1.735470941883767591e+04 1.393558656127373618e+00 -4.839995970495751862e+02
1.739478957915831779e+04 1.393129737904970522e+00 -4.842603545328900054e+02
1.743486973947895603e+04 1.392701031810969825e+00 -4.845208622247945414e+02
1.747494989979959792e+04 1.392272536179837372e+00 -4.847811212932139711e+02
1.751503006012023980e+04 1.391844249711276404e+00 -4.850411326866225181e+02
1.755511022044088168e+04 1.391416171535783564e+00 -4.853008970925543508e+02
1.759519038076152356e+04 1.390988301232841229e+00 -4.855604149248023873e+02
1.763527054108216544e+04 1.390560638800613091e+00 -4.858196863401268502e+02
1.767535070140280732e+04 1.390133184580766956e+00 -4.860787112824173732e+02
1.771543086172344556e+04 1.389705939146672620e+00 -4.863374895494246744e+02
1.775551102204408744e+04 1.389278903167374679e+00 -4.865960208746652711e+02
1.779559118236472932e+04 1.388852077262872964e+00 -4.868543050151600937e+02
1.783567134268537120e+04 1.388425461867986321e+00 -4.871123418345753180e+02
1.787575150300601308e+04 1.387999057121966029e+00 -4.873701313713475542e+02
1.791583166332665496e+04 1.387572862798833517e+00 -4.876276738826297219e+02
1.795591182364729320e+04 1.387146878289263752e+00 -4.878849698573669116e+02
1.799599198396793508e+04 1.386721102638958536e+00 -4.881420199952972325e+02
1.803607214428857696e+04 1.386295534641551752e+00 -4.883988251528358546e+02
1.807615230460921885e+04 1.385870172976972459e+00 -4.886553862610970214e+02
1.811623246492986073e+04 1.385445016379815319e+00 -4.889117042251895668e+02
1.815631262525050261e+04 1.385020063817514302e+00 -4.891677798168484514e+02
1.819639278557114449e+04 1.384595314655745701e+00 -4.894236135739748761e+02
1.823647294589178273e+04 1.384170768788967720e+00 -4.896792057204575030e+02
1.827655310621242461e+04 1.383746426717400224e+00 -4.899345561176844512e+02
1.831663326653306649e+04 1.383322289557812113e+00 -4.901896642555806807e+02
1.835671342685370837e+04 1.382898358983552622e+00 -4.904445292862045562e+02
1.839679358717435025e+04 1.382474637098292325e+00 -4.906991500975043436e+02
1.843687374749499213e+04 1.382051126256831575e+00 -4.909535254194829008e+02
1.847695390781563037e+04 1.381627828853777107e+00 -4.912076539504728316e+02
1.851703406813627225e+04 1.381204747105764019e+00 -4.914615344882072918e+02
1.855711422845691413e+04 1.380781882854423603e+00 -4.917151660493442478e+02
1.859719438877755601e+04 1.380359237415003326e+00 -4.919685479623547621e+02
1.863727454909819789e+04 1.379936811489667070e+00 -4.922216799221154133e+02
1.867735470941883978e+04 1.379514605155589102e+00 -4.924745619997937638e+02
1.871743486973948166e+04 1.379092617927563325e+00 -4.927271946078453198e+02
1.875751503006011990e+04 1.378670848883992717e+00 -4.929795784264265990e+02
1.879759519038076178e+04 1.378249296835107662e+00 -4.932317143036254379e+02
1.883767535070140366e+04 1.377827960506717631e+00 -4.934836031453090754e+02
1.887775551102204554e+04 1.377406838711878523e+00 -4.937352458111362807e+02
1.891783567134268378e+04 1.376985930477861997e+00 -4.939866430363866243e+02
1.895791583166332566e+04 1.376565235106032459e+00 -4.942377953932874561e+02
1.899799599198396754e+04 1.376144752182282271e+00 -4.944887032817217118e+02
1.903807615230460942e+04 1.375724481507641928e+00 -4.947393669680384960e+02
1.907815631262525130e+04 1.375304422879921384e+00 -4.949897867135214256e+02
1.911823647294588955e+04 1.374884576036593975e+00 -4.952399628075312421e+02
1.915831663326653143e+04 1.374464940780213196e+00 -4.954898954938837505e+02
1.919839679358717331e+04 1.374045515978090881e+00 -4.957395855695854721e+02
1.923847695390781519e+04 1.373626299472989754e+00 -4.959890344381828413e+02
1.927855711422845707e+04 1.373207292396013468e+00 -4.962382415468058525e+02
1.931863727454909895e+04 1.372788493322554704e+00 -4.964872078769295172e+02
1.935871743486973719e+04 1.372369886680824047e+00 -4.967359428204181313e+02
1.939879759519037907e+04 1.371951487905071820e+00 -4.969844373243077484e+02
1.943887775551102095e+04 1.371533335573975831e+00 -4.972326686682378636e+02
1.947895791583166283e+04 1.371115291410795134e+00 -4.974807191452319444e+02
1.951903807615230471e+04 1.370697358891208806e+00 -4.977285866232228955e+02
1.955911823647294659e+04 1.370280176725276355e+00 -4.979758926013820428e+02
1.959919839679358847e+04 1.369862847006719120e+00 -4.982231702061139345e+02
1.963927855711422671e+04 1.369443623057632786e+00 -4.984714529172782704e+02
1.967935871743486859e+04 1.369029073383776884e+00 -4.987168505901308322e+02
1.971943887775551048e+04 1.368618420604194252e+00 -4.989598298961124101e+02
1.975951903807615236e+04 1.368181456718409628e+00 -4.992182541509439488e+02
1.979959919839679424e+04 1.367764444907663801e+00 -4.994647574852510274e+02
1.983967935871743612e+04 1.367433737210678846e+00 -4.996601624633987058e+02
1.987975951903807436e+04 1.366844611879504345e+00 -5.000080664504213246e+02
1.991983967935871624e+04 1.366331757036028272e+00 -5.003108061062707179e+02
1.995991983967935812e+04 1.366331757036028272e+00 -5.003108061062707179e+02
2.000000000000000000e+04 1.366331757036028272e+00 -5.003108061062707179e+02
