# 666.9010195422185
0.000000000000000000e+00 1.320993645966144436e+00 2.605031266551267599e-01
2.004008016032063892e+02 1.326691157689849465e+00 2.046876906379375249e+00
4.008016032064127785e+02 1.326691157689849465e+00 -2.046876906379375249e+00
6.012024048096192246e+02 1.320993645966144436e+00 -2.605031266551267599e-01
8.016032064128255570e+02 1.320988183691974349e+00 -4.382284801513677941e+00
1.002004008016032003e+03 1.315299668876099171e+00 -2.624563185273497190e+00
1.202404809619238449e+03 1.315329110836438886e+00 -6.685221970319591200e+00
1.402805611222444895e+03 1.309791565640925137e+00 -5.003055537381091433e+00
1.603206412825651114e+03 1.309847500755967120e+00 -9.057650450770491801e+00
1.803607214428857787e+03 1.304404027148474920e+00 -7.453020494947007357e+00
2.004008016032064006e+03 1.304453875966071541e+00 -1.136805275773025947e+01
2.204408817635270680e+03 1.299082347312536800e+00 -9.816384641398199662e+00
2.404809619238476898e+03 1.298947766780715440e+00 -1.358870177922884714e+01
2.605210420841683117e+03 1.293518959049064998e+00 -1.207886282602966688e+01
2.805611222444889790e+03 1.293202377140484138e+00 -1.565363342507540700e+01
3.006012024048096009e+03 1.287823676591663302e+00 -1.413937465239057367e+01
3.206412825651302228e+03 1.287319821622861848e+00 -1.747671273590232843e+01
3.406813627254508901e+03 1.282002370606118768e+00 -1.596850667475411001e+01
3.607214428857715575e+03 1.281330383412797147e+00 -1.907933656890740792e+01
3.807615230460922248e+03 1.276118977839407753e+00 -1.762848233339781956e+01
4.008016032064128012e+03 1.275272025339117654e+00 -2.062220363301524628e+01
4.208416833667334686e+03 1.270174318499808885e+00 -1.939736652196192068e+01
4.408817635270541359e+03 1.269165450061574552e+00 -2.243389488292371325e+01
4.609218436873747123e+03 1.264273951989189682e+00 -2.155050039156513009e+01
4.809619238476953797e+03 1.263202603370204180e+00 -2.460453217383753710e+01
5.010020040080160470e+03 1.258590757454157494e+00 -2.401384363676814360e+01
5.210420841683366234e+03 1.257471466445655883e+00 -2.700625188771466867e+01
5.410821643286572908e+03 1.253118186219012609e+00 -2.661863979175834771e+01
5.611222444889779581e+03 1.251982318271529504e+00 -2.937543551846341927e+01
5.811623246492986254e+03 1.247918133482483372e+00 -2.900876957931137667e+01
6.012024048096192018e+03 1.246769148532718585e+00 -3.146572891043474840e+01
6.212424849699398692e+03 1.242889068661837015e+00 -3.111421951129663199e+01
6.412825651302604456e+03 1.241665262935858660e+00 -3.335564664971996507e+01
6.613226452905811129e+03 1.237978779996819600e+00 -3.303336049620649106e+01
6.813627254509017803e+03 1.236677581970823558e+00 -3.510210047025584146e+01
7.014028056112224476e+03 1.233067443014728370e+00 -3.488476119894638572e+01
7.214428857715431150e+03 1.231583960751944762e+00 -3.689942647828881661e+01
7.414829659318637823e+03 1.228024838131176910e+00 -3.684467234684983339e+01
7.615230460921844497e+03 1.226395213469204215e+00 -3.880661293036799009e+01
7.815631262525049351e+03 1.222896270520345663e+00 -3.892390790739152351e+01
8.016032064128256025e+03 1.221091966400991602e+00 -4.088066126910029396e+01
8.216432865731463608e+03 1.217607456390144893e+00 -4.120601224036886379e+01
8.416833667334669371e+03 1.215642982364824265e+00 -4.310825143970628659e+01
8.617234468937875135e+03 1.212270849594406341e+00 -4.355766400652736792e+01
8.817635270541082718e+03 1.210225672123178775e+00 -4.534409292986266138e+01
9.018036072144288482e+03 1.207004064302820368e+00 -4.590512984906457206e+01
9.218436873747494246e+03 1.204931353935206007e+00 -4.762815298767070971e+01
9.418837675350701829e+03 1.201891909887220278e+00 -4.830052558535000173e+01
9.619238476953907593e+03 1.199838468036611427e+00 -4.994704912175711087e+01
9.819639278557115176e+03 1.196938106602264185e+00 -5.068986688195185764e+01
1.002004008016032094e+04 1.194847744231068543e+00 -5.223456875266672483e+01
1.022044088176352670e+04 1.192013507333157474e+00 -5.300302936573721269e+01
1.042084168336673247e+04 1.189853072462390138e+00 -5.443724094648804623e+01
1.062124248496994005e+04 1.187046966999230735e+00 -5.521268492077244616e+01
1.082164328657314582e+04 1.184790955215315078e+00 -5.652652490822519837e+01
1.102204408817635340e+04 1.181950413228438190e+00 -5.724670186090308732e+01
1.122244488977955916e+04 1.179514544719444613e+00 -5.836314230487791122e+01
1.142284569138276674e+04 1.176517105951294884e+00 -5.897194826525679900e+01
1.162324649298597251e+04 1.173841240921285500e+00 -5.991364110230941264e+01
1.182364729458917827e+04 1.170762542808609030e+00 -6.043065204442050486e+01
1.202404809619238404e+04 1.168026471110620301e+00 -6.122338003473613810e+01
1.222444889779559162e+04 1.165008803866159903e+00 -6.170181414307820944e+01
1.242484969939879738e+04 1.162238854030308799e+00 -6.248227824304332501e+01
1.262525050100200315e+04 1.159224656480311255e+00 -6.305777190704703372e+01
1.282565130260520891e+04 1.156478626902589513e+00 -6.388992952540274217e+01
1.302605210420841649e+04 1.153646147841509650e+00 -6.454267512000728857e+01
1.322645290581162226e+04 1.151070114375355224e+00 -6.544299467941392834e+01
1.342685370741482984e+04 1.148372367876198563e+00 -6.627821510138525696e+01
1.362725450901803561e+04 1.145830768616621809e+00 -6.736121598950670375e+01
1.382765531062124319e+04 1.143211330275549331e+00 -6.834254643049027322e+01
1.402805611222444895e+04 1.140778438026051722e+00 -6.942527366826733726e+01
1.422845691382765654e+04 1.138283821333324619e+00 -7.039805722605470351e+01
1.442885771543086230e+04 1.135849043679830972e+00 -7.150291872397535542e+01
1.462925851703406806e+04 1.133284590165897665e+00 -7.257199378675981905e+01
1.482965931863727565e+04 1.130801117836227387e+00 -7.372352261820917363e+01
1.503006012024048141e+04 1.128330967449330480e+00 -7.477758647593385888e+01
1.523046092184368899e+04 1.125992769309509089e+00 -7.586634971215875112e+01
1.543086172344689294e+04 1.123629838247870660e+00 -7.692836738078568715e+01
1.563126252505009870e+04 1.121282435647350084e+00 -7.807259024947447301e+01
1.583166332665330629e+04 1.118879020903884136e+00 -7.918204359955494454e+01
1.603206412825651205e+04 1.116526898190086436e+00 -8.028480885141364354e+01
1.623246492985971963e+04 1.114181162108072609e+00 -8.131767137249353539e+01
1.643286573146292722e+04 1.111870158122198582e+00 -8.237677000963678609e+01
1.663326653306613298e+04 1.109516455371856614e+00 -8.345299124465070406e+01
1.683366733466933874e+04 1.107152600230881800e+00 -8.458540961006256964e+01
1.703406813627254451e+04 1.104762026167058542e+00 -8.570212403478382157e+01
1.723446893787575027e+04 1.102398885952279306e+00 -8.680388883292708613e+01
1.743486973947895967e+04 1.100045093347709946e+00 -8.785662938593283400e+01
1.763527054108216544e+04 1.097713396874540059e+00 -8.889704151245301489e+01
1.783567134268537120e+04 1.095361623693500430e+00 -8.991667966931606770e+01
1.803607214428857696e+04 1.092986016507558888e+00 -9.093018506792671474e+01
1.823647294589178273e+04 1.090566289549382617e+00 -9.190171528717110050e+01
1.843687374749498849e+04 1.088128235668090804e+00 -9.281767463908008153e+01
1.863727454909819426e+04 1.085677314362287760e+00 -9.365194155252957842e+01
1.883767535070140366e+04 1.083221507821008123e+00 -9.442100781123112085e+01
1.903807615230460942e+04 1.080729721096670870e+00 -9.513971829123781276e+01
1.923847695390781519e+04 1.078180988763035808e+00 -9.583320345467110712e+01
1.943887775551102095e+04 1.075562020969270449e+00 -9.649494847480427495e+01
1.963927855711423035e+04 1.072898994761809499e+00 -9.711510580255364289e+01
1.983967935871743612e+04 1.070224147332317743e+00 -9.768024034207246586e+01
2.004008016032064188e+04 1.067568316280110619e+00 -9.820757767213615352e+01
2.024048096192384764e+04 1.064930138937078885e+00 -9.873276415238709092e+01
2.044088176352705341e+04 1.062291662670661108e+00 -9.930723197543420611e+01
2.064128256513026281e+04 1.059634323239103004e+00 -9.996162036926334338e+01
2.084168336673346494e+04 1.056977006796591123e+00 -1.006946351549652263e+02
2.104208416833667070e+04 1.054370188803681829e+00 -1.014685068721761212e+02
2.124248496993988010e+04 1.051863184513835314e+00 -1.022481333742801439e+02
2.144288577154308587e+04 1.049448523287950907e+00 -1.030319890649611381e+02
2.164328657314629163e+04 1.047058110507574247e+00 -1.038612541952715560e+02
2.184368737474949739e+04 1.044615142330193036e+00 -1.047738615184268838e+02
2.204408817635270680e+04 1.042110176435041113e+00 -1.057579603054536790e+02
2.224448897795591256e+04 1.039611661649995744e+00 -1.067463335970189462e+02
2.244488977955911832e+04 1.037203365539039357e+00 -1.076736037731783995e+02
2.264529058116232409e+04 1.034900377343032973e+00 -1.085350159434685509e+02
2.284569138276553349e+04 1.032631215285612081e+00 -1.093962471765646853e+02
2.304609218436873925e+04 1.030302580867689555e+00 -1.103330831184209302e+02
2.324649298597194502e+04 1.027889325981417468e+00 -1.113613555526082877e+02
2.344689378757515078e+04 1.025455287036769914e+00 -1.124241361242858801e+02
2.364729458917835655e+04 1.023092177868713426e+00 -1.134465252518568263e+02
2.384769539078156231e+04 1.020838312812661686e+00 -1.143980852567913900e+02
2.404809619238476807e+04 1.018650922219589638e+00 -1.153110628329688438e+02
2.424849699398797384e+04 1.016448102601297476e+00 -1.162443415595739111e+02
2.444889779559118324e+04 1.014178836023418739e+00 -1.172339522089577883e+02
2.464929859719438900e+04 1.011856431262120326e+00 -1.182739858707091969e+02
2.484969939879759477e+04 1.009535850523512135e+00 -1.193352872519113674e+02
2.505010020040080053e+04 1.007267354681235627e+00 -1.203918476913749629e+02
2.525050100200400630e+04 1.005069845265926576e+00 -1.214310277126798070e+02
2.545090180360721206e+04 1.002934792003217224e+00 -1.224489239335870110e+02
2.565130260521041782e+04 1.000839856960039853e+00 -1.234488181487301404e+02
2.585170340681362359e+04 9.987521053873462673e-01 -1.244475878893399425e+02
2.605210420841683299e+04 9.966282056367933295e-01 -1.254760227821401486e+02
2.625250501002003875e+04 9.944299945674579533e-01 -1.265596443565115550e+02
2.645290581162324452e+04 9.921555601323557294e-01 -1.276880771758209221e+02
2.665330661322645028e+04 9.898561691497762549e-01 -1.288001114951443071e+02
2.685370741482965968e+04 9.876079806153990059e-01 -1.298073714073394171e+02
2.705410821643286545e+04 9.854475399983667616e-01 -1.306482625851398041e+02
2.725450901803607121e+04 9.833225413918105229e-01 -1.313339829689389830e+02
2.745490981963927698e+04 9.811075189490776616e-01 -1.319486295921147985e+02
2.765531062124248638e+04 9.786863118498090319e-01 -1.325956647072096075e+02
2.785571142284569214e+04 9.760421177785514324e-01 -1.333227852058894314e+02
2.805611222444889790e+04 9.732820518050383507e-01 -1.340831846175516660e+02
2.825651302605210367e+04 9.705710673946890132e-01 -1.347702707506518607e+02
2.845691382765531307e+04 9.680266341674486075e-01 -1.352996334881186158e+02
2.865731462925851883e+04 9.656542021777578810e-01 -1.356731224503519115e+02
2.885771543086172460e+04 9.633580412409646909e-01 -1.359842618717851508e+02
2.905811623246493036e+04 9.610128077104990174e-01 -1.363671956168485622e+02
2.925851703406813613e+04 9.585458459551079446e-01 -1.369126047930621723e+02
2.945891783567134553e+04 9.559724365374394628e-01 -1.376208258814585861e+02
2.965931863727455129e+04 9.533701015010328517e-01 -1.384215231368871741e+02
2.985971943887775706e+04 9.508298550196494503e-01 -1.392252091421867135e+02
3.006012024048096282e+04 9.484178667974385579e-01 -1.399698845645965548e+02
3.026052104208417222e+04 9.461545343600170632e-01 -1.406428924296380956e+02
3.046092184368737799e+04 9.440185215564842469e-01 -1.412685932452484678e+02
3.066132264529058011e+04 9.419619884489280892e-01 -1.418825689364815616e+02
3.086172344689378588e+04 9.399194286850233171e-01 -1.425209035564506621e+02
3.106212424849699164e+04 9.378281445097038649e-01 -1.432133051179149561e+02
3.126252505010019740e+04 9.356539984310435765e-01 -1.439756024571096873e+02
3.146292585170340317e+04 9.333932260597453956e-01 -1.448125582552845572e+02
3.166332665330661257e+04 9.310602721792682335e-01 -1.457184914566118721e+02
3.186372745490981833e+04 9.286932497612582216e-01 -1.466608532946230241e+02
3.206412825651302410e+04 9.263611088712591091e-01 -1.475724640070970395e+02
3.226452905811622986e+04 9.241474707765083840e-01 -1.483732194358437084e+02
3.246492985971943926e+04 9.221199890226985385e-01 -1.490030331772029797e+02
3.266533066132264503e+04 9.202825773050148372e-01 -1.494602436163416996e+02
3.286573146292585443e+04 9.185285765089878929e-01 -1.498319978750888879e+02
3.306613226452905656e+04 9.166582057036546383e-01 -1.502810106693671344e+02
3.326653306613226596e+04 9.144871424506700874e-01 -1.509582185037945976e+02
3.346693386773546808e+04 9.119747798749630041e-01 -1.519040725338288951e+02
3.366733466933867749e+04 9.092712314419590935e-01 -1.530094351003407382e+02
3.386773547094188689e+04 9.066466284694046918e-01 -1.540667582254275203e+02
3.406813627254508901e+04 9.043396194577597580e-01 -1.548887400166020427e+02
3.426853707414829842e+04 9.024344558752431800e-01 -1.554054974996322471e+02
3.446893787575150054e+04 9.008510332953942878e-01 -1.556759162425208274e+02
3.466933867735470994e+04 8.994285997030729840e-01 -1.558264050018622697e+02
3.486973947895791935e+04 8.980396414088809287e-01 -1.559676583772555887e+02
3.507014028056112147e+04 8.966546261642908133e-01 -1.561312460278751644e+02
3.527054108216433087e+04 8.953195846135352243e-01 -1.562763623390239900e+02
3.547094188376754028e+04 8.940702697943404553e-01 -1.563620684718366078e+02
3.567134268537074240e+04 8.928516092757506906e-01 -1.564155946737667193e+02
3.587174348697395180e+04 8.915096122780661325e-01 -1.565573510743191719e+02
3.607214428857715393e+04 8.898591614801523164e-01 -1.569302261366437676e+02
3.627254509018035606e+04 8.878297711171820872e-01 -1.575809090364235772e+02
3.647294589178356546e+04 8.854957367612946717e-01 -1.584500349475213739e+02
3.667334669338677486e+04 8.830727985448860728e-01 -1.593806527542047320e+02
3.687374749498997699e+04 8.807272407187544117e-01 -1.602638293974032422e+02
3.707414829659318639e+04 8.788373983363493291e-01 -1.608303056847284438e+02
3.727454909819638851e+04 8.768898557595535825e-01 -1.614439332292975280e+02
3.747494989979959792e+04 8.759793648849005798e-01 -1.612705084781433129e+02
3.767535070140280732e+04 8.736505141211627912e-01 -1.623408439131478360e+02
3.787575150300600944e+04 8.740403713519808715e-01 -1.610698473438785356e+02
3.807615230460921885e+04 8.694420731340097852e-01 -1.638138701792484540e+02
3.827655310621242097e+04 8.724590325877936703e-01 -1.606317508879411378e+02
3.847695390781563037e+04 8.620734940329676244e-01 -1.677898599720438995e+02
3.867735470941883978e+04 8.732889928396212476e-01 -1.583755550705876090e+02
3.887775551102204190e+04 8.478854731116832744e-01 -1.768344312290572589e+02
3.907815631262525130e+04 8.836180666760418134e-01 -1.486502437101198097e+02
3.927855711422846070e+04 8.155562878138195027e-01 -1.984152228008597376e+02
3.947895791583166283e+04 9.239573190320973239e-01 -1.132102239925597473e+02
3.967935871743487223e+04 7.260686744920183955e-01 -2.523063556588201948e+02
3.987975951903807436e+04 1.059951767422101510e+00 2.555240658948822841e+01
4.008016032064128376e+04 1.003110563216775275e-01 -2.373918593753828645e+02
4.028056112224449316e+04 4.615777127712276245e-02 -2.048149176276450589e+02
4.048096192384769529e+04 3.930950165248883049e-02 -1.737277042303679764e+02
4.068136272545090469e+04 3.930980742889898794e-02 -1.744305855815539417e+02
4.088176352705410682e+04 3.923147096600849981e-02 -1.740888672814471931e+02
4.108216432865731622e+04 3.923061706873439553e-02 -1.740924357180878701e+02
4.128256513026052562e+04 3.923000621152182565e-02 -1.740887060983599781e+02
4.148296593186372775e+04 3.923016120220507164e-02 -1.740889872820753226e+02
4.168336673346692987e+04 3.923023551630143435e-02 -1.740890065889232972e+02
4.188376753507013927e+04 3.923030987540929854e-02 -1.740890100815200583e+02
4.208416833667334140e+04 3.923038534243059039e-02 -1.740890214476419828e+02
4.228456913827655080e+04 3.923046023997644322e-02 -1.740890303644326593e+02
4.248496993987976020e+04 3.923053501849405045e-02 -1.740890400979920969e+02
4.268537074148296233e+04 3.923060947343467303e-02 -1.740890495046966180e+02
4.288577154308617173e+04 3.923068366402514273e-02 -1.740890589143601233e+02
4.308617234468937386e+04 3.923075757305170136e-02 -1.740890682338257704e+02
4.328657314629258326e+04 3.923083120535864748e-02 -1.740890774887836585e+02
4.348697394789579266e+04 3.923090455978331392e-02 -1.740890866726643367e+02
4.368737474949899479e+04 3.923097763678211336e-02 -1.740890957875661798e+02
4.388777555110220419e+04 3.923105043637967193e-02 -1.740891048332774460e+02
4.408817635270541359e+04 3.923112295871505201e-02 -1.740891138101984836e+02
4.428857715430861572e+04 3.923119520389706238e-02 -1.740891227185680634e+02
4.448897795591182512e+04 3.923126717204247077e-02 -1.740891315586676171e+02
4.468937875751502725e+04 3.923133886326583136e-02 -1.740891403307667531e+02
4.488977955911823665e+04 3.923141027768214245e-02 -1.740891490351374671e+02
4.509018036072144605e+04 3.923148141540628436e-02 -1.740891576720512148e+02
4.529058116232464818e+04 3.923155227655318600e-02 -1.740891662417796795e+02
4.549098196392785758e+04 3.923162286123769299e-02 -1.740891747445943452e+02
4.569138276553106698e+04 3.923169316957462321e-02 -1.740891831807663266e+02
4.589178356713426911e+04 3.923176320167891945e-02 -1.740891915505673069e+02
4.609218436873747851e+04 3.923183295766547590e-02 -1.740891998542690544e+02
4.629258517034068063e+04 3.923190243764913127e-02 -1.740892080921427691e+02
4.649298597194389004e+04 3.923197164174466872e-02 -1.740892162644595089e+02
4.669338677354709944e+04 3.923204057006688533e-02 -1.740892243714902463e+02
4.689378757515030156e+04 3.923210922273058510e-02 -1.740892324135059823e+02
4.709418837675351097e+04 3.923217759985050956e-02 -1.740892403907775474e+02
4.729458917835671309e+04 3.923224570154140722e-02 -1.740892483035756868e+02
4.749498997995991522e+04 3.923231352791802656e-02 -1.740892561521712594e+02
4.769539078156312462e+04 3.923238107909516464e-02 -1.740892639368354082e+02
4.789579158316633402e+04 3.923244835518761159e-02 -1.740892716578390775e+02
4.809619238476953615e+04 3.923251535631006037e-02 -1.740892793154527851e+02
4.829659318637274555e+04 3.923258208257713459e-02 -1.740892869099469351e+02
4.849699398797594768e+04 3.923264853410343006e-02 -1.740892944415915906e+02
4.869739478957915708e+04 3.923271471100350793e-02 -1.740893019106567579e+02
4.889779559118236648e+04 3.923278061339182526e-02 -1.740893093174121589e+02
4.909819639278556861e+04 3.923284624138285298e-02 -1.740893166621274020e+02
4.929859719438877801e+04 3.923291159509111059e-02 -1.740893239450723229e+02
4.949899799599198013e+04 3.923297667463109678e-02 -1.740893311665168710e+02
4.969939879759518954e+04 3.923304148011726167e-02 -1.740893383267307399e+02
4.989979959919839894e+04 3.923310601166388190e-02 -1.740893454259827422e+02
5.010020040080160106e+04 3.923317026938522717e-02 -1.740893524645415766e+02
5.030060120240480319e+04 3.923323425339560189e-02 -1.740893594426762832e+02
5.050100200400801259e+04 3.923329796380934514e-02 -1.740893663606559585e+02
5.070140280561121472e+04 3.923336140074069195e-02 -1.740893732187495004e+02
5.090180360721442412e+04 3.923342456430388425e-02 -1.740893800172252384e+02
5.110220440881763352e+04 3.923348745461312931e-02 -1.740893867563519279e+02
5.130260521042083565e+04 3.923355007178257886e-02 -1.740893934363977280e+02
5.150300601202404505e+04 3.923361241592637078e-02 -1.740894000576309679e+02
5.170340681362724717e+04 3.923367448715860822e-02 -1.740894066203197212e+02
5.190380761523045658e+04 3.923373628559332499e-02 -1.740894131247319194e+02
5.210420841683366598e+04 3.923379781134436750e-02 -1.740894195711348118e+02
5.230460921843686810e+04 3.923385906452548505e-02 -1.740894259597951361e+02
5.250501002004007751e+04 3.923392004525026039e-02 -1.740894322909790048e+02
5.270541082164328691e+04 3.923398075363219994e-02 -1.740894385649524168e+02
5.290581162324648903e+04 3.923404118978464361e-02 -1.740894447819806317e+02
5.310621242484969844e+04 3.923410135382077862e-02 -1.740894509423283978e+02
5.330661322645290056e+04 3.923416124585370202e-02 -1.740894570462600655e+02
5.350701402805610996e+04 3.923422086599632347e-02 -1.740894630940394165e+02
5.370741482965931937e+04 3.923428021436140001e-02 -1.740894690859294656e+02
5.390781563126252149e+04 3.923433929106161233e-02 -1.740894750221929712e+02
5.410821643286573089e+04 3.923439809620964114e-02 -1.740894809030927206e+02
5.430861723446893302e+04 3.923445662991813243e-02 -1.740894867288913304e+02
5.450901803607214242e+04 3.923451489229966282e-02 -1.740894924998513034e+02
5.470941883767535182e+04 3.923457288346687138e-02 -1.740894982162351141e+02
5.490981963927855395e+04 3.923463060353230003e-02 -1.740895038783050097e+02
5.511022044088176335e+04 3.923468805260839354e-02 -1.740895094863227541e+02
5.531062124248497275e+04 3.923474523080750648e-02 -1.740895150405497986e+02
5.551102204408817488e+04 3.923480213824195179e-02 -1.740895205412474809e+02
5.571142284569138428e+04 3.923485877502401464e-02 -1.740895259886767974e+02
5.591182364729458641e+04 3.923491514126588309e-02 -1.740895313830984037e+02
5.611222444889779581e+04 3.923497123707969658e-02 -1.740895367247731826e+02
5.631262525050100521e+04 3.923502706257761541e-02 -1.740895420139614771e+02
5.651302605210420734e+04 3.923508261787181373e-02 -1.740895472509239710e+02
5.671342685370741674e+04 3.923513790307443100e-02 -1.740895524359212914e+02
5.691382765531062614e+04 3.923519291829756506e-02 -1.740895575692134116e+02
5.711422845691382827e+04 3.923524766365339006e-02 -1.740895626510607883e+02
5.731462925851703767e+04 3.923530213925414956e-02 -1.740895676817240485e+02
5.751503006012023980e+04 3.923535634521207321e-02 -1.740895726614637624e+02
5.771543086172344920e+04 3.923541028163943928e-02 -1.740895775905406992e+02
5.791583166332665860e+04 3.923546394864849823e-02 -1.740895824692154576e+02
5.811623246492986073e+04 3.923551734635142424e-02 -1.740895872977483236e+02
5.831663326653307013e+04 3.923557047486037758e-02 -1.740895920763993843e+02
5.851703406813627225e+04 3.923562333428756016e-02 -1.740895968054290961e+02
5.871743486973948166e+04 3.923567592474508370e-02 -1.740896014850975746e+02
5.891783567134269106e+04 3.923572824634496969e-02 -1.740896061156641679e+02
5.911823647294589318e+04 3.923578029919919802e-02 -1.740896106973882240e+02
5.931863727454910259e+04 3.923583208341979711e-02 -1.740896152305290911e+02
5.951903807615231199e+04 3.923588359911886481e-02 -1.740896197153465721e+02
5.971943887775551411e+04 3.923593484640852669e-02 -1.740896241521004413e+02
5.991983967935872352e+04 3.923598582540093610e-02 -1.740896285410506152e+02
6.012024048096192564e+04 3.923603653620834353e-02 -1.740896328824571810e+02
6.032064128256513504e+04 3.923608697894297170e-02 -1.740896371765803678e+02
6.052104208416834445e+04 3.923613715371715438e-02 -1.740896414236801775e+02
6.072144288577154657e+04 3.923618706064324613e-02 -1.740896456240173507e+02
6.092184368737475597e+04 3.923623669983356682e-02 -1.740896497778520029e+02
6.112224448897795082e+04 3.923628607140052654e-02 -1.740896538854444202e+02
6.132264529058116022e+04 3.923633517545654925e-02 -1.740896579470550591e+02
6.152304609218436235e+04 3.923638401211406584e-02 -1.740896619629444899e+02
6.172344689378757175e+04 3.923643258148555579e-02 -1.740896659333733112e+02
6.192384769539077388e+04 3.923648088368353326e-02 -1.740896698586022922e+02
6.212424849699398328e+04 3.923652891882055405e-02 -1.740896737388922020e+02
6.232464929859719268e+04 3.923657668700909762e-02 -1.740896775745036678e+02
6.252505010020039481e+04 3.923662418836165039e-02 -1.740896813656970323e+02
6.272545090180360421e+04 3.923667142299056693e-02 -1.740896851127324396e+02
6.292585170340680634e+04 3.923671839100816711e-02 -1.740896888158694651e+02
6.312625250501001574e+04 3.923676509252675693e-02 -1.740896924753679968e+02
6.332665330661322514e+04 3.923681152765862157e-02 -1.740896960914876672e+02
6.352705410821642727e+04 3.923685769651594213e-02 -1.740896996644876538e+02
6.372745490981963667e+04 3.923690359921089277e-02 -1.740897031946271341e+02
6.392785571142284607e+04 3.923694923585555050e-02 -1.740897066821651151e+02
6.412825651302604820e+04 3.923699460656186744e-02 -1.740897101273599503e+02
6.432865731462925760e+04 3.923703971144168468e-02 -1.740897135304695666e+02
6.452905811623245972e+04 3.923708455060676004e-02 -1.740897168917515785e+02
6.472945891783566913e+04 3.923712912416870563e-02 -1.740897202114630886e+02
6.492985971943887853e+04 3.923717343223899479e-02 -1.740897234898604609e+02
6.513026052104208065e+04 3.923721747492904532e-02 -1.740897267272000306e+02
6.533066132264529006e+04 3.923726125235014323e-02 -1.740897299237375933e+02
6.553106212424849946e+04 3.923730476461347039e-02 -1.740897330797286031e+02
6.573146292585170886e+04 3.923734801183006993e-02 -1.740897361954280314e+02
6.593186372745491099e+04 3.923739099411087394e-02 -1.740897392710903091e+02
6.613226452905811311e+04 3.923743371156672433e-02 -1.740897423069696117e+02
6.633266533066131524e+04 3.923747616430835194e-02 -1.740897453033196598e+02
6.653306613226453192e+04 3.923751835244634889e-02 -1.740897482603937476e+02
6.673346693386773404e+04 3.923756027609119623e-02 -1.740897511784446010e+02
6.693386773547093617e+04 3.923760193535323626e-02 -1.740897540577244342e+02
6.713426853707415285e+04 3.923764333034271412e-02 -1.740897568984853194e+02
6.733466933867735497e+04 3.923768446116979169e-02 -1.740897597009788171e+02
6.753507014028055710e+04 3.923772532794450596e-02 -1.740897624654561469e+02
6.773547094188377378e+04 3.923776593077678981e-02 -1.740897651921678744e+02
6.793587174348697590e+04 3.923780626977647207e-02 -1.740897678813645086e+02
6.813627254509017803e+04 3.923784634505331909e-02 -1.740897705332959333e+02
6.833667334669339471e+04 3.923788615671700702e-02 -1.740897731482120889e+02
6.853707414829659683e+04 3.923792570487708714e-02 -1.740897757263622054e+02
6.873747494989979896e+04 3.923796498964299967e-02 -1.740897782679952570e+02
6.893787575150300108e+04 3.923800401112406688e-02 -1.740897807733595357e+02
6.913827655310621776e+04 3.923804276942963881e-02 -1.740897832427035610e+02
6.933867735470941989e+04 3.923808126466900997e-02 -1.740897856762755680e+02
6.953907815631262201e+04 3.923811949695137080e-02 -1.740897880743236499e+02
6.973947895791583869e+04 3.923815746638585622e-02 -1.740897904370953029e+02
6.993987975951904082e+04 3.923819517308155258e-02 -1.740897927648382222e+02
7.014028056112224294e+04 3.923823261714747684e-02 -1.740897950577996198e+02
7.034068136272545962e+04 3.923826979869250720e-02 -1.740897973162259973e+02
7.054108216432866175e+04 3.923830671782554264e-02 -1.740897995403640834e+02
7.074148296593186387e+04 3.923834337465539890e-02 -1.740898017304604650e+02
7.094188376753508055e+04 3.923837976929093335e-02 -1.740898038867615583e+02
7.114228456913828268e+04 3.923841590184094785e-02 -1.740898060095136373e+02
7.134268537074148480e+04 3.923845177241424426e-02 -1.740898080989632035e+02
7.154308617234470148e+04 3.923848738111963136e-02 -1.740898101553564459e+02
7.174348697394790361e+04 3.923852272806579305e-02 -1.740898121789393826e+02
7.194388777555110573e+04 3.923855781336132303e-02 -1.740898141699573216e+02
7.214428857715430786e+04 3.923859263711486356e-02 -1.740898161286557979e+02
7.234468937875750999e+04 3.923862719943504995e-02 -1.740898180552804604e+02
7.254509018036071211e+04 3.923866150043053141e-02 -1.740898199500769294e+02
7.274549098196392879e+04 3.923869554020992245e-02 -1.740898218132907687e+02
7.294589178356713091e+04 3.923872931888183757e-02 -1.740898236451674279e+02
7.314629258517033304e+04 3.923876283655487046e-02 -1.740898254459521866e+02
7.334669338677354972e+04 3.923879609333754542e-02 -1.740898272158900397e+02
7.354709418837675184e+04 3.923882908933842839e-02 -1.740898289552261815e+02
7.374749498997995397e+04 3.923886182466605754e-02 -1.740898306642056639e+02
7.394789579158315610e+04 3.923889429942897800e-02 -1.740898323430734820e+02
7.414829659318637277e+04 3.923892651373573487e-02 -1.740898339920746309e+02
7.434869739478957490e+04 3.923895846769479695e-02 -1.740898356114540206e+02
7.454909819639277703e+04 3.923899016141461221e-02 -1.740898372014561915e+02
7.474949899799599370e+04 3.923902159500366332e-02 -1.740898387623257122e+02
7.494989979959919583e+04 3.923905276857041213e-02 -1.740898402943072938e+02
7.515030060120239796e+04 3.923908368222323723e-02 -1.740898417976452492e+02
7.535070140280561463e+04 3.923911433607055188e-02 -1.740898432725838916e+02
7.555110220440881676e+04 3.923914473022078325e-02 -1.740898447193677043e+02
7.575150300601201889e+04 3.923917486478230299e-02 -1.740898461382409153e+02
7.595190380761523556e+04 3.923920473986346191e-02 -1.740898475294476100e+02
7.615230460921843769e+04 3.923923435557259004e-02 -1.740898488932317605e+02
7.635270541082163982e+04 3.923926371201798269e-02 -1.740898502298371398e+02
7.655310621242484194e+04 3.923929280930792129e-02 -1.740898515395074639e+02
7.675350701402805862e+04 3.923932164755063873e-02 -1.740898528224862787e+02
7.695390781563126075e+04 3.923935022685434704e-02 -1.740898540790171012e+02
7.715430861723446287e+04 3.923937854732719582e-02 -1.740898553093431076e+02
7.735470941883767955e+04 3.923940660907732775e-02 -1.740898565137075025e+02
7.755511022044088168e+04 3.923943441221287159e-02 -1.740898576923533199e+02
7.775551102204408380e+04 3.923946195684186594e-02 -1.740898588455233380e+02
7.795591182364730048e+04 3.923948924307228692e-02 -1.740898599734599657e+02
7.815631262525050261e+04 3.923951627101206208e-02 -1.740898610764054126e+02
7.835671342685370473e+04 3.923954304076912591e-02 -1.740898621546019172e+02
7.855711422845692141e+04 3.923956955245146844e-02 -1.740898632082919448e+02
7.875751503006012354e+04 3.923959580616700332e-02 -1.740898642377178476e+02
7.895791583166332566e+04 3.923962180202345690e-02 -1.740898652431212383e+02
7.915831663326652779e+04 3.923964754012852774e-02 -1.740898662247431332e+02
7.935871743486974447e+04 3.923967302058983808e-02 -1.740898671828246620e+02
7.955911823647294659e+04 3.923969824351503793e-02 -1.740898681176068408e+02
7.975951903807614872e+04 3.923972320901168709e-02 -1.740898690293304583e+02
7.995991983967936540e+04 3.923974791718733840e-02 -1.740898699182363316e+02
8.016032064128256752e+04 3.923977236814941288e-02 -1.740898707845645106e+02
8.036072144288576965e+04 3.923979656200528299e-02 -1.740898716285551302e+02
8.056112224448898633e+04 3.923982049886230034e-02 -1.740898724504480128e+02
8.076152304609218845e+04 3.923984417882775411e-02 -1.740898732504829525e+02
8.096192384769539058e+04 3.923986760200886409e-02 -1.740898740288994020e+02
8.116232464929860726e+04 3.923989076851278068e-02 -1.740898747859363027e+02
8.136272545090180938e+04 3.923991367844661265e-02 -1.740898755218327949e+02
8.156312625250501151e+04 3.923993633191746183e-02 -1.740898762368277062e+02
8.176352705410821363e+04 3.923995872903227045e-02 -1.740898769311595800e+02
8.196392785571143031e+04 3.923998086989794604e-02 -1.740898776050662775e+02
8.216432865731463244e+04 3.924000275462134757e-02 -1.740898782587859444e+02
8.236472945891783456e+04 3.924002438330932707e-02 -1.740898788925563281e+02
8.256513026052105124e+04 3.924004575606863249e-02 -1.740898795066152047e+02
8.276553106212425337e+04 3.924006687300592849e-02 -1.740898801011996113e+02
8.296593186372745549e+04 3.924008773422789365e-02 -1.740898806765467839e+02
8.316633266533067217e+04 3.924010833984113711e-02 -1.740898812328937311e+02
8.336673346693385975e+04 3.924012868995225417e-02 -1.740898817704773478e+02
8.356713426853706187e+04 3.924014878466772910e-02 -1.740898822895343301e+02
8.376753507014027855e+04 3.924016862409402534e-02 -1.740898827903008907e+02
8.396793587174348067e+04 3.924018820833759941e-02 -1.740898832730132710e+02
8.416833667334668280e+04 3.924020753750478985e-02 -1.740898837379075133e+02
8.436873747494989948e+04 3.924022661170188664e-02 -1.740898841852191197e+02
8.456913827655310160e+04 3.924024543103520057e-02 -1.740898846151839621e+02
8.476953907815630373e+04 3.924026399561101469e-02 -1.740898850280377701e+02
8.496993987975952041e+04 3.924028230553550795e-02 -1.740898854240157050e+02
8.517034068136272253e+04 3.924030036091481072e-02 -1.740898858033527290e+02
8.537074148296592466e+04 3.924031816185508115e-02 -1.740898861662838897e+02
8.557114228456914134e+04 3.924033570846244962e-02 -1.740898865130442630e+02
8.577154308617234346e+04 3.924035300084297712e-02 -1.740898868438685838e+02
8.597194388777554559e+04 3.924037003910266913e-02 -1.740898871589914449e+02
8.617234468937874772e+04 3.924038682334746175e-02 -1.740898874586468992e+02
8.637274549098196439e+04 3.924040335368326332e-02 -1.740898877430689993e+02
8.657314629258516652e+04 3.924041963021602381e-02 -1.740898880124920254e+02
8.677354709418836865e+04 3.924043565305165848e-02 -1.740898882671500871e+02
8.697394789579158532e+04 3.924045142229611038e-02 -1.740898885072776352e+02
8.717434869739478745e+04 3.924046693805528785e-02 -1.740898887331088929e+02
8.737474949899798958e+04 3.924048220043516860e-02 -1.740898889448783962e+02
8.757515030060120625e+04 3.924049720954176507e-02 -1.740898891428210788e+02
8.777555110220440838e+04 3.924051196548097864e-02 -1.740898893271711358e+02
8.797595190380761051e+04 3.924052646835850255e-02 -1.740898894981618810e+02
8.817635270541082718e+04 3.924054071827989820e-02 -1.740898896560258322e+02
8.837675350701402931e+04 3.924055471535060902e-02 -1.740898898009950244e+02
8.857715430861723144e+04 3.924056845967611312e-02 -1.740898899333013219e+02
8.877755511022043356e+04 3.924058195136201355e-02 -1.740898900531772426e+02
8.897795591182365024e+04 3.924059519051401740e-02 -1.740898901608555889e+02
8.917835671342685237e+04 3.924060817723784567e-02 -1.740898902565691628e+02
8.937875751503005449e+04 3.924062091163916383e-02 -1.740898903405502551e+02
8.957915831663327117e+04 3.924063339382376919e-02 -1.740898904130306164e+02
8.977955911823647330e+04 3.924064562389781297e-02 -1.740898904742416562e+02
8.997995991983967542e+04 3.924065760196841085e-02 -1.740898905244140735e+02
9.018036072144289210e+04 3.924066932814425368e-02 -1.740898905637753273e+02
9.038076152304609423e+04 3.924068080253405311e-02 -1.740898905925341467e+02
9.058116232464929635e+04 3.924069202523165767e-02 -1.740898906108468793e+02
9.078156312625251303e+04 3.924070299625254804e-02 -1.740898906189811157e+02
9.098196392785571516e+04 3.924071371546825754e-02 -1.740898906192412312e+02
9.118236472945891728e+04 3.924072418373282523e-02 -1.740898906052757695e+02
9.138276553106213396e+04 3.924073440088687165e-02 -1.740898905864092114e+02
9.158316633266533609e+04 3.924074436659449883e-02 -1.740898905557315288e+02
9.178356713426853821e+04 3.924075408135559162e-02 -1.740898905172566344e+02
9.198396793587174034e+04 3.924076354508738984e-02 -1.740898904695310705e+02
9.218436873747495702e+04 3.924077275798425191e-02 -1.740898904134731424e+02
9.238476953907815914e+04 3.924078172011612881e-02 -1.740898903490501368e+02
9.258517034068136127e+04 3.924079043160107194e-02 -1.740898902765843275e+02
9.278557114228457795e+04 3.924079889253888342e-02 -1.740898901962710568e+02
9.298597194388778007e+04 3.924080710303565200e-02 -1.740898901083492660e+02
9.318637274549098220e+04 3.924081506319519047e-02 -1.740898900130430036e+02
9.338677354709419888e+04 3.924082277312190836e-02 -1.740898899105810642e+02
9.358717434869740100e+04 3.924083023291986133e-02 -1.740898898011901679e+02
9.378757515030060313e+04 3.924083744269302176e-02 -1.740898896850971198e+02
9.398797595190381981e+04 3.924084440254538286e-02 -1.740898895625288390e+02
9.418837675350702193e+04 3.924085111258076436e-02 -1.740898894337117611e+02
9.438877755511022406e+04 3.924085757290286108e-02 -1.740898892988720092e+02
9.458917835671342618e+04 3.924086378361520133e-02 -1.740898891582352235e+02
9.478957915831662831e+04 3.924086974482116769e-02 -1.740898890120265605e+02
9.498997995991983043e+04 3.924087545662397619e-02 -1.740898888604710066e+02
9.519038076152304711e+04 3.924088091912661391e-02 -1.740898887037928660e+02
9.539078156312624924e+04 3.924088613243176260e-02 -1.740898885422158173e+02
9.559118236472945136e+04 3.924089109664177094e-02 -1.740898883759624596e+02
9.579158316633266804e+04 3.924089581185864761e-02 -1.740898882052547947e+02
9.599198396793587017e+04 3.924090027818387394e-02 -1.740898880303138867e+02
9.619238476953907229e+04 3.924090449571819572e-02 -1.740898878513589239e+02
9.639278557114227442e+04 3.924090846456151221e-02 -1.740898876686071048e+02
9.659318637274549110e+04 3.924091218481252918e-02 -1.740898874822731273e+02
9.679358717434869322e+04 3.924091565656834951e-02 -1.740898872925684202e+02
9.699398797595189535e+04 3.924091887992375849e-02 -1.740898870996991548e+02
9.719438877755511203e+04 3.924092185497018298e-02 -1.740898869038644534e+02
9.739478957915831415e+04 3.924092458179399834e-02 -1.740898867052527521e+02
9.759519038076151628e+04 3.924092706047343365e-02 -1.740898865040345811e+02
9.779559118236473296e+04 3.924092929107332595e-02 -1.740898863003518215e+02
9.799599198396793508e+04 3.924093127363505185e-02 -1.740898860942959629e+02
9.819639278557113721e+04 3.924093300815686969e-02 -1.740898858858667211e+02
9.839679358717435389e+04 3.924093449455673399e-02 -1.740898856748985963e+02
9.859719438877755601e+04 3.924093573261260015e-02 -1.740898854609639557e+02
9.879759519038075814e+04 3.924093672192507931e-02 -1.740898852434214916e+02
9.899799599198396027e+04 3.924093746223296375e-02 -1.740898850225239300e+02
9.919839679358717694e+04 3.924093795559234488e-02 -1.740898848051117227e+02
9.939879759519037907e+04 3.924093821548133715e-02 -1.740898846226046146e+02
9.959919839679358120e+04 3.924093829160894137e-02 -1.740898845426781065e+02
9.979959919839679787e+04 3.924093821548133715e-02 -1.740898846226046146e+02
1.000000000000000000e+05 3.924093829160894137e-02 -1.740898845426781065e+02
