# 116.61796688497421
0.000000000000000000e+00 7.425760484346009827e-02 -1.887691257931756184e-01
2.004008016032063892e+02 7.457811019821430909e-02 4.824756034054929199e-02
4.008016032064127785e+02 7.457811019821430909e-02 -4.824756034054929199e-02
6.012024048096192246e+02 7.425760484346009827e-02 1.887691257931756184e-01
8.016032064128255570e+02 7.425900865956405750e-02 9.331914491977157111e-02
1.002004008016032003e+03 7.394002611892352972e-02 3.281238258731543622e-01
1.202404809619238449e+03 7.394146907152844561e-02 2.349063434152554863e-01
1.402805611222444895e+03 7.362540090661516545e-02 4.662486609862424580e-01
1.603206412825651114e+03 7.362549004884789972e-02 3.764809084902745462e-01
1.803607214428857787e+03 7.331365906976468338e-02 6.032309712833037185e-01
2.004008016032064006e+03 7.331108257844665133e-02 5.180921184646742894e-01
2.204408817635270680e+03 7.300474508278662067e-02 7.391027006674603106e-01
2.404809619238476898e+03 7.299826333250565569e-02 6.596765042416671276e-01
2.605210420841683117e+03 7.269858823718150509e-02 8.739244194707963542e-01
2.805611222444889790e+03 7.268707152173756181e-02 8.011860459164950043e-01
3.006012024048096009e+03 7.239509362041818274e-02 1.007785735238323932e+00
3.206412825651302228e+03 7.237758907125581287e-02 9.425956107249270355e-01
3.406813627254508901e+03 7.209419968363640907e-02 1.140751505935704735e+00
3.607214428857715575e+03 7.206988729853001929e-02 1.083810983606059430e+00
3.807615230460922248e+03 7.179581413129346168e-02 1.272905180423236970e+00
4.008016032064128012e+03 7.176400787959305583e-02 1.224752597995372616e+00
4.208416833667334686e+03 7.149977488536743420e-02 1.404356950295075901e+00
4.408817635270541359e+03 7.146004825537473348e-02 1.365349755324109182e+00
4.609218436873747123e+03 7.120603750710093049e-02 1.535175112927727792e+00
4.809619238476953797e+03 7.115809107946076406e-02 1.505506027500050470e+00
5.010020040080160470e+03 7.091444936177164482e-02 1.665463824904938495e+00
5.210420841683366234e+03 7.085819632402251544e-02 1.645136451910018671e+00
5.410821643286572908e+03 7.062492824031514627e-02 1.795278788457782770e+00
5.611222444889779581e+03 7.056047228337257449e-02 1.784183070490651390e+00
5.811623246492986254e+03 7.033739533536018107e-02 1.924729575728027386e+00
6.012024048096192018e+03 7.026490815718647309e-02 1.922559167296946647e+00
6.212424849699398692e+03 7.005169684623141491e-02 2.053888355367629703e+00
6.412825651302604456e+03 6.997120534854993357e-02 2.060196602281055611e+00
6.613226452905811129e+03 6.976780768854574932e-02 2.182708586147435348e+00
6.813627254509017803e+03 6.967968497461789201e-02 2.197053552244196517e+00
7.014028056112224476e+03 6.948563988338986308e-02 2.311359730254854306e+00
7.214428857715431150e+03 6.939056199901594280e-02 2.333067261856386576e+00
7.414829659318637823e+03 6.920514608147157465e-02 2.439866370382407723e+00
7.615230460921844497e+03 6.910382098833221798e-02 2.468239331278934579e+00
7.815631262525049351e+03 6.892631914786731540e-02 2.568245895228480791e+00
8.016032064128256025e+03 6.881947314986586184e-02 2.602574431266305055e+00
8.216432865731463608e+03 6.864911739620195574e-02 2.696510809409180975e+00
8.416833667334669371e+03 6.853748214476065859e-02 2.736054330046641780e+00
8.617234468937875135e+03 6.837352459089179879e-02 2.824639584767068001e+00
8.817635270541082718e+03 6.825782477993382058e-02 2.868720161350206688e+00
9.018036072144288482e+03 6.809956873844477676e-02 2.952651193132727947e+00
9.218436873747494246e+03 6.798048592713418214e-02 3.000606147751541997e+00
9.418837675350701829e+03 6.782722569674864976e-02 3.080521724584916132e+00
9.619238476953907593e+03 6.770539447997973859e-02 3.131707498326665284e+00
9.819639278557115176e+03 6.755649007224000246e-02 3.208212493971613455e+00
1.002004008016032094e+04 6.743251554335018272e-02 3.262073382766010443e+00
1.022044088176352670e+04 6.728740007560436720e-02 3.335726794156684161e+00
1.042084168336673247e+04 6.716181574273691335e-02 3.391752733711421719e+00
1.062124248496994005e+04 6.701995819257597353e-02 3.463031868940683822e+00
1.082164328657314582e+04 6.689322592360347208e-02 3.520763651935650884e+00
1.102204408817635340e+04 6.675417332794435221e-02 3.590091238275945784e+00
1.122244488977955916e+04 6.662670750084952187e-02 3.649153542746019774e+00
1.142284569138276674e+04 6.649008121437398333e-02 3.716901554243071004e+00
1.162324649298597251e+04 6.636223086507649083e-02 3.776972941665487582e+00
1.182364729458917827e+04 6.622769640107475930e-02 3.843442634804354441e+00
1.202404809619238404e+04 6.609973949906315649e-02 3.904242914094555150e+00
1.222444889779559162e+04 6.596701348525364772e-02 3.969675494669072879e+00
1.242484969939879738e+04 6.583917864025115585e-02 4.030978172720161901e+00
1.262525050100200315e+04 6.570803762356225430e-02 4.095578068499592383e+00
1.282565130260520891e+04 6.558051933065341121e-02 4.157212178643093559e+00
1.302605210420841649e+04 6.545079113388331538e-02 4.221150940307287769e+00
1.322645290581162226e+04 6.532374198522519770e-02 4.282983935009797349e+00
1.342685370741482984e+04 6.519528448293882006e-02 4.346389117045496242e+00
1.362725450901803561e+04 6.506881167871896021e-02 4.408310139128748695e+00
1.382765531062124319e+04 6.494150806251965113e-02 4.471273064861030377e+00
1.402805611222444895e+04 6.481569131231731951e-02 4.533197947590323906e+00
1.422845691382765654e+04 6.468945626415931183e-02 4.595791872663136601e+00
1.442885771543086230e+04 6.456435844086172438e-02 4.657663914840870056e+00
1.462925851703406806e+04 6.443913024052846938e-02 4.719946655914601052e+00
1.482965931863727565e+04 6.431479593798462846e-02 4.781725650397527616e+00
1.503006012024048141e+04 6.419052648612574852e-02 4.843738132358895498e+00
1.523046092184368899e+04 6.406698330559137955e-02 4.905393431069691168e+00
1.543086172344689294e+04 6.394363383043852322e-02 4.967162403879158639e+00
1.563126252505009870e+04 6.382089743594915321e-02 5.028671243690159720e+00
1.583166332665330629e+04 6.369843950279990841e-02 5.090216240608861575e+00
1.603206412825651205e+04 6.357652167836076729e-02 5.151566692146565707e+00
1.623246492985971963e+04 6.345493763737511395e-02 5.212905613176427977e+00
1.643286573146292722e+04 6.333384581363056542e-02 5.274092295336290981e+00
1.663326653306613298e+04 6.321311962133943640e-02 5.335235792493000062e+00
1.683366733466933874e+04 6.309285207141404617e-02 5.396251365750399209e+00
1.703406813627254451e+04 6.297296798391550932e-02 5.457203732790920192e+00
1.723446893787575027e+04 6.285352264971710845e-02 5.518045284615588741e+00
1.743486973947895967e+04 6.273447376213192594e-02 5.578815512258818998e+00
1.763527054108216544e+04 6.261585312364907618e-02 5.639488518719295129e+00
1.783567134268537120e+04 6.249763552173367986e-02 5.700086276132316776e+00
1.803607214428857696e+04 6.237983637637278117e-02 5.760592927735923574e+00
1.823647294589178273e+04 6.226243932272365611e-02 5.821018975618764024e+00
1.843687374749498849e+04 6.214545095212604953e-02 5.881354821568198332e+00
1.863727454909819426e+04 6.202886142264586733e-02 5.941605975841442344e+00
1.883767535070140366e+04 6.191267380355100491e-02 6.001767859014344175e+00
1.903807615230460942e+04 6.179688288112306777e-02 6.061844310489777676e+00
1.923847695390781519e+04 6.168149053179938779e-02 6.121834290624845742e+00
1.943887775551102095e+04 6.156649456426870060e-02 6.181741328424658732e+00
1.963927855711423035e+04 6.145189614164475733e-02 6.241566260120190890e+00
1.983967935871743612e+04 6.133769349707344359e-02 6.301311308837123093e+00
2.004008016032064188e+04 6.122388529239796567e-02 6.360976063067175446e+00
2.024048096192384764e+04 6.111046792867923239e-02 6.420559837716641738e+00
2.044088176352705341e+04 6.099743826452276585e-02 6.480060849916819521e+00
2.064128256513026281e+04 6.088479347361223926e-02 6.539478584812214557e+00
2.084168336673346494e+04 6.077253271446137611e-02 6.598813905919501899e+00
2.104208416833667070e+04 6.066065633917468863e-02 6.658069462340522549e+00
2.124248496993988010e+04 6.054916520940081121e-02 6.717248227962176799e+00
2.144288577154308587e+04 6.043805909028120149e-02 6.776352300764499681e+00
2.164328657314629163e+04 6.032733610138923258e-02 6.835381898621137431e+00
2.184368737474949739e+04 6.021699291807235122e-02 6.894335718304321681e+00
2.204408817635270680e+04 6.010702596888342630e-02 6.953212025452121914e+00
2.224448897795591256e+04 5.999743255012852938e-02 7.012009966376039571e+00
2.244488977955911832e+04 5.988821132492090638e-02 7.070730110609139807e+00
2.264529058116232409e+04 5.977936183689951805e-02 7.129374033358570451e+00
2.284569138276553349e+04 5.967088351540288799e-02 7.187943241722218879e+00
2.304609218436873925e+04 5.956277484020982421e-02 7.246438254170856297e+00
2.324649298597194502e+04 5.945503325244344550e-02 7.304858429778187556e+00
2.344689378757515078e+04 5.934765582469474221e-02 7.363202647343036311e+00
2.364729458917835655e+04 5.924064022660121415e-02 7.421470343680261372e+00
2.384769539078156231e+04 5.913398533140052510e-02 7.479662217827040216e+00
2.404809619238476807e+04 5.902769107462645104e-02 7.537780139666487855e+00
2.424849699398797384e+04 5.892175765788204567e-02 7.595826326794905548e+00
2.444889779559118324e+04 5.881618459799831111e-02 7.653802304207419027e+00
2.464929859719438900e+04 5.871097019538006750e-02 7.711708277618143370e+00
2.484969939879759477e+04 5.860611172272355007e-02 7.769543278519678964e+00
2.505010020040080053e+04 5.850160619924076044e-02 7.827305971656011607e+00
2.525050100200400630e+04 5.839745128641187638e-02 7.884995639438858284e+00
2.545090180360721206e+04 5.829364579842533783e-02 7.942612784018004746e+00
2.565130260521041782e+04 5.819018956502304551e-02 8.000159032714206475e+00
2.585170340681362359e+04 5.808708275445269992e-02 8.057636432697799833e+00
2.605210420841683299e+04 5.798432504544432514e-02 8.115046542206455271e+00
2.625250501002003875e+04 5.788191508633605542e-02 8.172389802165275441e+00
2.645290581162324452e+04 5.777985049448614713e-02 8.229665487657543466e+00
2.665330661322645028e+04 5.767812835225861329e-02 8.286872217845491662e+00
2.685370741482965968e+04 5.757674591336187087e-02 8.344008726961762434e+00
2.705410821643286545e+04 5.747570116218582437e-02 8.401074503427961915e+00
2.725450901803607121e+04 5.737499298292837030e-02 8.458070014508377810e+00
2.745490981963927698e+04 5.727462091293036156e-02 8.514996467867904428e+00
2.765531062124248638e+04 5.717458465387164485e-02 8.571855286329096657e+00
2.785571142284569214e+04 5.707488360085855028e-02 8.628647579489882702e+00
2.805611222444889790e+04 5.697551659883630382e-02 8.685373851823120717e+00
2.825651302605210367e+04 5.687648199493380158e-02 8.742034037088449949e+00
2.845691382765531307e+04 5.677777790694625570e-02 8.798627782767077576e+00
2.865731462925851883e+04 5.667940254396495320e-02 8.855154807573454079e+00
2.885771543086172460e+04 5.658135442303999230e-02 8.911615155489903017e+00
2.905811623246493036e+04 5.648363240429420812e-02 8.968009251800900472e+00
2.925851703406813613e+04 5.638623556524045843e-02 9.024337775729327049e+00
2.945891783567134553e+04 5.628916300325254723e-02 9.080601444039325898e+00
2.965931863727455129e+04 5.619241366797490811e-02 9.136800819523918094e+00
2.985971943887775706e+04 5.609598628924633568e-02 9.192936221790677820e+00
3.006012024048096282e+04 5.599987940878367598e-02 9.249007754762404332e+00
3.026052104208417222e+04 5.590409147675094031e-02 9.305015410992167446e+00
3.046092184368737799e+04 5.580862095648241039e-02 9.360959190009777942e+00
3.066132264529058011e+04 5.571346639273166979e-02 9.416839178980886516e+00
3.086172344689378588e+04 5.561862642747567725e-02 9.472655575049261145e+00
3.106212424849699164e+04 5.552409977493568544e-02 9.528408660255303531e+00
3.126252505010019740e+04 5.542988518171636236e-02 9.584098757315667072e+00
3.146292585170340317e+04 5.533598139602569771e-02 9.639726193758351158e+00
3.166332665330661257e+04 5.524238715727777804e-02 9.695291288391578277e+00
3.186372745490981833e+04 5.514910120286611872e-02 9.750794357650894639e+00
3.206412825651302410e+04 5.505612227982915885e-02 9.806235728497826543e+00
3.226452905811622986e+04 5.496344914845606444e-02 9.861615743013137703e+00
3.246492985971943926e+04 5.487108057116212717e-02 9.916934746405207335e+00
3.266533066132264503e+04 5.477901528913742268e-02 9.972193060452017477e+00
3.286573146292585443e+04 5.468725199687341637e-02 1.002739095333311248e+01
3.306613226452905656e+04 5.459578932746830121e-02 1.008252862054945176e+01
3.326653306613226596e+04 5.450462585846851254e-02 1.013760618863242868e+01
3.346693386773546808e+04 5.441376014003854178e-02 1.019262374463287202e+01
3.366733466933867749e+04 5.432319073749376781e-02 1.024758138322996004e+01
3.386773547094188689e+04 5.423291627271939475e-02 1.030247925428002986e+01
3.406813627254508901e+04 5.414293544737253105e-02 1.035731759103520488e+01
3.426853707414829842e+04 5.405324703663881569e-02 1.041209670524790987e+01
3.446893787575150054e+04 5.396384985413493068e-02 1.046681694851909228e+01
3.466933867735470994e+04 5.387474270170723722e-02 1.052147865451524211e+01
3.486973947895791935e+04 5.378592432636059018e-02 1.057608208718204601e+01
3.507014028056112147e+04 5.369739340566955649e-02 1.063062742013096518e+01
3.527054108216433087e+04 5.360914857193119915e-02 1.068511476050926312e+01
3.547094188376754028e+04 5.352118846800000412e-02 1.073954421098866163e+01
3.567134268537074240e+04 5.343351181167677738e-02 1.079391594442364877e+01
3.587174348697395180e+04 5.334611743841620457e-02 1.084823025631088811e+01
3.607214428857715393e+04 5.325900429820583371e-02 1.090248756584805001e+01
3.627254509018035606e+04 5.317217140017022753e-02 1.095668835596990398e+01
3.647294589178356546e+04 5.308561772069834983e-02 1.101083306852192933e+01
3.667334669338677486e+04 5.299934210809419122e-02 1.106492199167145429e+01
3.687374749498997699e+04 5.291334322112827698e-02 1.111895518331724908e+01
3.707414829659318639e+04 5.282761952803433081e-02 1.117293246317359134e+01
3.727454909819638851e+04 5.274216937063626320e-02 1.122685348155940055e+01
3.747494989979959792e+04 5.265699107432268017e-02 1.128071784474116157e+01
3.767535070140280732e+04 5.257208306819365073e-02 1.133452525636789332e+01
3.787575150300600944e+04 5.248744397712022669e-02 1.138827562990482711e+01
3.807615230460921885e+04 5.240307265893405508e-02 1.144196913901332557e+01
3.827655310621242097e+04 5.231896818002366306e-02 1.149560619568295827e+01
3.847695390781563037e+04 5.223512974279734961e-02 1.154918736987616867e+01
3.867735470941883978e+04 5.215155659120229714e-02 1.160271328037514849e+01
3.887775551102204190e+04 5.206824792217236431e-02 1.165618448970219667e+01
3.907815631262525130e+04 5.198520282293555422e-02 1.170960142756012523e+01
3.927855711422846070e+04 5.190242024164700568e-02 1.176296435289477849e+01
3.947895791583166283e+04 5.181989898778002063e-02 1.181627335143397595e+01
3.967935871743487223e+04 5.173763775308058699e-02 1.186952835836712339e+01
3.987975951903807436e+04 5.165563514417317176e-02 1.192272919565083633e+01
4.008016032064128376e+04 5.157388972153462148e-02 1.197587561749160479e+01
4.028056112224449316e+04 5.149240004279351246e-02 1.202896736148666257e+01
4.048096192384769529e+04 5.141116470852220843e-02 1.208200420339497683e+01
4.068136272545090469e+04 5.133018240573266472e-02 1.213498601014590861e+01
4.088176352705410682e+04 5.124945194046091890e-02 1.218791278101263842e+01
4.108216432865731622e+04 5.116897224938497801e-02 1.224078466475666538e+01
4.128256513026052562e+04 5.108874238361606201e-02 1.229360194385419369e+01
4.148296593186372775e+04 5.100876146543027734e-02 1.234636498569275709e+01
4.168336673346692987e+04 5.092902862800687686e-02 1.239907417180338101e+01
4.188376753507013927e+04 5.084954295512895961e-02 1.245172982493208202e+01
4.208416833667334140e+04 5.077030343887501546e-02 1.250433215579783663e+01
4.228456913827655080e+04 5.069130896757720328e-02 1.255688124519802251e+01
4.248496993987976020e+04 5.061255834574789059e-02 1.260937706478614651e+01
4.268537074148296233e+04 5.053405033648344230e-02 1.266181952624066831e+01
4.288577154308617173e+04 5.045578370959370729e-02 1.271420853920252192e+01
4.308617234468937386e+04 5.037775727825061223e-02 1.276654405700996620e+01
4.328657314629258326e+04 5.029996991323452266e-02 1.281882609618419799e+01
4.348697394789579266e+04 5.022242053395772204e-02 1.287105472756875990e+01
4.368737474949899479e+04 5.014510808491875332e-02 1.292323004872454284e+01
4.388777555110220419e+04 5.006803151112054762e-02 1.297535215369115669e+01
4.408817635270541359e+04 4.999118974448941294e-02 1.302742111508911904e+01
4.428857715430861572e+04 4.991458170656178778e-02 1.307943698577025593e+01
4.448897795591182512e+04 4.983820632403655748e-02 1.313139981672397916e+01
4.468937875751502725e+04 4.976206254728303413e-02 1.318330967965378875e+01
4.488977955911823665e+04 4.968614936046123615e-02 1.323516668029462551e+01
4.509018036072144605e+04 4.961046577605911917e-02 1.328697095306490716e+01
4.529058116232464818e+04 4.953501081433700493e-02 1.333872263680509995e+01
4.549098196392785758e+04 4.945978347578573048e-02 1.339042184085041143e+01
4.569138276553106698e+04 4.938478271872880770e-02 1.344206861612325632e+01
4.589178356713426911e+04 4.931000745276244851e-02 1.349366294477849060e+01
4.609218436873747851e+04 4.923545655240486874e-02 1.354520475461256268e+01
4.629258517034068063e+04 4.916112888686074295e-02 1.359669395411208193e+01
4.649298597194389004e+04 4.908702335486692103e-02 1.364813047514596001e+01
4.669338677354709944e+04 4.901313891117937971e-02 1.369951430674711368e+01
4.689378757515030156e+04 4.893947457444307314e-02 1.375084550674871053e+01
4.709418837675351097e+04 4.886602941363377139e-02 1.380212418687677633e+01
4.729458917835671309e+04 4.879280251886543990e-02 1.385335047757332738e+01
4.749498997995991522e+04 4.871979296854977298e-02 1.390452448690383846e+01
4.769539078156312462e+04 4.864699980614792946e-02 1.395564627007518510e+01
4.789579158316633402e+04 4.857442203560424776e-02 1.400671582150950023e+01
4.809619238476953615e+04 4.850205863676012447e-02 1.405773309202653998e+01
4.829659318637274555e+04 4.842990859383665414e-02 1.410869802336648071e+01
4.849699398797594768e+04 4.835797092478907183e-02 1.415961058524769989e+01
4.869739478957915708e+04 4.828624469907911998e-02 1.421047079922067979e+01
4.889779559118236648e+04 4.821472903621985828e-02 1.426127873906173527e+01
4.909819639278556861e+04 4.814342308532343351e-02 1.431203450707296199e+01
4.929859719438877801e+04 4.807232599362218362e-02 1.436273819550759612e+01
4.949899799599198013e+04 4.800143687644606999e-02 1.441338984847399729e+01
4.969939879759518954e+04 4.793075480065146776e-02 1.446398943966362793e+01
4.989979959919839894e+04 4.786027878824775095e-02 1.451453687513895829e+01
5.010020040080160106e+04 4.779000783905996280e-02 1.456503202064899050e+01
5.030060120240480319e+04 4.771994096381793060e-02 1.461547474336291508e+01
5.050100200400801259e+04 4.765007721497245552e-02 1.466586495226018094e+01
5.070140280561121472e+04 4.758041570336288273e-02 1.471620262185785677e+01
5.090180360721442412e+04 4.751095559424476505e-02 1.476648779028887049e+01
5.110220440881763352e+04 4.744169608403180083e-02 1.481672053250712295e+01
5.130260521042083565e+04 4.737263636640717118e-02 1.486690091884500653e+01
5.150300601202404505e+04 4.730377560045541385e-02 1.491702897470497469e+01
5.170340681362724717e+04 4.723511289268513685e-02 1.496710465676117074e+01
5.190380761523045658e+04 4.716664729959012259e-02 1.501712785487368329e+01
5.210420841683366598e+04 4.709837784972364938e-02 1.506709841932237204e+01
5.230460921843686810e+04 4.703030357701071945e-02 1.511701620354229902e+01
5.250501002004007751e+04 4.696242355286497916e-02 1.516688110676955858e+01
5.270541082164328691e+04 4.689473690511367088e-02 1.521669310098471506e+01
5.290581162324648903e+04 4.682724281655629983e-02 1.526645223223457570e+01
5.310621242484969844e+04 4.675994050339677549e-02 1.531615859570554861e+01
5.330661322645290056e+04 4.669282918108365321e-02 1.536581229341976140e+01
5.350701402805610996e+04 4.662590802964413500e-02 1.541541338970218433e+01
5.370741482965931937e+04 4.655917617080132520e-02 1.546496188039554731e+01
5.390781563126252149e+04 4.649263266499103348e-02 1.551445768692665261e+01
5.410821643286573089e+04 4.642627652936726773e-02 1.556390067752563411e+01
5.430861723446893302e+04 4.636010677051186774e-02 1.561329070830774413e+01
5.450901803607214242e+04 4.629412242043410425e-02 1.566262766992401367e+01
5.470941883767535182e+04 4.622832256332733841e-02 1.571191152349769915e+01
5.490981963927855395e+04 4.616270634378923099e-02 1.576114231324200965e+01
5.511022044088176335e+04 4.609727295364383221e-02 1.581032015118147882e+01
5.531062124248497275e+04 4.603202160188146763e-02 1.585944517897534034e+01
5.551102204408817488e+04 4.596695147802461884e-02 1.590851751967559480e+01
5.571142284569138428e+04 4.590206172147773267e-02 1.595753723568983418e+01
5.591182364729458641e+04 4.583735140740522601e-02 1.600650430713206163e+01
5.611222444889779581e+04 4.577281955412752790e-02 1.605541863788413792e+01
5.631262525050100521e+04 4.570846514983004788e-02 1.610428008740083428e+01
5.651302605210420734e+04 4.564428718996185741e-02 1.615308851769353993e+01
5.671342685370741674e+04 4.558028471317821656e-02 1.620184383987153609e+01
5.691382765531062614e+04 4.551645682418477279e-02 1.625054604474610898e+01
5.711422845691382827e+04 4.545280269615819407e-02 1.629919520722042847e+01
5.731462925851703767e+04 4.538932155209647601e-02 1.634779146274728490e+01
5.751503006012023980e+04 4.532601263129284325e-02 1.639633496321991402e+01
5.771543086172344920e+04 4.526287515191852046e-02 1.644482582632482703e+01
5.791583166332665860e+04 4.519990828192328725e-02 1.649326409450483055e+01
5.811623246492986073e+04 4.513711112777085699e-02 1.654164971662100925e+01
5.831663326653307013e+04 4.507448274482124539e-02 1.658998255818722001e+01
5.851703406813627225e+04 4.501202216629869579e-02 1.663826243700787444e+01
5.871743486973948166e+04 4.494972844191993250e-02 1.668648917305105783e+01
5.891783567134269106e+04 4.488760067423236411e-02 1.673466263693353184e+01
5.911823647294589318e+04 4.482563804143095687e-02 1.678278278183823957e+01
5.931863727454910259e+04 4.476383979962072351e-02 1.683084964884254120e+01
5.951903807615231199e+04 4.470220526382564369e-02 1.687886334386267251e+01
5.971943887775551411e+04 4.464073377354675631e-02 1.692682399315598474e+01
5.991983967935872352e+04 4.457942465335111570e-02 1.697473169088986467e+01
6.012024048096192564e+04 4.451827718043119275e-02 1.702258645470743659e+01
6.032064128256513504e+04 4.445729056891364883e-02 1.707038820280595459e+01
6.052104208416834445e+04 4.439646397561115843e-02 1.711813675957112579e+01
6.072144288577154657e+04 4.433579652546407873e-02 1.716583188826380280e+01
6.092184368737475597e+04 4.427528734904793289e-02 1.721347334120375550e+01
6.112224448897795082e+04 4.421493562095919760e-02 1.726106091272360032e+01
6.132264529058116022e+04 4.415474058765694182e-02 1.730859447936842699e+01
6.152304609218436235e+04 4.409470157645486998e-02 1.735607401557962959e+01
6.172344689378757175e+04 4.403481798287444543e-02 1.740349958027457333e+01
6.192384769539077388e+04 4.397508923984950330e-02 1.745087127819431672e+01
6.212424849699398328e+04 4.391551477749303101e-02 1.749818920717808624e+01
6.232464929859719268e+04 4.385609398481307014e-02 1.754545340655336005e+01
6.252505010020039481e+04 4.379682618416520790e-02 1.759266382148835461e+01
6.272545090180360421e+04 4.373771062557169076e-02 1.763982029358561832e+01
6.292585170340680634e+04 4.367874650239685075e-02 1.768692258054669963e+01
6.312625250501001574e+04 4.361993298386313000e-02 1.773397039953926679e+01
6.332665330661322514e+04 4.356126925520623083e-02 1.778096348226002021e+01
6.352705410821642727e+04 4.350275455419007342e-02 1.782790162644131016e+01
6.372745490981963667e+04 4.344438819377005601e-02 1.787478472955836395e+01
6.392785571142284607e+04 4.338616956456695095e-02 1.792161279542679253e+01
6.412825651302604820e+04 4.332809811638962949e-02 1.796838591183467315e+01
6.432865731462925760e+04 4.327017332377486314e-02 1.801510420526074086e+01
6.452905811623245972e+04 4.321239464483997428e-02 1.806176778493606960e+01
6.472945891783566913e+04 4.315476148451779376e-02 1.810837669135154826e+01
6.492985971943887853e+04 4.309727317202535768e-02 1.815493086307495929e+01
6.513026052104208065e+04 4.303992895857801371e-02 1.820143013080151562e+01
6.533066132264529006e+04 4.298272803595822034e-02 1.824787424028222560e+01
6.553106212424849946e+04 4.292566957103882697e-02 1.829426289811606665e+01
6.573146292585170886e+04 4.286875274719481599e-02 1.834059582837821978e+01
6.593186372745491099e+04 4.281197680178869952e-02 1.838687282524567479e+01
6.613226452905811311e+04 4.275534105000028395e-02 1.843309378786541330e+01
6.633266533066131524e+04 4.269884488886811769e-02 1.847925872835811489e+01
6.653306613226453192e+04 4.264248778054919448e-02 1.852536775081223297e+01
6.673346693386773404e+04 4.258626921914319269e-02 1.857142100658253625e+01
6.693386773547093617e+04 4.253018868960010274e-02 1.861741863724586565e+01
6.713426853707415285e+04 4.247424562919317748e-02 1.866336071967021937e+01
6.733466933867735497e+04 4.241843940133190050e-02 1.870924722707213306e+01
6.753507014028055710e+04 4.236276928833012517e-02 1.875507801586863721e+01
6.773547094188377378e+04 4.230723450496358395e-02 1.880085284163774517e+01
6.793587174348697590e+04 4.225183422946471312e-02 1.884657140023955080e+01
6.813627254509017803e+04 4.219656764430173429e-02 1.889223338392818619e+01
6.833667334669339471e+04 4.214143397672139718e-02 1.893783853862654709e+01
6.853707414829659683e+04 4.208643252914998079e-02 1.898338670830349884e+01
6.873747494989979896e+04 4.203156269207605072e-02 1.902887785559780198e+01
6.893787575150300108e+04 4.197682393633091896e-02 1.907431205364611060e+01
6.913827655310621776e+04 4.192221578667063020e-02 1.911968945105378026e+01
6.933867735470941989e+04 4.186773778303839316e-02 1.916501021839955499e+01
6.953907815631262201e+04 4.181338943878652736e-02 1.921027448905091006e+01
6.973947895791583869e+04 4.175917020579814065e-02 1.925548230837187091e+01
6.993987975951904082e+04 4.170507945475116635e-02 1.930063360336042422e+01
7.014028056112224294e+04 4.165111647514880416e-02 1.934572817989005244e+01
7.034068136272545962e+04 4.159728049508057413e-02 1.939076574822760080e+01
7.054108216432866175e+04 4.154357071608193175e-02 1.943574597089994072e+01
7.074148296593186387e+04 4.148998635499059895e-02 1.948066852181944952e+01
7.094188376753508055e+04 4.143652668313969195e-02 1.952553314302567955e+01
7.114228456913828268e+04 4.138319105390514396e-02 1.957033968600727647e+01
7.134268537074148480e+04 4.132997891234681254e-02 1.961508812815069902e+01
7.154308617234470148e+04 4.127688978479493453e-02 1.965977856056124651e+01
7.174348697394790361e+04 4.122392325078416686e-02 1.970441114999664833e+01
7.194388777555110573e+04 4.117107890369226669e-02 1.974898608346898499e+01
7.214428857715430786e+04 4.111835630892659438e-02 1.979350350791311186e+01
7.234468937875750999e+04 4.106575496898835081e-02 1.983796347836068108e+01
7.254509018036071211e+04 4.101327430315709899e-02 1.988236592610853748e+01
7.274549098196392879e+04 4.096091364626319037e-02 1.992671065390181084e+01
7.294589178356713091e+04 4.090867226679895108e-02 1.997099735918512664e+01
7.314629258517033304e+04 4.085654940039844946e-02 2.001522568033619365e+01
7.334669338677354972e+04 4.080454429140766004e-02 2.005939525582353156e+01
7.354709418837675184e+04 4.075265623357164635e-02 2.010350578348368344e+01
7.374749498997995397e+04 4.070088460111990353e-02 2.014755706715216377e+01
7.394789579158315610e+04 4.064922886364738530e-02 2.019154904065507949e+01
7.414829659318637277e+04 4.059768858168387451e-02 2.023548176404599630e+01
7.434869739478957490e+04 4.054626338395349999e-02 2.027935539288489153e+01
7.454909819639277703e+04 4.049495293117305605e-02 2.032317012704194070e+01
7.474949899799599370e+04 4.044375687401870201e-02 2.036692614977719273e+01
7.494989979959919583e+04 4.039267481404484189e-02 2.041062356982521564e+01
7.515030060120239796e+04 4.034170627565368539e-02 2.045426237852707274e+01
7.535070140280561463e+04 4.029085069486348925e-02 2.049784243087956881e+01
7.555110220440881676e+04 4.024010742711988525e-02 2.054136345440602085e+01
7.575150300601201889e+04 4.018947577247485720e-02 2.058482508403594835e+01
7.595190380761523556e+04 4.013895501292822493e-02 2.062822691589351010e+01
7.615230460921843769e+04 4.008854445429643060e-02 2.067156856909971197e+01
7.635270541082163982e+04 4.003824346411229140e-02 2.071484974313709415e+01
7.655310621242484194e+04 3.998805149791610086e-02 2.075807025928626004e+01
7.675350701402805862e+04 3.993796810866775265e-02 2.080123007788976608e+01
7.695390781563126075e+04 3.988799293739862806e-02 2.084432928805105689e+01
7.715430861723446287e+04 3.983812568693923667e-02 2.088736807184784539e+01
7.735470941883767955e+04 3.978836608386980556e-02 2.093034665014482343e+01
7.755511022044088168e+04 3.973871383610426411e-02 2.097326522065518972e+01
7.775551102204408380e+04 3.968916859431061150e-02 2.101612390035184674e+01
7.795591182364730048e+04 3.963972992456577665e-02 2.105892268341656148e+01
7.815631262525050261e+04 3.959039729742283575e-02 2.110166142285184421e+01
7.835671342685370473e+04 3.954117009538442307e-02 2.114433983928732275e+01
7.855711422845692141e+04 3.949204763725287781e-02 2.118695755529036262e+01
7.875751503006012354e+04 3.944302921464168388e-02 2.122951414864525432e+01
7.895791583166332566e+04 3.939411413367999160e-02 2.127200921450796045e+01
7.915831663326652779e+04 3.934530175403064961e-02 2.131444242472481676e+01
7.935871743486974447e+04 3.929659151791927568e-02 2.135681357319857909e+01
7.955911823647294659e+04 3.924798296380171969e-02 2.139912259884814105e+01
7.975951903807614872e+04 3.919947572219915910e-02 2.144136958191143094e+01
7.995991983967936540e+04 3.915106949455011282e-02 2.148355471428643781e+01
8.016032064128256752e+04 3.910276401904819871e-02 2.152567824936887675e+01
8.036072144288576965e+04 3.905455902978886840e-02 2.156774044056082218e+01
8.056112224448898633e+04 3.900645421672087332e-02 2.160974147963151282e+01
8.076152304609218845e+04 3.895844919369788328e-02 2.165168144607078560e+01
8.096192384769539058e+04 3.891054348041300681e-02 2.169356027652849761e+01
8.116232464929860726e+04 3.886273650146729319e-02 2.173537775977553110e+01
8.136272545090180938e+04 3.881502760274279512e-02 2.177713355803317441e+01
8.156312625250501151e+04 3.876741608217793011e-02 2.181882725082742880e+01
8.176352705410821363e+04 3.871990122952168739e-02 2.186045839356614806e+01
8.196392785571143031e+04 3.867248236810597040e-02 2.190202658049349083e+01
8.216432865731463244e+04 3.862515889137563968e-02 2.194353150097490612e+01
8.236472945891783456e+04 3.857793028788267242e-02 2.198497297929754879e+01
8.256513026052105124e+04 3.853079615049389423e-02 2.202635099109298267e+01
8.276553106212425337e+04 3.848375616831114371e-02 2.206766565356932830e+01
8.296593186372745549e+04 3.843681010277135573e-02 2.210891719125920218e+01
8.316633266533067217e+04 3.838995775207365568e-02 2.215010588316863505e+01
8.336673346693385975e+04 3.834319891002017228e-02 2.219123200034380616e+01
8.356713426853706187e+04 3.829653332624149281e-02 2.223229574444365753e+01
8.376753507014027855e+04 3.824996067447836157e-02 2.227329719767614336e+01
8.396793587174348067e+04 3.820348053417792211e-02 2.231423629249021445e+01
8.416833667334668280e+04 3.815709238839262024e-02 2.235511280606890594e+01
8.436873747494989948e+04 3.811079563823409344e-02 2.239592638052035767e+01
8.456913827655310160e+04 3.806458963139442570e-02 2.243667656541008881e+01
8.476953907815630373e+04 3.801847369995303011e-02 2.247736287562267066e+01
8.496993987975952041e+04 3.797244720120859091e-02 2.251798485507460512e+01
8.517034068136272253e+04 3.792650955483659742e-02 2.255854213590550117e+01
8.537074148296592466e+04 3.788066027032722938e-02 2.259903448357218281e+01
8.557114228456914134e+04 3.783489896028061072e-02 2.263946182060567125e+01
8.577154308617234346e+04 3.778922533744793338e-02 2.267982422526216268e+01
8.597194388777554559e+04 3.774363919602529566e-02 2.272012190533516574e+01
8.617234468937874772e+04 3.769814038021201269e-02 2.276035515134384113e+01
8.637274549098196439e+04 3.765272874503925588e-02 2.280052427654924685e+01
8.657314629258516652e+04 3.760740411565617614e-02 2.284062955327686595e+01
8.677354709418836865e+04 3.756216625145587795e-02 2.288067115554095210e+01
8.697394789579158532e+04 3.751701482062087117e-02 2.292064911691652540e+01
8.717434869739478745e+04 3.747194938900855893e-02 2.296056331017641483e+01
8.737474949899798958e+04 3.742696942505395474e-02 2.300041345180055430e+01
8.757515030060120625e+04 3.738207431989337692e-02 2.304019913061314284e+01
8.777555110220440838e+04 3.733726341959452133e-02 2.307991985610883034e+01
8.797595190380761051e+04 3.729253606456338355e-02 2.311957511905391272e+01
8.817635270541082718e+04 3.724789163015562732e-02 2.315916445513197530e+01
8.837675350701402931e+04 3.720332956239073841e-02 2.319868750200449981e+01
8.857715430861723144e+04 3.715884940345637322e-02 2.323814404121025490e+01
8.877755511022043356e+04 3.711445080326097185e-02 2.327753401865387417e+01
8.897795591182365024e+04 3.707013351539916596e-02 2.331685754066540994e+01
8.917835671342685237e+04 3.702589737821304627e-02 2.335611484625502143e+01
8.937875751503005449e+04 3.698174228381976431e-02 2.339530625969595690e+01
8.957915831663327117e+04 3.693766813971428864e-02 2.343443213043146045e+01
8.977955911823647330e+04 3.689367482860234082e-02 2.347349276910735227e+01
8.997995991983967542e+04 3.684976217233679185e-02 2.351248838903492100e+01
9.018036072144289210e+04 3.680592990521187186e-02 2.355141906153369646e+01
9.038076152304609423e+04 3.676217766052930491e-02 2.359028469153103558e+01
9.058116232464929635e+04 3.671850497251349932e-02 2.362908501681558349e+01
9.078156312625251303e+04 3.667491129362456664e-02 2.366781963088620344e+01
9.098196392785571516e+04 3.663139602544088214e-02 2.370648802588888060e+01
9.118236472945891728e+04 3.658795855990567419e-02 2.374508964915791864e+01
9.138276553106213396e+04 3.654459832716821371e-02 2.378362396474713236e+01
9.158316633266533609e+04 3.650131484676503307e-02 2.382209051028639735e+01
9.178356713426853821e+04 3.645810778068048208e-02 2.386048893956234451e+01
9.198396793587174034e+04 3.641497699008056088e-02 2.389881904228167997e+01
9.218436873747495702e+04 3.637192260234558411e-02 2.393708073413635518e+01
9.238476953907815914e+04 3.632894510170161378e-02 2.397527401220065357e+01
9.258517034068136127e+04 3.628604546539188069e-02 2.401339887204926171e+01
9.278557114228457795e+04 3.624322537855337312e-02 2.405145518356929912e+01
9.298597194388778007e+04 3.620048757492949631e-02 2.408944252118210372e+01
9.318637274549098220e+04 3.615783636810707136e-02 2.412735994112073712e+01
9.338677354709419888e+04 3.611527845969809969e-02 2.416520569368947235e+01
9.358717434869740100e+04 3.607282413494589807e-02 2.420297684890695677e+01
9.378757515030060313e+04 3.603048898833978442e-02 2.424066881115104266e+01
9.398797595190381981e+04 3.598829634229308572e-02 2.427827467477544232e+01
9.418837675350702193e+04 3.594628056537053917e-02 2.431578439409265258e+01
9.438877755511022406e+04 3.590449147762079379e-02 2.435318368506530717e+01
9.458917835671342618e+04 3.586300006690788106e-02 2.439045265128402207e+01
9.478957915831662831e+04 3.582190565736770305e-02 2.442756409915187987e+01
9.498997995991983043e+04 3.578134446727587042e-02 2.446448136031870035e+01
9.519038076152304711e+04 3.574149985032188531e-02 2.450115644989798014e+01
9.539078156312624924e+04 3.570261237267860488e-02 2.453752635463968446e+01
9.559118236472945136e+04 3.566499242454877067e-02 2.457351362950535645e+01
9.579158316633266804e+04 3.562902577837261803e-02 2.460901829380623340e+01
9.599198396793587017e+04 3.559518666833941941e-02 2.464392835968892470e+01
9.619238476953907229e+04 3.556402607468674842e-02 2.467810285376879875e+01
9.639278557114227442e+04 3.553617525571316216e-02 2.471139302983377561e+01
9.659318637274549110e+04 3.551232363198034842e-02 2.474365270575643905e+01
9.679358717434869322e+04 3.549313440326119090e-02 2.477465328503002695e+01
9.699398797595189535e+04 3.547940931070710929e-02 2.480443383788332667e+01
9.719438877755511203e+04 3.547140504144453282e-02 2.483234808129720150e+01
9.739478957915831415e+04 3.547221435808738110e-02 2.485868748830476704e+01
9.759519038076151628e+04 3.547541140285975780e-02 2.488433119012155004e+01
9.779559118236473296e+04 3.548243283316664110e-02 2.490888884507793932e+01
9.799599198396793508e+04 3.549241780320578493e-02 2.493305435054852381e+01
9.819639278557113721e+04 3.550437114502602576e-02 2.495630909678506271e+01
9.839679358717435389e+04 3.551863068281799901e-02 2.498008128942421635e+01
9.859719438877755601e+04 3.553301825969573668e-02 2.500195709433301872e+01
9.879759519038075814e+04 3.554983005308752497e-02 2.502737563257741016e+01
9.899799599198396027e+04 3.556251334381236445e-02 2.504611366264512640e+01
9.919839679358717694e+04 3.558343259074743525e-02 2.507896847249439531e+01
9.939879759519037907e+04 3.558829714197925959e-02 2.508666973502397468e+01
9.959919839679358120e+04 3.562590946024341704e-02 2.514881180183267873e+01
9.979959919839679787e+04 3.558829714197925959e-02 2.508666973502397468e+01
1.000000000000000000e+05 3.562590946024341704e-02 2.514881180183267873e+01
