# 264.7488285762611
0.000000000000000000e+00 3.088345160014416635e+01 1.675031585099738862e+01
2.004008016032063892e+02 3.126152372785978883e+01 9.051688832189097411e+01
4.008016032064127785e+02 3.126152372785978883e+01 -9.051688832189097411e+01
6.012024048096192246e+02 3.088345160014416635e+01 -1.675031585099738862e+01
8.016032064128255570e+02 3.090553372689257117e+01 -1.893684163584734392e+02
1.002004008016032003e+03 3.054864601577665084e+01 -1.109395423592160626e+02
1.202404809619238449e+03 3.058020293477878937e+01 -2.724531054379040711e+02
1.402805611222444895e+03 3.023697649204362392e+01 -2.002111884724755271e+02
1.603206412825651114e+03 3.025703538218809285e+01 -3.582769441546448661e+02
1.803607214428857787e+03 2.991028660700212427e+01 -2.941614401817864746e+02
2.004008016032064006e+03 2.990874374374531186e+01 -4.408238760590982679e+02
2.204408817635270680e+03 2.956760739371144098e+01 -3.783128936703594718e+02
2.404809619238476898e+03 2.955523196529201968e+01 -5.098214081323187656e+02
2.605210420841683117e+03 2.923782525454536696e+01 -4.487375532951816695e+02
2.805611222444889790e+03 2.921955101624552142e+01 -5.653499671848916250e+02
3.006012024048096009e+03 2.891197019200458840e+01 -5.080747747191410895e+02
3.206412825651302228e+03 2.886732375287947860e+01 -6.145084283064699093e+02
3.406813627254508901e+03 2.856010456089271443e+01 -5.689257942721606014e+02
3.607214428857715575e+03 2.848739840512455856e+01 -6.747134700544403358e+02
3.807615230460922248e+03 2.819082810080207224e+01 -6.490277236149715918e+02
4.008016032064128012e+03 2.809302211351020517e+01 -7.531963674704311416e+02
4.208416833667334686e+03 2.781514528385558194e+01 -7.448404293138834191e+02
4.408817635270541359e+03 2.770289058030328988e+01 -8.429766035276728644e+02
4.609218436873747123e+03 2.745212710886084295e+01 -8.505726569991494443e+02
4.809619238476953797e+03 2.733380340281579990e+01 -9.413604834024024512e+02
5.010020040080160470e+03 2.710462630729198708e+01 -9.588165115817133710e+02
5.210420841683366234e+03 2.697786868499961699e+01 -1.037494760760679810e+03
5.410821643286572908e+03 2.676198728043882369e+01 -1.059192795222890481e+03
5.611222444889779581e+03 2.662329212855438243e+01 -1.125490709725406077e+03
5.811623246492986254e+03 2.641727057007941326e+01 -1.147592948627292344e+03
6.012024048096192018e+03 2.626899259299260336e+01 -1.203237428004830235e+03
6.212424849699398692e+03 2.607168219458942460e+01 -1.227242311751268744e+03
6.412825651302604456e+03 2.591929183496754163e+01 -1.278495679626837500e+03
6.613226452905811129e+03 2.573296380427358088e+01 -1.306214884858554569e+03
6.813627254509017803e+03 2.557891669763236209e+01 -1.353423650874337682e+03
7.014028056112224476e+03 2.539793360726699589e+01 -1.383416635602707856e+03
7.214428857715431150e+03 2.523965338177524487e+01 -1.427484501810313759e+03
7.414829659318637823e+03 2.506331698112018458e+01 -1.458928339425476906e+03
7.615230460921844497e+03 2.490389051553584210e+01 -1.500142721038007494e+03
7.815631262525049351e+03 2.473161148961584743e+01 -1.532854097478921858e+03
8.016032064128256025e+03 2.457082538009078476e+01 -1.572737910783790767e+03
8.216432865731463608e+03 2.440195926903448154e+01 -1.606456429203898324e+03
8.416833667334669371e+03 2.424162785308217849e+01 -1.644546034544083341e+03
8.617234468937875135e+03 2.407558198154658413e+01 -1.678499304437754972e+03
8.817635270541082718e+03 2.391450483724695886e+01 -1.715584055719256185e+03
9.018036072144288482e+03 2.374992749830512295e+01 -1.749728723591153994e+03
9.218436873747494246e+03 2.358973997495789021e+01 -1.785487422374198104e+03
9.418837675350701829e+03 2.342798019355958061e+01 -1.819387889642123355e+03
9.619238476953907593e+03 2.326875452702346792e+01 -1.854727270164927404e+03
9.819639278557115176e+03 2.310829383299644491e+01 -1.888816415453346735e+03
1.002004008016032094e+04 2.294993010735621652e+01 -1.923288040369588089e+03
1.022044088176352670e+04 2.279155814259680923e+01 -1.956675341597099305e+03
1.042084168336673247e+04 2.263440712695005530e+01 -1.990535685034673406e+03
1.062124248496994005e+04 2.247673434661929193e+01 -2.023938228244556512e+03
1.082164328657314582e+04 2.231987049143526036e+01 -2.057462925397524032e+03
1.102204408817635340e+04 2.216412485991159187e+01 -2.090166743949646843e+03
1.122244488977955916e+04 2.200875578369571173e+01 -2.123248850154222964e+03
1.142284569138276674e+04 2.185449394277853941e+01 -2.155712556289834083e+03
1.162324649298597251e+04 2.169853321598744600e+01 -2.189266182057076549e+03
1.182364729458917827e+04 2.154736976141879268e+01 -2.220694855162239946e+03
1.202404809619238404e+04 2.139078518901565573e+01 -2.254728640048846501e+03
1.222444889779559162e+04 2.124611603115987890e+01 -2.282957213961782600e+03
1.242484969939879738e+04 2.107696633561944211e+01 -2.321626987204526358e+03
1.262525050100200315e+04 2.095438390450279798e+01 -2.339396616930155687e+03
1.282565130260520891e+04 2.073866681833742831e+01 -2.399077202708263485e+03
1.302605210420841649e+04 2.067409344729332688e+01 -2.390630790226723548e+03
1.322645290581162226e+04 2.037729632461040552e+01 -2.492870424533309688e+03
1.342685370741482984e+04 2.045212013916423288e+01 -2.421098728890133771e+03
1.362725450901803561e+04 1.997750966585143573e+01 -2.594122490664302859e+03
1.382765531062124319e+04 2.028502021783628351e+01 -2.427874554693522441e+03
1.402805611222444895e+04 1.978005677882620494e+00 -3.407621956643060912e+03
1.422845691382765654e+04 1.112312564804388781e+00 -2.779414235318139617e+03
1.442885771543086230e+04 1.000545411449673239e+00 -2.521168931901410815e+03
1.462925851703406806e+04 9.974865922432613052e-01 -2.517687030738720750e+03
1.482965931863727565e+04 9.969734900343527606e-01 -2.516447412322670971e+03
1.503006012024048141e+04 9.969676052372927755e-01 -2.516437604741718587e+03
1.523046092184368899e+04 9.969788440416863518e-01 -2.516434428961541016e+03
1.543086172344689294e+04 9.969905912737828668e-01 -2.516442945905656416e+03
1.563126252505009870e+04 9.970006917516102130e-01 -2.516445474463266237e+03
1.583166332665330629e+04 9.970114153792315470e-01 -2.516449608240428461e+03
1.603206412825651205e+04 9.970220045961554201e-01 -2.516453378425959272e+03
1.623246492985971963e+04 9.970325919433610240e-01 -2.516457222899027784e+03
1.643286573146292722e+04 9.970431380029823876e-01 -2.516461019937206402e+03
1.663326653306613298e+04 9.970536531208199493e-01 -2.516464801494843414e+03
1.683366733466933874e+04 9.970641346365428648e-01 -2.516468559326887316e+03
1.703406813627254451e+04 9.970745833038319184e-01 -2.516472295685859081e+03
1.723446893787575027e+04 9.970849989889606357e-01 -2.516476010096789651e+03
1.743486973947895967e+04 9.970953817885752635e-01 -2.516479702792566968e+03
1.763527054108216544e+04 9.971057317393695607e-01 -2.516483373822049998e+03
1.783567134268537120e+04 9.971160488934389665e-01 -2.516487023281534221e+03
1.803607214428857696e+04 9.971263332987271300e-01 -2.516490651254685417e+03
1.823647294589178273e+04 9.971365850041027379e-01 -2.516494257828134323e+03
1.843687374749498849e+04 9.971468040580426795e-01 -2.516497843087433012e+03
1.863727454909819426e+04 9.971569905089736618e-01 -2.516501407118098996e+03
1.883767535070140366e+04 9.971671444051855016e-01 -2.516504950005351930e+03
1.903807615230460942e+04 9.971772657948538843e-01 -2.516508471834183183e+03
1.923847695390781519e+04 9.971873547260372561e-01 -2.516511972689340382e+03
1.943887775551102095e+04 9.971974112466752693e-01 -2.516515452655334684e+03
1.963927855711423035e+04 9.972074354045874500e-01 -2.516518911816428044e+03
1.983967935871743612e+04 9.972174272474709777e-01 -2.516522350256630034e+03
2.004008016032064188e+04 9.972273868229004634e-01 -2.516525768059703296e+03
2.024048096192384764e+04 9.972373141783279493e-01 -2.516529165309153996e+03
2.044088176352705341e+04 9.972472093610820210e-01 -2.516532542088240916e+03
2.064128256513026281e+04 9.972570724183681401e-01 -2.516535898479967273e+03
2.084168336673346494e+04 9.972669033972709762e-01 -2.516539234567092990e+03
2.104208416833667070e+04 9.972767023447548507e-01 -2.516542550432131975e+03
2.124248496993988010e+04 9.972864693076631815e-01 -2.516545846157353481e+03
2.144288577154308587e+04 9.972962043327195936e-01 -2.516549121824777558e+03
2.164328657314629163e+04 9.973059074665282520e-01 -2.516552377516180968e+03
2.184368737474949739e+04 9.973155787555758600e-01 -2.516555613313102640e+03
2.204408817635270680e+04 9.973252182462327697e-01 -2.516558829296840941e+03
2.224448897795591256e+04 9.973348259847506503e-01 -2.516562025548454130e+03
2.244488977955911832e+04 9.973444020172670399e-01 -2.516565202148759909e+03
2.264529058116232409e+04 9.973539463898090096e-01 -2.516568359178354513e+03
2.284569138276553349e+04 9.973634591482930523e-01 -2.516571496717609534e+03
2.304609218436873925e+04 9.973729403385220849e-01 -2.516574614846664190e+03
2.324649298597194502e+04 9.973823900061858927e-01 -2.516577713645425320e+03
2.344689378757515078e+04 9.973918081968633498e-01 -2.516580793193571935e+03
2.364729458917835655e+04 9.974011949560241952e-01 -2.516583853570559768e+03
2.384769539078156231e+04 9.974105503290263686e-01 -2.516586894855616720e+03
2.404809619238476807e+04 9.974198743611152329e-01 -2.516589917127737408e+03
2.424849699398797384e+04 9.974291670974236856e-01 -2.516592920465687257e+03
2.444889779559118324e+04 9.974384285829793750e-01 -2.516595904948012503e+03
2.464929859719438900e+04 9.974476588627037010e-01 -2.516598870653051108e+03
2.484969939879759477e+04 9.974568579814121483e-01 -2.516601817658926393e+03
2.505010020040080053e+04 9.974660259838151743e-01 -2.516604746043548403e+03
2.525050100200400630e+04 9.974751629145179876e-01 -2.516607655884617088e+03
2.545090180360721206e+04 9.974842688180167727e-01 -2.516610547259608211e+03
2.565130260521041782e+04 9.974933437386925839e-01 -2.516613420245752877e+03
2.585170340681362359e+04 9.975023877208099021e-01 -2.516616274920034812e+03
2.605210420841683299e+04 9.975114008085111950e-01 -2.516619111359170347e+03
2.625250501002003875e+04 9.975203830458199139e-01 -2.516621929639621158e+03
2.645290581162324452e+04 9.975293344766483772e-01 -2.516624729837615632e+03
2.665330661322645028e+04 9.975382551448130908e-01 -2.516627512029199806e+03
2.685370741482965968e+04 9.975471450940521789e-01 -2.516630276290284655e+03
2.705410821643286545e+04 9.975560043680341549e-01 -2.516633022696683838e+03
2.725450901803607121e+04 9.975648330103593642e-01 -2.516635751324102330e+03
2.745490981963927698e+04 9.975736310645517690e-01 -2.516638462248114138e+03
2.765531062124248638e+04 9.975823985740336353e-01 -2.516641155544090907e+03
2.785571142284569214e+04 9.975911355820955562e-01 -2.516643831287101875e+03
2.805611222444889790e+04 9.975998421318718057e-01 -2.516646489551838386e+03
2.825651302605210367e+04 9.976085182663296802e-01 -2.516649130412582508e+03
2.845691382765531307e+04 9.976171640282791575e-01 -2.516651753943237509e+03
2.865731462925851883e+04 9.976257794603993201e-01 -2.516654360217412886e+03
2.885771543086172460e+04 9.976343646052739933e-01 -2.516656949308530784e+03
2.905811623246493036e+04 9.976429195054239418e-01 -2.516659521289927852e+03
2.925851703406813613e+04 9.976514442033306285e-01 -2.516662076234926644e+03
2.945891783567134553e+04 9.976599387414386566e-01 -2.516664614216832433e+03
2.965931863727455129e+04 9.976684031621364523e-01 -2.516667135308882280e+03
2.985971943887775706e+04 9.976768375077263995e-01 -2.516669639584153174e+03
3.006012024048096282e+04 9.976852418204004147e-01 -2.516672127115476997e+03
3.026052104208417222e+04 9.976936161422209626e-01 -2.516674597975392317e+03
3.046092184368737799e+04 9.977019605151178361e-01 -2.516677052236126656e+03
3.066132264529058011e+04 9.977102749808949289e-01 -2.516679489969626502e+03
3.086172344689378588e+04 9.977185595812479990e-01 -2.516681911247605967e+03
3.106212424849699164e+04 9.977268143577779913e-01 -2.516684316141588624e+03
3.126252505010019740e+04 9.977350393519989202e-01 -2.516686704722932063e+03
3.146292585170340317e+04 9.977432346053397572e-01 -2.516689077062828346e+03
3.166332665330661257e+04 9.977514001591405446e-01 -2.516691433232294003e+03
3.186372745490981833e+04 9.977595360546520631e-01 -2.516693773302164573e+03
3.206412825651302410e+04 9.977676423330288369e-01 -2.516696097343079146e+03
3.226452905811622986e+04 9.977757190353283567e-01 -2.516698405425475812e+03
3.246492985971943926e+04 9.977837662025105248e-01 -2.516700697619588482e+03
3.266533066132264503e+04 9.977917838754418733e-01 -2.516702973995461889e+03
3.286573146292585443e+04 9.977997720948919014e-01 -2.516705234622946136e+03
3.306613226452905656e+04 9.978077309015342955e-01 -2.516707479571690783e+03
3.326653306613226596e+04 9.978156603359438215e-01 -2.516709708911148027e+03
3.346693386773546808e+04 9.978235604385984336e-01 -2.516711922710569070e+03
3.366733466933867749e+04 9.978314312498797189e-01 -2.516714121039008660e+03
3.386773547094188689e+04 9.978392728100768938e-01 -2.516716303965334646e+03
3.406813627254508901e+04 9.978470851593870261e-01 -2.516718471558226156e+03
3.426853707414829842e+04 9.978548683379173667e-01 -2.516720623886182238e+03
3.446893787575150054e+04 9.978626223856870148e-01 -2.516722761017520952e+03
3.466933867735470994e+04 9.978703473426294712e-01 -2.516724883020384368e+03
3.486973947895791935e+04 9.978780432485917506e-01 -2.516726989962734478e+03
3.507014028056112147e+04 9.978857101433346033e-01 -2.516729081912356833e+03
3.527054108216433087e+04 9.978933480665357347e-01 -2.516731158936867359e+03
3.547094188376754028e+04 9.979009570577913601e-01 -2.516733221103715096e+03
3.567134268537074240e+04 9.979085371566144280e-01 -2.516735268480181276e+03
3.587174348697395180e+04 9.979160884024319556e-01 -2.516737301133371602e+03
3.607214428857715393e+04 9.979236108345825862e-01 -2.516739319130210788e+03
3.627254509018035606e+04 9.979311044923131480e-01 -2.516741322537433916e+03
3.647294589178356546e+04 9.979385694147797636e-01 -2.516743311421591898e+03
3.667334669338677486e+04 9.979460056410471847e-01 -2.516745285849049196e+03
3.687374749498997699e+04 9.979534132100896793e-01 -2.516747245885987013e+03
3.707414829659318639e+04 9.979607921607906995e-01 -2.516749191598402376e+03
3.727454909819638851e+04 9.979681425319415489e-01 -2.516751123052104504e+03
3.747494989979959792e+04 9.979754643622420485e-01 -2.516753040312714802e+03
3.767535070140280732e+04 9.979827576903027575e-01 -2.516754943445674144e+03
3.787575150300600944e+04 9.979900225546460835e-01 -2.516756832516241502e+03
3.807615230460921885e+04 9.979972589937067262e-01 -2.516758707589498044e+03
3.827655310621242097e+04 9.980044670458346756e-01 -2.516760568730353043e+03
3.847695390781563037e+04 9.980116467492964327e-01 -2.516762416003546150e+03
3.867735470941883978e+04 9.980187981422748988e-01 -2.516764249473643758e+03
3.887775551102204190e+04 9.980259212628699306e-01 -2.516766069205046279e+03
3.907815631262525130e+04 9.980330161490972296e-01 -2.516767875261978588e+03
3.927855711422846070e+04 9.980400828388892309e-01 -2.516769667708496854e+03
3.947895791583166283e+04 9.980471213700974342e-01 -2.516771446608489896e+03
3.967935871743487223e+04 9.980541317804926260e-01 -2.516773212025684643e+03
3.987975951903807436e+04 9.980611141077653237e-01 -2.516774964023642497e+03
4.008016032064128376e+04 9.980680683895253313e-01 -2.516776702665762969e+03
4.028056112224449316e+04 9.980749946633005187e-01 -2.516778428015278678e+03
4.048096192384769529e+04 9.980818929665364880e-01 -2.516780140135250349e+03
4.068136272545090469e+04 9.980887633365974621e-01 -2.516781839088572269e+03
4.088176352705410682e+04 9.980956058107677276e-01 -2.516783524937977290e+03
4.108216432865731622e+04 9.981024204262506361e-01 -2.516785197746035465e+03
4.128256513026052562e+04 9.981092072201690479e-01 -2.516786857575152226e+03
4.148296593186372775e+04 9.981159662295646662e-01 -2.516788504487566115e+03
4.168336673346692987e+04 9.981226974914003680e-01 -2.516790138545353329e+03
4.188376753507013927e+04 9.981294010425598717e-01 -2.516791759810429539e+03
4.208416833667334140e+04 9.981360769198474037e-01 -2.516793368344551709e+03
4.228456913827655080e+04 9.981427251599856998e-01 -2.516794964209305363e+03
4.248496993987976020e+04 9.981493457996192253e-01 -2.516796547466119137e+03
4.268537074148296233e+04 9.981559388753143969e-01 -2.516798118176263870e+03
4.288577154308617173e+04 9.981625044235600264e-01 -2.516799676400851695e+03
4.308617234468937386e+04 9.981690424807655448e-01 -2.516801222200831944e+03
4.328657314629258326e+04 9.981755530832641110e-01 -2.516802755636997517e+03
4.348697394789579266e+04 9.981820362673082814e-01 -2.516804276769981243e+03
4.368737474949899479e+04 9.981884920690742291e-01 -2.516805785660251786e+03
4.388777555110220419e+04 9.981949205246621881e-01 -2.516807282368132746e+03
4.408817635270541359e+04 9.982013216700948988e-01 -2.516808766953783561e+03
4.428857715430861572e+04 9.982076955413182739e-01 -2.516810239477207688e+03
4.448897795591182512e+04 9.982140421742008440e-01 -2.516811699998252607e+03
4.468937875751502725e+04 9.982203616045358663e-01 -2.516813148576610274e+03
4.488977955911823665e+04 9.982266538680406587e-01 -2.516814585271820761e+03
4.509018036072144605e+04 9.982329190003587094e-01 -2.516816010143272251e+03
4.529058116232464818e+04 9.982391570370592326e-01 -2.516817423250204229e+03
4.549098196392785758e+04 9.982453680136349483e-01 -2.516818824651698378e+03
4.569138276553106698e+04 9.982515519655019709e-01 -2.516820214406677223e+03
4.589178356713426911e+04 9.982577089280022520e-01 -2.516821592573914586e+03
4.609218436873747851e+04 9.982638389364040243e-01 -2.516822959212034220e+03
4.629258517034068063e+04 9.982699420259005807e-01 -2.516824314379507086e+03
4.649298597194389004e+04 9.982760182316121611e-01 -2.516825658134655896e+03
4.669338677354709944e+04 9.982820675885872852e-01 -2.516826990535656478e+03
4.689378757515030156e+04 9.982880901318010869e-01 -2.516828311640535048e+03
4.709418837675351097e+04 9.982940858961550923e-01 -2.516829621507171851e+03
4.729458917835671309e+04 9.983000549164766646e-01 -2.516830920193290240e+03
4.749498997995991522e+04 9.983059972275215577e-01 -2.516832207756468961e+03
4.769539078156312462e+04 9.983119128639750262e-01 -2.516833484254145787e+03
4.789579158316633402e+04 9.983178018604488280e-01 -2.516834749743607972e+03
4.809619238476953615e+04 9.983236642514808912e-01 -2.516836004281989062e+03
4.829659318637274555e+04 9.983295000715372014e-01 -2.516837247926280725e+03
4.849699398797594768e+04 9.983353093550136892e-01 -2.516838480733327742e+03
4.869739478957915708e+04 9.983410921362358970e-01 -2.516839702759838929e+03
4.889779559118236648e+04 9.983468484494579798e-01 -2.516840914062373486e+03
4.909819639278556861e+04 9.983525783288605959e-01 -2.516842114697340548e+03
4.929859719438877801e+04 9.983582818085552368e-01 -2.516843304721006916e+03
4.949899799599198013e+04 9.983639589225863364e-01 -2.516844484189502055e+03
4.969939879759518954e+04 9.983696097049309381e-01 -2.516845653158821733e+03
4.989979959919839894e+04 9.983752341894994720e-01 -2.516846811684821660e+03
5.010020040080160106e+04 9.983808324101333120e-01 -2.516847959823222027e+03
5.030060120240480319e+04 9.983864044006046656e-01 -2.516849097629598418e+03
5.050100200400801259e+04 9.983919501946166841e-01 -2.516850225159389993e+03
5.070140280561121472e+04 9.983974698257989111e-01 -2.516851342467882660e+03
5.090180360721442412e+04 9.984029633277075044e-01 -2.516852449610217718e+03
5.110220440881763352e+04 9.984084307338233488e-01 -2.516853546641379580e+03
5.130260521042083565e+04 9.984138720775525000e-01 -2.516854633616202136e+03
5.150300601202404505e+04 9.984192873922294043e-01 -2.516855710589375121e+03
5.170340681362724717e+04 9.984246767111204512e-01 -2.516856777615448664e+03
5.190380761523045658e+04 9.984300400674237519e-01 -2.516857834748835558e+03
5.210420841683366598e+04 9.984353774942735793e-01 -2.516858882043812628e+03
5.230460921843686810e+04 9.984406890247438104e-01 -2.516859919554541193e+03
5.250501002004007751e+04 9.984459746918513678e-01 -2.516860947335057972e+03
5.270541082164328691e+04 9.984512345285573298e-01 -2.516861965439290088e+03
5.290581162324648903e+04 9.984564685677648210e-01 -2.516862973921046432e+03
5.310621242484969844e+04 9.984616768423174582e-01 -2.516863972834013566e+03
5.330661322645290056e+04 9.984668593849975737e-01 -2.516864962231754816e+03
5.350701402805610996e+04 9.984720162285244394e-01 -2.516865942167703452e+03
5.370741482965931937e+04 9.984771474055499363e-01 -2.516866912695156770e+03
5.390781563126252149e+04 9.984822529486544473e-01 -2.516867873867266553e+03
5.410821643286573089e+04 9.984873328903484113e-01 -2.516868825737043608e+03
5.430861723446893302e+04 9.984923872630699915e-01 -2.516869768357353678e+03
5.450901803607214242e+04 9.984974160991836323e-01 -2.516870701780906984e+03
5.470941883767535182e+04 9.985024194309817247e-01 -2.516871626060272774e+03
5.490981963927855395e+04 9.985073972906873818e-01 -2.516872541247874778e+03
5.511022044088176335e+04 9.985123497104565482e-01 -2.516873447396003940e+03
5.531062124248497275e+04 9.985172767223831070e-01 -2.516874344556830238e+03
5.551102204408817488e+04 9.985221783585013222e-01 -2.516875232782404510e+03
5.571142284569138428e+04 9.985270546507853950e-01 -2.516876112124663450e+03
5.591182364729458641e+04 9.985319056311462438e-01 -2.516876982635406875e+03
5.611222444889779581e+04 9.985367313314275073e-01 -2.516877844366294539e+03
5.631262525050100521e+04 9.985415317833976623e-01 -2.516878697368818393e+03
5.651302605210420734e+04 9.985463070187465817e-01 -2.516879541694288946e+03
5.671342685370741674e+04 9.985510570690938614e-01 -2.516880377393865729e+03
5.691382765531062614e+04 9.985557819660014767e-01 -2.516881204518600043e+03
5.711422845691382827e+04 9.985604817409985401e-01 -2.516882023119501355e+03
5.731462925851703767e+04 9.985651564256001755e-01 -2.516882833247601411e+03
5.751503006012023980e+04 9.985698060513057417e-01 -2.516883634953948331e+03
5.771543086172344920e+04 9.985744306495761835e-01 -2.516884428289537027e+03
5.791583166332665860e+04 9.985790302517981720e-01 -2.516885213305188245e+03
5.811623246492986073e+04 9.985836048892439143e-01 -2.516885990051433964e+03
5.831663326653307013e+04 9.985881545930439529e-01 -2.516886758578432818e+03
5.851703406813627225e+04 9.985926793941946045e-01 -2.516887518935996013e+03
5.871743486973948166e+04 9.985971793235970395e-01 -2.516888271173708290e+03
5.891783567134269106e+04 9.986016544121134597e-01 -2.516889015341100730e+03
5.911823647294589318e+04 9.986061046906125060e-01 -2.516889751487790818e+03
5.931863727454910259e+04 9.986105301899836917e-01 -2.516890479663524275e+03
5.951903807615231199e+04 9.986149309411145314e-01 -2.516891199918101847e+03
5.971943887775551411e+04 9.986193069748465767e-01 -2.516891912301240609e+03
5.991983967935872352e+04 9.986236583219346707e-01 -2.516892616862447994e+03
6.012024048096192564e+04 9.986279850130251878e-01 -2.516893313650964956e+03
6.032064128256513504e+04 9.986322870786678019e-01 -2.516894002715792794e+03
6.052104208416834445e+04 9.986365645493464616e-01 -2.516894684105796841e+03
6.072144288577154657e+04 9.986408174555065909e-01 -2.516895357869787858e+03
6.092184368737475597e+04 9.986450458275627495e-01 -2.516896024056543411e+03
6.112224448897795082e+04 9.986492496958830900e-01 -2.516896682714755116e+03
6.132264529058116022e+04 9.986534290907662648e-01 -2.516897333892963161e+03
6.152304609218436235e+04 9.986575840424276596e-01 -2.516897977639506735e+03
6.172344689378757175e+04 9.986617145810048335e-01 -2.516898614002554950e+03
6.192384769539077388e+04 9.986658207365760598e-01 -2.516899243030151410e+03
6.212424849699398328e+04 9.986699025391840845e-01 -2.516899864770291970e+03
6.232464929859719268e+04 9.986739600188393462e-01 -2.516900479270935193e+03
6.252505010020039481e+04 9.986779932055037667e-01 -2.516901086579949151e+03
6.272545090180360421e+04 9.986820021290703231e-01 -2.516901686745042298e+03
6.292585170340680634e+04 9.986859868193533885e-01 -2.516902279813746190e+03
6.312625250501001574e+04 9.986899473060953936e-01 -2.516902865833430951e+03
6.332665330661322514e+04 9.986938836189825919e-01 -2.516903444851354379e+03
6.352705410821642727e+04 9.986977957876627121e-01 -2.516904016914712884e+03
6.372745490981963667e+04 9.987016838417435149e-01 -2.516904582070643301e+03
6.392785571142284607e+04 9.987055478107822459e-01 -2.516905140366181513e+03
6.412825651302604820e+04 9.987093877242733120e-01 -2.516905691848226525e+03
6.432865731462925760e+04 9.987132036116418421e-01 -2.516906236563523635e+03
6.452905811623245972e+04 9.987169955022452417e-01 -2.516906774558669895e+03
6.472945891783566913e+04 9.987207634253872923e-01 -2.516907305880156400e+03
6.492985971943887853e+04 9.987245074103291431e-01 -2.516907830574398304e+03
6.513026052104208065e+04 9.987282274862880893e-01 -2.516908348687737998e+03
6.533066132264529006e+04 9.987319236824288016e-01 -2.516908860266410557e+03
6.553106212424849946e+04 9.987355960278532230e-01 -2.516909365356512353e+03
6.573146292585170886e+04 9.987392445516002359e-01 -2.516909864004006067e+03
6.593186372745491099e+04 9.987428692826491039e-01 -2.516910356254729322e+03
6.613226452905811311e+04 9.987464702499277980e-01 -2.516910842154418333e+03
6.633266533066131524e+04 9.987500474823178820e-01 -2.516911321748722457e+03
6.653306613226453192e+04 9.987536010086535132e-01 -2.516911795083201923e+03
6.673346693386773404e+04 9.987571308577153362e-01 -2.516912262203309183e+03
6.693386773547093617e+04 9.987606370582244875e-01 -2.516912723154367995e+03
6.713426853707415285e+04 9.987641196388445941e-01 -2.516913177981581157e+03
6.733466933867735497e+04 9.987675786281867696e-01 -2.516913626730046417e+03
6.753507014028055710e+04 9.987710140548100579e-01 -2.516914069444760116e+03
6.773547094188377378e+04 9.987744259472233210e-01 -2.516914506170618552e+03
6.793587174348697590e+04 9.987778143338823522e-01 -2.516914936952414337e+03
6.813627254509017803e+04 9.987811792431889879e-01 -2.516915361834824580e+03
6.833667334669339471e+04 9.987845207034895534e-01 -2.516915780862416796e+03
6.853707414829659683e+04 9.987878387430780824e-01 -2.516916194079648903e+03
6.873747494989979896e+04 9.987911333901987598e-01 -2.516916601530878779e+03
6.893787575150300108e+04 9.987944046730551362e-01 -2.516917003260380170e+03
6.913827655310621776e+04 9.987976526198036886e-01 -2.516917399312342241e+03
6.933867735470941989e+04 9.988008772585487138e-01 -2.516917789730839559e+03
6.953907815631262201e+04 9.988040786173386643e-01 -2.516918174559834370e+03
6.973947895791583869e+04 9.988072567241659261e-01 -2.516918553843172049e+03
6.993987975951904082e+04 9.988104116069632665e-01 -2.516918927624586104e+03
7.014028056112224294e+04 9.988135432935982827e-01 -2.516919295947676346e+03
7.034068136272545962e+04 9.988166518118748449e-01 -2.516919658855914804e+03
7.054108216432866175e+04 9.988197371895376486e-01 -2.516920016392654816e+03
7.074148296593186387e+04 9.988227994542828725e-01 -2.516920368601147857e+03
7.094188376753508055e+04 9.988258386337650618e-01 -2.516920715524563093e+03
7.114228456913828268e+04 9.988288547556040120e-01 -2.516921057205996931e+03
7.134268537074148480e+04 9.988318478473868778e-01 -2.516921393688485750e+03
7.154308617234470148e+04 9.988348179366696167e-01 -2.516921725014991353e+03
7.174348697394790361e+04 9.988377650509745465e-01 -2.516922051228410055e+03
7.194388777555110573e+04 9.988406892177835728e-01 -2.516922372371557231e+03
7.214428857715430786e+04 9.988435904645318608e-01 -2.516922688487153209e+03
7.234468937875750999e+04 9.988464688185982876e-01 -2.516922999617809182e+03
7.254509018036071211e+04 9.988493243073021111e-01 -2.516923305806011285e+03
7.274549098196392879e+04 9.988521569578984183e-01 -2.516923607094120598e+03
7.294589178356713091e+04 9.988549667975784585e-01 -2.516923903524369052e+03
7.314629258517033304e+04 9.988577538534719746e-01 -2.516924195138867617e+03
7.334669338677354972e+04 9.988605181526503118e-01 -2.516924481979605389e+03
7.354709418837675184e+04 9.988632597221313025e-01 -2.516924764088466873e+03
7.374749498997995397e+04 9.988659785888830411e-01 -2.516925041507233800e+03
7.394789579158315610e+04 9.988686747798255494e-01 -2.516925314277592406e+03
7.414829659318637277e+04 9.988713483218357725e-01 -2.516925582441138431e+03
7.434869739478957490e+04 9.988739992417475788e-01 -2.516925846039384851e+03
7.454909819639277703e+04 9.988766275663510941e-01 -2.516926105113754602e+03
7.474949899799599370e+04 9.988792333223924791e-01 -2.516926359705580580e+03
7.494989979959919583e+04 9.988818165365717094e-01 -2.516926609856104733e+03
7.515030060120239796e+04 9.988843772355440187e-01 -2.516926855606476693e+03
7.535070140280561463e+04 9.988869154459174560e-01 -2.516927096997750596e+03
7.555110220440881676e+04 9.988894311942544402e-01 -2.516927334070890538e+03
7.575150300601201889e+04 9.988919245070715380e-01 -2.516927566866768757e+03
7.595190380761523556e+04 9.988943954108375767e-01 -2.516927795426158355e+03
7.615230460921843769e+04 9.988968439319735326e-01 -2.516928019789736027e+03
7.635270541082163982e+04 9.988992700968529759e-01 -2.516928239998082972e+03
7.655310621242484194e+04 9.989016739318038463e-01 -2.516928456091687167e+03
7.675350701402805862e+04 9.989040554631083424e-01 -2.516928668110947910e+03
7.695390781563126075e+04 9.989064147170030328e-01 -2.516928876096172189e+03
7.715430861723446287e+04 9.989087517196786337e-01 -2.516929080087573311e+03
7.735470941883767955e+04 9.989110664972796760e-01 -2.516929280125273181e+03
7.755511022044088168e+04 9.989133590759038395e-01 -2.516929476249299569e+03
7.775551102204408380e+04 9.989156294816035064e-01 -2.516929668499585205e+03
7.795591182364730048e+04 9.989178777403843190e-01 -2.516929856915974142e+03
7.815631262525050261e+04 9.989201038782058450e-01 -2.516930041538212208e+03
7.835671342685370473e+04 9.989223079209825773e-01 -2.516930222405954737e+03
7.855711422845692141e+04 9.989244898945840445e-01 -2.516930399558768386e+03
7.875751503006012354e+04 9.989266498248349224e-01 -2.516930573036131136e+03
7.895791583166332566e+04 9.989287877375140345e-01 -2.516930742877426837e+03
7.915831663326652779e+04 9.989309036583550183e-01 -2.516930909121947025e+03
7.935871743486974447e+04 9.989329976130468802e-01 -2.516931071808895922e+03
7.955911823647294659e+04 9.989350696272351060e-01 -2.516931230977390442e+03
7.975951903807614872e+04 9.989371197265191071e-01 -2.516931386666452454e+03
7.995991983967936540e+04 9.989391479364542192e-01 -2.516931538915016063e+03
8.016032064128256752e+04 9.989411542825524792e-01 -2.516931687761929425e+03
8.036072144288576965e+04 9.989431387902810711e-01 -2.516931833245949747e+03
8.056112224448898633e+04 9.989451014850618815e-01 -2.516931975405741468e+03
8.076152304609218845e+04 9.989470423922730546e-01 -2.516932114279882171e+03
8.096192384769539058e+04 9.989489615372501019e-01 -2.516932249906861671e+03
8.116232464929860726e+04 9.989508589452849030e-01 -2.516932382325083836e+03
8.136272545090180938e+04 9.989527346416245956e-01 -2.516932511572865224e+03
8.156312625250501151e+04 9.989545886514732409e-01 -2.516932637688433260e+03
8.176352705410821363e+04 9.989564209999916011e-01 -2.516932760709927152e+03
8.196392785571143031e+04 9.989582317122974731e-01 -2.516932880675401520e+03
8.216432865731463244e+04 9.989600208134670201e-01 -2.516932997622826861e+03
8.236472945891783456e+04 9.989617883285325517e-01 -2.516933111590085446e+03
8.256513026052105124e+04 9.989635342824816355e-01 -2.516933222614970418e+03
8.276553106212425337e+04 9.989652587002582074e-01 -2.516933330735183063e+03
8.296593186372745549e+04 9.989669616067656799e-01 -2.516933435988346446e+03
8.316633266533067217e+04 9.989686430268657213e-01 -2.516933538412003600e+03
8.336673346693385975e+04 9.989703029853773675e-01 -2.516933638043607516e+03
8.356713426853706187e+04 9.989719415070762443e-01 -2.516933734920525239e+03
8.376753507014027855e+04 9.989735586166951231e-01 -2.516933829080035594e+03
8.396793587174348067e+04 9.989751543389250310e-01 -2.516933920559333728e+03
8.416833667334668280e+04 9.989767286984149175e-01 -2.516934009395532485e+03
8.436873747494989948e+04 9.989782817197722098e-01 -2.516934095625659211e+03
8.456913827655310160e+04 9.989798134275632568e-01 -2.516934179286663039e+03
8.476953907815630373e+04 9.989813238463127743e-01 -2.516934260415404879e+03
8.496993987975952041e+04 9.989828130005037332e-01 -2.516934339048665606e+03
8.517034068136272253e+04 9.989842809145766944e-01 -2.516934415223137876e+03
8.537074148296592466e+04 9.989857276129306962e-01 -2.516934488975431577e+03
8.557114228456914134e+04 9.989871531199229215e-01 -2.516934560342073382e+03
8.577154308617234346e+04 9.989885574598684759e-01 -2.516934629359503560e+03
8.597194388777554559e+04 9.989899406570441620e-01 -2.516934696064087802e+03
8.617234468937874772e+04 9.989913027356858155e-01 -2.516934760492110399e+03
8.637274549098196439e+04 9.989926437199879716e-01 -2.516934822679773788e+03
8.657314629258516652e+04 9.989939636341037543e-01 -2.516934882663192639e+03
8.677354709418836865e+04 9.989952625021452093e-01 -2.516934940478403405e+03
8.697394789579158532e+04 9.989965403481856354e-01 -2.516934996161362506e+03
8.717434869739478745e+04 9.989977971962571424e-01 -2.516935049747943594e+03
8.737474949899798958e+04 9.989990330703478749e-01 -2.516935101273929376e+03
8.757515030060120625e+04 9.990002479944060099e-01 -2.516935150775025249e+03
8.777555110220440838e+04 9.990014419923457512e-01 -2.516935198286872037e+03
8.797595190380761051e+04 9.990026150880525480e-01 -2.516935243845065543e+03
8.817635270541082718e+04 9.990037673053769884e-01 -2.516935287485140179e+03
8.837675350701402931e+04 9.990048986681101528e-01 -2.516935329242484386e+03
8.857715430861723144e+04 9.990060091999500846e-01 -2.516935369152241492e+03
8.877755511022043356e+04 9.990070989245035671e-01 -2.516935407249314267e+03
8.897795591182365024e+04 9.990081678653683905e-01 -2.516935443568626397e+03
8.917835671342685237e+04 9.990092160462714643e-01 -2.516935478145556772e+03
8.937875751503005449e+04 9.990102434911304341e-01 -2.516935511016129112e+03
8.957915831663327117e+04 9.990112502238953640e-01 -2.516935542216497652e+03
8.977955911823647330e+04 9.990122362681971291e-01 -2.516935571781851195e+03
8.997995991983967542e+04 9.990132016470852916e-01 -2.516935599745580930e+03
9.018036072144289210e+04 9.990141463831856417e-01 -2.516935626139777014e+03
9.038076152304609423e+04 9.990150704992963870e-01 -2.516935650997112134e+03
9.058116232464929635e+04 9.990159740189672455e-01 -2.516935674352711430e+03
9.078156312625251303e+04 9.990168569664750198e-01 -2.516935696244153860e+03
9.098196392785571516e+04 9.990177193660676469e-01 -2.516935716709112057e+03
9.118236472945891728e+04 9.990185612410500404e-01 -2.516935735782366010e+03
9.138276553106213396e+04 9.990193826135759236e-01 -2.516935753494886285e+03
9.158316633266533609e+04 9.990201835054489665e-01 -2.516935769876212362e+03
9.178356713426853821e+04 9.990209639393088370e-01 -2.516935784958379827e+03
9.198396793587174034e+04 9.990217239391604442e-01 -2.516935798778033586e+03
9.218436873747495702e+04 9.990224635297821898e-01 -2.516935811374748937e+03
9.238476953907815914e+04 9.990231827355129379e-01 -2.516935822786789231e+03
9.258517034068136127e+04 9.990238815793341942e-01 -2.516935833047618871e+03
9.278557114228457795e+04 9.990245600827970529e-01 -2.516935842185831007e+03
9.298597194388778007e+04 9.990252182667911374e-01 -2.516935850228611343e+03
9.318637274549098220e+04 9.990258561528956305e-01 -2.516935857206537094e+03
9.338677354709419888e+04 9.990264737647568394e-01 -2.516935863156594223e+03
9.358717434869740100e+04 9.990270711282472904e-01 -2.516935868120591749e+03
9.378757515030060313e+04 9.990276482691851090e-01 -2.516935872138240029e+03
9.398797595190381981e+04 9.990282052097704257e-01 -2.516935875239103552e+03
9.418837675350702193e+04 9.990287419677146286e-01 -2.516935877442142100e+03
9.438877755511022406e+04 9.990292585590355712e-01 -2.516935878768465955e+03
9.458917835671342618e+04 9.990297549969130442e-01 -2.516935879284879775e+03
9.478957915831662831e+04 9.990302313049980176e-01 -2.516935879070496412e+03
9.498997995991983043e+04 9.990306875633486738e-01 -2.516935877937202349e+03
9.519038076152304711e+04 9.990311237598009653e-01 -2.516935876249163357e+03
9.539078156312624924e+04 9.990315398893958587e-01 -2.516935873760181948e+03
9.559118236472945136e+04 9.990319360037573926e-01 -2.516935870664538925e+03
9.579158316633266804e+04 9.990323121097309800e-01 -2.516935866915538554e+03
9.599198396793587017e+04 9.990326682374279788e-01 -2.516935862579605782e+03
9.619238476953907229e+04 9.990330044060377057e-01 -2.516935857676360683e+03
9.639278557114227442e+04 9.990333206386431408e-01 -2.516935852242073906e+03
9.659318637274549110e+04 9.990336169567777258e-01 -2.516935846307186694e+03
9.679358717434869322e+04 9.990338933822681122e-01 -2.516935839903785109e+03
9.699398797595189535e+04 9.990341499365539280e-01 -2.516935833063021164e+03
9.719438877755511203e+04 9.990343866408294415e-01 -2.516935825815889075e+03
9.739478957915831415e+04 9.990346035158250704e-01 -2.516935818192749139e+03
9.759519038076151628e+04 9.990348005815997690e-01 -2.516935810223139470e+03
9.779559118236473296e+04 9.990349778571024908e-01 -2.516935801935217569e+03
9.799599198396793508e+04 9.990351353593716066e-01 -2.516935793354795351e+03
9.819639278557113721e+04 9.990352731019723764e-01 -2.516935784503485138e+03
9.839679358717435389e+04 9.990353910920496405e-01 -2.516935775395406381e+03
9.859719438877755601e+04 9.990354893256228053e-01 -2.516935766032885113e+03
9.879759519038075814e+04 9.990355677848509197e-01 -2.516935756408920042e+03
9.899799599198396027e+04 9.990356264637669792e-01 -2.516935746557879611e+03
9.919839679358717694e+04 9.990356655427560240e-01 -2.516935736813170934e+03
9.939879759519037907e+04 9.990356861121649779e-01 -2.516935728615306289e+03
9.959919839679358120e+04 9.990356921327906425e-01 -2.516935725023166924e+03
9.979959919839679787e+04 9.990356861121649779e-01 -2.516935728615306289e+03
1.000000000000000000e+05 9.990356921327906425e-01 -2.516935725023166924e+03
