# 235.18360175527948
0.000000000000000000e+00 1.078566450555403833e+01 -6.610633063406332610e+01
2.004008016032063892e+02 1.086704307412989756e+01 -7.243650734905236810e+00
4.008016032064127785e+02 1.086704307412989756e+01 7.243650734905236810e+00
6.012024048096192246e+02 1.078566450555403833e+01 6.610633063406332610e+01
8.016032064128255570e+02 1.073603602123157330e+01 5.556222941622124267e+01
1.002004008016032003e+03 1.064005099817438627e+01 8.412704530094202937e+01
1.202404809619238449e+03 1.062367861166892347e+01 5.572804524671469295e+01
1.402805611222444895e+03 1.058839055582713229e+01 7.562637296818067512e+01
1.603206412825651114e+03 1.063128768836902083e+01 3.945812182507336985e+01
1.803607214428857787e+03 1.062312004488857298e+01 3.821618009505775859e+01
2.004008016032064006e+03 1.064019591123378738e+01 -4.271675818951708692e+01
2.204408817635270680e+03 1.057146445328504392e+01 -1.022880648585736907e+02
2.404809619238476898e+03 1.052091939344837535e+01 -2.019013120786132731e+02
2.605210420841683117e+03 1.043176192271598879e+01 -2.480725916575069903e+02
2.805611222444889790e+03 1.039640699872805563e+01 -2.991892908418421371e+02
3.006012024048096009e+03 1.035922195486096520e+01 -2.991245735213771582e+02
3.206412825651302228e+03 1.037304766294506742e+01 -3.141488732959065828e+02
3.406813627254508901e+03 1.036473036336321485e+01 -3.079113458264020551e+02
3.607214428857715575e+03 1.037287030649002340e+01 -3.613384164784081349e+02
3.807615230460922248e+03 1.033457555115215243e+01 -4.065625200984648586e+02
4.008016032064128012e+03 1.033102948764644680e+01 -4.617553378106572382e+02
4.208416833667334686e+03 1.033321511121436842e+01 -4.426523268322491163e+02
4.408817635270541359e+03 1.037700732684463212e+01 -3.990167324518588430e+02
4.609218436873747123e+03 1.036863052434297572e+01 -3.305342983573663673e+02
4.809619238476953797e+03 1.034236300358905858e+01 -3.176638445235505515e+02
5.010020040080160470e+03 1.025466117341487227e+01 -2.900282519625266104e+02
5.210420841683366234e+03 1.019922310006427502e+01 -2.846180130997566948e+02
5.410821643286572908e+03 1.012853750063731617e+01 -2.585137932241918293e+02
5.611222444889779581e+03 1.007915088191695929e+01 -2.680168776183321597e+02
5.811623246492986254e+03 1.001304804714732022e+01 -2.958481918133404065e+02
6.012024048096192018e+03 9.973946396638615042e+00 -3.671156937684930881e+02
6.212424849699398692e+03 9.921658620378213556e+00 -4.281737136936713455e+02
6.412825651302604456e+03 9.890231551015347122e+00 -4.913804929669760213e+02
6.613226452905811129e+03 9.848363117977875447e+00 -5.241836120473570872e+02
6.813627254509017803e+03 9.817140152004705911e+00 -5.484809801651747421e+02
7.014028056112224476e+03 9.794561810523628509e+00 -5.630365850254670477e+02
7.214428857715431150e+03 9.793531036876352402e+00 -5.769112735193914432e+02
7.414829659318637823e+03 9.800998298350190652e+00 -5.797464958641620569e+02
7.615230460921844497e+03 9.812059251722205389e+00 -5.694525885769531897e+02
7.815631262525049351e+03 9.818743160056484953e+00 -5.446955295369988335e+02
8.016032064128256025e+03 9.828269628441333339e+00 -5.252383738976911900e+02
8.216432865731463608e+03 9.834119559189764104e+00 -5.176010577448198546e+02
8.416833667334669371e+03 9.842695995125492203e+00 -5.430465119446655535e+02
8.617234468937875135e+03 9.834560723917459057e+00 -5.870286615805304109e+02
8.817635270541082718e+03 9.813582482556672204e+00 -6.492542578012796639e+02
9.018036072144288482e+03 9.775819511038909226e+00 -7.169012117767400696e+02
9.218436873747494246e+03 9.730501371410916533e+00 -7.861893542519716220e+02
9.418837675350701829e+03 9.668286246743974743e+00 -8.376697577052777888e+02
9.619238476953907593e+03 9.605415968482418521e+00 -8.684601636762585031e+02
9.819639278557115176e+03 9.537867985141055271e+00 -8.797211513354445742e+02
1.002004008016032094e+04 9.485449149462862550e+00 -8.727296729913371109e+02
1.022044088176352670e+04 9.446943445529434769e+00 -8.490498760081325145e+02
1.042084168336673247e+04 9.428278639077653622e+00 -8.160649951284445933e+02
1.062124248496994005e+04 9.421472230279784199e+00 -7.749570670837463240e+02
1.082164328657314582e+04 9.422325496445848714e+00 -7.330397888495870120e+02
1.102204408817635340e+04 9.415797850365787980e+00 -6.976207686800529473e+02
1.122244488977955916e+04 9.406197359646359502e+00 -6.829845434837357061e+02
1.142284569138276674e+04 9.380431819669574622e+00 -6.916545610419385639e+02
1.162324649298597251e+04 9.343075563232664749e+00 -7.262835265972717025e+02
1.182364729458917827e+04 9.291748058112034414e+00 -7.783303220913136329e+02
1.202404809619238404e+04 9.230316062890308260e+00 -8.354656675799284358e+02
1.222444889779559162e+04 9.161372521123460899e+00 -8.879247530495282490e+02
1.242484969939879738e+04 9.100700251754391346e+00 -9.350654412213533533e+02
1.262525050100200315e+04 9.062325925715617458e+00 -9.706656372518182252e+02
1.282565130260520891e+04 9.045702259760226127e+00 -9.899476138694441261e+02
1.302605210420841649e+04 9.048763625124610854e+00 -9.926937307211450161e+02
1.322645290581162226e+04 9.057532642295932135e+00 -9.684885770070411581e+02
1.342685370741482984e+04 9.067460050912284686e+00 -9.297123808483842140e+02
1.362725450901803561e+04 9.075963047081518908e+00 -8.991005491588126688e+02
1.382765531062124319e+04 9.082484092049661228e+00 -8.877865839024494790e+02
1.402805611222444895e+04 9.075355730792894704e+00 -9.058394972631770088e+02
1.422845691382765654e+04 9.045644307434040243e+00 -9.457052962827744977e+02
1.442885771543086230e+04 8.990794173507817177e+00 -9.951011557500984281e+02
1.462925851703406806e+04 8.916236677959851420e+00 -1.047474426415505832e+03
1.482965931863727565e+04 8.839421848394733772e+00 -1.096753598133185960e+03
1.503006012024048141e+04 8.787841836185744882e+00 -1.140269012026742303e+03
1.523046092184368899e+04 8.765001998212971657e+00 -1.178558964446450318e+03
1.543086172344689294e+04 8.780539997916296358e+00 -1.207370767887191278e+03
1.563126252505009870e+04 8.814307990838448958e+00 -1.219240433592704449e+03
1.583166332665330629e+04 8.862704931135858999e+00 -1.215679577501867925e+03
1.603206412825651205e+04 8.898956342536225250e+00 -1.205392424049630563e+03
1.623246492985971963e+04 8.915031743995031732e+00 -1.196382694414877960e+03
1.643286573146292722e+04 8.890652886495454155e+00 -1.203796577144806406e+03
1.663326653306613298e+04 8.836001807376606010e+00 -1.228373617588751586e+03
1.683366733466933874e+04 8.752692841970311832e+00 -1.264905876133200763e+03
1.703406813627254451e+04 8.659120394536648391e+00 -1.296546774746860820e+03
1.723446893787575027e+04 8.566368185537008628e+00 -1.318177127376165572e+03
1.743486973947895967e+04 8.503401750392011849e+00 -1.328908559371273668e+03
1.763527054108216544e+04 8.474097619761513656e+00 -1.329748060771996052e+03
1.783567134268537120e+04 8.474819237375351477e+00 -1.309057644973870538e+03
1.803607214428857696e+04 8.487124975074733513e+00 -1.275741103634250749e+03
1.823647294589178273e+04 8.496222204198627281e+00 -1.231154280574249015e+03
1.843687374749498849e+04 8.479961632393349547e+00 -1.202595997495518532e+03
1.863727454909819426e+04 8.445880557581014969e+00 -1.200555997950537403e+03
1.883767535070140366e+04 8.398344390765137391e+00 -1.235057390838174115e+03
1.903807615230460942e+04 8.334305367872808290e+00 -1.295056309480745995e+03
1.923847695390781519e+04 8.276011415728728338e+00 -1.363697478981917357e+03
1.943887775551102095e+04 8.231534692583990065e+00 -1.415651759903668108e+03
1.963927855711423035e+04 8.204348661063022519e+00 -1.436143636882538203e+03
1.983967935871743612e+04 8.194842116108357999e+00 -1.422792826666875953e+03
2.004008016032064188e+04 8.197358039313190403e+00 -1.393960754372859583e+03
2.024048096192384764e+04 8.211065081040292313e+00 -1.357288519151044738e+03
2.044088176352705341e+04 8.219463095995918067e+00 -1.340311963172300466e+03
2.064128256513026281e+04 8.210090599887447382e+00 -1.361775237808070187e+03
2.084168336673346494e+04 8.167101068885072479e+00 -1.405406021630702753e+03
2.104208416833667070e+04 8.101568620412992416e+00 -1.460430967689926320e+03
2.124248496993988010e+04 8.028851155117546767e+00 -1.500779800662012576e+03
2.144288577154308587e+04 7.967789003989041774e+00 -1.521189350684044030e+03
2.164328657314629163e+04 7.937975620261642717e+00 -1.526717498973545617e+03
2.184368737474949739e+04 7.945911329345674901e+00 -1.520870900694094189e+03
2.204408817635270680e+04 7.972191289727551755e+00 -1.508618694909049054e+03
2.224448897795591256e+04 7.991934111916281225e+00 -1.495767199596608179e+03
2.244488977955911832e+04 7.981676611259594267e+00 -1.497391606158857485e+03
2.264529058116232409e+04 7.937995123187937097e+00 -1.516639636032716453e+03
2.284569138276553349e+04 7.872547510637136980e+00 -1.548679210098809790e+03
2.304609218436873925e+04 7.804231698935043759e+00 -1.590420722331505203e+03
2.324649298597194502e+04 7.759370127799203765e+00 -1.622698604969163398e+03
2.344689378757515078e+04 7.738557658866681344e+00 -1.637537406161795843e+03
2.364729458917835655e+04 7.739349232614913809e+00 -1.635856471890625699e+03
2.384769539078156231e+04 7.747723484785655756e+00 -1.618063652155357204e+03
2.404809619238476807e+04 7.753461362783328426e+00 -1.608806933522517511e+03
2.424849699398797384e+04 7.739628214879148871e+00 -1.627115593791283800e+03
2.444889779559118324e+04 7.702605280019944267e+00 -1.662347483384320185e+03
2.464929859719438900e+04 7.652349669495021267e+00 -1.711401789347489967e+03
2.484969939879759477e+04 7.608362329159065851e+00 -1.754875728876284256e+03
2.505010020040080053e+04 7.588049437022241328e+00 -1.795707958830382267e+03
2.525050100200400630e+04 7.597020882347167436e+00 -1.821345335542560406e+03
2.545090180360721206e+04 7.616118987092796999e+00 -1.830317805543782015e+03
2.565130260521041782e+04 7.626428582203600648e+00 -1.829434271944150169e+03
2.585170340681362359e+04 7.610720244756927322e+00 -1.829273856245921934e+03
2.605210420841683299e+04 7.562384641280776698e+00 -1.836560575438128126e+03
2.625250501002003875e+04 7.500614290068148726e+00 -1.850737262404152034e+03
2.645290581162324452e+04 7.441506300299409737e+00 -1.872015529452895407e+03
2.665330661322645028e+04 7.413834273184692236e+00 -1.892094083971355076e+03
2.685370741482965968e+04 7.408512741444853944e+00 -1.910720391610712795e+03
2.705410821643286545e+04 7.416719270012253951e+00 -1.923708452079084054e+03
2.725450901803607121e+04 7.418332341276368425e+00 -1.924986463202455525e+03
2.745490981963927698e+04 7.375039944181615681e+00 -1.916368255246499984e+03
2.765531062124248638e+04 7.310636058893528855e+00 -1.907142066726712983e+03
2.785571142284569214e+04 7.237102909465654932e+00 -1.893633341587711811e+03
2.805611222444889790e+04 7.169919287781317152e+00 -1.888479206223683377e+03
2.825651302605210367e+04 7.133018293746432370e+00 -1.893719687396331665e+03
2.845691382765531307e+04 7.117820674357430377e+00 -1.902339080009139252e+03
2.865731462925851883e+04 7.111520927521853608e+00 -1.911091348462449560e+03
2.885771543086172460e+04 7.103449905856170865e+00 -1.925642466724611040e+03
2.905811623246493036e+04 7.079252747866811468e+00 -1.938556526033367163e+03
2.925851703406813613e+04 7.044408705182992669e+00 -1.950923672899557005e+03
2.945891783567134553e+04 7.005535552925844733e+00 -1.965706065220695791e+03
2.965931863727455129e+04 6.972408099531824277e+00 -1.978334402420264269e+03
2.985971943887775706e+04 6.951395401076756464e+00 -1.989501319167123484e+03
3.006012024048096282e+04 6.934613005353873483e+00 -1.998107781418220839e+03
3.026052104208417222e+04 6.915055698320252020e+00 -2.006183075252748267e+03
3.046092184368737799e+04 6.889807700716105821e+00 -2.015581545624557748e+03
3.066132264529058011e+04 6.858690760185122137e+00 -2.027062122435983156e+03
3.086172344689378588e+04 6.824428291047681228e+00 -2.041148942495322444e+03
3.106212424849699164e+04 6.791838043157930827e+00 -2.056808866185025636e+03
3.126252505010019740e+04 6.764425246081996690e+00 -2.069766917326341172e+03
3.146292585170340317e+04 6.739366537557425652e+00 -2.078341167172921359e+03
3.166332665330661257e+04 6.715494395659314719e+00 -2.087463622646787371e+03
3.186372745490981833e+04 6.690093507317698140e+00 -2.097394492267521855e+03
3.206412825651302410e+04 6.663049075843532343e+00 -2.109195026141600010e+03
3.226452905811622986e+04 6.634538333850688474e+00 -2.122273944598854541e+03
3.246492985971943926e+04 6.606692154967472419e+00 -2.135163430391060501e+03
3.266533066132264503e+04 6.580813582900502112e+00 -2.146263217744440226e+03
3.286573146292585443e+04 6.555891892369245078e+00 -2.156973483898523227e+03
3.306613226452905656e+04 6.530757318245889564e+00 -2.166700995187751232e+03
3.326653306613226596e+04 6.506392968445944724e+00 -2.175862942812495021e+03
3.346693386773546808e+04 6.479413146135149404e+00 -2.186740761925362676e+03
3.366733466933867749e+04 6.444851857244746185e+00 -2.201962835330834423e+03
3.386773547094188689e+04 6.420877145640254469e+00 -2.211447486576199935e+03
3.406813627254508901e+04 6.396171722182997676e+00 -2.220987026266727753e+03
3.426853707414829842e+04 6.357640283213679133e+00 -2.237932154153323609e+03
3.446893787575150054e+04 6.320476915361725290e+00 -2.254828071249765344e+03
3.466933867735470994e+04 6.342296044623893181e+00 -2.239030595517298480e+03
3.486973947895791935e+04 6.052164950828838208e+00 -2.384496256170665220e+03
3.507014028056112147e+04 7.144935869655169469e+00 -1.748792479669265276e+03
3.527054108216433087e+04 2.019202706327352992e+00 -2.725692423957611936e+03
3.547094188376754028e+04 1.153470531160480261e+00 -2.489734156498431730e+03
3.567134268537074240e+04 1.010070983482290963e+00 -2.247676756565505912e+03
3.587174348697395180e+04 9.985526366967550915e-01 -2.238041130489723855e+03
3.607214428857715393e+04 9.962855002502656321e-01 -2.234414202535472668e+03
3.627254509018035606e+04 9.960626071847460405e-01 -2.234154124032410891e+03
3.647294589178356546e+04 9.960323560261954423e-01 -2.234099220771631735e+03
3.667334669338677486e+04 9.960416347657672365e-01 -2.234096220817415087e+03
3.687374749498997699e+04 9.960536700929967235e-01 -2.234102738275586944e+03
3.707414829659318639e+04 9.960659144804506759e-01 -2.234105937610438559e+03
3.727454909819638851e+04 9.960786095109019911e-01 -2.234111034628404468e+03
3.747494989979959792e+04 9.960909376715532115e-01 -2.234115440220871278e+03
3.767535070140280732e+04 9.961033281821456420e-01 -2.234120038841925179e+03
3.787575150300600944e+04 9.961156174742664682e-01 -2.234124544940595570e+03
3.807615230460921885e+04 9.961278680263080387e-01 -2.234129036273541260e+03
3.827655310621242097e+04 9.961400482454045857e-01 -2.234133475644895952e+03
3.847695390781563037e+04 9.961521741913365036e-01 -2.234137880040680557e+03
3.867735470941883978e+04 9.961642385216137319e-01 -2.234142243483896436e+03
3.887775551102204190e+04 9.961762448395234948e-01 -2.234146567624122326e+03
3.907815631262525130e+04 9.961881920893672637e-01 -2.234150853623068997e+03
3.927855711422846070e+04 9.962000807194086871e-01 -2.234155099922571935e+03
3.947895791583166283e+04 9.962119111986577069e-01 -2.234159308950891045e+03
3.967935871743487223e+04 9.962236833468528507e-01 -2.234163479027709400e+03
3.987975951903807436e+04 9.962353977862571375e-01 -2.234167612095761342e+03
4.008016032064128376e+04 9.962470543572026216e-01 -2.234171707072084246e+03
4.028056112224449316e+04 9.962586536487064715e-01 -2.234175765514594332e+03
4.048096192384769529e+04 9.962701955326096481e-01 -2.234179786588298612e+03
4.068136272545090469e+04 9.962816804522842684e-01 -2.234183771333230652e+03
4.088176352705410682e+04 9.962931084216736233e-01 -2.234187719404858854e+03
4.108216432865731622e+04 9.963044798047050454e-01 -2.234191631577888984e+03
4.128256513026052562e+04 9.963157946758542938e-01 -2.234195507715151962e+03
4.148296593186372775e+04 9.963270533674902785e-01 -2.234199348492697936e+03
4.168336673346692987e+04 9.963382559981438513e-01 -2.234203153915456369e+03
4.188376753507013927e+04 9.963494028158290661e-01 -2.234206924399947638e+03
4.208416833667334140e+04 9.963604939651706793e-01 -2.234210660042479958e+03
4.228456913827655080e+04 9.963715296843428382e-01 -2.234214361233472573e+03
4.248496993987976020e+04 9.963825101283939611e-01 -2.234218028106489783e+03
4.268537074148296233e+04 9.963934355173809099e-01 -2.234221661001321536e+03
4.288577154308617173e+04 9.964043060224220261e-01 -2.234225260106506994e+03
4.308617234468937386e+04 9.964151218447608871e-01 -2.234228825708425120e+03
4.328657314629258326e+04 9.964258831694108309e-01 -2.234232358045617730e+03
4.348697394789579266e+04 9.964365902070523306e-01 -2.234235857437956383e+03
4.368737474949899479e+04 9.964472431393097684e-01 -2.234239324115888849e+03
4.388777555110220419e+04 9.964578421483555326e-01 -2.234242758313970626e+03
4.408817635270541359e+04 9.964683873943801506e-01 -2.234246160201191287e+03
4.428857715430861572e+04 9.964788790465736179e-01 -2.234249529978914325e+03
4.448897795591182512e+04 9.964893172861323256e-01 -2.234252867889201752e+03
4.468937875751502725e+04 9.964997023140380605e-01 -2.234256174237179039e+03
4.488977955911823665e+04 9.965100343261786842e-01 -2.234259449312376091e+03
4.509018036072144605e+04 9.965203135034996773e-01 -2.234262693358587057e+03
4.529058116232464818e+04 9.965305400019069948e-01 -2.234265906544129393e+03
4.549098196392785758e+04 9.965407139706962125e-01 -2.234269089021021045e+03
4.569138276553106698e+04 9.965508355703451837e-01 -2.234272240980251354e+03
4.589178356713426911e+04 9.965609049836363642e-01 -2.234275362684803895e+03
4.609218436873747851e+04 9.965709224054545290e-01 -2.234278454435956519e+03
4.629258517034068063e+04 9.965808880240147882e-01 -2.234281516514252417e+03
4.649298597194389004e+04 9.965908020064920825e-01 -2.234284549135817997e+03
4.669338677354709944e+04 9.966006645021459054e-01 -2.234287552463827069e+03
4.689378757515030156e+04 9.966104756566674938e-01 -2.234290526654041969e+03
4.709418837675351097e+04 9.966202356271172125e-01 -2.234293471900785789e+03
4.729458917835671309e+04 9.966299445842889959e-01 -2.234296388442877742e+03
4.749498997995991522e+04 9.966396027036482641e-01 -2.234299276534395176e+03
4.769539078156312462e+04 9.966492101530562975e-01 -2.234302136406455247e+03
4.789579158316633402e+04 9.966587670871354110e-01 -2.234304968250549791e+03
4.809619238476953615e+04 9.966682736516773167e-01 -2.234307772233219112e+03
4.829659318637274555e+04 9.966777299933005096e-01 -2.234310548526455477e+03
4.849699398797594768e+04 9.966871362671850809e-01 -2.234313297331342255e+03
4.869739478957915708e+04 9.966964926379625611e-01 -2.234316018880058436e+03
4.889779559118236648e+04 9.967057992742107686e-01 -2.234318713418077550e+03
4.909819639278556861e+04 9.967150563403364139e-01 -2.234321381178775482e+03
4.929859719438877801e+04 9.967242639908954205e-01 -2.234324022366097779e+03
4.949899799599198013e+04 9.967334223702769558e-01 -2.234326637154231776e+03
4.969939879759518954e+04 9.967425316177173089e-01 -2.234329225703700104e+03
4.989979959919839894e+04 9.967515918743370396e-01 -2.234331788183368189e+03
5.010020040080160106e+04 9.967606032876120681e-01 -2.234334324783912507e+03
5.030060120240480319e+04 9.967695660102995348e-01 -2.234336835713869732e+03
5.050100200400801259e+04 9.967784801949064466e-01 -2.234339321182024378e+03
5.070140280561121472e+04 9.967873459881717579e-01 -2.234341781380406246e+03
5.090180360721442412e+04 9.967961635300892631e-01 -2.234344216481768854e+03
5.110220440881763352e+04 9.968049329581076812e-01 -2.234346626653097246e+03
5.130260521042083565e+04 9.968136544127321752e-01 -2.234349012072945243e+03
5.150300601202404505e+04 9.968223280396046881e-01 -2.234351372937389897e+03
5.170340681362724717e+04 9.968309539863717816e-01 -2.234353709449761936e+03
5.190380761523045658e+04 9.968395323973124889e-01 -2.234356021803850581e+03
5.210420841683366598e+04 9.968480634106037241e-01 -2.234358310175790393e+03
5.230460921843686810e+04 9.968565471605163042e-01 -2.234360574731383622e+03
5.250501002004007751e+04 9.968649837823172488e-01 -2.234362815641487941e+03
5.270541082164328691e+04 9.968733734153281123e-01 -2.234365033091184159e+03
5.290581162324648903e+04 9.968817162013080546e-01 -2.234367227274243760e+03
5.310621242484969844e+04 9.968900122794618346e-01 -2.234369398377361904e+03
5.330661322645290056e+04 9.968982617822272907e-01 -2.234371546567290807e+03
5.350701402805610996e+04 9.969064648353518354e-01 -2.234373671991575520e+03
5.370741482965931937e+04 9.969146215623351237e-01 -2.234375774792787524e+03
5.390781563126252149e+04 9.969227320900760914e-01 -2.234377855126061604e+03
5.410821643286573089e+04 9.969307965517764103e-01 -2.234379913167730592e+03
5.430861723446893302e+04 9.969388150852093178e-01 -2.234381949109412744e+03
5.450901803607214242e+04 9.969467878277806783e-01 -2.234383963142362973e+03
5.470941883767535182e+04 9.969547149119394325e-01 -2.234385955443339753e+03
5.490981963927855395e+04 9.969625964640560500e-01 -2.234387926171503295e+03
5.511022044088176335e+04 9.969704326070983891e-01 -2.234389875477070746e+03
5.531062124248497275e+04 9.969782234645626628e-01 -2.234391803513551167e+03
5.551102204408817488e+04 9.969859691623822462e-01 -2.234393710443381224e+03
5.571142284569138428e+04 9.969936698275277953e-01 -2.234395596433237642e+03
5.591182364729458641e+04 9.970013255850369571e-01 -2.234397461644738996e+03
5.611222444889779581e+04 9.970089365565164563e-01 -2.234399306230009188e+03
5.631262525050100521e+04 9.970165028615389780e-01 -2.234401130336280403e+03
5.651302605210420734e+04 9.970240246204293832e-01 -2.234402934114588334e+03
5.671342685370741674e+04 9.970315019556460490e-01 -2.234404717723830345e+03
5.691382765531062614e+04 9.970389349905769416e-01 -2.234406481326783705e+03
5.711422845691382827e+04 9.970463238473311618e-01 -2.234408225083205252e+03
5.731462925851703767e+04 9.970536686460139686e-01 -2.234409949147750467e+03
5.751503006012023980e+04 9.970609695059741151e-01 -2.234411653673984347e+03
5.771543086172344920e+04 9.970682265470289796e-01 -2.234413338818043030e+03
5.791583166332665860e+04 9.970754398884451586e-01 -2.234415004735211369e+03
5.811623246492986073e+04 9.970826096461993249e-01 -2.234416651571338207e+03
5.831663326653307013e+04 9.970897359316578390e-01 -2.234418279459037421e+03
5.851703406813627225e+04 9.970968188541127208e-01 -2.234419888525999340e+03
5.871743486973948166e+04 9.971038585258504838e-01 -2.234421478910904625e+03
5.891783567134269106e+04 9.971108550653021707e-01 -2.234423050772835722e+03
5.911823647294589318e+04 9.971178085949057301e-01 -2.234424604284015459e+03
5.931863727454910259e+04 9.971247192348993149e-01 -2.234426139610223800e+03
5.951903807615231199e+04 9.971315870981430907e-01 -2.234427656894979464e+03
5.971943887775551411e+04 9.971384122902730018e-01 -2.234429156260610398e+03
5.991983967935872352e+04 9.971451949147767113e-01 -2.234430637824408677e+03
6.012024048096192564e+04 9.971519350784353586e-01 -2.234432101715422050e+03
6.032064128256513504e+04 9.971586328928434551e-01 -2.234433548078691729e+03
6.052104208416834445e+04 9.971652884717078225e-01 -2.234434977066493047e+03
6.072144288577154657e+04 9.971719019272639040e-01 -2.234436388827184146e+03
6.092184368737475597e+04 9.971784733689879054e-01 -2.234437783501469312e+03
6.112224448897795082e+04 9.971850029047490960e-01 -2.234439161226113356e+03
6.132264529058116022e+04 9.971914906420688007e-01 -2.234440522137785138e+03
6.152304609218436235e+04 9.971979366877133932e-01 -2.234441866371629203e+03
6.172344689378757175e+04 9.972043411463812346e-01 -2.234443194057158507e+03
6.192384769539077388e+04 9.972107041205808819e-01 -2.234444505318087522e+03
6.212424849699398328e+04 9.972170257125734238e-01 -2.234445800278548177e+03
6.232464929859719268e+04 9.972233060268489435e-01 -2.234447079070756445e+03
6.252505010020039481e+04 9.972295451707526848e-01 -2.234448341836694453e+03
6.272545090180360421e+04 9.972357432524948662e-01 -2.234449588721660803e+03
6.292585170340680634e+04 9.972419003780466085e-01 -2.234450819864595360e+03
6.312625250501001574e+04 9.972480166492883047e-01 -2.234452035392482230e+03
6.332665330661322514e+04 9.972540921645181022e-01 -2.234453235422210582e+03
6.352705410821642727e+04 9.972601270206973290e-01 -2.234454420067690080e+03
6.372745490981963667e+04 9.972661213159403903e-01 -2.234455589447612965e+03
6.392785571142284607e+04 9.972720751510522064e-01 -2.234456743690084295e+03
6.412825651302604820e+04 9.972779886294894647e-01 -2.234457882932290886e+03
6.432865731462925760e+04 9.972838618556082446e-01 -2.234459007314826977e+03
6.452905811623245972e+04 9.972896949317316961e-01 -2.234460116972451488e+03
6.472945891783566913e+04 9.972954879556175101e-01 -2.234461212026307749e+03
6.492985971943887853e+04 9.973012410203093703e-01 -2.234462292583784347e+03
6.513026052104208065e+04 9.973069542171453250e-01 -2.234463358748201244e+03
6.533066132264529006e+04 9.973126276402216606e-01 -2.234464410632718682e+03
6.553106212424849946e+04 9.973182613888897929e-01 -2.234465448367775934e+03
6.573146292585170886e+04 9.973238555659241777e-01 -2.234466472094913570e+03
6.593186372745491099e+04 9.973294102724650223e-01 -2.234467481950823185e+03
6.613226452905811311e+04 9.973349256037190580e-01 -2.234468478054207935e+03
6.633266533066131524e+04 9.973404016489686441e-01 -2.234469460506335054e+03
6.653306613226453192e+04 9.973458384959194012e-01 -2.234470429404927017e+03
6.673346693386773404e+04 9.973512362357626060e-01 -2.234471384859820319e+03
6.693386773547093617e+04 9.973565949648713902e-01 -2.234472326997758046e+03
6.713426853707415285e+04 9.973619147819742237e-01 -2.234473255953178523e+03
6.733466933867735497e+04 9.973671957834332469e-01 -2.234474171853408734e+03
6.753507014028055710e+04 9.973724380604941375e-01 -2.234475074810408387e+03
6.773547094188377378e+04 9.973776417003854533e-01 -2.234475964924566142e+03
6.793587174348697590e+04 9.973828067899942473e-01 -2.234476842296294308e+03
6.813627254509017803e+04 9.973879334190243195e-01 -2.234477707035718595e+03
6.833667334669339471e+04 9.973930216804284266e-01 -2.234478559263698116e+03
6.853707414829659683e+04 9.973980716681556391e-01 -2.234479399104570348e+03
6.873747494989979896e+04 9.974030834741269835e-01 -2.234480226676748771e+03
6.893787575150300108e+04 9.974080571866729139e-01 -2.234481042088079448e+03
6.913827655310621776e+04 9.974129928914180487e-01 -2.234481845438852361e+03
6.933867735470941989e+04 9.974178906738374595e-01 -2.234482636829898183e+03
6.953907815631262201e+04 9.974227506215181949e-01 -2.234483416369546831e+03
6.973947895791583869e+04 9.974275728244077488e-01 -2.234484184174145867e+03
6.993987975951904082e+04 9.974323573728128833e-01 -2.234484940361654026e+03
7.014028056112224294e+04 9.974371043547466398e-01 -2.234485685043401645e+03
7.034068136272545962e+04 9.974418138548258872e-01 -2.234486418320870598e+03
7.054108216432866175e+04 9.974464859557238272e-01 -2.234487140290445495e+03
7.074148296593186387e+04 9.974511207409759717e-01 -2.234487851052152564e+03
7.094188376753508055e+04 9.974557182966472535e-01 -2.234488550714613211e+03
7.114228456913828268e+04 9.974602787103503676e-01 -2.234489239391662522e+03
7.134268537074148480e+04 9.974648020685065175e-01 -2.234489917193707242e+03
7.154308617234470148e+04 9.974692884543854277e-01 -2.234490584221804966e+03
7.174348697394790361e+04 9.974737379487661482e-01 -2.234491240570013360e+03
7.194388777555110573e+04 9.974781506325921532e-01 -2.234491886333795719e+03
7.214428857715430786e+04 9.974825265890754356e-01 -2.234492521616449267e+03
7.234468937875750999e+04 9.974868659032964935e-01 -2.234493146527606314e+03
7.254509018036071211e+04 9.974911686598140204e-01 -2.234493761175658619e+03
7.274549098196392879e+04 9.974954349406620624e-01 -2.234494365661654228e+03
7.294589178356713091e+04 9.974996648256941878e-01 -2.234494960080584860e+03
7.314629258517033304e+04 9.975038583948108162e-01 -2.234495544528413120e+03
7.334669338677354972e+04 9.975080157297414596e-01 -2.234496119107443064e+03
7.354709418837675184e+04 9.975121369135245830e-01 -2.234496683924436184e+03
7.374749498997995397e+04 9.975162220281712511e-01 -2.234497239083261775e+03
7.394789579158315610e+04 9.975202711528233790e-01 -2.234497784679327196e+03
7.414829659318637277e+04 9.975242843641276558e-01 -2.234498320801023056e+03
7.434869739478957490e+04 9.975282617383181005e-01 -2.234498847536348421e+03
7.454909819639277703e+04 9.975322033529320231e-01 -2.234499364978154972e+03
7.474949899799599370e+04 9.975361092867102153e-01 -2.234499873223645409e+03
7.494989979959919583e+04 9.975399796182846668e-01 -2.234500372370204786e+03
7.515030060120239796e+04 9.975438144254360484e-01 -2.234500862513141328e+03
7.535070140280561463e+04 9.975476137857975933e-01 -2.234501343747956980e+03
7.555110220440881676e+04 9.975513777780414815e-01 -2.234501816173966290e+03
7.575150300601201889e+04 9.975551064818980462e-01 -2.234502279894172716e+03
7.595190380761523556e+04 9.975587999766083458e-01 -2.234502735010308697e+03
7.615230460921843769e+04 9.975624583391167199e-01 -2.234503181617285463e+03
7.635270541082163982e+04 9.975660816436878742e-01 -2.234503619802208505e+03
7.655310621242484194e+04 9.975696699632171649e-01 -2.234504049648621731e+03
7.675350701402805862e+04 9.975732233709079244e-01 -2.234504471241730698e+03
7.695390781563126075e+04 9.975767419409112824e-01 -2.234504884670293450e+03
7.715430861723446287e+04 9.975802257477887069e-01 -2.234505290024835631e+03
7.735470941883767955e+04 9.975836748657305186e-01 -2.234505687395235782e+03
7.755511022044088168e+04 9.975870893683640439e-01 -2.234506076870180095e+03
7.775551102204408380e+04 9.975904693290830183e-01 -2.234506458538203788e+03
7.795591182364730048e+04 9.975938148212658563e-01 -2.234506832488369582e+03
7.815631262525050261e+04 9.975971259182061512e-01 -2.234507198810065802e+03
7.835671342685370473e+04 9.976004026931365454e-01 -2.234507557593113233e+03
7.855711422845692141e+04 9.976036452195516935e-01 -2.234507908928790584e+03
7.875751503006012354e+04 9.976068535714421870e-01 -2.234508252910498868e+03
7.895791583166332566e+04 9.976100278228469120e-01 -2.234508589632219810e+03
7.915831663326652779e+04 9.976131680467674734e-01 -2.234508919184977458e+03
7.935871743486974447e+04 9.976162743142643619e-01 -2.234509241653988283e+03
7.955911823647294659e+04 9.976193466945723065e-01 -2.234509557119056353e+03
7.975951903807614872e+04 9.976223852562320360e-01 -2.234509865658112631e+03
7.995991983967936540e+04 9.976253900682661158e-01 -2.234510167350898428e+03
8.016032064128256752e+04 9.976283612005131252e-01 -2.234510462280011780e+03
8.036072144288576965e+04 9.976312987230713247e-01 -2.234510750529281722e+03
8.056112224448898633e+04 9.976342027055772332e-01 -2.234511032181720566e+03
8.076152304609218845e+04 9.976370732170660727e-01 -2.234511307319300613e+03
8.096192384769539058e+04 9.976399103265041202e-01 -2.234511576024703572e+03
8.116232464929860726e+04 9.976427141034631685e-01 -2.234511838383352824e+03
8.136272545090180938e+04 9.976454846183266945e-01 -2.234512094483783585e+03
8.156312625250501151e+04 9.976482219417879271e-01 -2.234512344415803454e+03
8.176352705410821363e+04 9.976509261439115983e-01 -2.234512588267341471e+03
8.196392785571143031e+04 9.976535972933308072e-01 -2.234512826121919716e+03
8.216432865731463244e+04 9.976562354570427393e-01 -2.234513058058145816e+03
8.236472945891783456e+04 9.976588407008787351e-01 -2.234513284151419157e+03
8.256513026052105124e+04 9.976614130902707878e-01 -2.234513504476537037e+03
8.276553106212425337e+04 9.976639526907850053e-01 -2.234513719109482736e+03
8.296593186372745549e+04 9.976664595682288583e-01 -2.234513928127748386e+03
8.316633266533067217e+04 9.976689337885660258e-01 -2.234514131609973447e+03
8.336673346693385975e+04 9.976713754179689086e-01 -2.234514329635918784e+03
8.356713426853706187e+04 9.976737845229377566e-01 -2.234514522286632655e+03
8.376753507014027855e+04 9.976761611700833976e-01 -2.234514709643604419e+03
8.396793587174348067e+04 9.976785054253903828e-01 -2.234514891786436237e+03
8.416833667334668280e+04 9.976808173534849056e-01 -2.234515068790717123e+03
8.436873747494989948e+04 9.976830970177560376e-01 -2.234515240728675053e+03
8.456913827655310160e+04 9.976853444815746430e-01 -2.234515407673189202e+03
8.476953907815630373e+04 9.976875598097701969e-01 -2.234515569702413359e+03
8.496993987975952041e+04 9.976897430690191415e-01 -2.234515726900767277e+03
8.517034068136272253e+04 9.976918943264835304e-01 -2.234515879354416029e+03
8.537074148296592466e+04 9.976940136474933274e-01 -2.234516027143878546e+03
8.557114228456914134e+04 9.976961010939791041e-01 -2.234516170339210930e+03
8.577154308617234346e+04 9.976981567249749716e-01 -2.234516309001794525e+03
8.597194388777554559e+04 9.977001805991265737e-01 -2.234516443192370389e+03
8.617234468937874772e+04 9.977021727776372861e-01 -2.234516572980328874e+03
8.637274549098196439e+04 9.977041333256471134e-01 -2.234516698447912859e+03
8.657314629258516652e+04 9.977060623108421344e-01 -2.234516819685713017e+03
8.677354709418836865e+04 9.977079597999024552e-01 -2.234516936781498316e+03
8.697394789579158532e+04 9.977098258551664323e-01 -2.234517049809849141e+03
8.717434869739478745e+04 9.977116605340692335e-01 -2.234517158830596600e+03
8.737474949899798958e+04 9.977134638921640875e-01 -2.234517263898321289e+03
8.757515030060120625e+04 9.977152359876493293e-01 -2.234517365076319493e+03
8.777555110220440838e+04 9.977169768837219621e-01 -2.234517462443566728e+03
8.797595190380761051e+04 9.977186866466215553e-01 -2.234517556088348101e+03
8.817635270541082718e+04 9.977203653408915907e-01 -2.234517646093634994e+03
8.837675350701402931e+04 9.977220130260637809e-01 -2.234517732527248882e+03
8.857715430861723144e+04 9.977236297578001567e-01 -2.234517815445899032e+03
8.877755511022043356e+04 9.977252155922866628e-01 -2.234517894908895869e+03
8.897795591182365024e+04 9.977267705895483951e-01 -2.234517970988007164e+03
8.917835671342685237e+04 9.977282948125472117e-01 -2.234518043764107006e+03
8.937875751503005449e+04 9.977297883232935094e-01 -2.234518113314936272e+03
8.957915831663327117e+04 9.977312511802163275e-01 -2.234518179707217769e+03
8.977955911823647330e+04 9.977326834394119048e-01 -2.234518243000836264e+03
8.997995991983967542e+04 9.977340851580659420e-01 -2.234518303259428649e+03
9.018036072144289210e+04 9.977354563961128298e-01 -2.234518360555338404e+03
9.038076152304609423e+04 9.977367972143892372e-01 -2.234518414964096337e+03
9.058116232464929635e+04 9.977381076715372554e-01 -2.234518466555640771e+03
9.078156312625251303e+04 9.977393878230410573e-01 -2.234518515392148856e+03
9.098196392785571516e+04 9.977406377232116430e-01 -2.234518561533901448e+03
9.118236472945891728e+04 9.977418574278617003e-01 -2.234518605045746881e+03
9.138276553106213396e+04 9.977430469952068837e-01 -2.234518645997556177e+03
9.158316633266533609e+04 9.977442064848722758e-01 -2.234518684460096210e+03
9.178356713426853821e+04 9.977453359564942836e-01 -2.234518720502221640e+03
9.198396793587174034e+04 9.977464354687632930e-01 -2.234518754191317839e+03
9.218436873747495702e+04 9.977475050786036581e-01 -2.234518785593895700e+03
9.238476953907815914e+04 9.977485448404973534e-01 -2.234518814774075508e+03
9.258517034068136127e+04 9.977495548068904263e-01 -2.234518841792400053e+03
9.278557114228457795e+04 9.977505350302201537e-01 -2.234518866708183850e+03
9.298597194388778007e+04 9.977514855652775960e-01 -2.234518889583976488e+03
9.318637274549098220e+04 9.977524064697804729e-01 -2.234518910487216090e+03
9.338677354709419888e+04 9.977532978027449095e-01 -2.234518929487440801e+03
9.358717434869740100e+04 9.977541596222971876e-01 -2.234518946652446175e+03
9.378757515030060313e+04 9.977549919846809834e-01 -2.234518962047100558e+03
9.398797595190381981e+04 9.977557949444832985e-01 -2.234518975734350988e+03
9.418837675350702193e+04 9.977565685551591512e-01 -2.234518987775950336e+03
9.438877755511022406e+04 9.977573128694924298e-01 -2.234518998232564172e+03
9.458917835671342618e+04 9.977580279401677688e-01 -2.234519007164405593e+03
9.478957915831662831e+04 9.977587138203449779e-01 -2.234519014632378912e+03
9.498997995991983043e+04 9.977593705637827215e-01 -2.234519020698381155e+03
9.519038076152304711e+04 9.977599982245707322e-01 -2.234519025424716347e+03
9.539078156312624924e+04 9.977605968569102091e-01 -2.234519028873742172e+03
9.559118236472945136e+04 9.977611665497666538e-01 -2.234519031092893783e+03
9.579158316633266804e+04 9.977617074463426272e-01 -2.234519032141680782e+03
9.599198396793587017e+04 9.977622191245943961e-01 -2.234519032319532926e+03
9.619238476953907229e+04 9.977627022732826756e-01 -2.234519030956579627e+03
9.639278557114227442e+04 9.977631568141053231e-01 -2.234519029195877465e+03
9.659318637274549110e+04 9.977635821805694860e-01 -2.234519026216918064e+03
9.679358717434869322e+04 9.977639791212088438e-01 -2.234519022372957352e+03
9.699398797595189535e+04 9.977643474675358393e-01 -2.234519017846390852e+03
9.719438877755511203e+04 9.977646871792862360e-01 -2.234519012525372091e+03
9.739478957915831415e+04 9.977649984413309303e-01 -2.234519006536208508e+03
9.759519038076151628e+04 9.977652812467328047e-01 -2.234518999949192676e+03
9.779559118236473296e+04 9.977655356357307825e-01 -2.234518992789212916e+03
9.799599198396793508e+04 9.977657616897790405e-01 -2.234518985133660408e+03
9.819639278557113721e+04 9.977659594477915617e-01 -2.234518977043345330e+03
9.839679358717435389e+04 9.977661289579329296e-01 -2.234518968568287619e+03
9.859719438877755601e+04 9.977662702811642692e-01 -2.234518959766856369e+03
9.879759519038075814e+04 9.977663835319520169e-01 -2.234518950673439122e+03
9.899799599198396027e+04 9.977664695335308753e-01 -2.234518941064598039e+03
9.919839679358717694e+04 9.977665198212091191e-01 -2.234518927693779915e+03
9.939879759519037907e+04 9.977665428737365616e-01 -2.234518912766979156e+03
9.959919839679358120e+04 9.977665498073511330e-01 -2.234518907663645223e+03
9.979959919839679787e+04 9.977665428737365616e-01 -2.234518912766979156e+03
1.000000000000000000e+05 9.977665498073511330e-01 -2.234518907663645223e+03
