# 628.891940550742
0.000000000000000000e+00 1.123405415510766447e+00 -1.471441403628231392e-01
2.004008016032063892e+02 1.128393092628441563e+00 1.647689608091271962e+00
4.008016032064127785e+02 1.128393092628441563e+00 -1.647689608091271962e+00
6.012024048096192246e+02 1.123405415510766447e+00 1.471441403628231392e-01
8.016032064128255570e+02 1.123157766595211049e+00 -3.070424038787611831e+00
1.002004008016032003e+03 1.118153582374368682e+00 -1.393485130324727983e+00
1.202404809619238449e+03 1.118089685913247866e+00 -4.983470669543550002e+00
1.402805611222444895e+03 1.113458856226340998e+00 -3.548709044968366477e+00
1.603206412825651114e+03 1.113847908545606780e+00 -6.856888895815487217e+00
1.803607214428857787e+03 1.109476794151660783e+00 -4.855501346775787042e+00
2.004008016032064006e+03 1.110002058696338390e+00 -7.434528177328500576e+00
2.204408817635270680e+03 1.105757053805667800e+00 -5.173511575309323263e+00
2.404809619238476898e+03 1.106001640301107036e+00 -7.924482137045410823e+00
2.605210420841683117e+03 1.101594906192038481e+00 -6.370950370487640235e+00
2.805611222444889790e+03 1.101614172237200373e+00 -9.740005212500895126e+00
3.006012024048096009e+03 1.097108833768520197e+00 -8.317424689441606844e+00
3.206412825651302228e+03 1.097437187540115433e+00 -1.113038556321482275e+01
3.406813627254508901e+03 1.093439697763630480e+00 -9.037853002728279961e+00
3.607214428857715575e+03 1.094053073411434429e+00 -1.132974740241176015e+01
3.807615230460922248e+03 1.090309647587465181e+00 -9.232418030886115901e+00
4.008016032064128012e+03 1.090895037325983363e+00 -1.166037792606114998e+01
4.208416833667334686e+03 1.087168597544569737e+00 -9.849753288606246215e+00
4.408817635270541359e+03 1.087461273563752107e+00 -1.244833766965890653e+01
4.609218436873747123e+03 1.083176051033429177e+00 -1.111267956133067436e+01
4.809619238476953797e+03 1.082643888292474044e+00 -1.422168071926668276e+01
5.010020040080160470e+03 1.077835021981889962e+00 -1.360986884477667580e+01
5.210420841683366234e+03 1.076698407230431753e+00 -1.699117238937238383e+01
5.410821643286572908e+03 1.072062027547808771e+00 -1.672372673484254335e+01
5.611222444889779581e+03 1.071065021009039775e+00 -1.970807577624517037e+01
5.811623246492986254e+03 1.067220861877150151e+00 -1.913813526561981604e+01
6.012024048096192018e+03 1.066733867371895794e+00 -2.122392819197807512e+01
6.212424849699398692e+03 1.063439696407629143e+00 -2.012597530482200980e+01
6.412825651302604456e+03 1.063092037449283156e+00 -2.198940371612971845e+01
6.613226452905811129e+03 1.059730599538730056e+00 -2.115688349867750873e+01
6.813627254509017803e+03 1.058951651837671815e+00 -2.341925320861289705e+01
7.014028056112224476e+03 1.055322297822749222e+00 -2.314586977878142449e+01
7.214428857715431150e+03 1.054077174938940376e+00 -2.537849986178222395e+01
7.414829659318637823e+03 1.050463504082258526e+00 -2.527674820889683360e+01
7.615230460921844497e+03 1.048976148698390176e+00 -2.759308721768070427e+01
7.815631262525049351e+03 1.045001295830678689e+00 -2.802683324486488559e+01
8.016032064128256025e+03 1.042703949430866750e+00 -3.097481013157864282e+01
8.216432865731463608e+03 1.038259039680133666e+00 -3.225481915118916731e+01
8.416833667334669371e+03 1.035448839342475003e+00 -3.499728806809713433e+01
8.617234468937875135e+03 1.031802029954370203e+00 -3.614565169736108174e+01
8.817635270541082718e+03 1.029550060027905278e+00 -3.789787377114319611e+01
9.018036072144288482e+03 1.026689710727790805e+00 -3.862904419834595870e+01
9.218436873747494246e+03 1.024526832292723455e+00 -4.029112324234220210e+01
9.418837675350701829e+03 1.021244691919743097e+00 -4.133687251548051478e+01
9.619238476953907593e+03 1.018613278999931371e+00 -4.337485767539591563e+01
9.819639278557115176e+03 1.015336838517038265e+00 -4.460057049445672561e+01
1.002004008016032094e+04 1.012916067518853325e+00 -4.613286847237719002e+01
1.022044088176352670e+04 1.010467112286941527e+00 -4.696414147307423548e+01
1.042084168336673247e+04 1.008552586062520851e+00 -4.790100569905801819e+01
1.062124248496994005e+04 1.006407748889101450e+00 -4.844233565004751085e+01
1.082164328657314582e+04 1.004525232307550420e+00 -4.935571251017993433e+01
1.102204408817635340e+04 1.002174027164807191e+00 -5.007528307022096925e+01
1.122244488977955916e+04 9.999153854193281177e-01 -5.133567412206949143e+01
1.142284569138276674e+04 9.971076156735826368e-01 -5.249672676455082154e+01
1.162324649298597251e+04 9.944714754157252257e-01 -5.408870554527450736e+01
1.182364729458917827e+04 9.916451979436771147e-01 -5.531588865264509991e+01
1.202404809619238404e+04 9.893384306103818471e-01 -5.648927445570426187e+01
1.222444889779559162e+04 9.873067856506018147e-01 -5.717791798427006000e+01
1.242484969939879738e+04 9.856462248043104113e-01 -5.767024118724025072e+01
1.262525050100200315e+04 9.840347374967569616e-01 -5.800244165547827180e+01
1.282565130260520891e+04 9.824087208871608023e-01 -5.852191487198128073e+01
1.302605210420841649e+04 9.804065028741943966e-01 -5.914377618587261054e+01
1.322645290581162226e+04 9.781724393504788173e-01 -6.021489561811844737e+01
1.342685370741482984e+04 9.754651277961132738e-01 -6.152581400859531868e+01
1.362725450901803561e+04 9.725810703431667648e-01 -6.318203155673787563e+01
1.382765531062124319e+04 9.695660469109609325e-01 -6.474334572503289564e+01
1.402805611222444895e+04 9.669492959980168223e-01 -6.615664825365158208e+01
1.422845691382765654e+04 9.647762824552328365e-01 -6.703399045688567526e+01
1.442885771543086230e+04 9.631501598258191965e-01 -6.747256940682416371e+01
1.462925851703406806e+04 9.618313473221201670e-01 -6.761457811314944877e+01
1.482965931863727565e+04 9.604958345785853391e-01 -6.778958462395246443e+01
1.503006012024048141e+04 9.588141851414072603e-01 -6.818171587647120191e+01
1.523046092184368899e+04 9.568182638304425502e-01 -6.894242173519455719e+01
1.543086172344689294e+04 9.546150723570653307e-01 -6.983434893038553071e+01
1.563126252505009870e+04 9.525214203116297851e-01 -7.064787928672109274e+01
1.583166332665330629e+04 9.507417180354056363e-01 -7.113785691971358460e+01
1.603206412825651205e+04 9.493656420682443642e-01 -7.132629830793966619e+01
1.623246492985971963e+04 9.482121898464774823e-01 -7.124377744384263167e+01
1.643286573146292722e+04 9.470555962182424237e-01 -7.112969626346345819e+01
1.663326653306613298e+04 9.458057002802374713e-01 -7.112574090762564083e+01
1.683366733466933874e+04 9.445173383943695766e-01 -7.115414600347494911e+01
1.703406813627254451e+04 9.434722508538523345e-01 -7.092280252277512886e+01
1.723446893787575027e+04 9.430181712007342787e-01 -7.026159841193140210e+01
1.743486973947895967e+04 9.432177075696771551e-01 -6.900147437376628545e+01
1.763527054108216544e+04 9.437788070756879533e-01 -6.739993483609634950e+01
1.783567134268537120e+04 9.441699817537537731e-01 -6.601796322731414079e+01
1.803607214428857696e+04 9.436490510374930807e-01 -6.537531310936206808e+01
1.823647294589178273e+04 9.418433074246859160e-01 -6.586360233317267898e+01
1.843687374749498849e+04 9.389354984669328053e-01 -6.742365648274866885e+01
1.863727454909819426e+04 9.352817750267896635e-01 -6.955386373275840128e+01
1.883767535070140366e+04 9.314510663279662595e-01 -7.194775717055438236e+01
1.903807615230460942e+04 9.276140988831061973e-01 -7.427107463506217755e+01
1.923847695390781519e+04 9.238929554526319476e-01 -7.655313302714880308e+01
1.943887775551102095e+04 9.202043491878828529e-01 -7.875432855458662118e+01
1.963927855711423035e+04 9.166271098944738238e-01 -8.088825911347684894e+01
1.983967935871743612e+04 9.132371598261643797e-01 -8.282613555690389262e+01
2.004008016032064188e+04 9.101321515001771223e-01 -8.452465428241640666e+01
2.024048096192384764e+04 9.072299036848679998e-01 -8.602208497824544509e+01
2.044088176352705341e+04 9.043442195667132921e-01 -8.750545386949598026e+01
2.064128256513026281e+04 9.012744444138830469e-01 -8.914100306337026325e+01
2.084168336673346494e+04 8.979929247750416677e-01 -9.097286583567066032e+01
2.104208416833667070e+04 8.946560534476393212e-01 -9.286515357426409878e+01
2.124248496993988010e+04 8.915112590522334957e-01 -9.461035540688496326e+01
2.144288577154308587e+04 8.887426045260801155e-01 -9.604046649441066563e+01
2.164328657314629163e+04 8.864048955178399636e-01 -9.710606135748331269e+01
2.184368737474949739e+04 8.844291408193750703e-01 -9.786333596592056949e+01
2.204408817635270680e+04 8.826940451881988281e-01 -9.841843860254142839e+01
2.224448897795591256e+04 8.810730372281169176e-01 -9.888189049637551875e+01
2.244488977955911832e+04 8.794434017834850126e-01 -9.935900638888074354e+01
2.264529058116232409e+04 8.776951455200215912e-01 -9.993866405612511983e+01
2.284569138276553349e+04 8.757707643841532441e-01 -1.006657405035372790e+02
2.304609218436873925e+04 8.737251658573707003e-01 -1.014914606443313261e+02
2.324649298597194502e+04 8.717417348017726386e-01 -1.022637302586044257e+02
2.344689378757515078e+04 8.700641360953923487e-01 -1.027784809887074005e+02
2.364729458917835655e+04 8.689425457858862556e-01 -1.028422906058714261e+02
2.384769539078156231e+04 8.684725111770249528e-01 -1.023264460835783325e+02
2.404809619238476807e+04 8.686104335176315638e-01 -1.013160719286862701e+02
2.424849699398797384e+04 8.690691855975885005e-01 -1.000257558429253635e+02
2.444889779559118324e+04 8.695047115170383423e-01 -9.874375093356678690e+01
2.464929859719438900e+04 8.696413288486659621e-01 -9.772092267243866104e+01
2.484969939879759477e+04 8.692681584783850113e-01 -9.711147540901897912e+01
2.505010020040080053e+04 8.683956315394690817e-01 -9.691364215972619434e+01
2.525050100200400630e+04 8.670883582341960549e-01 -9.710277066600458795e+01
2.545090180360721206e+04 8.654158258684142568e-01 -9.760631432404095165e+01
2.565130260521041782e+04 8.633783500211890116e-01 -9.842615082972939433e+01
2.585170340681362359e+04 8.608955788010247412e-01 -9.962137623978766499e+01
2.605210420841683299e+04 8.578846405501074912e-01 -1.012503552041813180e+02
2.625250501002003875e+04 8.543614107290582460e-01 -1.032906168063505987e+02
2.645290581162324452e+04 8.504980020591228485e-01 -1.055949173326579995e+02
2.665330661322645028e+04 8.465859020628208054e-01 -1.079230402404605655e+02
2.685370741482965968e+04 8.429160109924752620e-01 -1.100394153687512215e+02
2.705410821643286545e+04 8.396458536713210519e-01 -1.118195214576437735e+02
2.725450901803607121e+04 8.367357633027304731e-01 -1.132995675290291899e+02
2.745490981963927698e+04 8.339843886338607071e-01 -1.146465831069933188e+02
2.765531062124248638e+04 8.311512120162427575e-01 -1.160593907986293658e+02
2.785571142284569214e+04 8.281067755561419830e-01 -1.176456323763936211e+02
2.805611222444889790e+04 8.248981231588431440e-01 -1.193689992257398131e+02
2.825651302605210367e+04 8.216911776383429844e-01 -1.210979183464250610e+02
2.845691382765531307e+04 8.186606058441309175e-01 -1.226969323692031679e+02
2.865731462925851883e+04 8.159014901749033211e-01 -1.240980874593891059e+02
2.885771543086172460e+04 8.134087574371366980e-01 -1.253147309769305764e+02
2.905811623246493036e+04 8.111253039019036271e-01 -1.263982030520405573e+02
2.925851703406813613e+04 8.090171096073109913e-01 -1.273747979083430693e+02
2.945891783567134553e+04 8.071391016815950836e-01 -1.281930435563394042e+02
2.965931863727455129e+04 8.056110101873575902e-01 -1.287386049083255273e+02
2.985971943887775706e+04 8.045474903771558939e-01 -1.289435145509063148e+02
3.006012024048096282e+04 8.040083293866543412e-01 -1.286831479670947260e+02
3.026052104208417222e+04 8.040487871303385603e-01 -1.279510285240818490e+02
3.046092184368737799e+04 8.045684314582058905e-01 -1.267918642602722770e+02
3.066132264529058011e+04 8.053429962471493342e-01 -1.253617732817501462e+02
3.086172344689378588e+04 8.061372146876091271e-01 -1.238380061948848692e+02
3.106212424849699164e+04 8.067486665761091080e-01 -1.223759937233919999e+02
3.126252505010019740e+04 8.070210818880656500e-01 -1.211545084057731714e+02
3.146292585170340317e+04 8.066309984651941489e-01 -1.204064455397051319e+02
3.166332665330661257e+04 8.054396506661704036e-01 -1.202768258024477603e+02
3.186372745490981833e+04 8.033922760209978309e-01 -1.208803516537808207e+02
3.206412825651302410e+04 8.006122350347674166e-01 -1.220976377068143961e+02
3.226452905811622986e+04 7.973178666998198549e-01 -1.237678605922388897e+02
3.246492985971943926e+04 7.937360434973490531e-01 -1.257116655792415969e+02
3.266533066132264503e+04 7.900390937280141745e-01 -1.277890675684489707e+02
3.286573146292585443e+04 7.863216476053448423e-01 -1.299172046117648165e+02
3.306613226452905656e+04 7.826263002078192033e-01 -1.320496756343413267e+02
3.326653306613226596e+04 7.789979238110865678e-01 -1.341359000685671674e+02
3.346693386773546808e+04 7.755235983834942726e-01 -1.360961735754996766e+02
3.366733466933867749e+04 7.723171835368837224e-01 -1.378411348570957102e+02
3.386773547094188689e+04 7.694640912822207079e-01 -1.393160544851470206e+02
3.406813627254508901e+04 7.669785722918721627e-01 -1.405251541751674722e+02
3.426853707414829842e+04 7.647904353589325410e-01 -1.415283471933372255e+02
3.446893787575150054e+04 7.627464113351596353e-01 -1.424329261029629379e+02
3.466933867735470994e+04 7.606492748861118924e-01 -1.433691288664679462e+02
3.486973947895791935e+04 7.583491994345235021e-01 -1.444349366571645987e+02
3.507014028056112147e+04 7.558113188883778255e-01 -1.456571903407837567e+02
3.527054108216433087e+04 7.531111685284401780e-01 -1.469933969329065917e+02
3.547094188376754028e+04 7.503785083836254088e-01 -1.483584445804690120e+02
3.567134268537074240e+04 7.477489095906929562e-01 -1.496457072884697936e+02
3.587174348697395180e+04 7.453385471894375947e-01 -1.507484291696877108e+02
3.607214428857715393e+04 7.432251421171238714e-01 -1.515952859513804185e+02
3.627254509018035606e+04 7.414462099595104938e-01 -1.521694775452058934e+02
3.647294589178356546e+04 7.399872222780565778e-01 -1.524967348137278975e+02
3.667334669338677486e+04 7.388795043542044638e-01 -1.526047273310960009e+02
3.687374749498997699e+04 7.381696245182052252e-01 -1.524319652060280532e+02
3.707414829659318639e+04 7.378074283136191180e-01 -1.519957734359726942e+02
3.727454909819638851e+04 7.378643778842297607e-01 -1.512492266396626519e+02
3.747494989979959792e+04 7.383109651924369965e-01 -1.502147467338517686e+02
3.767535070140280732e+04 7.388319251174074731e-01 -1.491127155692996951e+02
3.787575150300600944e+04 7.394627038272220121e-01 -1.478333522835195879e+02
3.807615230460921885e+04 7.394007981728959455e-01 -1.470652666275852027e+02
3.827655310621242097e+04 7.396672303917202207e-01 -1.462653349214552065e+02
3.847695390781563037e+04 7.374833675952565670e-01 -1.471687379126082647e+02
3.867735470941883978e+04 7.376040686761420329e-01 -1.463705131723739612e+02
3.887775551102204190e+04 7.321103483742277263e-01 -1.498097993021107470e+02
3.907815631262525130e+04 7.346264837141941451e-01 -1.471010880199383166e+02
3.927855711422846070e+04 7.224448471633403424e-01 -1.554876852032338377e+02
3.947895791583166283e+04 7.353288464453208162e-01 -1.450792311700176640e+02
3.967935871743487223e+04 7.016048237313238234e-01 -1.690166948300977197e+02
3.987975951903807436e+04 7.570672203830733915e-01 -1.262868420935527638e+02
4.008016032064128376e+04 8.074480080949837657e-02 -2.151040134798424788e+02
4.028056112224449316e+04 4.425362656557003255e-02 -1.783783652018769317e+02
4.048096192384769529e+04 3.938769739816522925e-02 -1.602135309699377217e+02
4.068136272545090469e+04 3.925336627573285109e-02 -1.599968900762531518e+02
4.088176352705410682e+04 3.922839000179343533e-02 -1.598994359261300815e+02
4.108216432865731622e+04 3.922795079034342713e-02 -1.598991001574356687e+02
4.128256513026052562e+04 3.922786765047786561e-02 -1.598984416892658373e+02
4.148296593186372775e+04 3.922801745427517695e-02 -1.598985418685085449e+02
4.168336673346692987e+04 3.922811639693223051e-02 -1.598985943291988292e+02
4.188376753507013927e+04 3.922820473166936661e-02 -1.598985992602913484e+02
4.208416833667334140e+04 3.922829578561123215e-02 -1.598986126240051817e+02
4.228456913827655080e+04 3.922838642579177387e-02 -1.598986253231519470e+02
4.248496993987976020e+04 3.922847676394453781e-02 -1.598986381299390587e+02
4.268537074148296233e+04 3.922856675153274519e-02 -1.598986507848534586e+02
4.288577154308617173e+04 3.922865640278381388e-02 -1.598986633602295342e+02
4.308617234468937386e+04 3.922874571406868849e-02 -1.598986758373420969e+02
4.328657314629258326e+04 3.922883468655138928e-02 -1.598986882215652656e+02
4.348697394789579266e+04 3.922892332013850486e-02 -1.598987005119734874e+02
4.368737474949899479e+04 3.922901161506503476e-02 -1.598987127092843252e+02
4.388777555110220419e+04 3.922909957148013743e-02 -1.598987248137860320e+02
4.408817635270541359e+04 3.922918718955530071e-02 -1.598987368258785864e+02
4.428857715430861572e+04 3.922927446945603802e-02 -1.598987487459324655e+02
4.448897795591182512e+04 3.922936141134929916e-02 -1.598987605743254221e+02
4.468937875751502725e+04 3.922944801540156901e-02 -1.598987723114328503e+02
4.488977955911823665e+04 3.922953428177934632e-02 -1.598987839576304566e+02
4.509018036072144605e+04 3.922962021064899801e-02 -1.598987955132933223e+02
4.529058116232464818e+04 3.922970580217679387e-02 -1.598988069787963298e+02
4.549098196392785758e+04 3.922979105652892734e-02 -1.598988183545139634e+02
4.569138276553106698e+04 3.922987597387154329e-02 -1.598988296408204519e+02
4.589178356713426911e+04 3.922996055437064089e-02 -1.598988408380895123e+02
4.609218436873747851e+04 3.923004479819213602e-02 -1.598988519466946912e+02
4.629258517034068063e+04 3.923012870550188214e-02 -1.598988629670091655e+02
4.649298597194389004e+04 3.923021227646562858e-02 -1.598988738994059133e+02
4.669338677354709944e+04 3.923029551124894432e-02 -1.598988847442571171e+02
4.689378757515030156e+04 3.923037841001734277e-02 -1.598988955019346747e+02
4.709418837675351097e+04 3.923046097293633044e-02 -1.598989061728106265e+02
4.729458917835671309e+04 3.923054320017128199e-02 -1.598989167572565577e+02
4.749498997995991522e+04 3.923062509188735697e-02 -1.598989272556433718e+02
4.769539078156312462e+04 3.923070664824964554e-02 -1.598989376683412331e+02
4.789579158316633402e+04 3.923078786942311991e-02 -1.598989479957203912e+02
4.809619238476953615e+04 3.923086875557255104e-02 -1.598989582381501577e+02
4.829659318637274555e+04 3.923094930686268911e-02 -1.598989683959997592e+02
4.849699398797594768e+04 3.923102952345819405e-02 -1.598989784696381093e+02
4.869739478957915708e+04 3.923110940552371889e-02 -1.598989884594340083e+02
4.889779559118236648e+04 3.923118895322399297e-02 -1.598989983657565688e+02
4.909819639278556861e+04 3.923126816672366235e-02 -1.598990081889747614e+02
4.929859719438877801e+04 3.923134704618723434e-02 -1.598990179294569884e+02
4.949899799599198013e+04 3.923142559177908439e-02 -1.598990275875710836e+02
4.969939879759518954e+04 3.923150380366349083e-02 -1.598990371636842269e+02
4.989979959919839894e+04 3.923158168200475276e-02 -1.598990466581639112e+02
5.010020040080160106e+04 3.923165922696705832e-02 -1.598990560713772311e+02
5.030060120240480319e+04 3.923173643871447069e-02 -1.598990654036908836e+02
5.050100200400801259e+04 3.923181331741090738e-02 -1.598990746554709688e+02
5.070140280561121472e+04 3.923188986322021649e-02 -1.598990838270834445e+02
5.090180360721442412e+04 3.923196607630608651e-02 -1.598990929188936434e+02
5.110220440881763352e+04 3.923204195683203249e-02 -1.598991019312662729e+02
5.130260521042083565e+04 3.923211750496150008e-02 -1.598991108645657278e+02
5.150300601202404505e+04 3.923219272085789328e-02 -1.598991197191562321e+02
5.170340681362724717e+04 3.923226760468442875e-02 -1.598991284954016976e+02
5.190380761523045658e+04 3.923234215660425378e-02 -1.598991371936653252e+02
5.210420841683366598e+04 3.923241637678045318e-02 -1.598991458143103443e+02
5.230460921843686810e+04 3.923249026537612566e-02 -1.598991543577000130e+02
5.250501002004007751e+04 3.923256382255418950e-02 -1.598991628241969067e+02
5.270541082164328691e+04 3.923263704847739647e-02 -1.598991712141629193e+02
5.290581162324648903e+04 3.923270994330842892e-02 -1.598991795279595465e+02
5.310621242484969844e+04 3.923278250720993454e-02 -1.598991877659483123e+02
5.330661322645290056e+04 3.923285474034449855e-02 -1.598991959284905136e+02
5.350701402805610996e+04 3.923292664287462983e-02 -1.598992040159472765e+02
5.370741482965931937e+04 3.923299821496283035e-02 -1.598992120286794716e+02
5.390781563126252149e+04 3.923306945677146329e-02 -1.598992199670478271e+02
5.410821643286573089e+04 3.923314036846275998e-02 -1.598992278314123041e+02
5.430861723446893302e+04 3.923321095019888238e-02 -1.598992356221327498e+02
5.450901803607214242e+04 3.923328120214197856e-02 -1.598992433395688408e+02
5.470941883767535182e+04 3.923335112445407863e-02 -1.598992509840800267e+02
5.490981963927855395e+04 3.923342071729703923e-02 -1.598992585560249609e+02
5.511022044088176335e+04 3.923348998083259903e-02 -1.598992660557617285e+02
5.531062124248497275e+04 3.923355891522247590e-02 -1.598992734836484715e+02
5.551102204408817488e+04 3.923362752062833220e-02 -1.598992808400431613e+02
5.571142284569138428e+04 3.923369579721171230e-02 -1.598992881253033715e+02
5.591182364729458641e+04 3.923376374513402876e-02 -1.598992953397862777e+02
5.611222444889779581e+04 3.923383136455663167e-02 -1.598993024838484018e+02
5.631262525050100521e+04 3.923389865564080869e-02 -1.598993095578463226e+02
5.651302605210420734e+04 3.923396561854771564e-02 -1.598993165621363346e+02
5.671342685370741674e+04 3.923403225343842504e-02 -1.598993234970741923e+02
5.691382765531062614e+04 3.923409856047398170e-02 -1.598993303630155935e+02
5.711422845691382827e+04 3.923416453981535407e-02 -1.598993371603160654e+02
5.731462925851703767e+04 3.923423019162341346e-02 -1.598993438893306802e+02
5.751503006012023980e+04 3.923429551605894100e-02 -1.598993505504142547e+02
5.771543086172344920e+04 3.923436051328255125e-02 -1.598993571439209234e+02
5.791583166332665860e+04 3.923442518345480329e-02 -1.598993636702046501e+02
5.811623246492986073e+04 3.923448952673622148e-02 -1.598993701296193137e+02
5.831663326653307013e+04 3.923455354328729550e-02 -1.598993765225187076e+02
5.851703406813627225e+04 3.923461723326830686e-02 -1.598993828492557441e+02
5.871743486973948166e+04 3.923468059683940523e-02 -1.598993891101827955e+02
5.891783567134269106e+04 3.923474363416062927e-02 -1.598993953056518080e+02
5.911823647294589318e+04 3.923480634539192741e-02 -1.598994014360144149e+02
5.931863727454910259e+04 3.923486873069308850e-02 -1.598994075016215390e+02
5.951903807615231199e+04 3.923493079022377650e-02 -1.598994135028236485e+02
5.971943887775551411e+04 3.923499252414357902e-02 -1.598994194399708419e+02
5.991983967935872352e+04 3.923505393261208368e-02 -1.598994253134133317e+02
6.012024048096192564e+04 3.923511501578878791e-02 -1.598994311235009889e+02
6.032064128256513504e+04 3.923517577383315441e-02 -1.598994368705838269e+02
6.052104208416834445e+04 3.923523620690456959e-02 -1.598994425550115182e+02
6.072144288577154657e+04 3.923529631516236432e-02 -1.598994481771336211e+02
6.092184368737475597e+04 3.923535609876574459e-02 -1.598994537372991260e+02
6.112224448897795082e+04 3.923541555787396495e-02 -1.598994592358571651e+02
6.132264529058116022e+04 3.923547469264608567e-02 -1.598994646731564444e+02
6.152304609218436235e+04 3.923553350324100047e-02 -1.598994700495447319e+02
6.172344689378757175e+04 3.923559198981758922e-02 -1.598994753653697103e+02
6.192384769539077388e+04 3.923565015253462074e-02 -1.598994806209788067e+02
6.212424849699398328e+04 3.923570799155078753e-02 -1.598994858167190500e+02
6.232464929859719268e+04 3.923576550702465721e-02 -1.598994909529372137e+02
6.252505010020039481e+04 3.923582269911471410e-02 -1.598994960299795594e+02
6.272545090180360421e+04 3.923587956797934539e-02 -1.598995010481919792e+02
6.292585170340680634e+04 3.923593611377694523e-02 -1.598995060079205643e+02
6.312625250501001574e+04 3.923599233666578284e-02 -1.598995109095110081e+02
6.332665330661322514e+04 3.923604823680402337e-02 -1.598995157533085489e+02
6.352705410821642727e+04 3.923610381434976258e-02 -1.598995205396580843e+02
6.372745490981963667e+04 3.923615906946098519e-02 -1.598995252689041422e+02
6.392785571142284607e+04 3.923621400229557882e-02 -1.598995299413908526e+02
6.412825651302604820e+04 3.923626861301134777e-02 -1.598995345574621751e+02
6.432865731462925760e+04 3.923632290176604781e-02 -1.598995391174617282e+02
6.452905811623245972e+04 3.923637686871732366e-02 -1.598995436217329598e+02
6.472945891783566913e+04 3.923643051402269516e-02 -1.598995480706187777e+02
6.492985971943887853e+04 3.923648383783964744e-02 -1.598995524644618627e+02
6.513026052104208065e+04 3.923653684032560318e-02 -1.598995568036046393e+02
6.533066132264529006e+04 3.923658952163791569e-02 -1.598995610883894756e+02
6.553106212424849946e+04 3.923664188193379948e-02 -1.598995653191581994e+02
6.573146292585170886e+04 3.923669392137035805e-02 -1.598995694962520986e+02
6.593186372745491099e+04 3.923674564010464633e-02 -1.598995736200121200e+02
6.613226452905811311e+04 3.923679703829361515e-02 -1.598995776907793527e+02
6.633266533066131524e+04 3.923684811609414597e-02 -1.598995817088943170e+02
6.653306613226453192e+04 3.923689887366303697e-02 -1.598995856746973345e+02
6.673346693386773404e+04 3.923694931115702389e-02 -1.598995895885282437e+02
6.693386773547093617e+04 3.923699942873271063e-02 -1.598995934507266838e+02
6.713426853707415285e+04 3.923704922654655536e-02 -1.598995972616315271e+02
6.733466933867735497e+04 3.923709870475489137e-02 -1.598996010215812476e+02
6.753507014028055710e+04 3.923714786351394784e-02 -1.598996047309138646e+02
6.773547094188377378e+04 3.923719670297991235e-02 -1.598996083899671703e+02
6.793587174348697590e+04 3.923724522330893777e-02 -1.598996119990790987e+02
6.813627254509017803e+04 3.923729342465713532e-02 -1.598996155585873566e+02
6.833667334669339471e+04 3.923734130718051910e-02 -1.598996190688295087e+02
6.853707414829659683e+04 3.923738887103502687e-02 -1.598996225301426364e+02
6.873747494989979896e+04 3.923743611637659640e-02 -1.598996259428639632e+02
6.893787575150300108e+04 3.923748304336108217e-02 -1.598996293073302297e+02
6.913827655310621776e+04 3.923752965214416522e-02 -1.598996326238776646e+02
6.933867735470941989e+04 3.923757594288139472e-02 -1.598996358928422126e+02
6.953907815631262201e+04 3.923762191572828517e-02 -1.598996391145594202e+02
6.973947895791583869e+04 3.923766757084029555e-02 -1.598996422893646638e+02
6.993987975951904082e+04 3.923771290837282238e-02 -1.598996454175929784e+02
7.014028056112224294e+04 3.923775792848118588e-02 -1.598996484995794560e+02
7.034068136272545962e+04 3.923780263132059520e-02 -1.598996515356585348e+02
7.054108216432866175e+04 3.923784701704613465e-02 -1.598996545261643689e+02
7.074148296593186387e+04 3.923789108581277746e-02 -1.598996574714308281e+02
7.094188376753508055e+04 3.923793483777542751e-02 -1.598996603717911285e+02
7.114228456913828268e+04 3.923797827308883601e-02 -1.598996632275781735e+02
7.134268537074148480e+04 3.923802139190769173e-02 -1.598996660391246110e+02
7.154308617234470148e+04 3.923806419438658627e-02 -1.598996688067626621e+02
7.174348697394790361e+04 3.923810668068002799e-02 -1.598996715308243779e+02
7.194388777555110573e+04 3.923814885094239341e-02 -1.598996742116414964e+02
7.214428857715430786e+04 3.923819070532798270e-02 -1.598996768495453011e+02
7.234468937875750999e+04 3.923823224399105442e-02 -1.598996794448670755e+02
7.254509018036071211e+04 3.923827346708572139e-02 -1.598996819979375630e+02
7.274549098196392879e+04 3.923831437476599238e-02 -1.598996845090870238e+02
7.294589178356713091e+04 3.923835496718566795e-02 -1.598996869786447803e+02
7.314629258517033304e+04 3.923839524449836136e-02 -1.598996894069393306e+02
7.334669338677354972e+04 3.923843520685756092e-02 -1.598996917942986045e+02
7.354709418837675184e+04 3.923847485441686600e-02 -1.598996941410511283e+02
7.374749498997995397e+04 3.923851418733025759e-02 -1.598996964475272762e+02
7.394789579158315610e+04 3.923855320575224404e-02 -1.598996987140600936e+02
7.414829659318637277e+04 3.923859190983757655e-02 -1.598997009409839052e+02
7.434869739478957490e+04 3.923863029974059002e-02 -1.598997031286309038e+02
7.454909819639277703e+04 3.923866837561475196e-02 -1.598997052773288203e+02
7.474949899799599370e+04 3.923870613761246823e-02 -1.598997073874001842e+02
7.494989979959919583e+04 3.923874358588555489e-02 -1.598997094591647681e+02
7.515030060120239796e+04 3.923878072058605698e-02 -1.598997114929439647e+02
7.535070140280561463e+04 3.923881754186710202e-02 -1.598997134890647089e+02
7.555110220440881676e+04 3.923885404988310815e-02 -1.598997154478605864e+02
7.575150300601201889e+04 3.923889024478897231e-02 -1.598997173696676839e+02
7.595190380761523556e+04 3.923892612673882119e-02 -1.598997192548178816e+02
7.615230460921843769e+04 3.923896169588499128e-02 -1.598997211036343913e+02
7.635270541082163982e+04 3.923899695237834107e-02 -1.598997229164331202e+02
7.655310621242484194e+04 3.923903189636960415e-02 -1.598997246935298051e+02
7.675350701402805862e+04 3.923906652801104067e-02 -1.598997264352481693e+02
7.695390781563126075e+04 3.923910084745680510e-02 -1.598997281419217131e+02
7.715430861723446287e+04 3.923913485486187763e-02 -1.598997298138876886e+02
7.735470941883767955e+04 3.923916855038008661e-02 -1.598997314514776065e+02
7.755511022044088168e+04 3.923920193416263053e-02 -1.598997330550097900e+02
7.775551102204408380e+04 3.923923500635865397e-02 -1.598997346247923872e+02
7.795591182364730048e+04 3.923926776711748887e-02 -1.598997361611349106e+02
7.815631262525050261e+04 3.923930021659097211e-02 -1.598997376643601740e+02
7.835671342685370473e+04 3.923933235493384103e-02 -1.598997391348052588e+02
7.855711422845692141e+04 3.923936418230162398e-02 -1.598997405728108845e+02
7.875751503006012354e+04 3.923939569884773299e-02 -1.598997419787068850e+02
7.895791583166332566e+04 3.923942690472195793e-02 -1.598997433528045917e+02
7.915831663326652779e+04 3.923945780007190992e-02 -1.598997446954047348e+02
7.935871743486974447e+04 3.923948838504638659e-02 -1.598997460068146950e+02
7.955911823647294659e+04 3.923951865979777298e-02 -1.598997472873606114e+02
7.975951903807614872e+04 3.923954862448149339e-02 -1.598997485373841414e+02
7.995991983967936540e+04 3.923957827925281250e-02 -1.598997497572257203e+02
8.016032064128256752e+04 3.923960762426331045e-02 -1.598997509472073943e+02
8.036072144288576965e+04 3.923963665966004322e-02 -1.598997521076288706e+02
8.056112224448898633e+04 3.923966538558860961e-02 -1.598997532387827221e+02
8.076152304609218845e+04 3.923969380219761993e-02 -1.598997543409770401e+02
8.096192384769539058e+04 3.923972190964064577e-02 -1.598997554145447566e+02
8.116232464929860726e+04 3.923974970807422163e-02 -1.598997564598327585e+02
8.136272545090180938e+04 3.923977719765319588e-02 -1.598997574771788379e+02
8.156312625250501151e+04 3.923980437852730985e-02 -1.598997584668950651e+02
8.176352705410821363e+04 3.923983125084212764e-02 -1.598997594292731605e+02
8.196392785571143031e+04 3.923985781474336604e-02 -1.598997603646070331e+02
8.216432865731463244e+04 3.923988407038108556e-02 -1.598997612732131586e+02
8.236472945891783456e+04 3.923991001790986394e-02 -1.598997621554311195e+02
8.256513026052105124e+04 3.923993565748495199e-02 -1.598997630116030848e+02
8.276553106212425337e+04 3.923996098925768700e-02 -1.598997638420512430e+02
8.296593186372745549e+04 3.923998601337423675e-02 -1.598997646470717484e+02
8.316633266533067217e+04 3.924001072997877759e-02 -1.598997654269515465e+02
8.336673346693385975e+04 3.924003513921841407e-02 -1.598997661819927600e+02
8.356713426853706187e+04 3.924005924124540634e-02 -1.598997669125238019e+02
8.376753507014027855e+04 3.924008303621476235e-02 -1.598997676188865569e+02
8.396793587174348067e+04 3.924010652427944307e-02 -1.598997683014117399e+02
8.416833667334668280e+04 3.924012970558741348e-02 -1.598997689604048844e+02
8.436873747494989948e+04 3.924015258028311359e-02 -1.598997695961543002e+02
8.456913827655310160e+04 3.924017514851196875e-02 -1.598997702089539530e+02
8.476953907815630373e+04 3.924019741042381049e-02 -1.598997707991205175e+02
8.496993987975952041e+04 3.924021936617221040e-02 -1.598997713669892846e+02
8.517034068136272253e+04 3.924024101591044172e-02 -1.598997719128937263e+02
8.537074148296592466e+04 3.924026235978772537e-02 -1.598997724371463960e+02
8.557114228456914134e+04 3.924028339794932707e-02 -1.598997729400403500e+02
8.577154308617234346e+04 3.924030413054001992e-02 -1.598997734218667404e+02
8.597194388777554559e+04 3.924032455770769257e-02 -1.598997738829331183e+02
8.617234468937874772e+04 3.924034467960391820e-02 -1.598997743235656515e+02
8.637274549098196439e+04 3.924036449638124147e-02 -1.598997747440947705e+02
8.657314629258516652e+04 3.924038400818948003e-02 -1.598997751448370650e+02
8.677354709418836865e+04 3.924040321517486413e-02 -1.598997755260910196e+02
8.697394789579158532e+04 3.924042211748229869e-02 -1.598997758881487528e+02
8.717434869739478745e+04 3.924044071525858296e-02 -1.598997762313128987e+02
8.737474949899798958e+04 3.924045900865359010e-02 -1.598997765559016102e+02
8.757515030060120625e+04 3.924047699781858800e-02 -1.598997768622399178e+02
8.777555110220440838e+04 3.924049468290335962e-02 -1.598997771506446384e+02
8.797595190380761051e+04 3.924051206405478748e-02 -1.598997774214182641e+02
8.817635270541082718e+04 3.924052914141805404e-02 -1.598997776748552724e+02
8.837675350701402931e+04 3.924054591513938955e-02 -1.598997779112557680e+02
8.857715430861723144e+04 3.924056238536743901e-02 -1.598997781309321908e+02
8.877755511022043356e+04 3.924057855225221436e-02 -1.598997783342036882e+02
8.897795591182365024e+04 3.924059441594274916e-02 -1.598997785213844338e+02
8.917835671342685237e+04 3.924060997658599531e-02 -1.598997786927781135e+02
8.937875751503005449e+04 3.924062523432768346e-02 -1.598997788486821037e+02
8.957915831663327117e+04 3.924064018931421732e-02 -1.598997789893968786e+02
8.977955911823647330e+04 3.924065484169344392e-02 -1.598997791152303023e+02
8.997995991983967542e+04 3.924066919161395967e-02 -1.598997792264948430e+02
9.018036072144289210e+04 3.924068323922414586e-02 -1.598997793235010079e+02
9.038076152304609423e+04 3.924069698467211320e-02 -1.598997794065544156e+02
9.058116232464929635e+04 3.924071042810595156e-02 -1.598997794759562510e+02
9.078156312625251303e+04 3.924072356967420877e-02 -1.598997795320042599e+02
9.098196392785571516e+04 3.924073640952607106e-02 -1.598997795749893953e+02
9.118236472945891728e+04 3.924074894780592987e-02 -1.598997796051808109e+02
9.138276553106213396e+04 3.924076118462047069e-02 -1.598997796228615869e+02
9.158316633266533609e+04 3.924077311997309359e-02 -1.598997796290914835e+02
9.178356713426853821e+04 3.924078475415417738e-02 -1.598997796229241430e+02
9.198396793587174034e+04 3.924079608761301546e-02 -1.598997796046355688e+02
9.218436873747495702e+04 3.924080712025022205e-02 -1.598997795761654004e+02
9.238476953907815914e+04 3.924081785210187245e-02 -1.598997795361786132e+02
9.258517034068136127e+04 3.924082828342229101e-02 -1.598997794858239558e+02
9.278557114228457795e+04 3.924083841431487418e-02 -1.598997794250386448e+02
9.298597194388778007e+04 3.924084824494859791e-02 -1.598997793542770864e+02
9.318637274549098220e+04 3.924085777546136578e-02 -1.598997792737809505e+02
9.338677354709419888e+04 3.924086700600278033e-02 -1.598997791838736759e+02
9.358717434869740100e+04 3.924087593671741342e-02 -1.598997790848476654e+02
9.378757515030060313e+04 3.924088456775118999e-02 -1.598997789770054681e+02
9.398797595190381981e+04 3.924089289924927865e-02 -1.598997788606453980e+02
9.418837675350702193e+04 3.924090093135686880e-02 -1.598997787360669065e+02
9.438877755511022406e+04 3.924090866421880291e-02 -1.598997786035683077e+02
9.458917835671342618e+04 3.924091609797977082e-02 -1.598997784634474897e+02
9.478957915831662831e+04 3.924092323278416394e-02 -1.598997783160016866e+02
9.498997995991983043e+04 3.924093006877622802e-02 -1.598997781615277631e+02
9.519038076152304711e+04 3.924093660609993123e-02 -1.598997780003223284e+02
9.539078156312624924e+04 3.924094284489878376e-02 -1.598997778326806269e+02
9.559118236472945136e+04 3.924094878531586561e-02 -1.598997776588968804e+02
9.579158316633266804e+04 3.924095442749380575e-02 -1.598997774792646283e+02
9.599198396793587017e+04 3.924095977157450454e-02 -1.598997772940756761e+02
9.619238476953907229e+04 3.924096481769896033e-02 -1.598997771036199254e+02
9.639278557114227442e+04 3.924096956600713754e-02 -1.598997769081851743e+02
9.659318637274549110e+04 3.924097401663753648e-02 -1.598997767080562937e+02
9.679358717434869322e+04 3.924097816972664521e-02 -1.598997765035143459e+02
9.699398797595189535e+04 3.924098202540813457e-02 -1.598997762948346519e+02
9.719438877755511203e+04 3.924098558381163698e-02 -1.598997760822848306e+02
9.739478957915831415e+04 3.924098884506049129e-02 -1.598997758661203079e+02
9.759519038076151628e+04 3.924099180926808594e-02 -1.598997756465766997e+02
9.779559118236473296e+04 3.924099447653136424e-02 -1.598997754238573634e+02
9.799599198396793508e+04 3.924099684691855633e-02 -1.598997751981093245e+02
9.819639278557113721e+04 3.924099892044524696e-02 -1.598997749693778587e+02
9.839679358717435389e+04 3.924100069702959187e-02 -1.598997747375258882e+02
9.859719438877755601e+04 3.924100217642150640e-02 -1.598997745021313222e+02
9.879759519038075814e+04 3.924100335816445295e-02 -1.598997742625550984e+02
9.899799599198396027e+04 3.924100424199699483e-02 -1.598997740192018853e+02
9.919839679358717694e+04 3.924100483052282706e-02 -1.598997737798468677e+02
9.939879759519037907e+04 3.924100514018470653e-02 -1.598997735793122672e+02
9.959919839679358120e+04 3.924100523078914021e-02 -1.598997734916408433e+02
9.979959919839679787e+04 3.924100514018470653e-02 -1.598997735793122672e+02
1.000000000000000000e+05 3.924100523078914021e-02 -1.598997734916408433e+02
