# 189.05831084912018
0.000000000000000000e+00 7.305467735263089679e+00 3.744697988336443473e+01
2.004008016032063892e+02 7.337553724023756274e+00 2.542504568917204111e+01
4.008016032064127785e+02 7.337553724023756274e+00 -2.542504568917204111e+01
6.012024048096192246e+02 7.305467735263089679e+00 -3.744697988336443473e+01
8.016032064128255570e+02 7.321435354599937106e+00 -8.325909141206437880e+01
1.002004008016032003e+03 7.303005307933257306e+00 -8.353710528650555034e+01
1.202404809619238449e+03 7.328403212279697598e+00 -1.064654401786392413e+02
1.402805611222444895e+03 7.305986509466234402e+00 -8.978821951089005893e+01
1.603206412825651114e+03 7.305147259955969474e+00 -9.254308939498797315e+01
1.803607214428857787e+03 7.254477472399486260e+00 -6.994054072312221138e+01
2.004008016032064006e+03 7.231793301085942538e+00 -8.237737654115973385e+01
2.204408817635270680e+03 7.184379923509752075e+00 -7.206125728196016667e+01
2.404809619238476898e+03 7.168051212621057822e+00 -1.021920661994713839e+02
2.605210420841683117e+03 7.127583445255426753e+00 -1.121419683610836131e+02
2.805611222444889790e+03 7.112048369852334240e+00 -1.564870718173400803e+02
3.006012024048096009e+03 7.078978290881586588e+00 -1.808555221308056957e+02
3.206412825651302228e+03 7.080073201718652953e+00 -2.271066032292729631e+02
3.406813627254508901e+03 7.072778876084835353e+00 -2.456691821297577292e+02
3.607214428857715575e+03 7.092045460054396955e+00 -2.704156559898553951e+02
3.807615230460922248e+03 7.083225226426305809e+00 -2.680087465517478336e+02
4.008016032064128012e+03 7.084286242131630829e+00 -2.734727257763096873e+02
4.208416833667334686e+03 7.051149996629705541e+00 -2.590964409699105317e+02
4.408817635270541359e+03 7.029932353381415311e+00 -2.641526328515768114e+02
4.609218436873747123e+03 6.991785090015077309e+00 -2.565762251138963279e+02
4.809619238476953797e+03 6.965674196891540326e+00 -2.683717377705887088e+02
5.010020040080160470e+03 6.920477440582204487e+00 -2.706548045792323478e+02
5.210420841683366234e+03 6.888801824163721221e+00 -2.932541979518367157e+02
5.410821643286572908e+03 6.852392208090853032e+00 -3.136728504204226056e+02
5.611222444889779581e+03 6.841201932393245144e+00 -3.485545725087290521e+02
5.811623246492986254e+03 6.838220286956821603e+00 -3.754719045391257168e+02
6.012024048096192018e+03 6.851824472915727604e+00 -4.034806167872625338e+02
6.212424849699398692e+03 6.855687363520414301e+00 -4.176736934356089250e+02
6.412825651302604456e+03 6.855555680074103542e+00 -4.319119608052002377e+02
6.613226452905811129e+03 6.840352341609656328e+00 -4.357635402784359826e+02
6.813627254509017803e+03 6.822183650051862891e+00 -4.405313833377855417e+02
7.014028056112224476e+03 6.794593279333702718e+00 -4.366412566746489574e+02
7.214428857715431150e+03 6.762894078438130840e+00 -4.351854081127578411e+02
7.414829659318637823e+03 6.718277000766224916e+00 -4.309205941021270974e+02
7.615230460921844497e+03 6.674134274820167967e+00 -4.362154276210252988e+02
7.815631262525049351e+03 6.633096073572844809e+00 -4.478833444976890519e+02
8.016032064128256025e+03 6.608633696730326967e+00 -4.710195409422323110e+02
8.216432865731463608e+03 6.598763782798806155e+00 -4.954593298368329215e+02
8.416833667334669371e+03 6.601851989814548460e+00 -5.208757811432030849e+02
8.617234468937875135e+03 6.606875983136034414e+00 -5.426716011308291172e+02
8.817635270541082718e+03 6.609107212083924487e+00 -5.624530537347384325e+02
9.018036072144288482e+03 6.607584119944720058e+00 -5.818504816809338536e+02
9.218436873747494246e+03 6.603430696443530756e+00 -6.007358418828694084e+02
9.418837675350701829e+03 6.594176150489812649e+00 -6.145375946906821127e+02
9.619238476953907593e+03 6.576016496258664468e+00 -6.199453200073199923e+02
9.819639278557115176e+03 6.543890072206671071e+00 -6.177574758787551445e+02
1.002004008016032094e+04 6.499090824955054302e+00 -6.145245670749936835e+02
1.022044088176352670e+04 6.450203455867457691e+00 -6.149048074805318720e+02
1.042084168336673247e+04 6.407336670495697994e+00 -6.219920807268007366e+02
1.062124248496994005e+04 6.375895583464925132e+00 -6.340788523274778754e+02
1.082164328657314582e+04 6.358413730195231039e+00 -6.471849790132015414e+02
1.102204408817635340e+04 6.349549711845768662e+00 -6.585049775021802816e+02
1.122244488977955916e+04 6.346971581634154091e+00 -6.729920648115393078e+02
1.142284569138276674e+04 6.345133891631308920e+00 -6.905976970052037132e+02
1.162324649298597251e+04 6.346486271586607053e+00 -7.151677159928547098e+02
1.182364729458917827e+04 6.349255540522835695e+00 -7.437975227852725766e+02
1.202404809619238404e+04 6.349416774421159815e+00 -7.704887482151059430e+02
1.222444889779559162e+04 6.340751353665250001e+00 -7.889491956068566196e+02
1.242484969939879738e+04 6.315448674016526098e+00 -7.964302984587667424e+02
1.262525050100200315e+04 6.276104035557886540e+00 -7.961429025125720500e+02
1.282565130260520891e+04 6.231262846303146752e+00 -7.930622891203543077e+02
1.302605210420841649e+04 6.188583376617093457e+00 -7.912315413352574751e+02
1.322645290581162226e+04 6.154519865343207385e+00 -7.924661966144964254e+02
1.342685370741482984e+04 6.130892235114834499e+00 -7.952472192900671644e+02
1.362725450901803561e+04 6.111938835846955520e+00 -7.971349427631014350e+02
1.382765531062124319e+04 6.096685212059480996e+00 -8.000937562541922716e+02
1.402805611222444895e+04 6.084975601421566793e+00 -8.094422584776535814e+02
1.422845691382765654e+04 6.076423588845283774e+00 -8.266469968899820060e+02
1.442885771543086230e+04 6.074889443217062812e+00 -8.546549856375222589e+02
1.462925851703406806e+04 6.076629449413204043e+00 -8.884489067111662735e+02
1.482965931863727565e+04 6.076364091343934959e+00 -9.212000080344108710e+02
1.503006012024048141e+04 6.068754558327988491e+00 -9.476882644152166222e+02
1.523046092184368899e+04 6.051134952834799741e+00 -9.656246781551019467e+02
1.543086172344689294e+04 6.024300444320149772e+00 -9.755760235490621426e+02
1.563126252505009870e+04 5.992383506973671281e+00 -9.787912834855532083e+02
1.583166332665330629e+04 5.960980088519429287e+00 -9.796849158120825223e+02
1.603206412825651205e+04 5.931637796520927708e+00 -9.780164144758024349e+02
1.623246492985971963e+04 5.903594942213167940e+00 -9.731168978433632901e+02
1.643286573146292722e+04 5.876179621348867954e+00 -9.670418086944569040e+02
1.663326653306613298e+04 5.849278184740389186e+00 -9.615811461878072350e+02
1.683366733466933874e+04 5.823371357760088962e+00 -9.603712111777600740e+02
1.703406813627254451e+04 5.800597718235120936e+00 -9.651580876802225930e+02
1.723446893787575027e+04 5.785935146825043951e+00 -9.827609726862057187e+02
1.743486973947895967e+04 5.780116738959359068e+00 -1.011452894893381654e+03
1.763527054108216544e+04 5.778677905871315801e+00 -1.045039591072610619e+03
1.783567134268537120e+04 5.777070725494034775e+00 -1.077917553327243013e+03
1.803607214428857696e+04 5.771244552497358349e+00 -1.105247657749707514e+03
1.823647294589178273e+04 5.758953966442470040e+00 -1.124882395979951752e+03
1.843687374749498849e+04 5.741554299329759026e+00 -1.138213818662874928e+03
1.863727454909819426e+04 5.722026644042500720e+00 -1.147694815484513128e+03
1.883767535070140366e+04 5.701167160586384064e+00 -1.154621084966130866e+03
1.903807615230460942e+04 5.677478644177369027e+00 -1.156553951074482939e+03
1.923847695390781519e+04 5.649414985861800353e+00 -1.153161875871901657e+03
1.943887775551102095e+04 5.617162131857168283e+00 -1.144825499019433209e+03
1.963927855711423035e+04 5.583145489618183355e+00 -1.135729115538901851e+03
1.983967935871743612e+04 5.550149232469399507e+00 -1.129781513254036099e+03
2.004008016032064188e+04 5.520529457371668336e+00 -1.129791801045893862e+03
2.024048096192384764e+04 5.497126444356956299e+00 -1.137860110759473400e+03
2.044088176352705341e+04 5.481301846903555486e+00 -1.155591766654960793e+03
2.064128256513026281e+04 5.471599344977137847e+00 -1.179611866732938097e+03
2.084168336673346494e+04 5.465675897434167929e+00 -1.206364805696853637e+03
2.104208416833667070e+04 5.460537357241862289e+00 -1.232239448855016008e+03
2.124248496993988010e+04 5.453356389730817710e+00 -1.254659480998632944e+03
2.144288577154308587e+04 5.444102971004214808e+00 -1.273980075314820624e+03
2.164328657314629163e+04 5.433680692063901141e+00 -1.291788886983957582e+03
2.184368737474949739e+04 5.422447752960727563e+00 -1.308858144765791394e+03
2.204408817635270680e+04 5.409766170042944466e+00 -1.324595670291894749e+03
2.224448897795591256e+04 5.392906553170655037e+00 -1.336731300748878084e+03
2.244488977955911832e+04 5.368921890942912611e+00 -1.340539123053303456e+03
2.264529058116232409e+04 5.337632278695212840e+00 -1.337354491438415607e+03
2.284569138276553349e+04 5.301282997706974420e+00 -1.328312546251715276e+03
2.304609218436873925e+04 5.263496647779368764e+00 -1.317801566045689242e+03
2.324649298597194502e+04 5.228158907803114985e+00 -1.309880078005194491e+03
2.344689378757515078e+04 5.198256500136536395e+00 -1.308586139009143153e+03
2.364729458917835655e+04 5.174885680470973526e+00 -1.313716709614225238e+03
2.384769539078156231e+04 5.157918514334792981e+00 -1.326375304479205170e+03
2.404809619238476807e+04 5.145663561695155153e+00 -1.344043573354898626e+03
2.424849699398797384e+04 5.135734360371289497e+00 -1.364106723690723811e+03
2.444889779559118324e+04 5.126199715799057088e+00 -1.384537492292269008e+03
2.464929859719438900e+04 5.115807195171176325e+00 -1.404344835047265633e+03
2.484969939879759477e+04 5.104080114273678248e+00 -1.423180304885590203e+03
2.505010020040080053e+04 5.091546993725417636e+00 -1.441444493020052732e+03
2.525050100200400630e+04 5.079617744550353642e+00 -1.461141286364617372e+03
2.545090180360721206e+04 5.069524523668723859e+00 -1.483528730861391978e+03
2.565130260521041782e+04 5.060631498430931074e+00 -1.506620170794897376e+03
2.585170340681362359e+04 5.047468716315184345e+00 -1.525713214641977402e+03
2.605210420841683299e+04 5.024993183867944246e+00 -1.532083209583797498e+03
2.625250501002003875e+04 4.994099364619887460e+00 -1.529138487428615235e+03
2.645290581162324452e+04 4.958981985107213220e+00 -1.519917559838911984e+03
2.665330661322645028e+04 4.923453707964823955e+00 -1.509788908921510028e+03
2.685370741482965968e+04 4.889798486845400305e+00 -1.501333051035466042e+03
2.705410821643286545e+04 4.859178745401476540e+00 -1.496016807488568247e+03
2.725450901803607121e+04 4.831908306228713812e+00 -1.494986167442437591e+03
2.745490981963927698e+04 4.808400833521885964e+00 -1.497871919014030027e+03
2.765531062124248638e+04 4.790444569612228420e+00 -1.508388410805501735e+03
2.785571142284569214e+04 4.777817549134613095e+00 -1.525987785985060100e+03
2.805611222444889790e+04 4.766898596386330844e+00 -1.545313200100601989e+03
2.825651302605210367e+04 4.753330888402023113e+00 -1.562226161683306145e+03
2.845691382765531307e+04 4.735754209653866731e+00 -1.574890620773267756e+03
2.865731462925851883e+04 4.716782112337752686e+00 -1.585384855678546501e+03
2.885771543086172460e+04 4.700668340066509465e+00 -1.600140016479051610e+03
2.905811623246493036e+04 4.690054135407739189e+00 -1.622172373059392839e+03
2.925851703406813613e+04 4.683436871041770644e+00 -1.648357067588450491e+03
2.945891783567134553e+04 4.676602280403783674e+00 -1.673766668014349307e+03
2.965931863727455129e+04 4.665785656109359358e+00 -1.694290026741530255e+03
2.985971943887775706e+04 4.649265596135491840e+00 -1.708240423385466556e+03
3.006012024048096282e+04 4.626920514145537844e+00 -1.714523269546447864e+03
3.026052104208417222e+04 4.600341084008872095e+00 -1.715148901180247549e+03
3.046092184368737799e+04 4.570476736282308217e+00 -1.712249753759459963e+03
3.066132264529058011e+04 4.537096874371036925e+00 -1.704617152213126019e+03
3.086172344689378588e+04 4.501599411493745428e+00 -1.694445956671519070e+03
3.106212424849699164e+04 4.466446927838861214e+00 -1.684308505931070385e+03
3.126252505010019740e+04 4.434687980231956317e+00 -1.679516157323723064e+03
3.146292585170340317e+04 4.408367925467569393e+00 -1.681016845640178417e+03
3.166332665330661257e+04 4.388394186116456375e+00 -1.691378721950989984e+03
3.186372745490981833e+04 4.373382720544367608e+00 -1.707742067579718196e+03
3.206412825651302410e+04 4.358300841215591248e+00 -1.723607144208534237e+03
3.226452905811622986e+04 4.339127710476805788e+00 -1.734967351256270831e+03
3.246492985971943926e+04 4.316082800058958391e+00 -1.741380047911665542e+03
3.266533066132264503e+04 4.292636601407711971e+00 -1.746974620808715599e+03
3.286573146292585443e+04 4.272144349838332467e+00 -1.757152850516819626e+03
3.306613226452905656e+04 4.255710593381307305e+00 -1.772896203279057772e+03
3.326653306613226596e+04 4.242344986898082482e+00 -1.792796475836658374e+03
3.346693386773546808e+04 4.230717831150579755e+00 -1.815093308989369007e+03
3.366733466933867749e+04 4.219664322707931348e+00 -1.837886791764893587e+03
3.386773547094188689e+04 4.207195542977835601e+00 -1.859072787671354263e+03
3.406813627254508901e+04 4.191421154705963659e+00 -1.876285298715118415e+03
3.426853707414829842e+04 4.172282385786063585e+00 -1.889202866182783509e+03
3.446893787575150054e+04 4.151673296318523221e+00 -1.900911742416138168e+03
3.466933867735470994e+04 4.130126198842855700e+00 -1.912827720586284840e+03
3.486973947895791935e+04 4.106026874655826830e+00 -1.916750318816958952e+03
3.507014028056112147e+04 4.074425021729701335e+00 -1.910842433579891122e+03
3.527054108216433087e+04 4.036621991186942537e+00 -1.894206420812415672e+03
3.547094188376754028e+04 3.999528845266589361e+00 -1.878637621582872953e+03
3.567134268537074240e+04 3.959978692744760220e+00 -1.874660026556210596e+03
3.587174348697395180e+04 3.907378560946755730e+00 -1.889472435979206239e+03
3.607214428857715393e+04 3.863813122501284614e+00 -1.908697505956656414e+03
3.627254509018035606e+04 3.910426736170259598e+00 -1.888055176745743438e+03
3.647294589178356546e+04 4.262524154182370850e+00 -1.736684905370717388e+03
3.667334669338677486e+04 1.736286456118983690e+00 -2.072680055733992049e+03
3.687374749498997699e+04 1.135508305209161017e+00 -1.940907951983798284e+03
3.707414829659318639e+04 1.012354896173288887e+00 -1.808763452035563887e+03
3.727454909819638851e+04 9.953706358105709473e-01 -1.797038653093833318e+03
3.747494989979959792e+04 9.918077540133662939e-01 -1.793348890780476040e+03
3.767535070140280732e+04 9.912703006406857753e-01 -1.792888384205918555e+03
3.787575150300600944e+04 9.911896314964406818e-01 -1.792796632379119728e+03
3.807615230460921885e+04 9.912394193603675241e-01 -1.792812084617628898e+03
3.827655310621242097e+04 9.912995129010050421e-01 -1.792869773695088043e+03
3.847695390781563037e+04 9.913459384855103362e-01 -1.792893959384054824e+03
3.867735470941883978e+04 9.913987994219382038e-01 -1.792928936192901574e+03
3.887775551102204190e+04 9.914524049659126925e-01 -1.792964169952327666e+03
3.907815631262525130e+04 9.915062729835012467e-01 -1.792999737881152214e+03
3.927855711422846070e+04 9.915602024749871068e-01 -1.793035411247934235e+03
3.947895791583166283e+04 9.916141572962140494e-01 -1.793071146364252854e+03
3.967935871743487223e+04 9.916681389909106636e-01 -1.793106951671266870e+03
3.987975951903807436e+04 9.917221465791202784e-01 -1.793142824417053134e+03
4.008016032064128376e+04 9.917761805168499034e-01 -1.793178765425890788e+03
4.028056112224449316e+04 9.918302409071666492e-01 -1.793214774722319362e+03
4.048096192384769529e+04 9.918843277913002021e-01 -1.793250852346686088e+03
4.068136272545090469e+04 9.919384410693169452e-01 -1.793286998185819357e+03
4.088176352705410682e+04 9.919925804958719118e-01 -1.793323211989099036e+03
4.108216432865731622e+04 9.920467456814668905e-01 -1.793359493374481644e+03
4.128256513026052562e+04 9.921009361119970116e-01 -1.793395841853862294e+03
4.148296593186372775e+04 9.921551511836762538e-01 -1.793432256868319200e+03
4.168336673346692987e+04 9.922093902514584896e-01 -1.793468737830161217e+03
4.188376753507013927e+04 9.922636526878807484e-01 -1.793505284169553988e+03
4.208416833667334140e+04 9.923179379485201901e-01 -1.793541895385263842e+03
4.228456913827655080e+04 9.923722456392152225e-01 -1.793578571099166993e+03
4.248496993987976020e+04 9.924265755788481691e-01 -1.793615311112187555e+03
4.268537074148296233e+04 9.924809278501852683e-01 -1.793652115455809962e+03
4.288577154308617173e+04 9.925353028306446168e-01 -1.793688984429894845e+03
4.308617234468937386e+04 9.925897011956088534e-01 -1.793725918616117724e+03
4.328657314629258326e+04 9.926441238894354591e-01 -1.793762918858301191e+03
4.348697394789579266e+04 9.926985720634570187e-01 -1.793799986206285439e+03
4.368737474949899479e+04 9.927530469852618999e-01 -1.793837121827313240e+03
4.388777555110220419e+04 9.928075499282575933e-01 -1.793874326895936747e+03
4.408817635270541359e+04 9.928620820538255343e-01 -1.793911602477903443e+03
4.428857715430861572e+04 9.929166442995391861e-01 -1.793948949423991053e+03
4.448897795591182512e+04 9.929712372858293667e-01 -1.793986368286603692e+03
4.468937875751502725e+04 9.930258612506595028e-01 -1.794023859266522322e+03
4.488977955911823665e+04 9.930805160180264934e-01 -1.794061422191659631e+03
4.509018036072144605e+04 9.931352010022875820e-01 -1.794099056525694095e+03
4.529058116232464818e+04 9.931899152469578773e-01 -1.794136761402798356e+03
4.549098196392785758e+04 9.932446574938822437e-01 -1.794174535684749344e+03
4.569138276553106698e+04 9.932994262763403803e-01 -1.794212378037165308e+03
4.589178356713426911e+04 9.933542200275161660e-01 -1.794250287020986434e+03
4.609218436873747851e+04 9.934090371937691621e-01 -1.794288261193044264e+03
4.629258517034068063e+04 9.934638763406675732e-01 -1.794326299206123622e+03
4.649298597194389004e+04 9.935187362393708144e-01 -1.794364399895903261e+03
4.669338677354709944e+04 9.935736159222834374e-01 -1.794402562341289922e+03
4.689378757515030156e+04 9.936285147001325813e-01 -1.794440785887140009e+03
4.709418837675351097e+04 9.936834321374002910e-01 -1.794479070123931706e+03
4.729458917835671309e+04 9.937383679886480081e-01 -1.794517414826376125e+03
4.749498997995991522e+04 9.937933221038484088e-01 -1.794555819860405109e+03
4.769539078156312462e+04 9.938482943153641447e-01 -1.794594285073381798e+03
4.789579158316633402e+04 9.939032843215644952e-01 -1.794632810184150685e+03
4.809619238476953615e+04 9.939582915818567788e-01 -1.794671394687633210e+03
4.829659318637274555e+04 9.940133152359007518e-01 -1.794710037785026543e+03
4.849699398797594768e+04 9.940683540567577525e-01 -1.794748738346072741e+03
4.869739478957915708e+04 9.941234064447983521e-01 -1.794787494905910989e+03
4.889779559118236648e+04 9.941784704675651341e-01 -1.794826305699999466e+03
4.909819639278556861e+04 9.942335439470996183e-01 -1.794865168741040179e+03
4.929859719438877801e+04 9.942886245886459751e-01 -1.794904081930724260e+03
4.949899799599198013e+04 9.943437101435572689e-01 -1.794943043197271209e+03
4.969939879759518954e+04 9.943987985973624655e-01 -1.794982050664652888e+03
4.989979959919839894e+04 9.944538883606136581e-01 -1.795021102821684281e+03
5.010020040080160106e+04 9.945089784433495117e-01 -1.795060198607364327e+03
5.030060120240480319e+04 9.945640683094751910e-01 -1.795099337276251845e+03
5.050100200400801259e+04 9.946191567215350027e-01 -1.795138517773235208e+03
5.070140280561121472e+04 9.946742415468987630e-01 -1.795177738188016065e+03
5.090180360721442412e+04 9.947293196822321049e-01 -1.795216995666290586e+03
5.110220440881763352e+04 9.947843870174920555e-01 -1.795256286432666229e+03
5.130260521042083565e+04 9.948394383409635555e-01 -1.795295605788886860e+03
5.150300601202404505e+04 9.948944671634206705e-01 -1.795334947760480645e+03
5.170340681362724717e+04 9.949494654999757604e-01 -1.795374304941812170e+03
5.190380761523045658e+04 9.950044224004683802e-01 -1.795413669029490620e+03
5.210420841683366598e+04 9.950593117184944880e-01 -1.795453022583686561e+03
5.230460921843686810e+04 9.951140900233145237e-01 -1.795492316140275534e+03
5.250501002004007751e+04 9.951687167400334877e-01 -1.795531515449363496e+03
5.270541082164328691e+04 9.952231460283283981e-01 -1.795570583661883802e+03
5.290581162324648903e+04 9.952773164092255653e-01 -1.795609458051031879e+03
5.310621242484969844e+04 9.953311624284831849e-01 -1.795648083387576662e+03
5.330661322645290056e+04 9.953846061585838179e-01 -1.795686389759428494e+03
5.350701402805610996e+04 9.954375555820821342e-01 -1.795724289734109789e+03
5.370741482965931937e+04 9.954899119030535815e-01 -1.795761697319131599e+03
5.390781563126252149e+04 9.955415632324756681e-01 -1.795798509599063664e+03
5.410821643286573089e+04 9.955923880755407351e-01 -1.795834614380595440e+03
5.430861723446893302e+04 9.956422602026429036e-01 -1.795869899417915121e+03
5.450901803607214242e+04 9.956910464117281201e-01 -1.795904241900213037e+03
5.470941883767535182e+04 9.957386126282019578e-01 -1.795937519418457896e+03
5.490981963927855395e+04 9.957848278531911124e-01 -1.795969613620576411e+03
5.511022044088176335e+04 9.958295658700507813e-01 -1.796000407608430123e+03
5.531062124248497275e+04 9.958727123346066135e-01 -1.796029797244943893e+03
5.551102204408817488e+04 9.959141681901921839e-01 -1.796057692307382013e+03
5.571142284569138428e+04 9.959538527985831724e-01 -1.796084017679277622e+03
5.591182364729458641e+04 9.959917093215715500e-01 -1.796108721287199842e+03
5.611222444889779581e+04 9.960277064824261117e-01 -1.796131773630127100e+03
5.631262525050100521e+04 9.960618405411529874e-01 -1.796153169866904364e+03
5.651302605210420734e+04 9.960941369293425662e-01 -1.796172932901415834e+03
5.671342685370741674e+04 9.961246486588313243e-01 -1.796191110161458028e+03
5.691382765531062614e+04 9.961534547787072036e-01 -1.796207772936069887e+03
5.711422845691382827e+04 9.961806574759746180e-01 -1.796223014146682317e+03
5.731462925851703767e+04 9.962063772453514376e-01 -1.796236942914404835e+03
5.751503006012023980e+04 9.962307483919126128e-01 -1.796249681457759152e+03
5.771543086172344920e+04 9.962539135056767137e-01 -1.796261360000814420e+03
5.791583166332665860e+04 9.962760175011835528e-01 -1.796272110783821518e+03
5.811623246492986073e+04 9.962972025473478821e-01 -1.796282063981153669e+03
5.831663326653307013e+04 9.963176030690322760e-01 -1.796291342719640170e+03
5.851703406813627225e+04 9.963373417795109432e-01 -1.796300059343935118e+03
5.871743486973948166e+04 9.963565271182744931e-01 -1.796308313503438967e+03
5.891783567134269106e+04 9.963752514241092095e-01 -1.796316190134485851e+03
5.911823647294589318e+04 9.963935904424181533e-01 -1.796323759002726320e+03
5.931863727454910259e+04 9.964116039229797828e-01 -1.796331075305501145e+03
5.951903807615231199e+04 9.964293368717357380e-01 -1.796338180542935106e+03
5.971943887775551411e+04 9.964468216685148372e-01 -1.796345104650416033e+03
5.991983967935872352e+04 9.964640804602953317e-01 -1.796351868250703092e+03
6.012024048096192564e+04 9.964811275031517646e-01 -1.796358484635433342e+03
6.032064128256513504e+04 9.964979714939438127e-01 -1.796364961963632595e+03
6.052104208416834445e+04 9.965146175246948346e-01 -1.796371304976387137e+03
6.072144288577154657e+04 9.965310686661521533e-01 -1.796377516435860116e+03
6.092184368737475597e+04 9.965473272122533643e-01 -1.796383598417799931e+03
6.112224448897795082e+04 9.965633954157895324e-01 -1.796389552969799297e+03
6.132264529058116022e+04 9.965792758795060102e-01 -1.796395382476692475e+03
6.152304609218436235e+04 9.965949716868073294e-01 -1.796401089798022213e+03
6.172344689378757175e+04 9.966104862983153900e-01 -1.796406678092262837e+03
6.192384769539077388e+04 9.966258234075547895e-01 -1.796412150696995013e+03
6.212424849699398328e+04 9.966409867852589199e-01 -1.796417511017072002e+03
6.232464929859719268e+04 9.966559801287798726e-01 -1.796422762389025138e+03
6.252505010020039481e+04 9.966708069825592764e-01 -1.796427908054019326e+03
6.272545090180360421e+04 9.966854706767462879e-01 -1.796432951086482717e+03
6.292585170340680634e+04 9.966999742912510118e-01 -1.796437894316435404e+03
6.312625250501001574e+04 9.967143206745343598e-01 -1.796442740346029723e+03
6.332665330661322514e+04 9.967285124786728900e-01 -1.796447491582216571e+03
6.352705410821642727e+04 9.967425522083037670e-01 -1.796452150301663551e+03
6.372745490981963667e+04 9.967564422606535190e-01 -1.796456718699631210e+03
6.392785571142284607e+04 9.967701849330370401e-01 -1.796461198869227474e+03
6.412825651302604820e+04 9.967837824336427399e-01 -1.796465592808317069e+03
6.432865731462925760e+04 9.967972368992789045e-01 -1.796469902456745331e+03
6.452905811623245972e+04 9.968105504021366192e-01 -1.796474129710245961e+03
6.472945891783566913e+04 9.968237249464645400e-01 -1.796478276409591899e+03
6.492985971943887853e+04 9.968367624561853546e-01 -1.796482344305857168e+03
6.513026052104208065e+04 9.968496647738369631e-01 -1.796486335055570635e+03
6.533066132264529006e+04 9.968624336789844165e-01 -1.796490250264897668e+03
6.553106212424849946e+04 9.968750709008264987e-01 -1.796494091514937963e+03
6.573146292585170886e+04 9.968875781160561056e-01 -1.796497860347166352e+03
6.593186372745491099e+04 9.968999569419284557e-01 -1.796501558237699101e+03
6.613226452905811311e+04 9.969122089350604954e-01 -1.796505186588877905e+03
6.633266533066131524e+04 9.969243356012511548e-01 -1.796508746751189619e+03
6.653306613226453192e+04 9.969363384060602185e-01 -1.796512240047108662e+03
6.673346693386773404e+04 9.969482187789131533e-01 -1.796515667777998260e+03
6.693386773547093617e+04 9.969599781145583872e-01 -1.796519031224371702e+03
6.713426853707415285e+04 9.969716177701867243e-01 -1.796522331634574357e+03
6.733466933867735497e+04 9.969831390574939167e-01 -1.796525570200505399e+03
6.753507014028055710e+04 9.969945432382136818e-01 -1.796528748043856012e+03
6.773547094188377378e+04 9.970058315326921772e-01 -1.796531866237939767e+03
6.793587174348697590e+04 9.970170051396759492e-01 -1.796534925858410361e+03
6.813627254509017803e+04 9.970280652476798400e-01 -1.796537928009272491e+03
6.833667334669339471e+04 9.970390130223126812e-01 -1.796540873784206724e+03
6.853707414829659683e+04 9.970498495831106034e-01 -1.796543764202219563e+03
6.873747494989979896e+04 9.970605759981239213e-01 -1.796546600193229096e+03
6.893787575150300108e+04 9.970711933049748454e-01 -1.796549382654114197e+03
6.913827655310621776e+04 9.970817025364092645e-01 -1.796552112514083319e+03
6.933867735470941989e+04 9.970921047231353640e-01 -1.796554790737661506e+03
6.953907815631262201e+04 9.971024008744046041e-01 -1.796557418269602067e+03
6.973947895791583869e+04 9.971125919610344113e-01 -1.796559995989001663e+03
6.993987975951904082e+04 9.971226789180859251e-01 -1.796562524717030328e+03
7.014028056112224294e+04 9.971326626604573029e-01 -1.796565005258125439e+03
7.034068136272545962e+04 9.971425440936846352e-01 -1.796567438426945500e+03
7.054108216432866175e+04 9.971523241123236847e-01 -1.796569825042002549e+03
7.074148296593186387e+04 9.971620035924267933e-01 -1.796572165904301755e+03
7.094188376753508055e+04 9.971715833863751266e-01 -1.796574461782943445e+03
7.114228456913828268e+04 9.971810643223800730e-01 -1.796576713413351399e+03
7.134268537074148480e+04 9.971904472076209558e-01 -1.796578921505167273e+03
7.154308617234470148e+04 9.971997328337719457e-01 -1.796581086756329569e+03
7.174348697394790361e+04 9.972089219826478779e-01 -1.796583209867111236e+03
7.194388777555110573e+04 9.972180154280881892e-01 -1.796585291543650555e+03
7.214428857715430786e+04 9.972270139320897897e-01 -1.796587332486117020e+03
7.234468937875750999e+04 9.972359182386831833e-01 -1.796589333371352268e+03
7.254509018036071211e+04 9.972447290715769075e-01 -1.796591294846117989e+03
7.274549098196392879e+04 9.972534471377287879e-01 -1.796593217536177463e+03
7.294589178356713091e+04 9.972620731330018584e-01 -1.796595102060474801e+03
7.314629258517033304e+04 9.972706077444383199e-01 -1.796596949035879788e+03
7.334669338677354972e+04 9.972790516479667078e-01 -1.796598759069925336e+03
7.354709418837675184e+04 9.972874055054676834e-01 -1.796600532752372146e+03
7.374749498997995397e+04 9.972956699653757751e-01 -1.796602270656635710e+03
7.394789579158315610e+04 9.973038456666812879e-01 -1.796603973350185697e+03
7.414829659318637277e+04 9.973119332420826710e-01 -1.796605641402305992e+03
7.434869739478957490e+04 9.973199333168181191e-01 -1.796607275380170222e+03
7.454909819639277703e+04 9.973278465043877716e-01 -1.796608875836912830e+03
7.474949899799599370e+04 9.973356734035814242e-01 -1.796610443303631428e+03
7.494989979959919583e+04 9.973434145995562217e-01 -1.796611978292312642e+03
7.515030060120239796e+04 9.973510706676134152e-01 -1.796613481305713776e+03
7.535070140280561463e+04 9.973586421765295862e-01 -1.796614952845744256e+03
7.555110220440881676e+04 9.973661296898826967e-01 -1.796616393416360552e+03
7.575150300601201889e+04 9.973735337656363109e-01 -1.796617803521828819e+03
7.595190380761523556e+04 9.973808549542998447e-01 -1.796619183661226089e+03
7.615230460921843769e+04 9.973880937959591630e-01 -1.796620534320072238e+03
7.635270541082163982e+04 9.973952508179239063e-01 -1.796621855963923508e+03
7.655310621242484194e+04 9.974023265356571910e-01 -1.796623149041010947e+03
7.675350701402805862e+04 9.974093214572642419e-01 -1.796624413994233009e+03
7.695390781563126075e+04 9.974162360878712219e-01 -1.796625651272346431e+03
7.715430861723446287e+04 9.974230709296377784e-01 -1.796626861329134272e+03
7.735470941883767955e+04 9.974298264774946743e-01 -1.796628044611301448e+03
7.755511022044088168e+04 9.974365032151466526e-01 -1.796629201547518960e+03
7.775551102204408380e+04 9.974431016152504048e-01 -1.796630332548835668e+03
7.795591182364730048e+04 9.974496221430473319e-01 -1.796631438018128165e+03
7.815631262525050261e+04 9.974560652597053156e-01 -1.796632518358454263e+03
7.835671342685370473e+04 9.974624314231074207e-01 -1.796633573974554793e+03
7.855711422845692141e+04 9.974687210870245568e-01 -1.796634605270270640e+03
7.875751503006012354e+04 9.974749347003787348e-01 -1.796635612646393156e+03
7.895791583166332566e+04 9.974810727066274474e-01 -1.796636596498911103e+03
7.915831663326652779e+04 9.974871355424486108e-01 -1.796637557215417928e+03
7.935871743486974447e+04 9.974931236363195897e-01 -1.796638495171422619e+03
7.955911823647294659e+04 9.974990374088622547e-01 -1.796639410731544331e+03
7.975951903807614872e+04 9.975048772754139259e-01 -1.796640304256486843e+03
7.995991983967936540e+04 9.975106436484686423e-01 -1.796641176109292019e+03
8.016032064128256752e+04 9.975163369372356259e-01 -1.796642026653567882e+03
8.036072144288576965e+04 9.975219575447429321e-01 -1.796642856245261783e+03
8.056112224448898633e+04 9.975275058661412508e-01 -1.796643665227968768e+03
8.076152304609218845e+04 9.975329822908374222e-01 -1.796644453938530660e+03
8.096192384769539058e+04 9.975383872064413904e-01 -1.796645222717164643e+03
8.116232464929860726e+04 9.975437209998464505e-01 -1.796645971909651735e+03
8.136272545090180938e+04 9.975489840536926334e-01 -1.796646701857410562e+03
8.156312625250501151e+04 9.975541767419380257e-01 -1.796647412885857420e+03
8.176352705410821363e+04 9.975592994296826888e-01 -1.796648105304659111e+03
8.196392785571143031e+04 9.975643524778230464e-01 -1.796648779420718483e+03
8.216432865731463244e+04 9.975693362476546477e-01 -1.796649435550400995e+03
8.236472945891783456e+04 9.975742511005919466e-01 -1.796650074018219584e+03
8.256513026052105124e+04 9.975790973935103612e-01 -1.796650695143920984e+03
8.276553106212425337e+04 9.975838754746857440e-01 -1.796651299231536996e+03
8.296593186372745549e+04 9.975885856842100496e-01 -1.796651886570555916e+03
8.316633266533067217e+04 9.975932283579033166e-01 -1.796652457446218250e+03
8.336673346693385975e+04 9.975978038307242723e-01 -1.796653012148147809e+03
8.356713426853706187e+04 9.976023124370289041e-01 -1.796653550970518836e+03
8.376753507014027855e+04 9.976067545084217336e-01 -1.796654074205993538e+03
8.396793587174348067e+04 9.976111303716882484e-01 -1.796654582140153479e+03
8.416833667334668280e+04 9.976154403484014388e-01 -1.796655075050451842e+03
8.436873747494989948e+04 9.976196847560225844e-01 -1.796655553209070831e+03
8.456913827655310160e+04 9.976238639093685245e-01 -1.796656016886631960e+03
8.476953907815630373e+04 9.976279781214719700e-01 -1.796656466354261511e+03
8.496993987975952041e+04 9.976320277034020911e-01 -1.796656901883017554e+03
8.517034068136272253e+04 9.976360129632874107e-01 -1.796657323741391792e+03
8.537074148296592466e+04 9.976399342052233443e-01 -1.796657732192729782e+03
8.557114228456914134e+04 9.976437917288034640e-01 -1.796658127494384644e+03
8.577154308617234346e+04 9.976475858295661414e-01 -1.796658509899188402e+03
8.597194388777554559e+04 9.976513168000052945e-01 -1.796658879658105207e+03
8.617234468937874772e+04 9.976549849303962825e-01 -1.796659237022037132e+03
8.637274549098196439e+04 9.976585905088162232e-01 -1.796659582241213229e+03
8.657314629258516652e+04 9.976621338203789380e-01 -1.796659915562497645e+03
8.677354709418836865e+04 9.976656151465103095e-01 -1.796660237227053585e+03
8.697394789579158532e+04 9.976690347652757973e-01 -1.796660547471125710e+03
8.717434869739478745e+04 9.976723929527760992e-01 -1.796660846529870696e+03
8.737474949899798958e+04 9.976756899843004511e-01 -1.796661134640498403e+03
8.757515030060120625e+04 9.976789261337865033e-01 -1.796661412040855339e+03
8.777555110220440838e+04 9.976821016719101820e-01 -1.796661678964414932e+03
8.797595190380761051e+04 9.976852168648978614e-01 -1.796661935637375109e+03
8.817635270541082718e+04 9.976882719754902595e-01 -1.796662182281515243e+03
8.837675350701402931e+04 9.976912672648946545e-01 -1.796662419119506012e+03
8.857715430861723144e+04 9.976942029932461820e-01 -1.796662646375992153e+03
8.877755511022043356e+04 9.976970794179819135e-01 -1.796662864273044988e+03
8.897795591182365024e+04 9.976998967923182970e-01 -1.796663073025947824e+03
8.917835671342685237e+04 9.977026553659708030e-01 -1.796663272844868288e+03
8.937875751503005449e+04 9.977053553873352909e-01 -1.796663463940199563e+03
8.957915831663327117e+04 9.977079971044676698e-01 -1.796663646524641536e+03
8.977955911823647330e+04 9.977105807638353419e-01 -1.796663820809720391e+03
8.997995991983967542e+04 9.977131066086610822e-01 -1.796663987001852092e+03
9.018036072144289210e+04 9.977155748788782974e-01 -1.796664145303009718e+03
9.038076152304609423e+04 9.977179858122887657e-01 -1.796664295914325066e+03
9.058116232464929635e+04 9.977203396450734507e-01 -1.796664439037315105e+03
9.078156312625251303e+04 9.977226366111632272e-01 -1.796664574871573450e+03
9.098196392785571516e+04 9.977248769418330943e-01 -1.796664703612901349e+03
9.118236472945891728e+04 9.977270608664443596e-01 -1.796664825454663060e+03
9.138276553106213396e+04 9.977291886134176391e-01 -1.796664940590013657e+03
9.158316633266533609e+04 9.977312604100859739e-01 -1.796665049211438372e+03
9.178356713426853821e+04 9.977332764816401189e-01 -1.796665151508126428e+03
9.198396793587174034e+04 9.977352370505994106e-01 -1.796665247664828712e+03
9.218436873747495702e+04 9.977371423374004067e-01 -1.796665337863772493e+03
9.238476953907815914e+04 9.977389925613036059e-01 -1.796665422287531328e+03
9.258517034068136127e+04 9.977407879407126368e-01 -1.796665501120553245e+03
9.278557114228457795e+04 9.977425286928924830e-01 -1.796665574548995437e+03
9.298597194388778007e+04 9.977442150334102644e-01 -1.796665642759200864e+03
9.318637274549098220e+04 9.977458471753404279e-01 -1.796665705934677135e+03
9.338677354709419888e+04 9.977474253284869254e-01 -1.796665764252667259e+03
9.358717434869740100e+04 9.977489496994875751e-01 -1.796665817883493219e+03
9.378757515030060313e+04 9.977504204933093090e-01 -1.796665866994552516e+03
9.398797595190381981e+04 9.977518379149826755e-01 -1.796665911755699881e+03
9.418837675350702193e+04 9.977532021695414421e-01 -1.796665952340052399e+03
9.438877755511022406e+04 9.977545134598150289e-01 -1.796665988918877247e+03
9.458917835671342618e+04 9.977557719843257455e-01 -1.796666021656483053e+03
9.478957915831662831e+04 9.977569779378818726e-01 -1.796666050711553453e+03
9.498997995991983043e+04 9.977581315146998309e-01 -1.796666076243552425e+03
9.519038076152304711e+04 9.977592329114901570e-01 -1.796666098416934119e+03
9.539078156312624924e+04 9.977602823284337230e-01 -1.796666117399757013e+03
9.559118236472945136e+04 9.977612799673211130e-01 -1.796666133360080721e+03
9.579158316633266804e+04 9.977622260259715326e-01 -1.796666146462334382e+03
9.599198396793587017e+04 9.977631206899790772e-01 -1.796666156861557511e+03
9.619238476953907229e+04 9.977639641302121776e-01 -1.796666164699762021e+03
9.639278557114227442e+04 9.977647565169609489e-01 -1.796666170116771127e+03
9.659318637274549110e+04 9.977654983134511824e-01 -1.796666173187805498e+03
9.679358717434869322e+04 9.977661893264565540e-01 -1.796666174388073614e+03
9.699398797595189535e+04 9.977668295636822338e-01 -1.796666173544104595e+03
9.719438877755511203e+04 9.977674201040860336e-01 -1.796666170875231728e+03
9.739478957915831415e+04 9.977679602116890090e-01 -1.796666166797805545e+03
9.759519038076151628e+04 9.977684499135909268e-01 -1.796666160893299093e+03
9.779559118236473296e+04 9.977688903443887591e-01 -1.796666153746807595e+03
9.799599198396793508e+04 9.977692810684414271e-01 -1.796666145476938937e+03
9.819639278557113721e+04 9.977696222593220865e-01 -1.796666136041599657e+03
9.839679358717435389e+04 9.977699143763281153e-01 -1.796666125731074317e+03
9.859719438877755601e+04 9.977701573969328663e-01 -1.796666114661043366e+03
9.879759519038075814e+04 9.977703516352640634e-01 -1.796666102881245934e+03
9.899799599198396027e+04 9.977704988602992264e-01 -1.796666090174864166e+03
9.919839679358717694e+04 9.977705822068523300e-01 -1.796666072037809954e+03
9.939879759519037907e+04 9.977706202088811871e-01 -1.796666052114481317e+03
9.959919839679358120e+04 9.977706315597631992e-01 -1.796666045524433230e+03
9.979959919839679787e+04 9.977706202088811871e-01 -1.796666052114481317e+03
1.000000000000000000e+05 9.977706315597631992e-01 -1.796666045524433230e+03
