# 208.28670330752976
0.000000000000000000e+00 8.795527316921038619e+00 1.659771915183105406e+01
2.004008016032063892e+02 8.860950473487390511e+00 1.940204573663633880e+01
4.008016032064127785e+02 8.860950473487390511e+00 -1.940204573663633880e+01
6.012024048096192246e+02 8.795527316921038619e+00 -1.659771915183105406e+01
8.016032064128255570e+02 8.744195877482530577e+00 -4.099617279712722251e+01
1.002004008016032003e+03 8.635514600170296262e+00 -2.830044049992528699e+01
1.202404809619238449e+03 8.562897171302036980e+00 -6.205926050453160059e+01
1.402805611222444895e+03 8.483466095178673783e+00 -6.510580906450464056e+01
1.603206412825651114e+03 8.469509453825596168e+00 -1.016072864438266237e+02
1.803607214428857787e+03 8.442870371599735080e+00 -9.661078728678607774e+01
2.004008016032064006e+03 8.467153893035790801e+00 -1.257317577088746674e+02
2.204408817635270680e+03 8.470564254016974104e+00 -1.245820875051012564e+02
2.404809619238476898e+03 8.531908952650205435e+00 -1.610159108838819861e+02
2.605210420841683117e+03 8.560859945309200469e+00 -1.632053694569571007e+02
2.805611222444889790e+03 8.608515389965768705e+00 -1.947279024556823401e+02
3.006012024048096009e+03 8.574653922769417846e+00 -1.938290815908750915e+02
3.206412825651302228e+03 8.538880568435285312e+00 -2.251197634803517644e+02
3.406813627254508901e+03 8.455701994596715565e+00 -2.319706493117564321e+02
3.607214428857715575e+03 8.395825304198924144e+00 -2.657018726324968156e+02
3.807615230460922248e+03 8.313546798178863995e+00 -2.723710733384885430e+02
4.008016032064128012e+03 8.251020841077389534e+00 -2.875371049294543582e+02
4.208416833667334686e+03 8.184066445771756904e+00 -2.764761613889643286e+02
4.408817635270541359e+03 8.161519273903243388e+00 -2.762554129518489390e+02
4.609218436873747123e+03 8.158644382808979856e+00 -2.662569486578196347e+02
4.809619238476953797e+03 8.191325752579569297e+00 -2.802754271391443694e+02
5.010020040080160470e+03 8.216612313469306983e+00 -2.885581278522280400e+02
5.210420841683366234e+03 8.249442274366387551e+00 -3.179036859781948579e+02
5.410821643286572908e+03 8.252465868257576886e+00 -3.349120367203195201e+02
5.611222444889779581e+03 8.256585285045440870e+00 -3.776243728207094819e+02
5.811623246492986254e+03 8.229479955460943685e+00 -4.183663950618639547e+02
6.012024048096192018e+03 8.199023925529919765e+00 -4.732882601842438248e+02
6.212424849699398692e+03 8.141189146993085046e+00 -5.058701621412290592e+02
6.412825651302604456e+03 8.082410652386856853e+00 -5.223315511791555537e+02
6.613226452905811129e+03 8.016287355886010602e+00 -5.058648101436236857e+02
6.813627254509017803e+03 7.966503856738208711e+00 -4.835500378677803042e+02
7.014028056112224476e+03 7.935311660647951904e+00 -4.580249670727586704e+02
7.214428857715431150e+03 7.932692799953481533e+00 -4.376648355550346423e+02
7.414829659318637823e+03 7.935884566745892599e+00 -4.224037332877957169e+02
7.615230460921844497e+03 7.938982935436814437e+00 -4.153131687615892247e+02
7.815631262525049351e+03 7.924097702776429664e+00 -4.235874184051968427e+02
8.016032064128256025e+03 7.898596172579853913e+00 -4.534586463001870698e+02
8.216432865731463608e+03 7.870162571552501873e+00 -5.027815417018919106e+02
8.416833667334669371e+03 7.852643659393398146e+00 -5.704164852163728483e+02
8.617234468937875135e+03 7.841842640303485545e+00 -6.355657214853414416e+02
8.817635270541082718e+03 7.835967848067585173e+00 -6.941690816593149975e+02
9.018036072144288482e+03 7.822446080222369424e+00 -7.232575272171991401e+02
9.218436873747494246e+03 7.808601601775745138e+00 -7.240953114360406744e+02
9.418837675350701829e+03 7.791295283994523757e+00 -7.019108392907294274e+02
9.619238476953907593e+03 7.774123606755178884e+00 -6.735277598924785707e+02
9.819639278557115176e+03 7.752927572580237126e+00 -6.499690060025006915e+02
1.002004008016032094e+04 7.728652953370155565e+00 -6.398053894768119108e+02
1.022044088176352670e+04 7.689604462784987327e+00 -6.370130247993046169e+02
1.042084168336673247e+04 7.637157605577060693e+00 -6.427230542675820288e+02
1.062124248496994005e+04 7.574942075987124213e+00 -6.527825256621350718e+02
1.082164328657314582e+04 7.510416358183619856e+00 -6.691704387010548771e+02
1.102204408817635340e+04 7.462496103639161937e+00 -6.924561057498387981e+02
1.122244488977955916e+04 7.447618624960992584e+00 -7.202085160141247115e+02
1.142284569138276674e+04 7.457358830538710848e+00 -7.477640729270129896e+02
1.162324649298597251e+04 7.490176717929798222e+00 -7.762773815553349550e+02
1.182364729458917827e+04 7.525774640619263600e+00 -8.002952822714024705e+02
1.202404809619238404e+04 7.544515540216528926e+00 -8.186721339919745333e+02
1.222444889779559162e+04 7.547900094405321170e+00 -8.339619592478485401e+02
1.242484969939879738e+04 7.524703111239901432e+00 -8.503641815708548393e+02
1.262525050100200315e+04 7.486363495492445175e+00 -8.717812508674475112e+02
1.282565130260520891e+04 7.441734965605578012e+00 -8.998696557374047416e+02
1.302605210420841649e+04 7.396202233025132244e+00 -9.301867227775616129e+02
1.322645290581162226e+04 7.355413614593699023e+00 -9.465666412614448291e+02
1.342685370741482984e+04 7.316978407604471712e+00 -9.486787728505262294e+02
1.362725450901803561e+04 7.279899133490760121e+00 -9.290845016120672426e+02
1.382765531062124319e+04 7.243974496901451232e+00 -8.986162660752380589e+02
1.402805611222444895e+04 7.214528260626264178e+00 -8.671890652945676266e+02
1.422845691382765654e+04 7.190427167615507820e+00 -8.495679911325605644e+02
1.442885771543086230e+04 7.168187253350562393e+00 -8.482161035490632912e+02
1.462925851703406806e+04 7.153224145083470376e+00 -8.724346661693094802e+02
1.482965931863727565e+04 7.136759538588695051e+00 -9.149849274147730966e+02
1.503006012024048141e+04 7.116252946441884220e+00 -9.644352810184119562e+02
1.523046092184368899e+04 7.099661568430909675e+00 -1.011314959574729187e+03
1.543086172344689294e+04 7.085337292783488117e+00 -1.046876917373107290e+03
1.563126252505009870e+04 7.074839234802627885e+00 -1.063155843492134636e+03
1.583166332665330629e+04 7.070860318499517128e+00 -1.073335191086074929e+03
1.603206412825651205e+04 7.074104567577663261e+00 -1.079973567126958869e+03
1.623246492985971963e+04 7.079632436089116077e+00 -1.090055432153810671e+03
1.643286573146292722e+04 7.082386221090335887e+00 -1.108588462380020928e+03
1.663326653306613298e+04 7.072766525720925124e+00 -1.130744786724815413e+03
1.683366733466933874e+04 7.043531979909599450e+00 -1.152357579450870617e+03
1.703406813627254451e+04 6.993914636835008025e+00 -1.165371639044378981e+03
1.723446893787575027e+04 6.935855492439825021e+00 -1.166232305414781422e+03
1.743486973947895967e+04 6.875321745415725161e+00 -1.154620117029130597e+03
1.763527054108216544e+04 6.821644668948353640e+00 -1.134502992419778820e+03
1.783567134268537120e+04 6.785528135215002976e+00 -1.118175289782923073e+03
1.803607214428857696e+04 6.763800437448391101e+00 -1.108180007805135347e+03
1.823647294589178273e+04 6.752828380755440563e+00 -1.109756816058847107e+03
1.843687374749498849e+04 6.748324949582700683e+00 -1.123205161102337797e+03
1.863727454909819426e+04 6.739727255179813525e+00 -1.144709485230049722e+03
1.883767535070140366e+04 6.721481390105634723e+00 -1.167855455603292512e+03
1.903807615230460942e+04 6.698516139207238318e+00 -1.195402036655668098e+03
1.923847695390781519e+04 6.674511638327051521e+00 -1.225305250083048350e+03
1.943887775551102095e+04 6.651215388027667430e+00 -1.253114129621219718e+03
1.963927855711423035e+04 6.634210296537898621e+00 -1.274603390611529449e+03
1.983967935871743612e+04 6.621709746015756792e+00 -1.288578112136691061e+03
2.004008016032064188e+04 6.615424200780354980e+00 -1.298706765892699195e+03
2.024048096192384764e+04 6.616023687215625060e+00 -1.315837550003091110e+03
2.044088176352705341e+04 6.619417348563993997e+00 -1.341788870904483701e+03
2.064128256513026281e+04 6.620888128317125698e+00 -1.371689497154328137e+03
2.084168336673346494e+04 6.610017707945636367e+00 -1.399035872962079111e+03
2.104208416833667070e+04 6.576720537050737114e+00 -1.414207232477706157e+03
2.124248496993988010e+04 6.529738442366673112e+00 -1.415357411253531609e+03
2.144288577154308587e+04 6.480470631350661925e+00 -1.409833397488334185e+03
2.164328657314629163e+04 6.434824040386879496e+00 -1.398999006705047123e+03
2.184368737474949739e+04 6.398896287383941228e+00 -1.390411534902416633e+03
2.204408817635270680e+04 6.372159621145088160e+00 -1.381954267666173564e+03
2.224448897795591256e+04 6.347293977725971814e+00 -1.372115731899280718e+03
2.244488977955911832e+04 6.320823109755678182e+00 -1.367891156181502765e+03
2.264529058116232409e+04 6.293966781496823870e+00 -1.368302230185264079e+03
2.284569138276553349e+04 6.268177205926034112e+00 -1.380196308717834654e+03
2.304609218436873925e+04 6.244315088295834038e+00 -1.400526390202751827e+03
2.324649298597194502e+04 6.224838931696902833e+00 -1.427288560212942912e+03
2.344689378757515078e+04 6.207530353330739992e+00 -1.454237263113710014e+03
2.364729458917835655e+04 6.190593410818642894e+00 -1.475020379544714842e+03
2.384769539078156231e+04 6.171196143154759284e+00 -1.485116509755105881e+03
2.404809619238476807e+04 6.150333328145949352e+00 -1.488807146464416064e+03
2.424849699398797384e+04 6.130194057729962509e+00 -1.491785389464194850e+03
2.444889779559118324e+04 6.113418582754985842e+00 -1.500412513318013680e+03
2.464929859719438900e+04 6.101500904849578077e+00 -1.520954908272510920e+03
2.484969939879759477e+04 6.092618495556634706e+00 -1.550903685294160368e+03
2.505010020040080053e+04 6.082848775822380816e+00 -1.584170372752128060e+03
2.525050100200400630e+04 6.071127412060781658e+00 -1.616196702917786979e+03
2.545090180360721206e+04 6.057867342599738691e+00 -1.642986751209999738e+03
2.565130260521041782e+04 6.043822459830178850e+00 -1.663617663641508670e+03
2.585170340681362359e+04 6.028628105082651345e+00 -1.678235173862153715e+03
2.605210420841683299e+04 6.009302042671901489e+00 -1.684391848288328447e+03
2.625250501002003875e+04 5.983829504832241852e+00 -1.683753701995866095e+03
2.645290581162324452e+04 5.953284019720880060e+00 -1.679706346165150080e+03
2.665330661322645028e+04 5.919624477701816545e+00 -1.676037373272076366e+03
2.685370741482965968e+04 5.883412050630224321e+00 -1.673275681900561267e+03
2.705410821643286545e+04 5.844015739872927107e+00 -1.669280414623186061e+03
2.725450901803607121e+04 5.802607348189138037e+00 -1.663720073782370946e+03
2.745490981963927698e+04 5.762963227461007421e+00 -1.658959675168725653e+03
2.765531062124248638e+04 5.729752157443287253e+00 -1.658347748360667538e+03
2.785571142284569214e+04 5.704292130206346734e+00 -1.663212620818518644e+03
2.805611222444889790e+04 5.688083941599076709e+00 -1.677697741382795130e+03
2.825651302605210367e+04 5.677247032957896344e+00 -1.696612497482415392e+03
2.845691382765531307e+04 5.663710646752755373e+00 -1.713722276215001784e+03
2.865731462925851883e+04 5.643579024655498877e+00 -1.725813801305181869e+03
2.885771543086172460e+04 5.618146416975736024e+00 -1.734316657160256000e+03
2.905811623246493036e+04 5.591022507050128709e+00 -1.742356936277685463e+03
2.925851703406813613e+04 5.565040056852179617e+00 -1.752864878179721472e+03
2.945891783567134553e+04 5.541522768111803110e+00 -1.765502410335913510e+03
2.965931863727455129e+04 5.519009906698288503e+00 -1.777553027025958500e+03
2.985971943887775706e+04 5.496063680199250179e+00 -1.787094960346130620e+03
3.006012024048096282e+04 5.473971549321028363e+00 -1.796253067690190619e+03
3.026052104208417222e+04 5.454353213328870353e+00 -1.808109604271223361e+03
3.046092184368737799e+04 5.437843905823298130e+00 -1.824446340379221510e+03
3.066132264529058011e+04 5.424744999685644053e+00 -1.846328182834192830e+03
3.086172344689378588e+04 5.414238986656732422e+00 -1.872806267798015142e+03
3.106212424849699164e+04 5.404703083100169891e+00 -1.901103642019448898e+03
3.126252505010019740e+04 5.393824945319896536e+00 -1.928173673849155875e+03
3.146292585170340317e+04 5.378845239347699092e+00 -1.950316516735529376e+03
3.166332665330661257e+04 5.358108946264775518e+00 -1.965226564483843504e+03
3.186372745490981833e+04 5.333360003202311184e+00 -1.974240018401509815e+03
3.206412825651302410e+04 5.308435253952848321e+00 -1.982462416251957166e+03
3.226452905811622986e+04 5.286005223202628223e+00 -1.993591058623930621e+03
3.246492985971943926e+04 5.263309331851118600e+00 -2.004662187105911926e+03
3.266533066132264503e+04 5.234570671581728618e+00 -2.007659689032465394e+03
3.286573146292585443e+04 5.197874419011792924e+00 -2.002554380905312200e+03
3.306613226452905656e+04 5.156490710600840188e+00 -1.990708590467255817e+03
3.326653306613226596e+04 5.115813386274439267e+00 -1.979122914786540377e+03
3.346693386773546808e+04 5.080146498426454826e+00 -1.974732398036396717e+03
3.366733466933867749e+04 5.049638913839074483e+00 -1.975771324737155510e+03
3.386773547094188689e+04 5.021132562509473374e+00 -1.981844682297712325e+03
3.406813627254508901e+04 4.992667017655299411e+00 -1.990616054115087081e+03
3.426853707414829842e+04 4.977155867119538613e+00 -1.995681356891013593e+03
3.446893787575150054e+04 4.958329450868135702e+00 -2.002869465516044784e+03
3.466933867735470994e+04 4.911096544868226665e+00 -2.026868793653488865e+03
3.486973947895791935e+04 4.878817668434037635e+00 -2.038696522638079614e+03
3.507014028056112147e+04 4.901121771885157408e+00 -2.028398863941963555e+03
3.527054108216433087e+04 4.838194476831679580e+00 -2.054858189571693856e+03
3.547094188376754028e+04 4.755021257157188153e+00 -2.091470193228777134e+03
3.567134268537074240e+04 5.315745637580029381e+00 -1.810434743660196318e+03
3.587174348697395180e+04 1.846882596446691505e+00 -2.348932890452983884e+03
3.607214428857715393e+04 1.142587056726355632e+00 -2.163761412564090278e+03
3.627254509018035606e+04 1.012647156310237717e+00 -1.993498770390721802e+03
3.647294589178356546e+04 9.982030164080536450e-01 -1.982187778079127384e+03
3.667334669338677486e+04 9.953514202605729944e-01 -1.978586605137013066e+03
3.687374749498997699e+04 9.950003497100482486e-01 -1.978238335585229379e+03
3.707414829659318639e+04 9.949552734502246087e-01 -1.978175068653637709e+03
3.727454909819638851e+04 9.949889379729790484e-01 -1.978194541605618042e+03
3.747494989979959792e+04 9.950249460999164297e-01 -1.978221528005482696e+03
3.767535070140280732e+04 9.950574597461404602e-01 -1.978243588119570859e+03
3.787575150300600944e+04 9.950897809225748292e-01 -1.978266029051735586e+03
3.807615230460921885e+04 9.951201605366326586e-01 -1.978286057647183497e+03
3.827655310621242097e+04 9.951494325575824806e-01 -1.978305234203171722e+03
3.847695390781563037e+04 9.951773798309984098e-01 -1.978322651235057265e+03
3.867735470941883978e+04 9.952044510499959973e-01 -1.978339483611539663e+03
3.887775551102204190e+04 9.952303920143478200e-01 -1.978354836166314499e+03
3.907815631262525130e+04 9.952556293865926218e-01 -1.978369658845274671e+03
3.927855711422846070e+04 9.952800352398939454e-01 -1.978383451443575268e+03
3.947895791583166283e+04 9.953038908164792975e-01 -1.978396815461948336e+03
3.967935871743487223e+04 9.953271416328846044e-01 -1.978409442850299683e+03
3.987975951903807436e+04 9.953499777406706883e-01 -1.978421739055508624e+03
4.008016032064128376e+04 9.953723907219639289e-01 -1.978433555911174608e+03
4.028056112224449316e+04 9.953944905818873368e-01 -1.978445111808080810e+03
4.048096192384769529e+04 9.954162811254027021e-01 -1.978456336543606540e+03
4.068136272545090469e+04 9.954378318936596415e-01 -1.978467368634169361e+03
4.088176352705410682e+04 9.954591431201795793e-01 -1.978478162194946890e+03
4.108216432865731622e+04 9.954802496363891473e-01 -1.978488785490704686e+03
4.128256513026052562e+04 9.955011546014248536e-01 -1.978499225210357054e+03
4.148296593186372775e+04 9.955218715887567127e-01 -1.978509506545004569e+03
4.168336673346692987e+04 9.955424007720354851e-01 -1.978519621497384378e+03
4.188376753507013927e+04 9.955627494944413458e-01 -1.978529586089534632e+03
4.208416833667334140e+04 9.955829164709251167e-01 -1.978539393201756411e+03
4.228456913827655080e+04 9.956029048284594785e-01 -1.978549049227096248e+03
4.248496993987976020e+04 9.956227159656467762e-01 -1.978558555135534789e+03
4.268537074148296233e+04 9.956423511746702593e-01 -1.978567911189055167e+03
4.288577154308617173e+04 9.956618134582631008e-01 -1.978577121799540919e+03
4.308617234468937386e+04 9.956811053887871799e-01 -1.978586189436020959e+03
4.328657314629258326e+04 9.957002298715238453e-01 -1.978595117131305187e+03
4.348697394789579266e+04 9.957191904533539972e-01 -1.978603909452883727e+03
4.368737474949899479e+04 9.957379898126554885e-01 -1.978612568484132908e+03
4.388777555110220419e+04 9.957566313135686187e-01 -1.978621098437087767e+03
4.408817635270541359e+04 9.957751176779359170e-01 -1.978629501936991119e+03
4.428857715430861572e+04 9.957934517831396048e-01 -1.978637782400578772e+03
4.448897795591182512e+04 9.958116362038763603e-01 -1.978645942695497979e+03
4.468937875751502725e+04 9.958296733052177663e-01 -1.978653985407504024e+03
4.488977955911823665e+04 9.958475653147359496e-01 -1.978661912991483177e+03
4.509018036072144605e+04 9.958653142578380857e-01 -1.978669727545857313e+03
4.529058116232464818e+04 9.958829221733355164e-01 -1.978677431376325558e+03
4.549098196392785758e+04 9.959003909565479207e-01 -1.978685026511932392e+03
4.569138276553106698e+04 9.959177225394691968e-01 -1.978692515192391966e+03
4.589178356713426911e+04 9.959349186971822032e-01 -1.978699899302948552e+03
4.609218436873747851e+04 9.959519812131205629e-01 -1.978707180843599872e+03
4.629258517034068063e+04 9.959689117427563687e-01 -1.978714361538974117e+03
4.649298597194389004e+04 9.959857119466473119e-01 -1.978721443221847039e+03
4.669338677354709944e+04 9.960023834063190806e-01 -1.978728427591088348e+03
4.689378757515030156e+04 9.960189276996828101e-01 -1.978735316426992540e+03
4.709418837675351097e+04 9.960353463442972455e-01 -1.978742111423429833e+03
4.729458917835671309e+04 9.960516408193565985e-01 -1.978748814247007203e+03
4.749498997995991522e+04 9.960678125316968501e-01 -1.978755426434419633e+03
4.769539078156312462e+04 9.960838628305491715e-01 -1.978761949431733456e+03
4.789579158316633402e+04 9.960997930149299018e-01 -1.978768384611913689e+03
4.809619238476953615e+04 9.961156043616867795e-01 -1.978774733351363238e+03
4.829659318637274555e+04 9.961312981352369311e-01 -1.978780997052743260e+03
4.849699398797594768e+04 9.961468755830561461e-01 -1.978787177127346695e+03
4.869739478957915708e+04 9.961623379137602985e-01 -1.978793274929274276e+03
4.889779559118236648e+04 9.961776862831425161e-01 -1.978799291714712126e+03
4.909819639278556861e+04 9.961929217986222884e-01 -1.978805228654832035e+03
4.929859719438877801e+04 9.962080455417616776e-01 -1.978811086899210522e+03
4.949899799599198013e+04 9.962230585874409794e-01 -1.978816867627439706e+03
4.969939879759518954e+04 9.962379620036162509e-01 -1.978822572044077106e+03
4.989979959919839894e+04 9.962527568326792204e-01 -1.978828201322030964e+03
5.010020040080160106e+04 9.962674440735803660e-01 -1.978833756550351382e+03
5.030060120240480319e+04 9.962820246813505198e-01 -1.978839238733210095e+03
5.050100200400801259e+04 9.962964995854393102e-01 -1.978844648842215975e+03
5.070140280561121472e+04 9.963108697111551226e-01 -1.978849987875880288e+03
5.090180360721442412e+04 9.963251359877779434e-01 -1.978855256879669014e+03
5.110220440881763352e+04 9.963392993381451346e-01 -1.978860456913140069e+03
5.130260521042083565e+04 9.963533606583854230e-01 -1.978865588990272727e+03
5.150300601202404505e+04 9.963673208028653860e-01 -1.978870654036471706e+03
5.170340681362724717e+04 9.963811805857756276e-01 -1.978875652894083942e+03
5.190380761523045658e+04 9.963949407991680163e-01 -1.978880586374511950e+03
5.210420841683366598e+04 9.964086022350615579e-01 -1.978885455320287292e+03
5.230460921843686810e+04 9.964221656947868100e-01 -1.978890260629059867e+03
5.250501002004007751e+04 9.964356319778900906e-01 -1.978895003218987995e+03
5.270541082164328691e+04 9.964490018601173116e-01 -1.978899683964512860e+03
5.290581162324648903e+04 9.964622760802032131e-01 -1.978904303659295010e+03
5.310621242484969844e+04 9.964754553473194054e-01 -1.978908863038742538e+03
5.330661322645290056e+04 9.964885403616148274e-01 -1.978913362838509784e+03
5.350701402805610996e+04 9.965015318281000845e-01 -1.978917803832009895e+03
5.370741482965931937e+04 9.965144304517220553e-01 -1.978922186813651251e+03
5.390781563126252149e+04 9.965272369207485159e-01 -1.978926512550036477e+03
5.410821643286573089e+04 9.965399518964686010e-01 -1.978930781750978213e+03
5.430861723446893302e+04 9.965525760192894822e-01 -1.978934995087830202e+03
5.450901803607214242e+04 9.965651099240270261e-01 -1.978939153236877473e+03
5.470941883767535182e+04 9.965775542485081351e-01 -1.978943256902167604e+03
5.490981963927855395e+04 9.965899096273315161e-01 -1.978947306795698978e+03
5.511022044088176335e+04 9.966021766777858337e-01 -1.978951303596451453e+03
5.531062124248497275e+04 9.966143559925264572e-01 -1.978955247930181486e+03
5.551102204408817488e+04 9.966264481469996328e-01 -1.978959140391718165e+03
5.571142284569138428e+04 9.966384537154197032e-01 -1.978962981590594836e+03
5.591182364729458641e+04 9.966503732804854465e-01 -1.978966772177241637e+03
5.611222444889779581e+04 9.966622074269205767e-01 -1.978970512822445244e+03
5.631262525050100521e+04 9.966739567235848307e-01 -1.978974204165212086e+03
5.651302605210420734e+04 9.966856217102062487e-01 -1.978977846775653234e+03
5.671342685370741674e+04 9.966972029016962775e-01 -1.978981441168944230e+03
5.691382765531062614e+04 9.967087008072675891e-01 -1.978984987860633510e+03
5.711422845691382827e+04 9.967201159476252181e-01 -1.978988487414514566e+03
5.731462925851703767e+04 9.967314488550916840e-01 -1.978991940440635290e+03
5.751503006012023980e+04 9.967427000573610973e-01 -1.978995347547266874e+03
5.771543086172344920e+04 9.967538700603085777e-01 -1.978998709291954356e+03
5.791583166332665860e+04 9.967649593447396317e-01 -1.979002026173509194e+03
5.811623246492986073e+04 9.967759683778107949e-01 -1.979005298665471628e+03
5.831663326653307013e+04 9.967868976270903847e-01 -1.979008527255766012e+03
5.851703406813627225e+04 9.967977475655422914e-01 -1.979011712459539694e+03
5.871743486973948166e+04 9.968085186662829500e-01 -1.979014854803040407e+03
5.891783567134269106e+04 9.968192113947051958e-01 -1.979017954800773850e+03
5.911823647294589318e+04 9.968298262048909120e-01 -1.979021012945420125e+03
5.931863727454910259e+04 9.968403635408141783e-01 -1.979024029711370076e+03
5.951903807615231199e+04 9.968508238389197640e-01 -1.979027005561880287e+03
5.971943887775551411e+04 9.968612075299020381e-01 -1.979029940953902042e+03
5.991983967935872352e+04 9.968715150401201708e-01 -1.979032836341912798e+03
6.012024048096192564e+04 9.968817467930219944e-01 -1.979035692181761533e+03
6.032064128256513504e+04 9.968919032093037647e-01 -1.979038508930741955e+03
6.052104208416834445e+04 9.969019847048388172e-01 -1.979041287041324949e+03
6.072144288577154657e+04 9.969119916879024546e-01 -1.979044026953146385e+03
6.092184368737475597e+04 9.969219245586374845e-01 -1.979046729091642419e+03
6.112224448897795082e+04 9.969317837115643233e-01 -1.979049393875316355e+03
6.132264529058116022e+04 9.969415695385434040e-01 -1.979052021723932057e+03
6.152304609218436235e+04 9.969512824290364117e-01 -1.979054613058758378e+03
6.172344689378757175e+04 9.969609227675712004e-01 -1.979057168294963503e+03
6.192384769539077388e+04 9.969704909314917041e-01 -1.979059687835148225e+03
6.212424849699398328e+04 9.969799872916202954e-01 -1.979062172071365239e+03
6.232464929859719268e+04 9.969894122151636839e-01 -1.979064621393373727e+03
6.252505010020039481e+04 9.969987660678659713e-01 -1.979067036194455113e+03
6.272545090180360421e+04 9.970080492133902572e-01 -1.979069416869223232e+03
6.292585170340680634e+04 9.970172620107471406e-01 -1.979071763806039371e+03
6.312625250501001574e+04 9.970264048121195710e-01 -1.979074077380808831e+03
6.332665330661322514e+04 9.970354779627372821e-01 -1.979076357956762877e+03
6.352705410821642727e+04 9.970444818027918155e-01 -1.979078605890049175e+03
6.372745490981963667e+04 9.970534166702599288e-01 -1.979080821537721704e+03
6.392785571142284607e+04 9.970622829029476275e-01 -1.979083005263290715e+03
6.412825651302604820e+04 9.970710808380712775e-01 -1.979085157435033580e+03
6.432865731462925760e+04 9.970798108089634626e-01 -1.979087278416129266e+03
6.452905811623245972e+04 9.970884731409607182e-01 -1.979089368552801716e+03
6.472945891783566913e+04 9.970970681503121824e-01 -1.979091428171468806e+03
6.492985971943887853e+04 9.971055961481620766e-01 -1.979093457590434355e+03
6.513026052104208065e+04 9.971140574469209428e-01 -1.979095457137964786e+03
6.533066132264529006e+04 9.971224523631678771e-01 -1.979097427159857261e+03
6.553106212424849946e+04 9.971307812136640525e-01 -1.979099368007266776e+03
6.573146292585170886e+04 9.971390443077190469e-01 -1.979101280014735266e+03
6.593186372745491099e+04 9.971472419433480283e-01 -1.979103163489815415e+03
6.613226452905811311e+04 9.971553744114276530e-01 -1.979105018725699892e+03
6.633266533066131524e+04 9.971634420041347591e-01 -1.979106846025439154e+03
6.653306613226453192e+04 9.971714450194076873e-01 -1.979108645713978149e+03
6.673346693386773404e+04 9.971793837569933316e-01 -1.979110418126000241e+03
6.693386773547093617e+04 9.971872585100441944e-01 -1.979112163581713048e+03
6.713426853707415285e+04 9.971950695605678039e-01 -1.979113882374410423e+03
6.733466933867735497e+04 9.972028171828628551e-01 -1.979115574780934139e+03
6.753507014028055710e+04 9.972105016509344999e-01 -1.979117241082860346e+03
6.773547094188377378e+04 9.972181232422921981e-01 -1.979118881576642025e+03
6.793587174348697590e+04 9.972256822348267713e-01 -1.979120496563938786e+03
6.813627254509017803e+04 9.972331789007432556e-01 -1.979122086334115920e+03
6.833667334669339471e+04 9.972406135041290698e-01 -1.979123651157740824e+03
6.853707414829659683e+04 9.972479863044980686e-01 -1.979125191297148376e+03
6.873747494989979896e+04 9.972552975624966454e-01 -1.979126707022696337e+03
6.893787575150300108e+04 9.972625475422571828e-01 -1.979128198618996748e+03
6.913827655310621776e+04 9.972697365087431765e-01 -1.979129666376894647e+03
6.933867735470941989e+04 9.972768647232422845e-01 -1.979131110580550967e+03
6.953907815631262201e+04 9.972839324411237882e-01 -1.979132531501336643e+03
6.973947895791583869e+04 9.972909399129058494e-01 -1.979133929401141586e+03
6.993987975951904082e+04 9.972978873864304372e-01 -1.979135304538550827e+03
7.014028056112224294e+04 9.973047751076368206e-01 -1.979136657170827220e+03
7.034068136272545962e+04 9.973116033197368946e-01 -1.979137987551373271e+03
7.054108216432866175e+04 9.973183722624848757e-01 -1.979139295927616331e+03
7.074148296593186387e+04 9.973250821728769644e-01 -1.979140582543058144e+03
7.094188376753508055e+04 9.973317332868778529e-01 -1.979141847642147695e+03
7.114228456913828268e+04 9.973383258406116614e-01 -1.979143091473477853e+03
7.134268537074148480e+04 9.973448600699705846e-01 -1.979144314288404075e+03
7.154308617234470148e+04 9.973513362089296841e-01 -1.979145516336060155e+03
7.174348697394790361e+04 9.973577544878360346e-01 -1.979146697858455582e+03
7.194388777555110573e+04 9.973641151328719312e-01 -1.979147859089037638e+03
7.214428857715430786e+04 9.973704183670722978e-01 -1.979149000255694318e+03
7.234468937875750999e+04 9.973766644123169822e-01 -1.979150121586470505e+03
7.254509018036071211e+04 9.973828534910608168e-01 -1.979151223314379877e+03
7.274549098196392879e+04 9.973889858266410391e-01 -1.979152305678039966e+03
7.294589178356713091e+04 9.973950616418767456e-01 -1.979153368917469152e+03
7.314629258517033304e+04 9.974010811568490009e-01 -1.979154413267675181e+03
7.334669338677354972e+04 9.974070445873101098e-01 -1.979155438954220699e+03
7.354709418837675184e+04 9.974129521446630786e-01 -1.979156446193358988e+03
7.374749498997995397e+04 9.974188040373425101e-01 -1.979157435196126698e+03
7.394789579158315610e+04 9.974246004725733084e-01 -1.979158406173396770e+03
7.414829659318637277e+04 9.974303416574565873e-01 -1.979159359338905233e+03
7.434869739478957490e+04 9.974360277989777757e-01 -1.979160294909126833e+03
7.454909819639277703e+04 9.974416591031262103e-01 -1.979161213100615669e+03
7.474949899799599370e+04 9.974472357737046435e-01 -1.979162114126495908e+03
7.494989979959919583e+04 9.974527580115349901e-01 -1.979162998194133252e+03
7.515030060120239796e+04 9.974582260145951063e-01 -1.979163865505531930e+03
7.535070140280561463e+04 9.974636399792198294e-01 -1.979164716260745081e+03
7.555110220440881676e+04 9.974690001017373353e-01 -1.979165550662477017e+03
7.575150300601201889e+04 9.974743065794087205e-01 -1.979166368918589797e+03
7.595190380761523556e+04 9.974795596097734141e-01 -1.979167171240036168e+03
7.615230460921843769e+04 9.974847593885757258e-01 -1.979167957834830304e+03
7.635270541082163982e+04 9.974899061076740736e-01 -1.979168728902188150e+03
7.655310621242484194e+04 9.974949999545784651e-01 -1.979169484631459454e+03
7.675350701402805862e+04 9.975000411140857448e-01 -1.979170225207036765e+03
7.695390781563126075e+04 9.975050297707170888e-01 -1.979170950815334436e+03
7.715430861723446287e+04 9.975099661098879578e-01 -1.979171661647942756e+03
7.735470941883767955e+04 9.975148503168779213e-01 -1.979172357898448809e+03
7.755511022044088168e+04 9.975196825747648655e-01 -1.979173039756464277e+03
7.775551102204408380e+04 9.975244630635349274e-01 -1.979173707405205505e+03
7.795591182364730048e+04 9.975291919613896718e-01 -1.979174361025339977e+03
7.815631262525050261e+04 9.975338694469236822e-01 -1.979175000801123588e+03
7.835671342685370473e+04 9.975384956998422092e-01 -1.979175626922156198e+03
7.855711422845692141e+04 9.975430708992566453e-01 -1.979176239578241166e+03
7.875751503006012354e+04 9.975475952210081099e-01 -1.979176838951719446e+03
7.895791583166332566e+04 9.975520688364817312e-01 -1.979177425214328196e+03
7.915831663326652779e+04 9.975564919139620068e-01 -1.979177998531366256e+03
7.935871743486974447e+04 9.975608646213153241e-01 -1.979178559069465337e+03
7.955911823647294659e+04 9.975651871278065075e-01 -1.979179107001670900e+03
7.975951903807614872e+04 9.975694596038786610e-01 -1.979179642506582468e+03
7.995991983967936540e+04 9.975736822194477549e-01 -1.979180165763288414e+03
8.016032064128256752e+04 9.975778551421760065e-01 -1.979180676946323956e+03
8.036072144288576965e+04 9.975819785368096326e-01 -1.979181176223714147e+03
8.056112224448898633e+04 9.975860525656967681e-01 -1.979181663758366085e+03
8.076152304609218845e+04 9.975900773898739304e-01 -1.979182139711060927e+03
8.096192384769539058e+04 9.975940531699901692e-01 -1.979182604243006153e+03
8.116232464929860726e+04 9.975979800667308384e-01 -1.979183057517049747e+03
8.136272545090180938e+04 9.976018582408244795e-01 -1.979183499697807974e+03
8.156312625250501151e+04 9.976056878527745919e-01 -1.979183930951087632e+03
8.176352705410821363e+04 9.976094690622568928e-01 -1.979184351442359230e+03
8.196392785571143031e+04 9.976132020270864764e-01 -1.979184761333960523e+03
8.216432865731463244e+04 9.976168869021935226e-01 -1.979185160782286630e+03
8.236472945891783456e+04 9.976205238395650099e-01 -1.979185549937718179e+03
8.256513026052105124e+04 9.976241129897076565e-01 -1.979185928948746550e+03
8.276553106212425337e+04 9.976276545037882082e-01 -1.979186297967776454e+03
8.296593186372745549e+04 9.976311485345077390e-01 -1.979186657153113174e+03
8.316633266533067217e+04 9.976345952346633572e-01 -1.979187006664403725e+03
8.336673346693385975e+04 9.976379947546224480e-01 -1.979187346655335887e+03
8.356713426853706187e+04 9.976413472412325456e-01 -1.979187677270837867e+03
8.376753507014027855e+04 9.976446528393847490e-01 -1.979187998651988664e+03
8.396793587174348067e+04 9.976479116946717074e-01 -1.979188310943848137e+03
8.416833667334668280e+04 9.976511239543900400e-01 -1.979188614298215271e+03
8.436873747494989948e+04 9.976542897658478015e-01 -1.979188908868565250e+03
8.456913827655310160e+04 9.976574092737870991e-01 -1.979189194802532256e+03
8.476953907815630373e+04 9.976604826195772935e-01 -1.979189472239614133e+03
8.496993987975952041e+04 9.976635099429181919e-01 -1.979189741316011123e+03
8.517034068136272253e+04 9.976664913842192561e-01 -1.979190002171310880e+03
8.537074148296592466e+04 9.976694270853071478e-01 -1.979190254950370218e+03
8.557114228456914134e+04 9.976723171879497976e-01 -1.979190499799161671e+03
8.577154308617234346e+04 9.976751618317780679e-01 -1.979190736859135995e+03
8.597194388777554559e+04 9.976779611535582237e-01 -1.979190966265539828e+03
8.617234468937874772e+04 9.976807152882883889e-01 -1.979191188150735115e+03
8.637274549098196439e+04 9.976834243708672112e-01 -1.979191402648780013e+03
8.657314629258516652e+04 9.976860885367435650e-01 -1.979191609896818363e+03
8.677354709418836865e+04 9.976887079211385068e-01 -1.979191810032366675e+03
8.697394789579158532e+04 9.976912826578659965e-01 -1.979192003189721845e+03
8.717434869739478745e+04 9.976938128790834304e-01 -1.979192189499294045e+03
8.737474949899798958e+04 9.976962987161734908e-01 -1.979192369090394095e+03
8.757515030060120625e+04 9.976987403006807309e-01 -1.979192542094157488e+03
8.777555110220440838e+04 9.977011377641520351e-01 -1.979192708643289734e+03
8.797595190380761051e+04 9.977034912370020825e-01 -1.979192868868970891e+03
8.817635270541082718e+04 9.977058008476916706e-01 -1.979193022898600020e+03
8.837675350701402931e+04 9.977080667231246203e-01 -1.979193170856920005e+03
8.857715430861723144e+04 9.977102889897309090e-01 -1.979193312868937255e+03
8.877755511022043356e+04 9.977124677739470648e-01 -1.979193449061023102e+03
8.897795591182365024e+04 9.977146032016680488e-01 -1.979193579559111868e+03
8.917835671342685237e+04 9.977166953976238650e-01 -1.979193704486752040e+03
8.937875751503005449e+04 9.977187444856236986e-01 -1.979193823965663569e+03
8.957915831663327117e+04 9.977207505893949113e-01 -1.979193938117944754e+03
8.977955911823647330e+04 9.977227138328850220e-01 -1.979194047066888743e+03
8.997995991983967542e+04 9.977246343396183326e-01 -1.979194150935416701e+03
9.018036072144289210e+04 9.977265122318820234e-01 -1.979194249844339311e+03
9.038076152304609423e+04 9.977283476306011423e-01 -1.979194343912566183e+03
9.058116232464929635e+04 9.977301406558035657e-01 -1.979194433258516483e+03
9.078156312625251303e+04 9.977318914269732719e-01 -1.979194518000651442e+03
9.098196392785571516e+04 9.977336000630747659e-01 -1.979194598256819518e+03
9.118236472945891728e+04 9.977352666825890504e-01 -1.979194674143856673e+03
9.138276553106213396e+04 9.977368914036282010e-01 -1.979194745777988828e+03
9.158316633266533609e+04 9.977384743437534009e-01 -1.979194813274830494e+03
9.178356713426853821e+04 9.977400156193501068e-01 -1.979194876748209708e+03
9.198396793587174034e+04 9.977415153451242302e-01 -1.979194936309010700e+03
9.218436873747495702e+04 9.977429736344184397e-01 -1.979194992065870792e+03
9.238476953907815914e+04 9.977443906002546603e-01 -1.979195044127669462e+03
9.258517034068136127e+04 9.977457663563243928e-01 -1.979195092605948730e+03
9.278557114228457795e+04 9.977471010172492827e-01 -1.979195137615565045e+03
9.298597194388778007e+04 9.977483946979867069e-01 -1.979195179273127678e+03
9.318637274549098220e+04 9.977496475126661490e-01 -1.979195217693824361e+03
9.338677354709419888e+04 9.977508595734952968e-01 -1.979195252988375842e+03
9.358717434869740100e+04 9.977520309905297813e-01 -1.979195285262496782e+03
9.378757515030060313e+04 9.977531618725749007e-01 -1.979195314619710416e+03
9.398797595190381981e+04 9.977542523283012832e-01 -1.979195341164834190e+03
9.418837675350702193e+04 9.977553024662677572e-01 -1.979195365004153246e+03
9.438877755511022406e+04 9.977563123939711121e-01 -1.979195386242283121e+03
9.458917835671342618e+04 9.977572822178122358e-01 -1.979195404980666808e+03
9.478957915831662831e+04 9.977582120451172765e-01 -1.979195421321076537e+03
9.498997995991983043e+04 9.977591019862590560e-01 -1.979195435370155565e+03
9.519038076152304711e+04 9.977599521532980464e-01 -1.979195447238098950e+03
9.539078156312624924e+04 9.977607626544239272e-01 -1.979195457030985381e+03
9.559118236472945136e+04 9.977615335888339043e-01 -1.979195464844602839e+03
9.579158316633266804e+04 9.977622650490107770e-01 -1.979195470767698225e+03
9.599198396793587017e+04 9.977629571326118718e-01 -1.979195474894893323e+03
9.619238476953907229e+04 9.977636101175867411e-01 -1.979195477280662999e+03
9.639278557114227442e+04 9.977642239139672409e-01 -1.979195478236769986e+03
9.659318637274549110e+04 9.977647983905251206e-01 -1.979195477736602243e+03
9.679358717434869322e+04 9.977653343636662120e-01 -1.979195475668075915e+03
9.699398797595189535e+04 9.977658313401451817e-01 -1.979195472632000701e+03
9.719438877755511203e+04 9.977662891560431513e-01 -1.979195468102815312e+03
9.739478957915831415e+04 9.977667086910178007e-01 -1.979195462562081048e+03
9.759519038076151628e+04 9.977670896068988604e-01 -1.979195456113976434e+03
9.779559118236473296e+04 9.977674319775314826e-01 -1.979195448680957043e+03
9.799599198396793508e+04 9.977677361110957044e-01 -1.979195440478800720e+03
9.819639278557113721e+04 9.977680019637414910e-01 -1.979195431588184874e+03
9.839679358717435389e+04 9.977682296413394880e-01 -1.979195422057160158e+03
9.859719438877755601e+04 9.977684193069993324e-01 -1.979195412015163356e+03
9.879759519038075814e+04 9.977685711153915227e-01 -1.979195401521514896e+03
9.899799599198396027e+04 9.977686862751558028e-01 -1.979195390314893302e+03
9.919839679358717694e+04 9.977687525555662962e-01 -1.979195374526611886e+03
9.939879759519037907e+04 9.977687828588838181e-01 -1.979195357057731826e+03
9.959919839679358120e+04 9.977687919426350138e-01 -1.979195351186141124e+03
9.979959919839679787e+04 9.977687828588838181e-01 -1.979195357057731826e+03
1.000000000000000000e+05 9.977687919426350138e-01 -1.979195351186141124e+03
