# 165.31422238206048
0.000000000000000000e+00 1.226184535301980683e+00 0.000000000000000000e+00
4.008016032064127643e+01 1.226184535301980683e+00 0.000000000000000000e+00
8.016032064128255286e+01 7.534783239452637060e-01 3.647727120980232485e+02
1.202404809619238506e+02 9.114544783700367914e-01 2.764894403769429800e+02
1.603206412825651057e+02 8.705419783629000374e-01 3.021620886720865542e+02
2.004008016032064177e+02 8.826563680655752364e-01 2.944460371154577274e+02
2.404809619238477012e+02 8.789427124232185307e-01 2.964879413936855030e+02
2.805611222444889563e+02 8.798555991417219557e-01 2.956631363986124370e+02
3.206412825651302114e+02 8.794045317862216882e-01 2.956727788198250551e+02
3.607214428857715802e+02 8.793505305448479081e-01 2.954758212005866085e+02
4.008016032064128353e+02 8.792322085537882526e-01 2.952900933408780020e+02
4.408817635270541473e+02 8.790701598641257331e-01 2.951284043698478285e+02
4.809619238476954024e+02 8.789340087377622845e-01 2.949503161443288377e+02
5.210420841683366007e+02 8.787978060489370913e-01 2.947720082645150228e+02
5.611222444889779126e+02 8.786565397395474930e-01 2.945969063665868362e+02
6.012024048096192246e+02 8.785170166352531673e-01 2.944208812741701990e+02
6.412825651302604228e+02 8.783780594883980886e-01 2.942446766113046692e+02
6.813627254509017348e+02 8.782386490482143593e-01 2.940688458985964076e+02
7.214428857715431604e+02 8.780993097915370527e-01 2.938929875941381624e+02
7.615230460921844724e+02 8.779600378656283732e-01 2.937170803960474927e+02
8.016032064128256707e+02 8.778207257467407487e-01 2.935412051697120432e+02
8.416833667334669826e+02 8.776814233139068611e-01 2.933653541612887921e+02
8.817635270541082946e+02 8.775421492672440538e-01 2.931895321940264694e+02
9.218436873747494928e+02 8.774028962629606410e-01 2.930137514857333372e+02
9.619238476953908048e+02 8.772636672418148152e-01 2.928380126977215809e+02
1.002004008016032117e+03 8.771244640947846172e-01 2.926623151822519162e+02
1.042084168336673201e+03 8.769852859024342973e-01 2.924866595401020390e+02
1.082164328657314627e+03 8.768461326241813181e-01 2.923110457609834043e+02
1.122244488977955825e+03 8.767070044337186285e-01 2.921354737120925620e+02
1.162324649298597251e+03 8.765679012521087055e-01 2.919599434252951937e+02
1.202404809619238449e+03 8.764288230479079234e-01 2.917844549044944529e+02
1.242484969939879647e+03 8.762897698257750001e-01 2.916090081314127360e+02
1.282565130260520846e+03 8.761507415683987832e-01 2.914336031015495223e+02
1.322645290581162271e+03 8.760117382589071022e-01 2.912582398102023262e+02
1.362725450901803470e+03 8.758727598848902174e-01 2.910829182499923604e+02
1.402805611222444895e+03 8.757338064324132754e-01 2.909076384145939755e+02
1.442885771543086321e+03 8.755948778872866267e-01 2.907324002979325428e+02
1.482965931863727519e+03 8.754559742358426488e-01 2.905572038936977037e+02
1.523046092184368945e+03 8.753170954643961776e-01 2.903820491956770411e+02
1.563126252505009916e+03 8.751782415592715969e-01 2.902069361977332846e+02
1.603206412825651341e+03 8.750394125069000939e-01 2.900318648937419539e+02
1.643286573146292540e+03 8.749006082937756945e-01 2.898568352776140955e+02
1.683366733466933965e+03 8.747618289064478247e-01 2.896818473432972496e+02
1.723446893787575164e+03 8.746230743315291933e-01 2.895069010847668096e+02
1.763527054108216589e+03 8.744843445556922390e-01 2.893319964960269886e+02
1.803607214428857787e+03 8.743456395656649116e-01 2.891571335711084316e+02
1.843687374749498986e+03 8.742069593482297840e-01 2.889823123040667951e+02
1.883767535070140184e+03 8.740683038902221647e-01 2.888075326889814392e+02
1.923847695390781610e+03 8.739296731785275441e-01 2.886327947199537789e+02
1.963927855711422808e+03 8.737910672000795964e-01 2.884580983911061480e+02
2.004008016032064234e+03 8.736524859418588473e-01 2.882834436965796385e+02
2.044088176352705432e+03 8.735139293908897873e-01 2.881088306305334186e+02
2.084168336673346403e+03 8.733753975342403164e-01 2.879342591871439936e+02
2.124248496993987828e+03 8.732368903590206344e-01 2.877597293606036715e+02
2.164328657314629254e+03 8.730984078523822411e-01 2.875852411451183457e+02
2.204408817635270680e+03 8.729599500015164937e-01 2.874107945349059605e+02
2.244488977955911650e+03 8.728215167936540508e-01 2.872363895241949763e+02
2.284569138276553076e+03 8.726831082160648734e-01 2.870620261072228914e+02
2.324649298597194502e+03 8.725447242560574468e-01 2.868877042782354465e+02
2.364729458917835473e+03 8.724063649009796695e-01 2.867134240314840667e+02
2.404809619238476898e+03 8.722680301382177426e-01 2.865391853612248951e+02
2.444889779559118324e+03 8.721297199551953927e-01 2.863649882617175422e+02
2.484969939879759295e+03 8.719914343393732059e-01 2.861908327272225279e+02
2.525050100200400720e+03 8.718531732782506261e-01 2.860167187520012817e+02
2.565130260521041691e+03 8.717149367593636233e-01 2.858426463303154037e+02
2.605210420841683117e+03 8.715767247702835840e-01 2.856686154564251865e+02
2.645290581162324543e+03 8.714385372986166445e-01 2.854946261245888195e+02
2.685370741482965968e+03 8.713003743320033578e-01 2.853206783290618205e+02
2.725450901803606939e+03 8.711622358581181391e-01 2.851467720640976609e+02
2.765531062124248365e+03 8.710241218646660455e-01 2.849729073239452646e+02
2.805611222444889790e+03 8.708860323393837755e-01 2.847990841028503155e+02
2.845691382765531216e+03 8.707479672700385587e-01 2.846253023950541206e+02
2.885771543086172642e+03 8.706099266444259355e-01 2.844515621947938939e+02
2.925851703406813613e+03 8.704719104503706451e-01 2.842778634963023592e+02
2.965931863727455038e+03 8.703339186757235169e-01 2.841042062938065555e+02
3.006012024048096464e+03 8.701959513083612485e-01 2.839305905815288043e+02
3.046092184368737890e+03 8.700580083361859618e-01 2.837570163536852874e+02
3.086172344689378406e+03 8.699200897471247584e-01 2.835834836044869007e+02
3.126252505010019831e+03 8.697821955291283880e-01 2.834099923281396514e+02
3.166332665330661257e+03 8.696443256701696933e-01 2.832365425188428389e+02
3.206412825651302683e+03 8.695064801582440550e-01 2.830631341707903630e+02
3.246492985971943654e+03 8.693686589813675036e-01 2.828897672781699839e+02
3.286573146292585079e+03 8.692308621275773861e-01 2.827164418351640620e+02
3.326653306613226505e+03 8.690930895849297011e-01 2.825431578359490459e+02
3.366733466933867930e+03 8.689553413414996541e-01 2.823699152746940513e+02
3.406813627254508901e+03 8.688176173853816575e-01 2.821967141455630212e+02
3.446893787575150327e+03 8.686799177046885534e-01 2.820235544427137597e+02
3.486973947895791753e+03 8.685422422875497261e-01 2.818504361602981589e+02
3.527054108216433178e+03 8.684045911221126568e-01 2.816773592924602667e+02
3.567134268537074604e+03 8.682669641965415908e-01 2.815043238333395834e+02
3.607214428857715575e+03 8.681293614990173158e-01 2.813313297770686177e+02
3.647294589178356546e+03 8.679917830177374949e-01 2.811583771177733979e+02
3.687374749498997971e+03 8.678542287409162226e-01 2.809854658495730177e+02
3.727454909819638942e+03 8.677166986567833584e-01 2.808125959665797495e+02
3.767535070140280368e+03 8.675791927535843051e-01 2.806397674628993855e+02
3.807615230460921794e+03 8.674417110195804526e-01 2.804669803326311239e+02
3.847695390781563219e+03 8.673042534430493999e-01 2.802942345698676831e+02
3.887775551102204190e+03 8.671668200122848447e-01 2.801215301686942212e+02
3.927855711422845616e+03 8.670294107155959162e-01 2.799488671231895296e+02
3.967935871743487041e+03 8.668920255413079534e-01 2.797762454274246124e+02
4.008016032064128467e+03 8.667546644777621712e-01 2.796036650754635389e+02
4.048096192384769893e+03 8.666173275133158826e-01 2.794311260613627041e+02
4.088176352705410864e+03 8.664800146363430544e-01 2.792586283791721371e+02
4.128256513026052744e+03 8.663427258352343063e-01 2.790861720229335674e+02
4.168336673346692805e+03 8.662054610983970226e-01 2.789137569866827562e+02
4.208416833667334686e+03 8.660682204142550189e-01 2.787413832644468243e+02
4.248496993987975657e+03 8.659310037712493191e-01 2.785690508502449347e+02
4.288577154308616628e+03 8.657938111578378226e-01 2.783967597380893721e+02
4.328657314629258508e+03 8.656566425624963035e-01 2.782245099219852591e+02
4.368737474949899479e+03 8.655194979737174110e-01 2.780523013959297600e+02
4.408817635270541359e+03 8.653823773800124464e-01 2.778801341539119676e+02
4.448897795591182330e+03 8.652452807699104742e-01 2.777080081899138690e+02
4.488977955911823301e+03 8.651082081319586559e-01 2.775359234979101757e+02
4.529058116232465181e+03 8.649711594547228044e-01 2.773638800718676976e+02
4.569138276553106152e+03 8.648341347267878287e-01 2.771918779057464235e+02
4.609218436873748033e+03 8.646971339367570675e-01 2.770199169934982137e+02
4.649298597194389004e+03 8.645601570732527330e-01 2.768479973290675389e+02
4.689378757515029974e+03 8.644232041249156895e-01 2.766761189063926167e+02
4.729458917835670945e+03 8.642862750804058969e-01 2.765042817194030249e+02
4.769539078156312826e+03 8.641493699284027441e-01 2.763324857620229409e+02
4.809619238476953797e+03 8.640124886576042718e-01 2.761607310281696641e+02
4.849699398797594768e+03 8.638756312567282825e-01 2.759890175117549802e+02
4.889779559118236648e+03 8.637387977145114526e-01 2.758173452066839673e+02
4.929859719438877619e+03 8.636019880197091103e-01 2.756457141068557917e+02
4.969939879759518590e+03 8.634652021610952355e-01 2.754741242061633670e+02
5.010020040080159561e+03 8.633284401274635700e-01 2.753025754984936952e+02
5.050100200400801441e+03 8.631917019076267295e-01 2.751310679777301971e+02
5.090180360721442412e+03 8.630549874904173135e-01 2.749596016377504952e+02
5.130260521042083383e+03 8.629182968646854635e-01 2.747881764724277787e+02
5.170340681362725263e+03 8.627816300193019705e-01 2.746167924756294951e+02
5.210420841683366234e+03 8.626449869431571660e-01 2.744454496412186018e+02
5.250501002004008114e+03 8.625083676251602549e-01 2.742741479630553272e+02
5.290581162324649085e+03 8.623717720542397602e-01 2.741028874349950115e+02
5.330661322645290056e+03 8.622352002193434117e-01 2.739316680508884474e+02
5.370741482965931937e+03 8.620986521094387012e-01 2.737604898045830168e+02
5.410821643286572908e+03 8.619621277135124382e-01 2.735893526899236008e+02
5.450901803607213878e+03 8.618256270205711944e-01 2.734182567007532612e+02
5.490981963927855759e+03 8.616891500196395270e-01 2.732472018309107398e+02
5.531062124248496730e+03 8.615526966997613112e-01 2.730761880742315384e+02
5.571142284569138610e+03 8.614162670499985186e-01 2.729052154245495103e+02
5.611222444889779581e+03 8.612798610594348814e-01 2.727342838756979972e+02
5.651302605210420552e+03 8.611434787171728944e-01 2.725633934215103977e+02
5.691382765531062432e+03 8.610071200123324830e-01 2.723925440558156765e+02
5.731462925851703403e+03 8.608707849340506701e-01 2.722217357724380804e+02
5.771543086172345284e+03 8.607344734714859058e-01 2.720509685652036751e+02
5.811623246492986254e+03 8.605981856138195107e-01 2.718802424279435286e+02
5.851703406813627225e+03 8.604619213502529007e-01 2.717095573544874014e+02
5.891783567134269106e+03 8.603256806699980386e-01 2.715389133386545950e+02
5.931863727454910077e+03 8.601894635622844287e-01 2.713683103742602611e+02
5.971943887775551957e+03 8.600532700163705524e-01 2.711977484551296698e+02
6.012024048096192928e+03 8.599171000215435345e-01 2.710272275750996869e+02
6.052104208416833899e+03 8.597809535671038228e-01 2.708567477279999025e+02
6.092184368737475779e+03 8.596448306423556396e-01 2.706863089076383631e+02
6.132264529058115841e+03 8.595087312366246346e-01 2.705159111078191359e+02
6.172344689378756811e+03 8.593726553392796452e-01 2.703455543223726636e+02
6.212424849699398692e+03 8.592366029397261462e-01 2.701752385451507621e+02
6.252505010020039663e+03 8.591005740273711666e-01 2.700049637699792129e+02
6.292585170340680634e+03 8.589645685916106332e-01 2.698347299906394028e+02
6.332665330661322514e+03 8.588285866218707820e-01 2.696645372009136281e+02
6.372745490981963485e+03 8.586926281076525669e-01 2.694943853946468835e+02
6.412825651302605365e+03 8.585566930385087892e-01 2.693242745657223622e+02
6.452905811623246336e+03 8.584207814039640505e-01 2.691542047079599342e+02
6.492985971943887307e+03 8.582848931934935477e-01 2.689841758150815281e+02
6.533066132264529188e+03 8.581490283966207722e-01 2.688141878808279444e+02
6.573146292585170158e+03 8.580131870030093255e-01 2.686442408990836270e+02
6.613226452905811129e+03 8.578773690023965282e-01 2.684743348638086786e+02
6.653306613226453010e+03 8.577415743844194473e-01 2.683044697688191604e+02
6.693386773547093981e+03 8.576058031385801472e-01 2.681346456077279754e+02
6.733466933867735861e+03 8.574700552544575194e-01 2.679648623741980487e+02
6.773547094188376832e+03 8.573343307219009057e-01 2.677951200622094348e+02
6.813627254509017803e+03 8.571986295308884340e-01 2.676254186659122070e+02
6.853707414829659683e+03 8.570629516711550933e-01 2.674557581791581242e+02
6.893787575150300654e+03 8.569272971321086896e-01 2.672861385953546574e+02
6.933867735470942534e+03 8.567916659032649429e-01 2.671165599079852200e+02
6.973947895791583505e+03 8.566560579746853588e-01 2.669470221112009654e+02
7.014028056112224476e+03 8.565204733367298706e-01 2.667775251995678900e+02
7.054108216432866357e+03 8.563849119792784625e-01 2.666080691670904912e+02
7.094188376753507328e+03 8.562493738914639385e-01 2.664386540067889655e+02
7.134268537074149208e+03 8.561138590625005929e-01 2.662692797116727093e+02
7.174348697394790179e+03 8.559783674826899613e-01 2.660999462760636334e+02
7.214428857715431150e+03 8.558428991431226152e-01 2.659306536953478144e+02
7.254509018036071211e+03 8.557074540341086388e-01 2.657614019640279821e+02
7.294589178356713091e+03 8.555720321443158749e-01 2.655921910744830257e+02
7.334669338677354062e+03 8.554366334621436030e-01 2.654230210185335750e+02
7.374749498997995943e+03 8.553012579779831759e-01 2.652538917903486890e+02
7.414829659318636914e+03 8.551659056842686457e-01 2.650848033867767981e+02
7.454909819639277885e+03 8.550305765725575435e-01 2.649157558038079969e+02
7.494989979959919765e+03 8.548952706310292138e-01 2.647467490331873137e+02
7.535070140280560736e+03 8.547599878461930034e-01 2.645777830641948185e+02
7.575150300601202616e+03 8.546247282076003815e-01 2.644088578895654109e+02
7.615230460921843587e+03 8.544894917096318432e-01 2.642399735082215102e+02
7.655310621242484558e+03 8.543542783469181279e-01 2.640711299199335258e+02
7.695390781563126438e+03 8.542190881080491405e-01 2.639023271171585066e+02
7.735470941883767409e+03 8.540839209760235917e-01 2.637335650848417004e+02
7.775551102204408380e+03 8.539487769367604120e-01 2.635648438107800189e+02
7.815631262525050261e+03 8.538136559860451946e-01 2.633961632950350804e+02
7.855711422845691231e+03 8.536785581247589016e-01 2.632275235449794195e+02
7.895791583166333112e+03 8.535434833456886361e-01 2.630589245587718779e+02
7.935871743486974083e+03 8.534084316277360527e-01 2.628903663168043749e+02
7.975951903807615054e+03 8.532734029475292914e-01 2.627218487950582357e+02
8.016032064128256934e+03 8.531383972974293517e-01 2.625533719882359378e+02
8.056112224448897905e+03 8.530034146873284318e-01 2.623849359140407387e+02
8.096192384769539785e+03 8.528684551234186895e-01 2.622165405877414059e+02
8.136272545090180756e+03 8.527335185860968059e-01 2.620481859930202404e+02
8.176352705410821727e+03 8.525986050360959689e-01 2.618798720868014129e+02
8.216432865731463608e+03 8.524637144481901352e-01 2.617115988406588372e+02
8.256513026052105488e+03 8.523288468355399994e-01 2.615433662741136800e+02
8.296593186372745549e+03 8.521940022305698470e-01 2.613751744344070289e+02
8.336673346693385611e+03 8.520591806359530951e-01 2.612070233351966522e+02
8.376753507014027491e+03 8.519243820010323764e-01 2.610389129224711269e+02
8.416833667334669371e+03 8.517896062601114648e-01 2.608708431179748004e+02
8.456913827655309433e+03 8.516548533995051962e-01 2.607028139044003296e+02
8.496993987975951313e+03 8.515201234760946258e-01 2.605348253554576559e+02
8.537074148296593194e+03 8.513854165524120665e-01 2.603668775598587786e+02
8.577154308617233255e+03 8.512507326086659054e-01 2.601989705079743658e+02
8.617234468937875135e+03 8.511160715345578165e-01 2.600311040718835898e+02
8.657314629258517016e+03 8.509814332297183093e-01 2.598632781252104564e+02
8.697394789579158896e+03 8.508468177161462309e-01 2.596954926897773248e+02
8.737474949899798958e+03 8.507122251298947502e-01 2.595277479384214416e+02
8.777555110220440838e+03 8.505776555744346545e-01 2.593600440178235544e+02
8.817635270541082718e+03 8.504431089787600762e-01 2.591923808613324809e+02
8.857715430861722780e+03 8.503085851286624752e-01 2.590247582103579589e+02
8.897795591182364660e+03 8.501740838727332994e-01 2.588571758651859227e+02
8.937875751503006541e+03 8.500396053017573728e-01 2.586896339235898381e+02
8.977955911823646602e+03 8.499051496888725410e-01 2.585221327293326681e+02
9.018036072144288482e+03 8.497707172081430116e-01 2.583546725278898180e+02
9.058116232464930363e+03 8.496363077047316414e-01 2.581872531591600364e+02
9.098196392785572243e+03 8.495019207864601407e-01 2.580198741413389030e+02
9.138276553106212305e+03 8.493675562001481438e-01 2.578525351321761718e+02
9.178356713426854185e+03 8.492332141325543704e-01 2.576852363317714776e+02
9.218436873747496065e+03 8.490988950894154952e-01 2.575179783715432791e+02
9.258517034068136127e+03 8.489645994015709851e-01 2.573507617095631304e+02
9.298597194388778007e+03 8.488303268209793639e-01 2.571835860919680385e+02
9.338677354709419888e+03 8.486960766582244409e-01 2.570164506724234457e+02
9.378757515030059949e+03 8.485618484172697817e-01 2.568493547866110021e+02
9.418837675350701829e+03 8.484276423487026042e-01 2.566822986843290550e+02
9.458917835671341891e+03 8.482934593259772171e-01 2.565152834430681423e+02
9.498997995991983771e+03 8.481593000506940649e-01 2.563483100047443486e+02
9.539078156312625651e+03 8.480251642870991757e-01 2.561813781733256405e+02
9.579158316633265713e+03 8.478910509141694973e-01 2.560144865923430757e+02
9.619238476953907593e+03 8.477569588841047388e-01 2.558476338947400563e+02
9.659318637274549474e+03 8.476228882778664708e-01 2.556808200680698633e+02
9.699398797595189535e+03 8.474888404217076898e-01 2.555140467096153714e+02
9.739478957915831415e+03 8.473548167945307297e-01 2.553473157360924972e+02
9.779559118236473296e+03 8.472208176001113644e-01 2.551806275615642221e+02
9.819639278557113357e+03 8.470868413367527161e-01 2.550139804281776037e+02
9.859719438877755238e+03 8.469528859346886485e-01 2.548473717142833834e+02
9.899799599198397118e+03 8.468189506184279347e-01 2.546808002767743631e+02
9.939879759519037179e+03 8.466850368448306519e-01 2.545142677709231407e+02
9.979959919839679060e+03 8.465511473021950506e-01 2.543477775608565423e+02
1.002004008016031912e+04 8.464172836159769009e-01 2.541813318805592132e+02
1.006012024048096100e+04 8.462834446827538493e-01 2.540149296031020469e+02
1.010020040080160288e+04 8.461496272347973635e-01 2.538485667316728609e+02
1.014028056112224294e+04 8.460158284324276190e-01 2.536822395424717342e+02
1.018036072144288482e+04 8.458820484453950517e-01 2.535159479321424669e+02
1.022044088176352670e+04 8.457482907437348096e-01 2.533496960410700751e+02
1.026052104208416677e+04 8.456145595498247847e-01 2.531834892580715461e+02
1.030060120240480865e+04 8.454808562988757048e-01 2.530173297441130842e+02
1.034068136272545053e+04 8.453471780161485594e-01 2.528512141270488200e+02
1.038076152304609059e+04 8.452135192156114973e-01 2.526851355815213651e+02
1.042084168336673247e+04 8.450798761407145587e-01 2.525190890628569491e+02
1.046092184368737435e+04 8.449462500965629896e-01 2.523530757110121669e+02
1.050100200400801623e+04 8.448126470360061147e-01 2.521871027144689776e+02
1.054108216432865629e+04 8.446790733281205332e-01 2.520211782511113938e+02
1.058116232464929817e+04 8.445455307057130323e-01 2.518553050534057149e+02
1.062124248496994005e+04 8.444120143242328513e-01 2.516894775750549513e+02
1.066132264529058011e+04 8.442785157696227616e-01 2.515236853483675361e+02
1.070140280561122199e+04 8.441450291560314012e-01 2.513579205203065214e+02
1.074148296593186387e+04 8.440115559136628365e-01 2.511921841603777352e+02
1.078156312625250393e+04 8.438781045057653918e-01 2.510264864281423058e+02
1.082164328657314582e+04 8.437446848432086366e-01 2.508608399364318586e+02
1.086172344689378770e+04 8.436113011021331154e-01 2.506952506737793840e+02
1.090180360721442776e+04 8.434779480910710170e-01 2.505297129602710129e+02
1.094188376753506964e+04 8.433446140762951293e-01 2.503642124086140086e+02
1.098196392785571152e+04 8.432112885147697856e-01 2.501987353543130155e+02
1.102204408817635340e+04 8.430779695660004514e-01 2.500332785298588476e+02
1.106212424849699346e+04 8.429446661216247749e-01 2.498678522376863498e+02
1.110220440881763534e+04 8.428113926124788380e-01 2.497024744284883582e+02
1.114228456913827722e+04 8.426781597025462256e-01 2.495371591832060858e+02
1.118236472945891728e+04 8.425449668854477769e-01 2.493719070221678749e+02
1.122244488977955916e+04 8.424118019748441100e-01 2.492067035456559267e+02
1.126252505010020104e+04 8.422786481508697243e-01 2.490415276908944691e+02
1.130260521042084110e+04 8.421454943768591495e-01 2.488763647303973983e+02
1.134268537074148298e+04 8.420123427331853705e-01 2.487112159754981633e+02
1.138276553106212486e+04 8.418792079656556293e-01 2.485460989901839071e+02
1.142284569138276674e+04 8.417461092334254102e-01 2.483810378269122054e+02
1.146292585170340681e+04 8.416130587926485829e-01 2.482160488672236625e+02
1.150300601202404869e+04 8.414800542950776618e-01 2.480511306124495547e+02
1.154308617234469057e+04 8.413470793687995997e-01 2.478862635893162860e+02
1.158316633266533063e+04 8.412141123837191259e-01 2.477214207199905616e+02
1.162324649298597251e+04 8.410811385666441264e-01 2.475565824527629104e+02
1.166332665330661439e+04 8.409481586422927757e-01 2.473917481393898470e+02
1.170340681362725445e+04 8.408151890626582858e-01 2.472269371704308583e+02
1.174348697394789633e+04 8.406822535631058857e-01 2.470621790724257494e+02
1.178356713426853821e+04 8.405493705899057533e-01 2.468974978904525699e+02
1.182364729458917827e+04 8.404165433821939590e-01 2.467328992859367531e+02
1.186372745490982015e+04 8.402837579734729889e-01 2.465683672092378629e+02
1.190380761523046203e+04 8.401509900628664207e-01 2.464038717763422994e+02
1.194388777555110391e+04 8.400182170604106879e-01 2.462393840907278388e+02
1.198396793587174398e+04 8.398854291292905394e-01 2.460748903849448652e+02
1.202404809619238586e+04 8.397526338691663206e-01 2.459103985899423606e+02
1.206412825651302774e+04 8.396198526939312456e-01 2.457459345354021139e+02
1.210420841683366780e+04 8.394871109872527049e-01 2.455815300505465189e+02
1.214428857715430968e+04 8.393544267685761895e-01 2.454172087269414533e+02
1.218436873747495156e+04 8.392218028654735429e-01 2.452529756554172025e+02
1.222444889779558980e+04 8.390892257281361566e-01 2.450888152831379045e+02
1.226452905811623168e+04 8.389566711178930714e-01 2.449246979551260779e+02
1.230460921843687356e+04 8.388241141707081239e-01 2.447605922356237045e+02
1.234468937875751362e+04 8.386915396942373757e-01 2.445964779271878626e+02
1.238476953907815550e+04 8.385589484982568509e-01 2.444323544778713142e+02
1.242484969939879738e+04 8.384263571326252551e-01 2.442682412959480871e+02
1.246492985971943745e+04 8.382937911254261243e-01 2.441041698194084688e+02
1.250501002004007933e+04 8.381612746223182642e-01 2.439401707401454473e+02
1.254509018036072121e+04 8.380288209189653559e-01 2.437762619251423644e+02
1.258517034068136127e+04 8.378964278686420464e-01 2.436124421382978085e+02
1.262525050100200315e+04 8.377640797201840739e-01 2.434486927688969331e+02
1.266533066132264503e+04 8.376317538974549226e-01 2.432849859607322287e+02
1.270541082164328509e+04 8.374994292516141359e-01 2.431212949171133175e+02
1.274549098196392697e+04 8.373670923782857711e-01 2.429576020478119176e+02
1.278557114228456885e+04 8.372347403243172170e-01 2.427939026827483531e+02
1.282565130260521073e+04 8.371023800276276017e-01 2.426302046282156084e+02
1.286573146292585079e+04 8.369700258181561603e-01 2.424665251866185827e+02
1.290581162324649267e+04 8.368376959874674892e-01 2.423028869534083753e+02
1.294589178356713455e+04 8.367054086692532477e-01 2.421393127438417139e+02
1.298597194388777461e+04 8.365731771686321094e-01 2.419758197902158656e+02
1.302605210420841649e+04 8.364410057093136786e-01 2.418124143276437792e+02
1.306613226452905838e+04 8.363088874718096477e-01 2.416490888587077563e+02
1.310621242484969844e+04 8.361768065471394396e-01 2.414858242101838641e+02
1.314629258517034032e+04 8.360447436448966707e-01 2.413225963807338701e+02
1.318637274549098220e+04 8.359126830888351511e-01 2.411593852823997963e+02
1.322645290581162226e+04 8.357806175621408373e-01 2.409961809754508977e+02
1.326653306613226414e+04 8.356485482972920709e-01 2.408329843300993787e+02
1.330661322645290602e+04 8.355164813049131833e-01 2.406698025830456231e+02
1.334669338677354790e+04 8.353844227672159173e-01 2.405066435303668584e+02
1.338677354709418796e+04 8.352523769618711569e-01 2.403435126371489616e+02
1.342685370741482984e+04 8.351203477787458862e-01 2.401804146535123436e+02
1.346693386773547172e+04 8.349883417804717656e-01 2.400173574249073738e+02
1.350701402805611178e+04 8.348563692980145445e-01 2.398543535462475518e+02
1.354709418837675366e+04 8.347244415083969749e-01 2.396914170744460932e+02
1.358717434869739554e+04 8.345925648056575774e-01 2.395285566245237021e+02
1.362725450901803561e+04 8.344607364372971237e-01 2.393657696543084512e+02
1.366733466933867749e+04 8.343289451019549885e-01 2.392030426948315949e+02
1.370741482965931937e+04 8.341971769227007893e-01 2.390403584005383095e+02
1.374749498997995943e+04 8.340654232144143476e-01 2.388777052618573578e+02
1.378757515030060131e+04 8.339336847741969372e-01 2.387150834271103292e+02
1.382765531062124319e+04 8.338019695225152850e-01 2.385525023700318172e+02
1.386773547094188507e+04 8.336702849320092312e-01 2.383899717629506938e+02
1.390781563126252513e+04 8.335386305584149280e-01 2.382274919362723722e+02
1.394789579158316701e+04 8.334069962355490357e-01 2.380650509903474301e+02
1.398797595190380889e+04 8.332753677170294804e-01 2.379026312178549176e+02
1.402805611222444895e+04 8.331437362475351271e-01 2.377402208957386449e+02
1.406813627254509083e+04 8.330121054451621321e-01 2.375778233321708797e+02
1.410821643286573271e+04 8.328804903003377280e-01 2.374154564085313552e+02
1.414829659318637277e+04 8.327489082802226328e-01 2.372531420743690944e+02
1.418837675350701466e+04 8.326173680329962412e-01 2.370908922269459538e+02
1.422845691382765654e+04 8.324858632101519440e-01 2.369287003326835475e+02
1.426853707414829842e+04 8.323543759209848236e-01 2.367665448340037813e+02
1.430861723446893848e+04 8.322228881275700596e-01 2.366044028184297190e+02
1.434869739478958036e+04 8.320913939129254144e-01 2.364422655133882358e+02
1.438877755511022224e+04 8.319599046039060086e-01 2.362801455189843125e+02
1.442885771543086230e+04 8.318284429864194474e-01 2.361180705741287227e+02
1.446893787575150236e+04 8.316970297189067995e-01 2.359560671086964874e+02
1.450901803607214242e+04 8.315656701823026520e-01 2.357941435196490545e+02
1.454909819639278430e+04 8.314343500830532196e-01 2.356322837105786050e+02
1.458917835671342618e+04 8.313030429908342400e-01 2.354704554401602934e+02
1.462925851703406806e+04 8.311717257416015858e-01 2.353086290444194049e+02
1.466933867735470812e+04 8.310403926878654479e-01 2.351467956008276303e+02
1.470941883767535001e+04 8.309090601720739988e-01 2.349849735739945800e+02
1.474949899799599189e+04 8.307777581726856209e-01 2.348231995289242491e+02
1.478957915831663195e+04 8.306465135634468755e-01 2.346615077903736335e+02
1.482965931863727383e+04 8.305153344288691564e-01 2.344999105004698663e+02
1.486973947895791571e+04 8.303842044689673241e-01 2.343383895376432804e+02
1.490981963927855577e+04 8.302530909507523926e-01 2.341769052147093646e+02
1.494989979959919765e+04 8.301219621114119818e-01 2.340154173220383882e+02
1.498997995991983953e+04 8.299908046225779046e-01 2.338539071731433694e+02
1.503006012024047959e+04 8.298596315877980745e-01 2.336923886359842584e+02
1.507014028056112147e+04 8.297284765907771975e-01 2.335309020001370754e+02
1.511022044088176335e+04 8.295973767493303175e-01 2.333694936847913652e+02
1.515030060120240523e+04 8.294663535387610809e-01 2.332081922784208814e+02
1.519038076152304529e+04 8.293354012904310402e-01 2.330469932901200139e+02
1.523046092184368717e+04 8.292044892770229492e-01 2.328858604492204165e+02
1.527054108216432905e+04 8.290735763748090514e-01 2.327247429477125991e+02
1.531062124248496912e+04 8.289426310339969017e-01 2.325636000724535393e+02
1.535070140280561100e+04 8.288116467738134707e-01 2.324024211509951385e+02
1.539078156312625288e+04 8.286806457456475927e-01 2.322412312022065066e+02
1.543086172344689294e+04 8.285496687644818836e-01 2.320800797172315981e+02
1.547094188376753482e+04 8.284187566388336865e-01 2.319190180311826168e+02
1.551102204408817670e+04 8.282879315520708108e-01 2.317580759165472841e+02
1.555110220440881676e+04 8.281571869564705590e-01 2.315972480600599965e+02
1.559118236472945864e+04 8.280264903148103484e-01 2.314364962594088979e+02
1.563126252505010052e+04 8.278957971674755223e-01 2.312757659819785374e+02
1.567134268537074240e+04 8.277650701243195464e-01 2.311150097117482005e+02
1.571142284569138246e+04 8.276342945379395744e-01 2.309542069154044555e+02
1.575150300601202434e+04 8.275034843930936246e-01 2.307933723526988956e+02
1.579158316633266622e+04 8.273726763406046292e-01 2.306325497237147601e+02
1.583166332665330629e+04 8.272419147797057670e-01 2.304717938304295046e+02
1.587174348697394817e+04 8.271112343411638479e-01 2.303111488928080632e+02
1.591182364729459005e+04 8.269806467630678171e-01 2.301506317179049574e+02
1.595190380761523011e+04 8.268501369801063428e-01 2.299902259564895246e+02
1.599198396793587199e+04 8.267196693912404193e-01 2.298298890059956250e+02
1.603206412825651387e+04 8.265892013839442054e-01 2.296695682564485423e+02
1.607214428857715393e+04 8.264586987432351872e-01 2.295092201814157420e+02
1.611222444889779581e+04 8.263281473155721368e-01 2.293488252566332903e+02
1.615230460921843769e+04 8.261975570921722412e-01 2.291883937496315582e+02
1.619238476953907957e+04 8.260669578555476233e-01 2.290279610433780419e+02
1.623246492985971963e+04 8.259363885061787869e-01 2.288675748746146610e+02
1.627254509018036151e+04 8.258058841126260097e-01 2.287072793681148539e+02
1.631262525050100339e+04 8.256754650746084279e-01 2.285471013197172852e+02
1.635270541082164345e+04 8.255451316457557143e-01 2.283870428832418042e+02
1.639278557114228533e+04 8.254148650144194077e-01 2.282270823365535932e+02
1.643286573146292722e+04 8.252846339782328178e-01 2.280671819112666014e+02
1.647294589178356910e+04 8.251544046693559675e-01 2.279072996494408301e+02
1.651302605210421098e+04 8.250241501911828035e-01 2.277474014224170560e+02
1.655310621242484922e+04 8.248938574438576810e-01 2.275874696804530117e+02
1.659318637274549110e+04 8.247635295647218756e-01 2.274275068729824341e+02
1.663326653306613298e+04 8.246331838391535163e-01 2.272675332386045000e+02
1.667334669338677122e+04 8.245028461896665162e-01 2.271075802405061381e+02
1.671342685370741310e+04 8.243725441012573762e-01 2.269476818996122631e+02
1.675350701402805498e+04 8.242422999683356455e-01 2.267878664870981424e+02
1.679358717434869686e+04 8.241121264330385499e-01 2.266281505636767406e+02
1.683366733466933874e+04 8.239820245408973065e-01 2.264685364527123284e+02
1.687374749498998062e+04 8.238519847253612527e-01 2.263090132261039287e+02
1.691382765531061887e+04 8.237219899669357970e-01 2.261495604425732893e+02
1.695390781563126075e+04 8.235920200885563647e-01 2.259901533793377268e+02
1.699398797595190263e+04 8.234620560806390488e-01 2.258307683898050016e+02
1.703406813627254451e+04 8.233320835479664979e-01 2.256713872465030022e+02
1.707414829659318639e+04 8.232020947335021432e-01 2.255119997660097795e+02
1.711422845691382827e+04 8.230720889806254492e-01 2.253526045125852022e+02
1.715430861723446651e+04 8.229420718408676505e-01 2.251932078091508913e+02
1.719438877755510839e+04 8.228120532556419953e-01 2.250338215672250328e+02
1.723446893787575027e+04 8.226820453227172703e-01 2.248744605597931070e+02
1.727454909819639215e+04 8.225520601227622741e-01 2.247151397271172186e+02
1.731462925851703403e+04 8.224221079662387135e-01 2.245558719708417073e+02
1.735470941883767591e+04 8.222921962649472061e-01 2.243966667033501778e+02
1.739478957915831779e+04 8.221623290719315413e-01 2.242375292213647526e+02
1.743486973947895603e+04 8.220325072010977729e-01 2.240784608058531830e+02
1.747494989979959792e+04 8.219027287602433951e-01 2.239194593484120901e+02
1.751503006012023980e+04 8.217729899131482885e-01 2.237605202762203760e+02
1.755511022044088168e+04 8.216432857117577093e-01 2.236016375758815116e+02
1.759519038076152356e+04 8.215136108760625611e-01 2.234428047615655544e+02
1.763527054108216544e+04 8.213839604327647370e-01 2.232840156753240990e+02
1.767535070140280732e+04 8.212543301525681017e-01 2.231252650430565154e+02
1.771543086172344556e+04 8.211247167715771678e-01 2.229665487647440330e+02
1.775551102204408744e+04 8.209951180288973527e-01 2.228078639746218244e+02
1.779559118236472932e+04 8.208655325934897107e-01 2.226492089593216974e+02
1.783567134268537120e+04 8.207359599372938685e-01 2.224905830055882348e+02
1.787575150300601308e+04 8.206064001882847903e-01 2.223319862219556740e+02
1.791583166332665496e+04 8.204768539460350896e-01 2.221734193141941489e+02
1.795591182364729320e+04 8.203473220844075264e-01 2.220148833428727926e+02
1.799599198396793508e+04 8.202178055561748504e-01 2.218563794789724852e+02
1.803607214428857696e+04 8.200883052953317209e-01 2.216979088763156938e+02
1.807615230460921885e+04 8.199588221705605973e-01 2.215394726086532557e+02
1.811623246492986073e+04 8.198293570265181573e-01 2.213810717204364948e+02
1.815631262525050261e+04 8.196999106129909674e-01 2.212227071442671900e+02
1.819639278557114449e+04 8.195704835785877496e-01 2.210643796950985518e+02
1.823647294589178273e+04 8.194410763134256648e-01 2.209060898722453601e+02
1.827655310621242461e+04 8.193116891272523850e-01 2.207478380690153017e+02
1.831663326653306649e+04 8.191823221508266473e-01 2.205896244483265889e+02
1.835671342685370837e+04 8.190529757443422154e-01 2.204314494500767978e+02
1.839679358717435025e+04 8.189236500126106932e-01 2.202733132080586245e+02
1.843687374749499213e+04 8.187943453609165534e-01 2.201152162346597265e+02
1.847695390781563037e+04 8.186650614238438761e-01 2.199571580989841948e+02
1.851703406813627225e+04 8.185357985979082596e-01 2.197991392909119384e+02
1.855711422845691413e+04 8.184065560909302706e-01 2.196411588293719888e+02
1.859719438877755601e+04 8.182773351529816219e-01 2.194832182331462036e+02
1.863727454909819789e+04 8.181481343918116655e-01 2.193253158013479549e+02
1.867735470941883978e+04 8.180189562572079964e-01 2.191674545545502610e+02
1.871743486973948166e+04 8.178897971072917050e-01 2.190096300545795316e+02
1.875751503006011990e+04 8.177606617610145845e-01 2.188518481978344994e+02
1.879759519038076178e+04 8.176315427185220086e-01 2.186940997831726747e+02
1.883767535070140366e+04 8.175024510996227178e-01 2.185363983976337749e+02
1.887775551102204554e+04 8.173733713325710415e-01 2.183787249994283002e+02
1.891783567134268378e+04 8.172443267195643735e-01 2.182211081277692983e+02
1.895791583166332566e+04 8.171152829609397150e-01 2.180635058558696073e+02
1.899799599198396754e+04 8.169862893128015946e-01 2.179059784123458314e+02
1.903807615230460942e+04 8.168572731959752309e-01 2.177484370083403746e+02
1.907815631262525130e+04 8.167283409833800967e-01 2.175910116720772862e+02
1.911823647294588955e+04 8.165993384753895690e-01 2.174335139229104641e+02
1.915831663326653143e+04 8.164704913922115059e-01 2.172762197057711546e+02
1.919839679358717331e+04 8.163414698773777678e-01 2.171187259303511894e+02
1.923847695390781519e+04 8.162127537156182999e-01 2.169616188478057381e+02
1.927855711422845707e+04 8.160836424658819421e-01 2.168040426007351016e+02
1.931863727454909895e+04 8.159551581019357513e-01 2.166472456332365937e+02
1.935871743486973719e+04 8.158258126743860306e-01 2.164894105166328870e+02
1.939879759519037907e+04 8.156977747660317801e-01 2.163331857866889720e+02
1.943887775551102095e+04 8.155678845272317234e-01 2.161747129396877654e+02
1.947895791583166283e+04 8.154407403145506050e-01 2.160196062795895955e+02
1.951903807615230471e+04 8.153096466788231078e-01 2.158596920038548888e+02
1.955911823647294659e+04 8.151843467572195134e-01 2.157068627888834271e+02
1.959919839679358847e+04 8.150506627847161623e-01 2.155438153478764320e+02
1.963927855711422671e+04 8.149292057156177771e-01 2.153957011178628704e+02
1.967935871743486859e+04 8.147899858030294151e-01 2.152259291016317775e+02
1.971943887775551048e+04 8.146765366345946058e-01 2.150876079197655315e+02
1.975951903807615236e+04 8.145255331682713651e-01 2.149034947692094306e+02
1.979959919839679424e+04 8.144286797527927613e-01 2.147854336938142410e+02
1.983967935871743612e+04 8.142526671526012505e-01 2.145708610942393761e+02
1.987975951903807436e+04 8.141893789474434762e-01 2.144937365346315801e+02
1.991983967935871624e+04 8.139611867710571103e-01 2.142156032121780527e+02
1.995991983967935812e+04 8.139611867710571103e-01 2.142156032121780527e+02
2.000000000000000000e+04 8.139611867710571103e-01 2.142156032121780527e+02
