# 619.3996983681902
0.000000000000000000e+00 1.078941022515149450e+00 2.208758268446595618e+00
2.004008016032063892e+02 1.083304641914000221e+00 2.389425406913778804e+00
4.008016032064127785e+02 1.083304641914000221e+00 -2.389425406913778804e+00
6.012024048096192246e+02 1.078941022515149450e+00 -2.208758268446595618e+00
8.016032064128255570e+02 1.079458305443453670e+00 -6.589078719267785544e+00
1.002004008016032003e+03 1.075331984272688279e+00 -6.004032891873504418e+00
1.202404809619238449e+03 1.075990216440633196e+00 -1.005358112081520261e+01
1.402805611222444895e+03 1.072249045387467792e+00 -9.569092308549405956e+00
1.603206412825651114e+03 1.072899077918991528e+00 -1.381299780102555808e+01
1.803607214428857787e+03 1.068969851808231120e+00 -1.382491054673440978e+01
2.004008016032064006e+03 1.069118364747957406e+00 -1.797157229475138251e+01
2.204408817635270680e+03 1.064721595871950921e+00 -1.748674847525976972e+01
2.404809619238476898e+03 1.064555871002293097e+00 -2.032756093062616642e+01
2.605210420841683117e+03 1.060230063383150734e+00 -1.867717061780273369e+01
2.805611222444889790e+03 1.059821230000279391e+00 -2.075126553973104393e+01
3.006012024048096009e+03 1.055390877600118182e+00 -1.929737296038394945e+01
3.206412825651302228e+03 1.054236036757970618e+00 -2.200201254082439206e+01
3.406813627254508901e+03 1.049446540637356984e+00 -2.147758759766584191e+01
3.607214428857715575e+03 1.047955471346483591e+00 -2.451925130855404333e+01
3.807615230460922248e+03 1.043915910926157542e+00 -2.423018259641171923e+01
4.008016032064128012e+03 1.043517403215326711e+00 -2.699137101913493098e+01
4.208416833667334686e+03 1.041021323236603457e+00 -2.660846957574576521e+01
4.408817635270541359e+03 1.041465880217307127e+00 -2.905347391429409853e+01
4.609218436873747123e+03 1.038668292957724226e+00 -2.867989023432796358e+01
4.809619238476953797e+03 1.038058887902787664e+00 -3.079854057264528677e+01
5.010020040080160470e+03 1.034004083976941768e+00 -3.027382276081383594e+01
5.210420841683366234e+03 1.032103670952475349e+00 -3.214701133863367488e+01
5.410821643286572908e+03 1.027571243023088554e+00 -3.179195541493928800e+01
5.611222444889779581e+03 1.025029623760667974e+00 -3.365203191949148476e+01
5.811623246492986254e+03 1.020856515586675117e+00 -3.358498644556592438e+01
6.012024048096192018e+03 1.018710698253138203e+00 -3.514998867557354600e+01
6.212424849699398692e+03 1.015655324465172704e+00 -3.481444358786612270e+01
6.412825651302604456e+03 1.014536820634984959e+00 -3.559216061290106836e+01
6.613226452905811129e+03 1.012333019483123264e+00 -3.458276544655369378e+01
6.813627254509017803e+03 1.011525881300267660e+00 -3.489959028714982026e+01
7.014028056112224476e+03 1.008865714054050899e+00 -3.370188583787629710e+01
7.214428857715431150e+03 1.007261631601366281e+00 -3.414954921974462110e+01
7.414829659318637823e+03 1.004005594852424688e+00 -3.343786704533463450e+01
7.615230460921844497e+03 1.002079012594088381e+00 -3.433955827278127515e+01
7.815631262525049351e+03 9.994465657515393398e-01 -3.413050284026599002e+01
8.016032064128256025e+03 9.982679402176344308e-01 -3.499790512684354127e+01
8.216432865731463608e+03 9.964020411722503967e-01 -3.432980355379635284e+01
8.416833667334669371e+03 9.961508059243050495e-01 -3.435332391691267162e+01
8.617234468937875135e+03 9.950599159382894632e-01 -3.273902412025623221e+01
8.817635270541082718e+03 9.952722796394027904e-01 -3.207450660150357891e+01
9.018036072144288482e+03 9.941577649791016880e-01 -3.040777387670186016e+01
9.218436873747494246e+03 9.939689747202103964e-01 -3.041391553747386567e+01
9.418837675350701829e+03 9.923127019384189174e-01 -2.956698434625735672e+01
9.619238476953907593e+03 9.916923937381729726e-01 -3.013485536479158711e+01
9.819639278557115176e+03 9.897615253865660323e-01 -2.956291686519139361e+01
1.002004008016032094e+04 9.887781455114044160e-01 -3.054937382821025338e+01
1.022044088176352670e+04 9.856408935022402673e-01 -3.068195154543619196e+01
1.042084168336673247e+04 9.829807510596447750e-01 -3.316896210178722981e+01
1.062124248496994005e+04 9.779994085734099452e-01 -3.514707752169888266e+01
1.082164328657314582e+04 9.737858919386134238e-01 -3.904164420848258743e+01
1.102204408817635340e+04 9.685211944778254756e-01 -4.191553588163727539e+01
1.122244488977955916e+04 9.644857757623819250e-01 -4.510957138493497354e+01
1.142284569138276674e+04 9.606326126523760944e-01 -4.703680316380671655e+01
1.162324649298597251e+04 9.578346487694382461e-01 -4.861968470178332069e+01
1.182364729458917827e+04 9.552905271784625230e-01 -4.955020197999812126e+01
1.202404809619238404e+04 9.529927503324502336e-01 -5.065143693475170750e+01
1.222444889779559162e+04 9.502874526973523750e-01 -5.188404357841681502e+01
1.242484969939879738e+04 9.473886279338412653e-01 -5.363255367739627388e+01
1.262525050100200315e+04 9.440692176224994014e-01 -5.533371463728412465e+01
1.282565130260520891e+04 9.409689595521095740e-01 -5.712897253064488723e+01
1.302605210420841649e+04 9.380027227111015220e-01 -5.855440771857862359e+01
1.322645290581162226e+04 9.354370148364867799e-01 -5.985010770827486937e+01
1.342685370741482984e+04 9.329887780859009716e-01 -6.094904741418319105e+01
1.362725450901803561e+04 9.306308984033583309e-01 -6.210085672994696893e+01
1.382765531062124319e+04 9.282116831115249100e-01 -6.315217606589685317e+01
1.402805611222444895e+04 9.259594856956042674e-01 -6.413284904379018769e+01
1.422845691382765654e+04 9.240079691200790979e-01 -6.481253446043200483e+01
1.442885771543086230e+04 9.224448780860551311e-01 -6.514819452870051464e+01
1.462925851703406806e+04 9.212316859177620554e-01 -6.521159743697717204e+01
1.482965931863727565e+04 9.201384913928161158e-01 -6.523755790429206058e+01
1.503006012024048141e+04 9.187907550080852692e-01 -6.535990735411169794e+01
1.523046092184368899e+04 9.171506301244376491e-01 -6.579271703823685868e+01
1.543086172344689294e+04 9.153353496065410599e-01 -6.638520030636361469e+01
1.563126252505009870e+04 9.136408125363607580e-01 -6.685692784289798851e+01
1.583166332665330629e+04 9.124453338378483158e-01 -6.694680089721431671e+01
1.603206412825651205e+04 9.118970441556544237e-01 -6.649368805767342394e+01
1.623246492985971963e+04 9.118637439702004244e-01 -6.549032052579116225e+01
1.643286573146292722e+04 9.121847815056319808e-01 -6.423288530194163570e+01
1.663326653306613298e+04 9.125201543246137526e-01 -6.294219681199987804e+01
1.683366733466933874e+04 9.126012583916841558e-01 -6.186523092975346572e+01
1.703406813627254451e+04 9.122141222811296357e-01 -6.121895421735008824e+01
1.723446893787575027e+04 9.111422111352029951e-01 -6.118726275035153606e+01
1.743486973947895967e+04 9.091813356674149915e-01 -6.187479526378919559e+01
1.763527054108216544e+04 9.064489636289047025e-01 -6.336000804594563363e+01
1.783567134268537120e+04 9.030707606157856171e-01 -6.531513711623676954e+01
1.803607214428857696e+04 8.995380036395755896e-01 -6.751955585053541142e+01
1.823647294589178273e+04 8.960759936715719798e-01 -6.957481458233417015e+01
1.843687374749498849e+04 8.928711041405243964e-01 -7.146327011861397693e+01
1.863727454909819426e+04 8.897418817405874369e-01 -7.323241311687955601e+01
1.883767535070140366e+04 8.865237918085876467e-01 -7.511514681885634559e+01
1.903807615230460942e+04 8.830784452955952046e-01 -7.716518509104035672e+01
1.923847695390781519e+04 8.795250644544515550e-01 -7.933041703452609283e+01
1.943887775551102095e+04 8.760647304750605047e-01 -8.140108330732702768e+01
1.963927855711423035e+04 8.729123193160538419e-01 -8.321755679501869452e+01
1.983967935871743612e+04 8.701360859768252354e-01 -8.470537843298063763e+01
2.004008016032064188e+04 8.676731511925124263e-01 -8.592662836771775403e+01
2.024048096192384764e+04 8.653568345331186240e-01 -8.701494582088382401e+01
2.044088176352705341e+04 8.630072498127270286e-01 -8.813109493087355872e+01
2.064128256513026281e+04 8.604905564981398802e-01 -8.938830700567370968e+01
2.084168336673346494e+04 8.577738729430585130e-01 -9.081567421012348973e+01
2.104208416833667070e+04 8.549387186630527102e-01 -9.234287695617450709e+01
2.124248496993988010e+04 8.521606703697940377e-01 -9.382432358651736592e+01
2.144288577154308587e+04 8.496511604020108299e-01 -9.508056058564493185e+01
2.164328657314629163e+04 8.475906803878929807e-01 -9.596222481455293973e+01
2.184368737474949739e+04 8.460609523686334343e-01 -9.640493899630023122e+01
2.204408817635270680e+04 8.450466812653744109e-01 -9.641510398774661894e+01
2.224448897795591256e+04 8.444373400129119300e-01 -9.608135898529080521e+01
2.244488977955911832e+04 8.440722596961273139e-01 -9.554721550201388425e+01
2.264529058116232409e+04 8.438549886250471532e-01 -9.489611468406432948e+01
2.284569138276553349e+04 8.438088012211562017e-01 -9.410210766333622701e+01
2.304609218436873925e+04 8.440681173648040270e-01 -9.306326540894175992e+01
2.324649298597194502e+04 8.446600752581140403e-01 -9.173698172934510353e+01
2.344689378757515078e+04 8.454297514342150599e-01 -9.024894456463762538e+01
2.364729458917835655e+04 8.460400122087814445e-01 -8.888960890722670172e+01
2.384769539078156231e+04 8.460008776070715442e-01 -8.804805663057639720e+01
2.404809619238476807e+04 8.448787326557316568e-01 -8.811550476952618283e+01
2.424849699398797384e+04 8.426249084059014294e-01 -8.915609644552201019e+01
2.444889779559118324e+04 8.395184873345312715e-01 -9.092739720388979663e+01
2.464929859719438900e+04 8.359420249917088874e-01 -9.310383582714229078e+01
2.484969939879759477e+04 8.322052480756588766e-01 -9.541549667462602713e+01
2.505010020040080053e+04 8.284704494086992943e-01 -9.771673524039506731e+01
2.525050100200400630e+04 8.247880327362890895e-01 -9.995645894145253862e+01
2.545090180360721206e+04 8.211796481587047003e-01 -1.021117414414589462e+02
2.565130260521041782e+04 8.176912842919268343e-01 -1.041439181824510740e+02
2.585170340681362359e+04 8.143875905863332543e-01 -1.060023635084252049e+02
2.605210420841683299e+04 8.113147362079411451e-01 -1.076535406623586937e+02
2.625250501002003875e+04 8.084730284854793059e-01 -1.091013002449025890e+02
2.645290581162324452e+04 8.058182420235326937e-01 -1.103859347756251310e+02
2.665330661322645028e+04 8.032904727286356295e-01 -1.115612550830511509e+02
2.685370741482965968e+04 8.008510728771940368e-01 -1.126650461474269207e+02
2.705410821643286545e+04 7.984986400650038174e-01 -1.137042028079880822e+02
2.725450901803607121e+04 7.962556186698482863e-01 -1.146631749971939342e+02
2.745490981963927698e+04 7.941339708753863968e-01 -1.155304102593779731e+02
2.765531062124248638e+04 7.920967267098892872e-01 -1.163311396347859699e+02
2.785571142284569214e+04 7.900482810899576158e-01 -1.171395463384534281e+02
2.805611222444889790e+04 7.878784929027401462e-01 -1.180469310063989781e+02
2.825651302605210367e+04 7.855254517479047793e-01 -1.191100693847043601e+02
2.845691382765531307e+04 7.830212238687098703e-01 -1.203096434626222191e+02
2.865731462925851883e+04 7.805002732698154144e-01 -1.215387182689935344e+02
2.885771543086172460e+04 7.781556407517811191e-01 -1.226358878145384352e+02
2.905811623246493036e+04 7.761782319404580965e-01 -1.234428224253947519e+02
2.925851703406813613e+04 7.746740637715926470e-01 -1.238689769088536963e+02
2.945891783567134553e+04 7.736739912794958762e-01 -1.238908832831079394e+02
2.965931863727455129e+04 7.731367913799196412e-01 -1.235294750510274326e+02
2.985971943887775706e+04 7.729348823570024729e-01 -1.228916912967845718e+02
3.006012024048096282e+04 7.729810829828027696e-01 -1.220612329471496764e+02
3.026052104208417222e+04 7.731734777794762037e-01 -1.211100796758771878e+02
3.046092184368737799e+04 7.734297851817513170e-01 -1.201079676152794917e+02
3.066132264529058011e+04 7.736635778242597627e-01 -1.191216862812135844e+02
3.086172344689378588e+04 7.737711405780326457e-01 -1.182497239694626927e+02
3.106212424849699164e+04 7.735502667673254118e-01 -1.176390434169002930e+02
3.126252505010019740e+04 7.728213340003380338e-01 -1.174063577932977296e+02
3.146292585170340317e+04 7.713996973141148406e-01 -1.177586289404627706e+02
3.166332665330661257e+04 7.692258854830037462e-01 -1.187128180858073847e+02
3.186372745490981833e+04 7.663846043029401978e-01 -1.202125323143036013e+02
3.206412825651302410e+04 7.630634604291312018e-01 -1.221070288710140517e+02
3.226452905811622986e+04 7.595105600652762856e-01 -1.241932666805804359e+02
3.246492985971943926e+04 7.559635274937162031e-01 -1.262748649732672988e+02
3.266533066132264503e+04 7.525848059785391619e-01 -1.282166270394898220e+02
3.286573146292585443e+04 7.494293510084243382e-01 -1.299716969949216150e+02
3.306613226452905656e+04 7.464566606576831242e-01 -1.315724012669193996e+02
3.326653306613226596e+04 7.435792352100291103e-01 -1.330915569585708056e+02
3.346693386773546808e+04 7.407246364651565163e-01 -1.345912942818787883e+02
3.366733466933867749e+04 7.378818574491434745e-01 -1.360825515505687520e+02
3.386773547094188689e+04 7.351102038149751605e-01 -1.375161152654552836e+02
3.406813627254508901e+04 7.325095597024255945e-01 -1.388093716190018938e+02
3.426853707414829842e+04 7.301716344998082642e-01 -1.398903413459198077e+02
3.446893787575150054e+04 7.281392888960567245e-01 -1.407307460027375328e+02
3.466933867735470994e+04 7.263891932906466620e-01 -1.413541499552718506e+02
3.486973947895791935e+04 7.248385688073071265e-01 -1.418252057452033910e+02
3.507014028056112147e+04 7.233683858960208157e-01 -1.422333393586665125e+02
3.527054108216433087e+04 7.218522274900506241e-01 -1.426773430886746894e+02
3.547094188376754028e+04 7.201799668671872157e-01 -1.432476869826842290e+02
3.567134268537074240e+04 7.182686665282257410e-01 -1.440092779731978112e+02
3.587174348697395180e+04 7.160710440840767355e-01 -1.449912294710186131e+02
3.607214428857715393e+04 7.135920875608607883e-01 -1.461802267322111391e+02
3.627254509018035606e+04 7.109066908266231666e-01 -1.475131258718874960e+02
3.647294589178356546e+04 7.081477706205329126e-01 -1.488860649432545813e+02
3.667334669338677486e+04 7.054840479586084179e-01 -1.501710813758214726e+02
3.687374749498997699e+04 7.031008506185713047e-01 -1.512370092435151605e+02
3.707414829659318639e+04 7.011370524693605333e-01 -1.520047912074363410e+02
3.727454909819638851e+04 6.996502567944266060e-01 -1.524278475520026461e+02
3.747494989979959792e+04 6.986854338812337195e-01 -1.524749739036140568e+02
3.767535070140280732e+04 6.981501104948580894e-01 -1.521726087164539365e+02
3.787575150300600944e+04 6.979968319555410750e-01 -1.515306968127903247e+02
3.807615230460921885e+04 6.981630703422363471e-01 -1.507129738405577370e+02
3.827655310621242097e+04 6.988317597415090177e-01 -1.495458911854001940e+02
3.847695390781563037e+04 6.987465788386302279e-01 -1.488734252164185250e+02
3.867735470941883978e+04 7.002145584996026795e-01 -1.471705023483816603e+02
3.887775551102204190e+04 6.984250476062356938e-01 -1.477095915271819138e+02
3.907815631262525130e+04 7.019001048820955324e-01 -1.444846915242818000e+02
3.927855711422846070e+04 6.931855836504643431e-01 -1.502256150667505779e+02
3.947895791583166283e+04 7.075544853185425920e-01 -1.387355896321370778e+02
3.967935871743487223e+04 6.697863984098730850e-01 -1.656983340042407633e+02
3.987975951903807436e+04 7.434063833257813503e-01 -1.080806197163950060e+02
4.008016032064128376e+04 8.255015899114798161e-02 -2.094348852504048182e+02
4.028056112224449316e+04 4.453581739258874461e-02 -1.754888985306042741e+02
4.048096192384769529e+04 3.939383816211453754e-02 -1.566566621172644886e+02
4.068136272545090469e+04 3.925519751229433058e-02 -1.564618482170593268e+02
4.088176352705410682e+04 3.922768959804145972e-02 -1.563551226795729292e+02
4.108216432865731622e+04 3.922729541133048586e-02 -1.563553986980361401e+02
4.128256513026052562e+04 3.922719334413242442e-02 -1.563544590990836696e+02
4.148296593186372775e+04 3.922737655242207466e-02 -1.563546596070004284e+02
4.168336673346692987e+04 3.922747873514315781e-02 -1.563547094320011865e+02
4.188376753507013927e+04 3.922757180688934281e-02 -1.563547147563229771e+02
4.208416833667334140e+04 3.922766765362590419e-02 -1.563547296061347538e+02
4.228456913827655080e+04 3.922776298078090029e-02 -1.563547432371996706e+02
4.248496993987976020e+04 3.922785801447516846e-02 -1.563547571009174533e+02
4.268537074148296233e+04 3.922795267333459984e-02 -1.563547707783110354e+02
4.288577154308617173e+04 3.922804697825310605e-02 -1.563547843736493803e+02
4.308617234468937386e+04 3.922814092426629706e-02 -1.563547978618792342e+02
4.328657314629258326e+04 3.922823451283152102e-02 -1.563548112496876001e+02
4.348697394789579266e+04 3.922832774381490584e-02 -1.563548245359179987e+02
4.368737474949899479e+04 3.922842061748177400e-02 -1.563548377213787433e+02
4.388777555110220419e+04 3.922851313399589729e-02 -1.563548508063789484e+02
4.408817635270541359e+04 3.922860529354706832e-02 -1.563548637913554273e+02
4.428857715430861572e+04 3.922869709631814777e-02 -1.563548766767115410e+02
4.448897795591182512e+04 3.922878854249364777e-02 -1.563548894628586368e+02
4.468937875751502725e+04 3.922887963225751146e-02 -1.563549021502055325e+02
4.488977955911823665e+04 3.922897036579376523e-02 -1.563549147391614440e+02
4.509018036072144605e+04 3.922906074328624815e-02 -1.563549272301349902e+02
4.529058116232464818e+04 3.922915076491869518e-02 -1.563549396235343636e+02
4.549098196392785758e+04 3.922924043087477886e-02 -1.563549519197673590e+02
4.569138276553106698e+04 3.922932974133800516e-02 -1.563549641192415152e+02
4.589178356713426911e+04 3.922941869649175517e-02 -1.563549762223637174e+02
4.609218436873747851e+04 3.922950729651922264e-02 -1.563549882295401687e+02
4.629258517034068063e+04 3.922959554160355966e-02 -1.563550001411770438e+02
4.649298597194389004e+04 3.922968343192777263e-02 -1.563550119576800626e+02
4.669338677354709944e+04 3.922977096767468752e-02 -1.563550236794542911e+02
4.689378757515030156e+04 3.922985814902701235e-02 -1.563550353069043410e+02
4.709418837675351097e+04 3.922994497616735798e-02 -1.563550468404345395e+02
4.729458917835671309e+04 3.923003144927827285e-02 -1.563550582804489011e+02
4.749498997995991522e+04 3.923011756854223597e-02 -1.563550696273511846e+02
4.769539078156312462e+04 3.923020333414160843e-02 -1.563550808815448931e+02
4.789579158316633402e+04 3.923028874625867496e-02 -1.563550920434328759e+02
4.809619238476953615e+04 3.923037380507562316e-02 -1.563551031134178402e+02
4.829659318637274555e+04 3.923045851077452961e-02 -1.563551140919021236e+02
4.849699398797594768e+04 3.923054286353746395e-02 -1.563551249792876945e+02
4.869739478957915708e+04 3.923062686354640560e-02 -1.563551357759765494e+02
4.889779559118236648e+04 3.923071051098322298e-02 -1.563551464823701167e+02
4.909819639278556861e+04 3.923079380602961796e-02 -1.563551570988695403e+02
4.929859719438877801e+04 3.923087674886720222e-02 -1.563551676258752252e+02
4.949899799599198013e+04 3.923095933967749027e-02 -1.563551780637876050e+02
4.969939879759518954e+04 3.923104157864185787e-02 -1.563551884130065162e+02
4.989979959919839894e+04 3.923112346594152117e-02 -1.563551986739313691e+02
5.010020040080160106e+04 3.923120500175755754e-02 -1.563552088469610339e+02
5.030060120240480319e+04 3.923128618627085701e-02 -1.563552189324937274e+02
5.050100200400801259e+04 3.923136701966221246e-02 -1.563552289309271259e+02
5.070140280561121472e+04 3.923144750211235432e-02 -1.563552388426587925e+02
5.090180360721442412e+04 3.923152763380186037e-02 -1.563552486680859772e+02
5.110220440881763352e+04 3.923160741491117653e-02 -1.563552584076053336e+02
5.130260521042083565e+04 3.923168684562065855e-02 -1.563552680616130885e+02
5.150300601202404505e+04 3.923176592611053726e-02 -1.563552776305050429e+02
5.170340681362724717e+04 3.923184465656098102e-02 -1.563552871146768837e+02
5.190380761523045658e+04 3.923192303715205415e-02 -1.563552965145238431e+02
5.210420841683366598e+04 3.923200106806372378e-02 -1.563553058304408694e+02
5.230460921843686810e+04 3.923207874947590157e-02 -1.563553150628227684e+02
5.250501002004007751e+04 3.923215608156836037e-02 -1.563553242120637776e+02
5.270541082164328691e+04 3.923223306452079673e-02 -1.563553332785577936e+02
5.290581162324648903e+04 3.923230969851271982e-02 -1.563553422626981728e+02
5.310621242484969844e+04 3.923238598372356251e-02 -1.563553511648779306e+02
5.330661322645290056e+04 3.923246192033268132e-02 -1.563553599854897698e+02
5.350701402805610996e+04 3.923253750851935645e-02 -1.563553687249262225e+02
5.370741482965931937e+04 3.923261274846267382e-02 -1.563553773835792242e+02
5.390781563126252149e+04 3.923268764034159445e-02 -1.563553859618398860e+02
5.410821643286573089e+04 3.923276218433503770e-02 -1.563553944600994328e+02
5.430861723446893302e+04 3.923283638062184664e-02 -1.563554028787488335e+02
5.450901803607214242e+04 3.923291022938072553e-02 -1.563554112181787730e+02
5.470941883767535182e+04 3.923298373079028151e-02 -1.563554194787792540e+02
5.490981963927855395e+04 3.923305688502898986e-02 -1.563554276609401086e+02
5.511022044088176335e+04 3.923312969227522179e-02 -1.563554357650505153e+02
5.531062124248497275e+04 3.923320215270729994e-02 -1.563554437914995674e+02
5.551102204408817488e+04 3.923327426650344979e-02 -1.563554517406761022e+02
5.571142284569138428e+04 3.923334603384166092e-02 -1.563554596129681045e+02
5.591182364729458641e+04 3.923341745489979104e-02 -1.563554674087629337e+02
5.611222444889779581e+04 3.923348852985564933e-02 -1.563554751284478925e+02
5.631262525050100521e+04 3.923355925888701023e-02 -1.563554827724103120e+02
5.651302605210420734e+04 3.923362964217156496e-02 -1.563554903410370969e+02
5.671342685370741674e+04 3.923369967988685897e-02 -1.563554978347146971e+02
5.691382765531062614e+04 3.923376937221031979e-02 -1.563555052538291932e+02
5.711422845691382827e+04 3.923383871931922923e-02 -1.563555125987660404e+02
5.731462925851703767e+04 3.923390772139068866e-02 -1.563555198699100401e+02
5.751503006012023980e+04 3.923397637860171622e-02 -1.563555270676454825e+02
5.771543086172344920e+04 3.923404469112935083e-02 -1.563555341923571405e+02
5.791583166332665860e+04 3.923411265915049961e-02 -1.563555412444292188e+02
5.811623246492986073e+04 3.923418028284196557e-02 -1.563555482242456378e+02
5.831663326653307013e+04 3.923424756238045458e-02 -1.563555551321896928e+02
5.851703406813627225e+04 3.923431449794249903e-02 -1.563555619686444800e+02
5.871743486973948166e+04 3.923438108970452032e-02 -1.563555687339923566e+02
5.891783567134269106e+04 3.923444733784289817e-02 -1.563555754286155945e+02
5.911823647294589318e+04 3.923451324253387357e-02 -1.563555820528960680e+02
5.931863727454910259e+04 3.923457880395352787e-02 -1.563555886072150827e+02
5.951903807615231199e+04 3.923464402227788000e-02 -1.563555950919535746e+02
5.971943887775551411e+04 3.923470889768286562e-02 -1.563556015074924517e+02
5.991983967935872352e+04 3.923477343034433712e-02 -1.563556078542121952e+02
6.012024048096192564e+04 3.923483762043795953e-02 -1.563556141324925477e+02
6.032064128256513504e+04 3.923490146813926605e-02 -1.563556203427129105e+02
6.052104208416834445e+04 3.923496497362374824e-02 -1.563556264852524293e+02
6.072144288577154657e+04 3.923502813706677972e-02 -1.563556325604900508e+02
6.092184368737475597e+04 3.923509095864361612e-02 -1.563556385688040109e+02
6.112224448897795082e+04 3.923515343852942983e-02 -1.563556445105726596e+02
6.132264529058116022e+04 3.923521557689939321e-02 -1.563556503861738918e+02
6.152304609218436235e+04 3.923527737392859538e-02 -1.563556561959856595e+02
6.172344689378757175e+04 3.923533882979196585e-02 -1.563556619403852324e+02
6.192384769539077388e+04 3.923539994466426761e-02 -1.563556676197491413e+02
6.212424849699398328e+04 3.923546071872015956e-02 -1.563556732344535760e+02
6.232464929859719268e+04 3.923552115213423813e-02 -1.563556787848744989e+02
6.252505010020039481e+04 3.923558124508114142e-02 -1.563556842713880428e+02
6.272545090180360421e+04 3.923564099773545200e-02 -1.563556896943702554e+02
6.292585170340680634e+04 3.923570041027159977e-02 -1.563556950541967012e+02
6.312625250501001574e+04 3.923575948286382037e-02 -1.563557003512421204e+02
6.332665330661322514e+04 3.923581821568632860e-02 -1.563557055858810543e+02
6.352705410821642727e+04 3.923587660891325601e-02 -1.563557107584880725e+02
6.372745490981963667e+04 3.923593466271858149e-02 -1.563557158694369491e+02
6.392785571142284607e+04 3.923599237727611738e-02 -1.563557209191009463e+02
6.412825651302604820e+04 3.923604975275959972e-02 -1.563557259078532127e+02
6.432865731462925760e+04 3.923610678934268819e-02 -1.563557308360663853e+02
6.452905811623245972e+04 3.923616348719896618e-02 -1.563557357041129876e+02
6.472945891783566913e+04 3.923621984650189215e-02 -1.563557405123650597e+02
6.492985971943887853e+04 3.923627586742476497e-02 -1.563557452611941869e+02
6.513026052104208065e+04 3.923633155014077251e-02 -1.563557499509713296e+02
6.533066132264529006e+04 3.923638689482297076e-02 -1.563557545820671351e+02
6.553106212424849946e+04 3.923644190164431861e-02 -1.563557591548519667e+02
6.573146292585170886e+04 3.923649657077771247e-02 -1.563557636696959889e+02
6.593186372745491099e+04 3.923655090239596549e-02 -1.563557681269689681e+02
6.613226452905811311e+04 3.923660489667175899e-02 -1.563557725270404148e+02
6.633266533066131524e+04 3.923665855377773265e-02 -1.563557768702794135e+02
6.653306613226453192e+04 3.923671187388630410e-02 -1.563557811570546221e+02
6.673346693386773404e+04 3.923676485716982160e-02 -1.563557853877339312e+02
6.693386773547093617e+04 3.923681750380055011e-02 -1.563557895626853735e+02
6.713426853707415285e+04 3.923686981395070605e-02 -1.563557936822767260e+02
6.733466933867735497e+04 3.923692178779245726e-02 -1.563557977468755382e+02
6.753507014028055710e+04 3.923697342549783973e-02 -1.563558017568489049e+02
6.773547094188377378e+04 3.923702472723871598e-02 -1.563558057125631251e+02
6.793587174348697590e+04 3.923707569318691385e-02 -1.563558096143844978e+02
6.813627254509017803e+04 3.923712632351410157e-02 -1.563558134626790377e+02
6.833667334669339471e+04 3.923717661839191961e-02 -1.563558172578123049e+02
6.853707414829659683e+04 3.923722657799199459e-02 -1.563558210001502005e+02
6.873747494989979896e+04 3.923727620248583514e-02 -1.563558246900582276e+02
6.893787575150300108e+04 3.923732549204476949e-02 -1.563558283279010084e+02
6.913827655310621776e+04 3.923737444683990383e-02 -1.563558319140421418e+02
6.933867735470941989e+04 3.923742306704207372e-02 -1.563558354488442035e+02
6.953907815631262201e+04 3.923747135282189269e-02 -1.563558389326688598e+02
6.973947895791583869e+04 3.923751930435003671e-02 -1.563558423658781464e+02
6.993987975951904082e+04 3.923756692179741074e-02 -1.563558457488356623e+02
7.014028056112224294e+04 3.923761420533534994e-02 -1.563558490819069107e+02
7.034068136272545962e+04 3.923766115513532826e-02 -1.563558523654582757e+02
7.054108216432866175e+04 3.923770777136858373e-02 -1.563558555998552322e+02
7.074148296593186387e+04 3.923775405420561885e-02 -1.563558587854597874e+02
7.094188376753508055e+04 3.923780000381597854e-02 -1.563558619226291455e+02
7.114228456913828268e+04 3.923784562036844448e-02 -1.563558650117170998e+02
7.134268537074148480e+04 3.923789090403173585e-02 -1.563558680530770175e+02
7.154308617234470148e+04 3.923793585497516168e-02 -1.563558710470659605e+02
7.174348697394790361e+04 3.923798047336906486e-02 -1.563558739940459645e+02
7.194388777555110573e+04 3.923802475938456547e-02 -1.563558768943829875e+02
7.214428857715430786e+04 3.923806871319267947e-02 -1.563558797484423621e+02
7.234468937875750999e+04 3.923811233496336814e-02 -1.563558825565844472e+02
7.254509018036071211e+04 3.923815562486520497e-02 -1.563558853191628089e+02
7.274549098196392879e+04 3.923819858306605568e-02 -1.563558880365278299e+02
7.294589178356713091e+04 3.923824120973421620e-02 -1.563558907090322521e+02
7.314629258517033304e+04 3.923828350503926615e-02 -1.563558933370354396e+02
7.334669338677354972e+04 3.923832546915189540e-02 -1.563558959209022134e+02
7.354709418837675184e+04 3.923836710224279378e-02 -1.563558984609974516e+02
7.374749498997995397e+04 3.923840840448131195e-02 -1.563559009576793812e+02
7.394789579158315610e+04 3.923844937603493399e-02 -1.563559034112972199e+02
7.414829659318637277e+04 3.923849001707023498e-02 -1.563559058221959219e+02
7.434869739478957490e+04 3.923853032775447697e-02 -1.563559081907240511e+02
7.454909819639277703e+04 3.923857030825668446e-02 -1.563559105172394368e+02
7.474949899799599370e+04 3.923860995874739466e-02 -1.563559128021072411e+02
7.494989979959919583e+04 3.923864927939699210e-02 -1.563559150456918303e+02
7.515030060120239796e+04 3.923868827037405027e-02 -1.563559172483485327e+02
7.535070140280561463e+04 3.923872693184495691e-02 -1.563559194104218193e+02
7.555110220440881676e+04 3.923876526397512832e-02 -1.563559215322521538e+02
7.575150300601201889e+04 3.923880326693105630e-02 -1.563559236141854001e+02
7.595190380761523556e+04 3.923884094088155028e-02 -1.563559256565793874e+02
7.615230460921843769e+04 3.923887828599701560e-02 -1.563559276597997325e+02
7.635270541082163982e+04 3.923891530244723314e-02 -1.563559296242086987e+02
7.655310621242484194e+04 3.923895199039961756e-02 -1.563559315501566971e+02
7.675350701402805862e+04 3.923898835001928681e-02 -1.563559334379827419e+02
7.695390781563126075e+04 3.923902438147093552e-02 -1.563559352880245683e+02
7.715430861723446287e+04 3.923906008492104164e-02 -1.563559371006290348e+02
7.735470941883767955e+04 3.923909546053858111e-02 -1.563559388761556477e+02
7.755511022044088168e+04 3.923913050849350825e-02 -1.563559406149686595e+02
7.775551102204408380e+04 3.923916522895407738e-02 -1.563559423174244216e+02
7.795591182364730048e+04 3.923919962208560763e-02 -1.563559439838647052e+02
7.815631262525050261e+04 3.923923368805155160e-02 -1.563559456146226410e+02
7.835671342685370473e+04 3.923926742701605574e-02 -1.563559472100349126e+02
7.855711422845692141e+04 3.923930083914595884e-02 -1.563559487704513629e+02
7.875751503006012354e+04 3.923933392461040337e-02 -1.563559502962330043e+02
7.895791583166332566e+04 3.923936668357865670e-02 -1.563559517877406506e+02
7.915831663326652779e+04 3.923939911621787680e-02 -1.563559532453245140e+02
7.935871743486974447e+04 3.923943122269270972e-02 -1.563559546693225570e+02
7.955911823647294659e+04 3.923946300316698971e-02 -1.563559560600693601e+02
7.975951903807614872e+04 3.923949445780588324e-02 -1.563559574179069784e+02
7.995991983967936540e+04 3.923952558677673563e-02 -1.563559587431884097e+02
8.016032064128256752e+04 3.923955639024782893e-02 -1.563559600362715685e+02
8.036072144288576965e+04 3.923958686838604354e-02 -1.563559612975076618e+02
8.056112224448898633e+04 3.923961702135587287e-02 -1.563559625272358744e+02
8.076152304609218845e+04 3.923964684932036012e-02 -1.563559637257887687e+02
8.096192384769539058e+04 3.923967635244315910e-02 -1.563559648935021187e+02
8.116232464929860726e+04 3.923970553088986651e-02 -1.563559660307217882e+02
8.136272545090180938e+04 3.923973438482751541e-02 -1.563559671378004339e+02
8.156312625250501151e+04 3.923976291442294456e-02 -1.563559682150895185e+02
8.176352705410821363e+04 3.923979111984118168e-02 -1.563559692629315236e+02
8.196392785571143031e+04 3.923981900124549893e-02 -1.563559702816606034e+02
8.216432865731463244e+04 3.923984655879900196e-02 -1.563559712716103149e+02
8.236472945891783456e+04 3.923987379266611480e-02 -1.563559722331212072e+02
8.256513026052105124e+04 3.923990070301277416e-02 -1.563559731665412755e+02
8.276553106212425337e+04 3.923992729000522206e-02 -1.563559740722195670e+02
8.296593186372745549e+04 3.923995355380841682e-02 -1.563559749504993022e+02
8.316633266533067217e+04 3.923997949458575552e-02 -1.563559758017158572e+02
8.336673346693385975e+04 3.924000511250009399e-02 -1.563559766262024482e+02
8.356713426853706187e+04 3.924003040771503054e-02 -1.563559774242962703e+02
8.376753507014027855e+04 3.924005538039532226e-02 -1.563559781963402600e+02
8.396793587174348067e+04 3.924008003070621892e-02 -1.563559789426796556e+02
8.416833667334668280e+04 3.924010435881225556e-02 -1.563559796636563988e+02
8.436873747494989948e+04 3.924012836487682926e-02 -1.563559803596067468e+02
8.456913827655310160e+04 3.924015204906260157e-02 -1.563559810308636031e+02
8.476953907815630373e+04 3.924017541153256017e-02 -1.563559816777620597e+02
8.496993987975952041e+04 3.924019845245053234e-02 -1.563559823006412159e+02
8.517034068136272253e+04 3.924022117198080334e-02 -1.563559828998424450e+02
8.537074148296592466e+04 3.924024357028726984e-02 -1.563559834757054148e+02
8.557114228456914134e+04 3.924026564753298890e-02 -1.563559840285656435e+02
8.577154308617234346e+04 3.924028740388045555e-02 -1.563559845587560062e+02
8.597194388777554559e+04 3.924030883949226195e-02 -1.563559850666103159e+02
8.617234468937874772e+04 3.924032995453146516e-02 -1.563559855524647162e+02
8.637274549098196439e+04 3.924035074916144838e-02 -1.563559860166571980e+02
8.657314629258516652e+04 3.924037122354542134e-02 -1.563559864595247006e+02
8.677354709418836865e+04 3.924039137784605252e-02 -1.563559868814016625e+02
8.697394789579158532e+04 3.924041121222554551e-02 -1.563559872826203900e+02
8.717434869739478745e+04 3.924043072684604144e-02 -1.563559876635132753e+02
8.737474949899798958e+04 3.924044992186995900e-02 -1.563559880244140174e+02
8.757515030060120625e+04 3.924046879745996669e-02 -1.563559883656578506e+02
8.777555110220440838e+04 3.924048735377855951e-02 -1.563559886875793836e+02
8.797595190380761051e+04 3.924050559098785085e-02 -1.563559889905108378e+02
8.817635270541082718e+04 3.924052350924966265e-02 -1.563559892747836670e+02
8.837675350701402931e+04 3.924054110872571971e-02 -1.563559895407288138e+02
8.857715430861723144e+04 3.924055838957786480e-02 -1.563559897886780732e+02
8.877755511022043356e+04 3.924057535196807944e-02 -1.563559900189639507e+02
8.897795591182365024e+04 3.924059199605819948e-02 -1.563559902319182129e+02
8.917835671342685237e+04 3.924060832200980398e-02 -1.563559904278716317e+02
8.937875751503005449e+04 3.924062432998433325e-02 -1.563559906071541263e+02
8.957915831663327117e+04 3.924064002014308189e-02 -1.563559907700951328e+02
8.977955911823647330e+04 3.924065539264744856e-02 -1.563559909170244850e+02
8.997995991983967542e+04 3.924067044765891521e-02 -1.563559910482722728e+02
9.018036072144289210e+04 3.924068518533897071e-02 -1.563559911641682447e+02
9.038076152304609423e+04 3.924069960584914557e-02 -1.563559912650412969e+02
9.058116232464929635e+04 3.924071370935128950e-02 -1.563559913512200410e+02
9.078156312625251303e+04 3.924072749600792526e-02 -1.563559914230324068e+02
9.098196392785571516e+04 3.924074096598274830e-02 -1.563559914808039650e+02
9.118236472945891728e+04 3.924075411943980796e-02 -1.563559915248494292e+02
9.138276553106213396e+04 3.924076695653411218e-02 -1.563559915554518227e+02
9.158316633266533609e+04 3.924077947737081296e-02 -1.563559915729246939e+02
9.178356713426853821e+04 3.924079168194157669e-02 -1.563559915785956207e+02
9.198396793587174034e+04 3.924080357068655822e-02 -1.563559915705342007e+02
9.218436873747495702e+04 3.924081514396205589e-02 -1.563559915508032532e+02
9.238476953907815914e+04 3.924082640164098384e-02 -1.563559915196109671e+02
9.258517034068136127e+04 3.924083734386951683e-02 -1.563559914767899954e+02
9.278557114228457795e+04 3.924084797085158199e-02 -1.563559914229455501e+02
9.298597194388778007e+04 3.924085828273535942e-02 -1.563559913582827789e+02
9.318637274549098220e+04 3.924086827968974178e-02 -1.563559912831793497e+02
9.338677354709419888e+04 3.924087796187196442e-02 -1.563559911979385788e+02
9.358717434869740100e+04 3.924088732944300967e-02 -1.563559911028921476e+02
9.378757515030060313e+04 3.924089638256181289e-02 -1.563559909983598573e+02
9.398797595190381981e+04 3.924090512138761477e-02 -1.563559908846653173e+02
9.418837675350702193e+04 3.924091354607919802e-02 -1.563559907621300624e+02
9.438877755511022406e+04 3.924092165679516492e-02 -1.563559906310755707e+02
9.458917835671342618e+04 3.924092945369385410e-02 -1.563559904918226948e+02
9.478957915831662831e+04 3.924093693693339602e-02 -1.563559903446918895e+02
9.498997995991983043e+04 3.924094410667167826e-02 -1.563559901900030695e+02
9.519038076152304711e+04 3.924095096306616515e-02 -1.563559900280752402e+02
9.539078156312624924e+04 3.924095750627380752e-02 -1.563559898592259287e+02
9.559118236472945136e+04 3.924096373645114683e-02 -1.563559896837716678e+02
9.579158316633266804e+04 3.924096965375428736e-02 -1.563559895020285637e+02
9.599198396793587017e+04 3.924097525833863259e-02 -1.563559893143112163e+02
9.619238476953907229e+04 3.924098055035862842e-02 -1.563559891209323212e+02
9.639278557114227442e+04 3.924098552996756195e-02 -1.563559889222021582e+02
9.659318637274549110e+04 3.924099019731714516e-02 -1.563559887184278523e+02
9.679358717434869322e+04 3.924099455255698060e-02 -1.563559885099124358e+02
9.699398797595189535e+04 3.924099859583370792e-02 -1.563559882969532850e+02
9.719438877755511203e+04 3.924100232728958138e-02 -1.563559880798395909e+02
9.739478957915831415e+04 3.924100574706023553e-02 -1.563559878588476408e+02
9.759519038076151628e+04 3.924100885527086885e-02 -1.563559876342337702e+02
9.779559118236473296e+04 3.924101165202938807e-02 -1.563559874062212316e+02
9.799599198396793508e+04 3.924101413741337002e-02 -1.563559871749755814e+02
9.819639278557113721e+04 3.924101631144476937e-02 -1.563559869405570737e+02
9.839679358717435389e+04 3.924101817404292147e-02 -1.563559867028384645e+02
9.859719438877755601e+04 3.924101972495071949e-02 -1.563559864614020967e+02
9.879759519038075814e+04 3.924102096369623538e-02 -1.563559862156128872e+02
9.899799599198396027e+04 3.924102189002104391e-02 -1.563559859659233950e+02
9.919839679358717694e+04 3.924102250669886383e-02 -1.563559857203805734e+02
9.939879759519037907e+04 3.924102283106743749e-02 -1.563559855147729536e+02
9.959919839679358120e+04 3.924102292594418284e-02 -1.563559854249259615e+02
9.979959919839679787e+04 3.924102283106743749e-02 -1.563559855147729536e+02
1.000000000000000000e+05 3.924102292594418284e-02 -1.563559854249259615e+02
