# 220.10490207198106
0.000000000000000000e+00 8.219654363799577368e+00 3.306418215613714739e+00
4.008016032064127643e+01 8.226737099130268405e+00 3.415597912200233122e+00
8.016032064128255286e+01 8.226737099130268405e+00 -3.415597912200233122e+00
1.202404809619238506e+02 8.219654363799577368e+00 -3.306418215613714739e+00
1.603206412825651057e+02 8.219648256748987691e+00 -1.013664063831954110e+01
2.004008016032064177e+02 8.212585674811265335e+00 -1.003700361150600529e+01
2.404809619238477012e+02 8.212561169188871801e+00 -1.683414442453180726e+01
2.805611222444889563e+02 8.205516638586994205e+00 -1.676148177035915054e+01
3.206412825651302114e+02 8.205461445961804046e+00 -2.353269346804556861e+01
3.607214428857715802e+02 8.198458898488286906e+00 -2.348825463309540496e+01
4.008016032064128353e+02 8.198362211195398430e+00 -3.020784700049825489e+01
4.408817635270541473e+02 8.191403742529567822e+00 -3.021531109773762935e+01
4.809619238476954024e+02 8.191252703499754872e+00 -3.688280580490895488e+01
5.210420841683366007e+02 8.184355799309525281e+00 -3.693712516680185587e+01
5.611222444889779126e+02 8.184143869760022838e+00 -4.353800365973362574e+01
6.012024048096192246e+02 8.177313238199982237e+00 -4.366514083985699557e+01
6.412825651302604228e+02 8.177024171873824798e+00 -5.018916450358400283e+01
6.813627254509017348e+02 8.170274758753214073e+00 -5.038217125516174377e+01
7.214428857715431604e+02 8.169908666721282131e+00 -5.682633604744022904e+01
7.615230460921844724e+02 8.163241991916471818e+00 -5.710748955556211826e+01
8.016032064128256707e+02 8.162778948355395414e+00 -6.345504037965749689e+01
8.416833667334669826e+02 8.156212995786360054e+00 -6.382112064100966364e+01
8.817635270541082946e+02 8.155658934732072041e+00 -7.007500219306919576e+01
9.218436873747494928e+02 8.149186784766250469e+00 -7.053906251958224516e+01
9.619238476953908048e+02 8.148521621026960204e+00 -7.668428256510375718e+01
1.002004008016032117e+03 8.142166539179806151e+00 -7.725032752647740608e+01
1.042084168336673201e+03 8.141396944446904982e+00 -8.328689890229510695e+01
1.082164328657314627e+03 8.135144625650543304e+00 -8.395744910541449713e+01
1.122244488977955825e+03 8.134256761157924842e+00 -8.988056465658989680e+01
1.162324649298597251e+03 8.128130658248791107e+00 -9.066488331664388056e+01
1.202404809619238449e+03 8.127125975769185828e+00 -9.646595195795313771e+01
1.242484969939879647e+03 8.121112426350599378e+00 -9.736077364093493713e+01
1.282565130260520846e+03 8.119987584688560744e+00 -1.030469054166796212e+02
1.322645290581162271e+03 8.114100842384470269e+00 -1.040598999451420639e+02
1.362725450901803470e+03 8.112850817878733523e+00 -1.096168290785740567e+02
1.402805611222444895e+03 8.107086385758039526e+00 -1.107463887097225808e+02
1.442885771543086321e+03 8.105715888353765664e+00 -1.161859535161874533e+02
1.482965931863727519e+03 8.100073663663764023e+00 -1.174321085022062761e+02
1.523046092184368945e+03 8.098576637978876391e+00 -1.227439114308760111e+02
1.563126252505009916e+03 8.093061921576021334e+00 -1.241100839307998882e+02
1.603206412825651341e+03 8.091443561684611652e+00 -1.293007907305428148e+02
1.643286573146292540e+03 8.086046688589949127e+00 -1.307800591081751804e+02
1.683366733466933965e+03 8.084306972871717178e+00 -1.358502562359556975e+02
1.723446893787575164e+03 8.079034634526951919e+00 -1.374471527088225287e+02
1.763527054108216589e+03 8.077173965342153039e+00 -1.423952337777167543e+02
1.803607214428857787e+03 8.072017488915866679e+00 -1.441024990194545126e+02
1.843687374749498986e+03 8.070043053916203135e+00 -1.489376099372224473e+02
1.883767535070140184e+03 8.065001584039059424e+00 -1.507544896152946023e+02
1.923847695390781610e+03 8.062911239635210947e+00 -1.554729499819048328e+02
1.963927855711422808e+03 8.057982962233712243e+00 -1.573968515561348056e+02
2.004008016032064234e+03 8.055785374996224490e+00 -1.620075089670827140e+02
2.044088176352705432e+03 8.050961497121079447e+00 -1.640312830037188405e+02
2.084168336673346403e+03 8.048658129929041394e+00 -1.685361420768785479e+02
2.124248496993987828e+03 8.043940004227975393e+00 -1.706598476106577778e+02
2.164328657314629254e+03 8.041535524091566245e+00 -1.750621094293155977e+02
2.204408817635270680e+03 8.036913615758569662e+00 -1.772774464747723187e+02
2.244488977955911650e+03 8.034415037082968780e+00 -1.815853426728800741e+02
2.284569138276553076e+03 8.029886879452481807e+00 -1.838895575627135770e+02
2.324649298597194502e+03 8.027295862729706855e+00 -1.881035871866380660e+02
2.364729458917835473e+03 8.022856630778546716e+00 -1.904919279543875348e+02
2.404809619238476898e+03 8.020181451582759635e+00 -1.946206088288369358e+02
2.444889779559118324e+03 8.015823551067231989e+00 -1.970861063507760775e+02
2.484969939879759295e+03 8.013067629856529095e+00 -2.011328498066258703e+02
2.525050100200400720e+03 8.008789096637144667e+00 -2.036731246252065830e+02
2.565130260521041691e+03 8.005957667490003260e+00 -2.076425482100174520e+02
2.605210420841683117e+03 8.001750517514915728e+00 -2.102502437577539638e+02
2.645290581162324543e+03 7.998850219469322731e+00 -2.141493411535100506e+02
2.685370741482965968e+03 7.994710650708634070e+00 -2.168205310007080584e+02
2.725450901803606939e+03 7.991744500708408694e+00 -2.206518640691794246e+02
2.765531062124248365e+03 7.987667751913469338e+00 -2.233819610855438214e+02
2.805611222444889790e+03 7.984642484047479449e+00 -2.271521987773241733e+02
2.845691382765531216e+03 7.980622206936247132e+00 -2.299350978828753966e+02
2.885771543086172642e+03 7.977541849425586307e+00 -2.336482903725873257e+02
2.925851703406813613e+03 7.973575082321056939e+00 -2.364809531541054923e+02
2.965931863727455038e+03 7.970443960153183127e+00 -2.401410994829421668e+02
3.006012024048096464e+03 7.966524877601918853e+00 -2.430179775299507412e+02
3.046092184368737890e+03 7.963348450032879278e+00 -2.466306115467234292e+02
3.086172344689378406e+03 7.959473125168666563e+00 -2.495477666377144033e+02
3.126252505010019831e+03 7.956254430071292738e+00 -2.531157730918804418e+02
3.166332665330661257e+03 7.952419247195922303e+00 -2.560696967851311001e+02
3.206412825651302683e+03 7.949162989647236444e+00 -2.595976609508484785e+02
3.246492985971943654e+03 7.945363198018840833e+00 -2.625837202327624595e+02
3.286573146292585079e+03 7.942072995169855432e+00 -2.660752811240577103e+02
3.326653306613226505e+03 7.938305842061893713e+00 -2.690907184016296583e+02
3.366733466933867930e+03 7.934984714180552956e+00 -2.725487514425470863e+02
3.406813627254508901e+03 7.931246452297956218e+00 -2.755899465211586516e+02
3.446893787575150327e+03 7.927898256599799076e+00 -2.790182907610288794e+02
3.486973947895791753e+03 7.924185689481687334e+00 -2.820820605778166623e+02
3.527054108216433178e+03 7.920812897788609419e+00 -2.854831567783250534e+02
3.567134268537074604e+03 7.917123609386822913e+00 -2.885671346850558621e+02
3.607214428857715575e+03 7.913729088094878072e+00 -2.919437675207349230e+02
3.647294589178356546e+03 7.910060003948405694e+00 -2.950449417894378144e+02
3.687374749498997971e+03 7.906646424977117782e+00 -2.983997896650926691e+02
3.727454909819638942e+03 7.902995429176530529e+00 -3.015160458944338302e+02
3.767535070140280368e+03 7.899564721162910530e+00 -3.048509932878205291e+02
3.807615230460921794e+03 7.895929667840237975e+00 -3.079802406136259378e+02
3.847695390781563219e+03 7.892484154541304697e+00 -3.112975810993437449e+02
3.887775551102204190e+03 7.888862885654099877e+00 -3.144376772077785631e+02
3.927855711422845616e+03 7.885404320316949267e+00 -3.177391669698255896e+02
3.967935871743487041e+03 7.881795319740022343e+00 -3.208886102496135777e+02
4.008016032064128467e+03 7.878325271526420259e+00 -3.241757857911143788e+02
4.048096192384769893e+03 7.874726828924315747e+00 -3.273328987640996388e+02
4.088176352705410864e+03 7.871246946604582462e+00 -3.306074052339207014e+02
4.128256513026052744e+03 7.867657653226202363e+00 -3.337707805353088020e+02
4.168336673346692805e+03 7.864169114865900312e+00 -3.370337931216047878e+02
4.208416833667334686e+03 7.860587830112446106e+00 -3.402023087305812510e+02
4.248496993987975657e+03 7.857091841847577918e+00 -3.434550178604920347e+02
4.288577154308616628e+03 7.853517347374718405e+00 -3.466274684050646897e+02
4.328657314629258508e+03 7.850014986506869796e+00 -3.498709565591339583e+02
4.368737474949899479e+03 7.846446372382122725e+00 -3.530464338411686640e+02
4.408817635270541359e+03 7.842938456962542659e+00 -3.562815152321376218e+02
4.448897795591182330e+03 7.839374883582446607e+00 -3.594591935941248266e+02
4.488977955911823301e+03 7.835862264797899712e+00 -3.626867161335854917e+02
4.529058116232465181e+03 7.832302932463732326e+00 -3.658657994110790810e+02
4.569138276553106152e+03 7.828786288154344852e+00 -3.690864470649300983e+02
4.609218436873748033e+03 7.825230601543865738e+00 -3.722663437676771991e+02
4.649298597194389004e+03 7.821710498255369792e+00 -3.754806815964706175e+02
4.689378757515029974e+03 7.818157874252085193e+00 -3.786608166202102552e+02
4.729458917835670945e+03 7.814634868471354245e+00 -3.818694041175651250e+02
4.769539078156312826e+03 7.811084807526389895e+00 -3.850492790181643272e+02
4.809619238476953797e+03 7.807559320522878821e+00 -3.882525426528720800e+02
4.849699398797594768e+03 7.804011432078254096e+00 -3.914317712325333787e+02
4.889779559118236648e+03 7.800483842396509715e+00 -3.946300908988195033e+02
4.929859719438877619e+03 7.796937745918627982e+00 -3.978082968918050710e+02
4.969939879759518590e+03 7.793408396821329021e+00 -4.010020209860200566e+02
5.010020040080159561e+03 7.789863788332742622e+00 -4.041789017731139211e+02
5.050100200400801441e+03 7.786332939432073275e+00 -4.073682944107878825e+02
5.090180360721442412e+03 7.782789567082972759e+00 -4.105436020846598240e+02
5.130260521042083383e+03 7.779257458809114567e+00 -4.137289069499522611e+02
5.170340681362725263e+03 7.775715086955742983e+00 -4.169024086247456466e+02
5.210420841683366234e+03 7.772181922186464753e+00 -4.200838339416023928e+02
5.250501002004008114e+03 7.768640368504091676e+00 -4.232553493949405947e+02
5.290581162324649085e+03 7.765106304375692048e+00 -4.264330565396171551e+02
5.330661322645290056e+03 7.761565411281720728e+00 -4.296024316572651287e+02
5.370741482965931937e+03 7.758030592572622730e+00 -4.327765695313386232e+02
5.410821643286572908e+03 7.754490219747347979e+00 -4.359436665082218951e+02
5.450901803607213878e+03 7.750954762262949771e+00 -4.391143558973740824e+02
5.490981963927855759e+03 7.747414801537955142e+00 -4.422790692557084640e+02
5.531062124248496730e+03 7.743878797446642537e+00 -4.454464064934163048e+02
5.571142284569138610e+03 7.740339153380600301e+00 -4.486086440511467117e+02
5.611222444889779581e+03 7.736802685380554934e+00 -4.517727161821421760e+02
5.651302605210420552e+03 7.733263276555430998e+00 -4.549323992774981775e+02
5.691382765531062432e+03 7.729726408419853811e+00 -4.580932746549846115e+02
5.731462925851703403e+03 7.726187171279605970e+00 -4.612503428079677974e+02
5.771543086172345284e+03 7.722649954672330175e+00 -4.644080772148670349e+02
5.811623246492986254e+03 7.719110832909632514e+00 -4.675624773986684772e+02
5.851703406813627225e+03 7.715573312480997537e+00 -4.707171197770179560e+02
5.891783567134269106e+03 7.712034259429817240e+00 -4.738688084121025668e+02
5.931863727454910077e+03 7.708496468654423950e+00 -4.770203965255880121e+02
5.971943887775551957e+03 7.704957447137751991e+00 -4.801693397693950942e+02
6.012024048096192928e+03 7.701419413171720407e+00 -4.833179048382709766e+02
6.052104208416833899e+03 7.697880390371405923e+00 -4.864640732820103608e+02
6.092184368737475779e+03 7.694342135625451107e+00 -4.896096418842932394e+02
6.132264529058115841e+03 7.690803084658067057e+00 -4.927530120108941674e+02
6.172344689378756811e+03 7.687264625353870784e+00 -4.958956044805061651e+02
6.212424849699398692e+03 7.683725524261496354e+00 -4.990361578557232178e+02
6.252505010020039663e+03 7.680186873251049207e+00 -5.021757910568609873e+02
6.292585170340680634e+03 7.676647702692121378e+00 -5.053135118969804012e+02
6.332665330661322514e+03 7.673108869883004779e+00 -5.084501997982497983e+02
6.372745490981963485e+03 7.669569613894456239e+00 -5.115850757126063968e+02
6.412825651302605365e+03 7.666030605906534845e+00 -5.147188289524178799e+02
6.452905811623246336e+03 7.662491251046827934e+00 -5.178508501676394644e+02
6.492985971943887307e+03 7.658952072684228618e+00 -5.209816775282824892e+02
6.533066132264529188e+03 7.655412607028318384e+00 -5.241108358096812481e+02
6.573146292585170158e+03 7.651873261393064674e+00 -5.272387443922564216e+02
6.613226452905811129e+03 7.648333674829665085e+00 -5.303650333474225818e+02
6.653306613226453010e+03 7.644794163326057657e+00 -5.334900285338503636e+02
6.693386773547093981e+03 7.641254447017714391e+00 -5.366134431029250891e+02
6.733466933867735861e+03 7.637714770074719439e+00 -5.397355292880099569e+02
6.773547094188376832e+03 7.634174916019772716e+00 -5.428560652678313545e+02
6.813627254509017803e+03 7.630635073133797519e+00 -5.459752459267974700e+02
6.853707414829659683e+03 7.627095074257955964e+00 -5.490929000695839477e+02
6.893787575150300654e+03 7.623555064066039222e+00 -5.522091778117177228e+02
6.933867735470942534e+03 7.620014913926597799e+00 -5.553239475380026988e+02
6.973947895791583505e+03 7.616474734548141612e+00 -5.584373244560346166e+02
7.014028056112224476e+03 7.612934427137694193e+00 -5.615492076419554905e+02
7.054108216432866357e+03 7.609394076200366008e+00 -5.646596853494660309e+02
7.094188376753507328e+03 7.605853605963492470e+00 -5.677686803479715536e+02
7.134268537074149208e+03 7.602313080664310441e+00 -5.708762600317068063e+02
7.174348697394790179e+03 7.598772442348193046e+00 -5.739823655246293583e+02
7.214428857715431150e+03 7.595231739611755906e+00 -5.770870481071805216e+02
7.254509018036071211e+03 7.591690928175621522e+00 -5.801902630077299818e+02
7.294589178356713091e+03 7.588150044672897110e+00 -5.832920491712535522e+02
7.334669338677354062e+03 7.584609055284163404e+00 -5.863923726217551575e+02
7.374749498997995943e+03 7.581067987469754854e+00 -5.894912628417331462e+02
7.414829659318636914e+03 7.577526815431911977e+00 -5.925886941423684675e+02
7.454909819639277885e+03 7.573985559615631580e+00 -5.956846887625619047e+02
7.494989979959919765e+03 7.570444200325544770e+00 -5.987792273257514353e+02
7.535070140280560736e+03 7.566902752685823685e+00 -6.018723265725338933e+02
7.575150300601202616e+03 7.563361201627902375e+00 -6.049639719160869618e+02
7.615230460921843587e+03 7.559819558231721359e+00 -6.080541759167196005e+02
7.655310621242484558e+03 7.556277810943972995e+00 -6.111429276313846231e+02
7.695390781563126438e+03 7.552735967777993942e+00 -6.142302364486604347e+02
7.735470941883767409e+03 7.549194019831242386e+00 -6.173160941770139516e+02
7.775551102204408380e+03 7.545651972810265562e+00 -6.204005078175151766e+02
7.815631262525050261e+03 7.542109819804236004e+00 -6.234834712481959968e+02
7.855711422845691231e+03 7.538567564781227581e+00 -6.265649896710633584e+02
7.895791583166333112e+03 7.535025202329183713e+00 -6.296450585244665490e+02
7.935871743486974083e+03 7.531482735108466997e+00 -6.327236816572092266e+02
7.975951903807615054e+03 7.527940158826994299e+00 -6.358008556758821896e+02
8.016032064128256934e+03 7.524397475168977500e+00 -6.388765834189482575e+02
8.056112224448897905e+03 7.520854680675828519e+00 -6.419508623638263316e+02
8.096192384769539785e+03 7.517311776301973225e+00 -6.450236945942771172e+02
8.136272545090180756e+03 7.513768759209646930e+00 -6.480950782382813031e+02
8.176352705410821727e+03 7.510225629808074288e+00 -6.511650148167229872e+02
8.216432865731463608e+03 7.506682385718622896e+00 -6.542335029406232252e+02
8.256513026052105488e+03 7.503139026945976120e+00 -6.573005437140270715e+02
8.296593186372745549e+03 7.499595551449357522e+00 -6.603661361047984428e+02
8.336673346693385611e+03 7.496051958932961945e+00 -6.634302809081716532e+02
8.376753507014027491e+03 7.492508247604671823e+00 -6.664929773559498472e+02
8.416833667334669371e+03 7.488964416945286473e+00 -6.695542260147927891e+02
8.456913827655309433e+03 7.485420465344144958e+00 -6.726140263107735109e+02
8.496993987975951313e+03 7.481876392116618035e+00 -6.756723786426258584e+02
8.537074148296593194e+03 7.478332195783383263e+00 -6.787292825786645381e+02
8.577154308617233255e+03 7.474787875537084680e+00 -6.817847383942208808e+02
8.617234468937875135e+03 7.471243429993340790e+00 -6.848387457616763641e+02
8.657314629258517016e+03 7.467698858253510430e+00 -6.878913048655086868e+02
8.697394789579158896e+03 7.464154159001074262e+00 -6.909424154538210132e+02
8.737474949899798958e+03 7.460609331269440148e+00 -6.939920776447015669e+02
8.777555110220440838e+03 7.457064373789710210e+00 -6.970402912411366287e+02
8.817635270541082718e+03 7.453519285544244255e+00 -7.000870563128283948e+02
8.857715430861722780e+03 7.449974065297118031e+00 -7.031323727024781647e+02
8.897795591182364660e+03 7.446428711992080451e+00 -7.061762404443127252e+02
8.937875751503006541e+03 7.442883224415635546e+00 -7.092186594094760039e+02
8.977955911823646602e+03 7.439337601482186813e+00 -7.122596296061961993e+02
9.018036072144288482e+03 7.435791841992796414e+00 -7.152991509258062024e+02
9.058116232464930363e+03 7.432245944839031893e+00 -7.183372233575930750e+02
9.098196392785572243e+03 7.428699908830685317e+00 -7.213738468072884871e+02
9.138276553106212305e+03 7.425153732841151211e+00 -7.244090212503464272e+02
9.178356713426854185e+03 7.421607415684837505e+00 -7.274427466025886133e+02
9.218436873747496065e+03 7.418060956220515756e+00 -7.304750228292210750e+02
9.258517034068136127e+03 7.414514353264266333e+00 -7.335058498529176632e+02
9.298597194388778007e+03 7.410967605662763802e+00 -7.365352276312512458e+02
9.338677354709419888e+03 7.407420712231581383e+00 -7.395631560915480804e+02
9.378757515030059949e+03 7.403873671806971757e+00 -7.425896351856894171e+02
9.418837675350701829e+03 7.400326483202351646e+00 -7.456146648440676472e+02
9.458917835671341891e+03 7.396779145244818388e+00 -7.486382450142460812e+02
9.498997995991983771e+03 7.393231656744501556e+00 -7.516603756285021518e+02
9.539078156312625651e+03 7.389684016520262411e+00 -7.546810566310371087e+02
9.579158316633265713e+03 7.386136223378119148e+00 -7.577002879551632759e+02
9.619238476953907593e+03 7.382588276129284921e+00 -7.607180695424311807e+02
9.659318637274549474e+03 7.379040173575063477e+00 -7.637344013266248339e+02
9.699398797595189535e+03 7.375491914519460401e+00 -7.667492832471173188e+02
9.739478957915831415e+03 7.371943497758646657e+00 -7.697627152376811637e+02
9.779559118236473296e+03 7.368394922089733790e+00 -7.727746972358377207e+02
9.819639278557113357e+03 7.364846186303415365e+00 -7.757852291750753011e+02
9.859719438877755238e+03 7.361297289190035009e+00 -7.787943109913746866e+02
9.899799599198397118e+03 7.357748229534490925e+00 -7.818019426177814921e+02
9.939879759519037179e+03 7.354199006120472504e+00 -7.848081239888999789e+02
9.979959919839679060e+03 7.350649617726966234e+00 -7.878128550371161509e+02
1.002004008016031912e+04 7.347100063131173364e+00 -7.908161356957028829e+02
1.006012024048096100e+04 7.343550341106041657e+00 -7.938179658962473013e+02
1.010020040080160288e+04 7.340000450422265565e+00 -7.968183455708174279e+02
1.014028056112224294e+04 7.336450389846562281e+00 -7.998172746501945767e+02
1.018036072144288482e+04 7.332900158143066172e+00 -8.028147530653461672e+02
1.022044088176352670e+04 7.329349754072167933e+00 -8.058107807461780112e+02
1.026052104208416677e+04 7.325799176391514678e+00 -8.088053576225350980e+02
1.030060120240480865e+04 7.322248423855183042e+00 -8.117984836233463284e+02
1.034068136272545053e+04 7.318697495214314230e+00 -8.147901586773372173e+02
1.038076152304609059e+04 7.315146389216526046e+00 -8.177803827124744203e+02
1.042084168336673247e+04 7.311595104606332995e+00 -8.207691556564541315e+02
1.046092184368737435e+04 7.308043640124767926e+00 -8.237564774363019069e+02
1.050100200400801623e+04 7.304491994509708874e+00 -8.267423479786801863e+02
1.054108216432865629e+04 7.300940166495616168e+00 -8.297267672096082833e+02
1.058116232464929817e+04 7.297388154813758909e+00 -8.327097350546648613e+02
1.062124248496994005e+04 7.293835958192003588e+00 -8.356912514388128557e+02
1.066132264529058011e+04 7.290283575354913559e+00 -8.386713162865657978e+02
1.070140280561122199e+04 7.286731005023618479e+00 -8.416499295218721954e+02
1.074148296593186387e+04 7.283178245915896909e+00 -8.446270910682247859e+02
1.078156312625250393e+04 7.279625296746099039e+00 -8.476028008485466216e+02
1.082164328657314582e+04 7.276072156225223964e+00 -8.505770587852611015e+02
1.086172344689378770e+04 7.272518823060849513e+00 -8.535498648002114805e+02
1.090180360721442776e+04 7.268965295957153572e+00 -8.565212188147241932e+02
1.094188376753506964e+04 7.265411573614845686e+00 -8.594911207495848657e+02
1.098196392785571152e+04 7.261857654731155520e+00 -8.624595705250914079e+02
1.102204408817635340e+04 7.258303537999785782e+00 -8.654265680610199070e+02
1.106212424849699346e+04 7.254749222110937090e+00 -8.683921132766403161e+02
1.110220440881763534e+04 7.251194705751310643e+00 -8.713562060906797342e+02
1.114228456913827722e+04 7.247639987604122425e+00 -8.743188464213166071e+02
1.118236472945891728e+04 7.244085066349078339e+00 -8.772800341861628795e+02
1.122244488977955916e+04 7.240529940662346675e+00 -8.802397693022774092e+02
1.126252505010020104e+04 7.236974609216531462e+00 -8.831980516861877959e+02
1.130260521042084110e+04 7.233419070680636054e+00 -8.861548812538977700e+02
1.134268537074148298e+04 7.229863323720064905e+00 -8.891102579208774159e+02
1.138276553106212486e+04 7.226307366996608472e+00 -8.920641816020646502e+02
1.142284569138276674e+04 7.222751199168448544e+00 -8.950166522118286139e+02
1.146292585170340681e+04 7.219194818890156462e+00 -8.979676696639767215e+02
1.150300601202404869e+04 7.215638224812673585e+00 -9.009172338717539787e+02
1.154308617234469057e+04 7.212081415583272204e+00 -9.038653447478542375e+02
1.158316633266533063e+04 7.208524389845537783e+00 -9.068120022044302004e+02
1.162324649298597251e+04 7.204967146239328990e+00 -9.097572061530919427e+02
1.166332665330661439e+04 7.201409683400781248e+00 -9.127009565049155526e+02
1.170340681362725445e+04 7.197851999962302294e+00 -9.156432531704218718e+02
1.174348697394789633e+04 7.194294094552566854e+00 -9.185840960595776323e+02
1.178356713426853821e+04 7.190735965796501539e+00 -9.215234850817674896e+02
1.182364729458917827e+04 7.187177612315275965e+00 -9.244614201458003890e+02
1.186372745490982015e+04 7.183619032726279663e+00 -9.273979011599290061e+02
1.190380761523046203e+04 7.180060225643097205e+00 -9.303329280318348538e+02
1.194388777555110391e+04 7.176501189675488668e+00 -9.332665006686422657e+02
1.198396793587174398e+04 7.172941923429360322e+00 -9.361986189769263547e+02
1.202404809619238586e+04 7.169382425506753087e+00 -9.391292828626914115e+02
1.206412825651302774e+04 7.165822694505850521e+00 -9.420584922313765901e+02
1.210420841683366780e+04 7.162262729020966390e+00 -9.449862469878394222e+02
1.214428857715430968e+04 7.158702527642510915e+00 -9.479125470363503609e+02
1.218436873747495156e+04 7.155142088957005875e+00 -9.508373922805967595e+02
1.222444889779558980e+04 7.151581411547033973e+00 -9.537607826236903747e+02
1.226452905811623168e+04 7.148020493991221080e+00 -9.566827179681705502e+02
1.230460921843687356e+04 7.144459334864228239e+00 -9.596031982159997824e+02
1.234468937875751362e+04 7.140897932736725018e+00 -9.625222232685659947e+02
1.238476953907815550e+04 7.137336286175376188e+00 -9.654397930266798085e+02
1.242484969939879738e+04 7.133774393742845277e+00 -9.683559073905660171e+02
1.246492985971943745e+04 7.130212253997744831e+00 -9.712705662598463050e+02
1.250501002004007933e+04 7.126649865494655955e+00 -9.741837695335577791e+02
1.254509018036072121e+04 7.123087226784090120e+00 -9.770955171101544465e+02
1.258517034068136127e+04 7.119524336412477616e+00 -9.800058088874965279e+02
1.262525050100200315e+04 7.115961192922153344e+00 -9.829146447628459100e+02
1.266533066132264503e+04 7.112397794851331945e+00 -9.858220246328764915e+02
1.270541082164328509e+04 7.108834140734095364e+00 -9.887279483936572433e+02
1.274549098196392697e+04 7.105270229100361767e+00 -9.916324159406555054e+02
1.278557114228456885e+04 7.101706058475889982e+00 -9.945354271687506298e+02
1.282565130260521073e+04 7.098141627382243968e+00 -9.974369819722155626e+02
1.286573146292585079e+04 7.094576934336777718e+00 -1.000337080244727531e+03
1.290581162324649267e+04 7.091011977852621939e+00 -1.003235721879354287e+03
1.294589178356713455e+04 7.087446756438660955e+00 -1.006132906768562407e+03
1.298597194388777461e+04 7.083881268599521164e+00 -1.009028634804205922e+03
1.302605210420841649e+04 7.080315512835552383e+00 -1.011922905877521430e+03
1.306613226452905838e+04 7.076749487642806535e+00 -1.014815719879144694e+03
1.310621242484969844e+04 7.073183191513029655e+00 -1.017707076699091544e+03
1.314629258517034032e+04 7.069616622933636130e+00 -1.020596976226760717e+03
1.318637274549098220e+04 7.066049780387693602e+00 -1.023485418350922714e+03
1.322645290581162226e+04 7.062482662353902541e+00 -1.026372402959724013e+03
1.326653306613226414e+04 7.058915267306571373e+00 -1.029257929940696613e+03
1.330661322645290602e+04 7.055347593715588062e+00 -1.032141999180765652e+03
1.334669338677354790e+04 7.051779640046406783e+00 -1.035024610566233605e+03
1.338677354709418796e+04 7.048211404760020393e+00 -1.037905763982781764e+03
1.342685370741482984e+04 7.044642886312961316e+00 -1.040785459315465459e+03
1.346693386773547172e+04 7.041074083157274899e+00 -1.043663696448709970e+03
1.350701402805611178e+04 7.037504993740519410e+00 -1.046540475266306203e+03
1.354709418837675366e+04 7.033935616505728738e+00 -1.049415795651391136e+03
1.358717434869739554e+04 7.030365949891406174e+00 -1.052289657486467377e+03
1.362725450901803561e+04 7.026795992331489771e+00 -1.055162060653395429e+03
1.366733466933867749e+04 7.023225742255346127e+00 -1.058033005033402105e+03
1.370741482965931937e+04 7.019655198087739301e+00 -1.060902490507064385e+03
1.374749498997995943e+04 7.016084358248799724e+00 -1.063770516954324648e+03
1.378757515030060131e+04 7.012513221154012655e+00 -1.066637084254482943e+03
1.382765531062124319e+04 7.008941785214187981e+00 -1.069502192286200625e+03
1.386773547094188507e+04 7.005370048835438901e+00 -1.072365840927496265e+03
1.390781563126252513e+04 7.001798010419167717e+00 -1.075228030055747467e+03
1.394789579158316701e+04 6.998225668362047180e+00 -1.078088759547682912e+03
1.398797595190380889e+04 6.994653021056008946e+00 -1.080948029279373941e+03
1.402805611222444895e+04 6.991080066888235578e+00 -1.083805839126233877e+03
1.406813627254509083e+04 6.987506804241121472e+00 -1.086662188963001654e+03
1.410821643286573271e+04 6.983933231492266636e+00 -1.089517078663751363e+03
1.414829659318637277e+04 6.980359347014450044e+00 -1.092370508101890437e+03
1.418837675350701466e+04 6.976785149175592338e+00 -1.095222477150158738e+03
1.422845691382765654e+04 6.973210636338749602e+00 -1.098072985680633110e+03
1.426853707414829842e+04 6.969635806862082283e+00 -1.100922033564718504e+03
1.430861723446893848e+04 6.966060659098832986e+00 -1.103769620673156851e+03
1.434869739478958036e+04 6.962485191397302486e+00 -1.106615746876021831e+03
1.438877755511022224e+04 6.958909402100823982e+00 -1.109460412042713870e+03
1.442885771543086230e+04 6.955333289547749764e+00 -1.112303616041957412e+03
1.446893787575150236e+04 6.951756852071417470e+00 -1.115145358741809105e+03
1.450901803607214242e+04 6.948180088000130539e+00 -1.117985640009652116e+03
1.454909819639278430e+04 6.944602995657153777e+00 -1.120824459712187490e+03
1.458917835671342618e+04 6.941025573360669831e+00 -1.123661817715428015e+03
1.462925851703406806e+04 6.937447819423781858e+00 -1.126497713884697532e+03
1.466933867735470812e+04 6.933869732154479770e+00 -1.129332148084632308e+03
1.470941883767535001e+04 6.930291309855616255e+00 -1.132165120179173073e+03
1.474949899799599189e+04 6.926712550824888126e+00 -1.134996630031563882e+03
1.478957915831663195e+04 6.923133453354804345e+00 -1.137826677504353938e+03
1.482965931863727383e+04 6.919554015732668262e+00 -1.140655262459398955e+03
1.486973947895791571e+04 6.915974236240542972e+00 -1.143482384757851605e+03
1.490981963927855577e+04 6.912394113155247766e+00 -1.146308044260162887e+03
1.494989979959919765e+04 6.908813644748315497e+00 -1.149132240826081443e+03
1.498997995991983953e+04 6.905232829285986362e+00 -1.151954974314653100e+03
1.503006012024047959e+04 6.901651665029166161e+00 -1.154776244584211099e+03
1.507014028056112147e+04 6.898070150233405862e+00 -1.157596051492389051e+03
1.511022044088176335e+04 6.894488283148880292e+00 -1.160414394896104568e+03
1.515030060120240523e+04 6.890906062020364153e+00 -1.163231274651565400e+03
1.519038076152304529e+04 6.887323485087200936e+00 -1.166046690614268073e+03
1.523046092184368717e+04 6.883740550583287821e+00 -1.168860642638985837e+03
1.527054108216432905e+04 6.880157256737051696e+00 -1.171673130579773215e+03
1.531062124248496912e+04 6.876573601771416300e+00 -1.174484154289954404e+03
1.535070140280561100e+04 6.872989583903788002e+00 -1.177293713622134646e+03
1.539078156312625288e+04 6.869405201346027390e+00 -1.180101808428198410e+03
1.543086172344689294e+04 6.865820452304417287e+00 -1.182908438559291426e+03
1.547094188376753482e+04 6.862235334979637003e+00 -1.185713603865826599e+03
1.551102204408817670e+04 6.858649847566743674e+00 -1.188517304197487420e+03
1.555110220440881676e+04 6.855063988255140295e+00 -1.191319539403213412e+03
1.559118236472945864e+04 6.851477755228558841e+00 -1.194120309331214685e+03
1.563126252505010052e+04 6.847891146665026518e+00 -1.196919613828954198e+03
1.567134268537074240e+04 6.844304160736840004e+00 -1.199717452743157764e+03
1.571142284569138246e+04 6.840716795610547685e+00 -1.202513825919799046e+03
1.575150300601202434e+04 6.837129049446906137e+00 -1.205308733204099781e+03
1.579158316633266622e+04 6.833540920400865915e+00 -1.208102174440536828e+03
1.583166332665330629e+04 6.829952406621544903e+00 -1.210894149472833760e+03
1.587174348697394817e+04 6.826363506252195457e+00 -1.213684658143960633e+03
1.591182364729459005e+04 6.822774217430170651e+00 -1.216473700296126026e+03
1.595190380761523011e+04 6.819184538286914510e+00 -1.219261275770787051e+03
1.599198396793587199e+04 6.815594466947927366e+00 -1.222047384408632524e+03
1.603206412825651387e+04 6.812004001532733000e+00 -1.224832026049586830e+03
1.607214428857715393e+04 6.808413140154857324e+00 -1.227615200532810150e+03
1.611222444889779581e+04 6.804821880921789301e+00 -1.230396907696688459e+03
1.615230460921843769e+04 6.801230221934975617e+00 -1.233177147378839663e+03
1.619238476953907957e+04 6.797638161289770053e+00 -1.235955919416099277e+03
1.623246492985971963e+04 6.794045697075405954e+00 -1.238733223644539294e+03
1.627254509018036151e+04 6.790452827374983791e+00 -1.241509059899443855e+03
1.631262525050100339e+04 6.786859550265428531e+00 -1.244283428015315849e+03
1.635270541082164345e+04 6.783265863817461216e+00 -1.247056327825874860e+03
1.639278557114228533e+04 6.779671766095577645e+00 -1.249827759164057852e+03
1.643286573146292722e+04 6.776077255158009294e+00 -1.252597721862007575e+03
1.647294589178356910e+04 6.772482329056700223e+00 -1.255366215751076197e+03
1.651302605210421098e+04 6.768886985837284875e+00 -1.258133240661824402e+03
1.655310621242484922e+04 6.765291223539051657e+00 -1.260898796424005241e+03
1.659318637274549110e+04 6.761695040194904749e+00 -1.263662882866578911e+03
1.663326653306613298e+04 6.758098433831341900e+00 -1.266425499817700256e+03
1.667334669338677122e+04 6.754501402468424232e+00 -1.269186647104716712e+03
1.671342685370741310e+04 6.750903944119738043e+00 -1.271946324554177181e+03
1.675350701402805498e+04 6.747306056792371720e+00 -1.274704531991814292e+03
1.679358717434869686e+04 6.743707738486875769e+00 -1.277461269242553726e+03
1.683366733466933874e+04 6.740108987197238832e+00 -1.280216536130506029e+03
1.687374749498998062e+04 6.736509800910857493e+00 -1.282970332478961836e+03
1.691382765531061887e+04 6.732910177608506075e+00 -1.285722658110390967e+03
1.695390781563126075e+04 6.729310115264305558e+00 -1.288473512846432641e+03
1.699398797595190263e+04 6.725709611845689828e+00 -1.291222896507906398e+03
1.703406813627254451e+04 6.722108665313371034e+00 -1.293970808914794588e+03
1.707414829659318639e+04 6.718507273621312947e+00 -1.296717249886248055e+03
1.711422845691382827e+04 6.714905434716693655e+00 -1.299462219240588411e+03
1.715430861723446651e+04 6.711303146539866482e+00 -1.302205716795295302e+03
1.719438877755510839e+04 6.707700407024328015e+00 -1.304947742367011415e+03
1.723446893787575027e+04 6.704097214096688795e+00 -1.307688295771544745e+03
1.727454909819639215e+04 6.700493565676637786e+00 -1.310427376823861778e+03
1.731462925851703403e+04 6.696889459676916623e+00 -1.313164985338074757e+03
1.735470941883767591e+04 6.693284894003274310e+00 -1.315901121127446686e+03
1.739478957915831779e+04 6.689679866554448573e+00 -1.318635784004386778e+03
1.743486973947895603e+04 6.686074375222132993e+00 -1.321368973780436590e+03
1.747494989979959792e+04 6.682468417890932599e+00 -1.324100690266281163e+03
1.751503006012023980e+04 6.678861992438340778e+00 -1.326830933271732420e+03
1.755511022044088168e+04 6.675255096734689531e+00 -1.329559702605742586e+03
1.759519038076152356e+04 6.671647728643122832e+00 -1.332286998076391001e+03
1.763527054108216544e+04 6.668039886019549556e+00 -1.335012819490891388e+03
1.767535070140280732e+04 6.664431566712615052e+00 -1.337737166655586179e+03
1.771543086172344556e+04 6.660822768563658514e+00 -1.340460039375942188e+03
1.775551102204408744e+04 6.657213489406682783e+00 -1.343181437456551294e+03
1.779559118236472932e+04 6.653603727068322371e+00 -1.345901360701121803e+03
1.783567134268537120e+04 6.649993479367796390e+00 -1.348619808912478902e+03
1.787575150300601308e+04 6.646382744116881902e+00 -1.351336781892557610e+03
1.791583166332665496e+04 6.642771519119887280e+00 -1.354052279442397776e+03
1.795591182364729320e+04 6.639159802173598912e+00 -1.356766301362141803e+03
1.799599198396793508e+04 6.635547591067252782e+00 -1.359478847451033516e+03
1.803607214428857696e+04 6.631934883582506046e+00 -1.362189917507407699e+03
1.807615230460921885e+04 6.628321677493389963e+00 -1.364899511328694416e+03
1.811623246492986073e+04 6.624707970566269921e+00 -1.367607628711411053e+03
1.815631262525050261e+04 6.621093760559796593e+00 -1.370314269451163909e+03
1.819639278557114449e+04 6.617479045224893497e+00 -1.373019433342647517e+03
1.823647294589178273e+04 6.613863822304685947e+00 -1.375723120179641683e+03
1.827655310621242461e+04 6.610248089534479732e+00 -1.378425329755008079e+03
1.831663326653306649e+04 6.606631844641712270e+00 -1.381126061860690243e+03
1.835671342685370837e+04 6.603015085345921520e+00 -1.383825316287705846e+03
1.839679358717435025e+04 6.599397809358705125e+00 -1.386523092826134416e+03
1.843687374749499213e+04 6.595780014383681333e+00 -1.389219391265138938e+03
1.847695390781563037e+04 6.592161698116449919e+00 -1.391914211392937659e+03
1.851703406813627225e+04 6.588542858244539779e+00 -1.394607552996812274e+03
1.855711422845691413e+04 6.584923492447394722e+00 -1.397299415863099284e+03
1.859719438877755601e+04 6.581303598396309518e+00 -1.399989799777183180e+03
1.863727454909819789e+04 6.577683173754403256e+00 -1.402678704523504393e+03
1.867735470941883978e+04 6.574062216176564277e+00 -1.405366129885544751e+03
1.871743486973948166e+04 6.570440723309427078e+00 -1.408052075645835657e+03
1.875751503006011990e+04 6.566818692791310141e+00 -1.410736541585947407e+03
1.879759519038076178e+04 6.563196122252196396e+00 -1.413419527486473953e+03
1.883767535070140366e+04 6.559573009313647951e+00 -1.416101033127066103e+03
1.887775551102204554e+04 6.555949351588829188e+00 -1.418781058286375583e+03
1.891783567134268378e+04 6.552325146682455248e+00 -1.421459602742061179e+03
1.895791583166332566e+04 6.548700392190292874e+00 -1.424136666271123204e+03
1.899799599198396754e+04 6.545075085701399509e+00 -1.426812248648200239e+03
1.903807615230460942e+04 6.541449224790366834e+00 -1.429486349651275759e+03
1.907815631262525130e+04 6.537822807037186656e+00 -1.432158969046990933e+03
1.911823647294588955e+04 6.534195829990966153e+00 -1.434830106617332603e+03
1.915831663326653143e+04 6.530568291187914376e+00 -1.437499762146352168e+03
1.919839679358717331e+04 6.526940188354891426e+00 -1.440167935270372482e+03
1.923847695390781519e+04 6.523311518267064457e+00 -1.442834626317929633e+03
1.927855711422845707e+04 6.519682280685131559e+00 -1.445499833416550246e+03
1.931863727454909895e+04 6.516052468379516682e+00 -1.448163559818333624e+03
1.935871743486973719e+04 6.512422083927423166e+00 -1.450825801572765613e+03
1.939879759519037907e+04 6.508791138292278511e+00 -1.453486548574928975e+03
1.943887775551102095e+04 6.505159524222284162e+00 -1.456145877310996411e+03
1.947895791583166283e+04 6.501527631621037528e+00 -1.458803500323753724e+03
1.951903807615230471e+04 6.497894424208054964e+00 -1.461460173423590732e+03
1.955911823647294659e+04 6.494261687762627133e+00 -1.464114589487874809e+03
1.959919839679358847e+04 6.490629141813322178e+00 -1.466766950920778982e+03
1.963927855711422671e+04 6.486984030748640606e+00 -1.469426565142888194e+03
1.967935871743486859e+04 6.483387714059596796e+00 -1.472048683021053876e+03
1.971943887775551048e+04 6.479653269572517083e+00 -1.474769512534970545e+03
1.975951903807615236e+04 6.476165049686835040e+00 -1.477309188150495174e+03
1.979959919839679424e+04 6.472623863629940466e+00 -1.479885352986993212e+03
1.983967935871743612e+04 6.466877008435266028e+00 -1.484063110471961636e+03
1.987975951903807436e+04 6.467292940271372359e+00 -1.483761561765114266e+03
1.991983967935871624e+04 6.455835695451412448e+00 -1.492073091784437565e+03
1.995991983967935812e+04 6.467292940271372359e+00 -1.483761561765114266e+03
2.000000000000000000e+04 6.455835695451412448e+00 -1.492073091784437565e+03
