# 286.5546934018274
0.000000000000000000e+00 1.618429622507578358e+01 6.514222657325396959e+00
4.008016032064127643e+01 1.619823376599255482e+01 6.730178578420618507e+00
8.016032064128255286e+01 1.619823376599255482e+01 -6.730178578420618507e+00
1.202404809619238506e+02 1.618429622507578358e+01 -6.514222657325396959e+00
1.603206412825651057e+02 1.618428403698128903e+01 -1.995318235724733213e+01
2.004008016032064177e+02 1.617037049840472918e+01 -1.975993468343071058e+01
2.404809619238477012e+02 1.617032244682361863e+01 -3.315189021123605784e+01
2.805611222444889563e+02 1.615645821996323761e+01 -3.300405589988189803e+01
3.206412825651302114e+02 1.615634951800279850e+01 -4.632952871109132076e+01
3.607214428857715802e+02 1.614255688459907390e+01 -4.624836536606878212e+01
4.008016032064128353e+02 1.614236608270142526e+01 -5.948370130694741675e+01
4.408817635270541473e+02 1.612866841798009787e+01 -5.949089370532277599e+01
4.809619238476954024e+02 1.612837228625915387e+01 -7.261700438485993914e+01
5.210420841683366007e+02 1.611479001385137977e+01 -7.273206656626999234e+01
5.611222444889779126e+02 1.611437027159581703e+01 -8.572837092914417667e+01
6.012024048096192246e+02 1.610092319369164926e+01 -8.597068096667496206e+01
6.412825651302604228e+02 1.610035788515977728e+01 -9.881935756181630381e+01
6.813627254509017348e+02 1.608706551592608847e+01 -9.920655477008921252e+01
7.214428857715431604e+02 1.608633949769228266e+01 -1.118902189885865397e+02
7.615230460921844724e+02 1.607321735732801926e+01 -1.124381924694821038e+02
8.016032064128256707e+02 1.607231180013386052e+01 -1.249417831342699685e+02
8.416833667334669826e+02 1.605937736986741982e+01 -1.256660996011990363e+02
8.817635270541082946e+02 1.605827995180989376e+01 -1.379749041132470779e+02
9.218436873747494928e+02 1.604554450403502130e+01 -1.388874347646015508e+02
9.619238476953908048e+02 1.604424079264290981e+01 -1.509905221157602853e+02
1.002004008016032117e+03 1.603171849951073824e+01 -1.521040946461998260e+02
1.042084168336673201e+03 1.603019855117906545e+01 -1.639891122736545697e+02
1.082164328657314627e+03 1.601789741085850949e+01 -1.653119323723300909e+02
1.122244488977955825e+03 1.601615188455870609e+01 -1.769724477431829825e+02
1.162324649298597251e+03 1.600408126587893776e+01 -1.785135492052642974e+02
1.202404809619238449e+03 1.600210264455018461e+01 -1.899401429985989864e+02
1.242484969939879647e+03 1.599026835813486613e+01 -1.917048977524424345e+02
1.282565130260520846e+03 1.598805200895249357e+01 -2.028947200674328428e+02
1.322645290581162271e+03 1.597645796173541477e+01 -2.048876110708520173e+02
1.362725450901803470e+03 1.597399955160586060e+01 -2.158353994922410379e+02
1.402805611222444895e+03 1.596264951458928749e+01 -2.180594324274742917e+02
1.442885771543086321e+03 1.595994788386335728e+01 -2.287645086941185184e+02
1.482965931863727519e+03 1.594884118202897838e+01 -2.312199014664284960e+02
1.523046092184368945e+03 1.594589601570727488e+01 -2.416818924634223151e+02
1.563126252505009916e+03 1.593503342097940134e+01 -2.443689239806662385e+02
1.603206412825651341e+03 1.593184593291699791e+01 -2.545886912295937918e+02
1.643286573146292540e+03 1.592122403988411072e+01 -2.575045708533982634e+02
1.683366733466933965e+03 1.591779784846037060e+01 -2.674859136644598721e+02
1.723446893787575164e+03 1.590741347013647378e+01 -2.706275587766022568e+02
1.763527054108216589e+03 1.590375200116304200e+01 -2.803734575721691726e+02
1.803607214428857787e+03 1.589360034639340391e+01 -2.837362828443648937e+02
1.843687374749498986e+03 1.588970993212415372e+01 -2.932529213202929554e+02
1.883767535070140184e+03 1.587978418932853586e+01 -2.968306307866643579e+02
1.923847695390781610e+03 1.587567089757374639e+01 -3.061239148509649226e+02
1.963927855711422808e+03 1.586596488295234053e+01 -3.099104143382201073e+02
2.004008016032064234e+03 1.586163636909926034e+01 -3.189874911769456389e+02
2.044088176352705432e+03 1.585214124892758569e+01 -3.229744693075937789e+02
2.084168336673346403e+03 1.584760611902392746e+01 -3.318439040143342140e+02
2.124248496993987828e+03 1.583831370217810530e+01 -3.360234315125532021e+02
2.164328657314629254e+03 1.583358042298062252e+01 -3.446931671029407198e+02
2.204408817635270680e+03 1.582448136271225181e+01 -3.490562247977611605e+02
2.244488977955911650e+03 1.581955998560159138e+01 -3.575361037526585051e+02
2.284569138276553076e+03 1.581064422822011117e+01 -3.620730726573896163e+02
2.324649298597194502e+03 1.580554424654938650e+01 -3.703722675466083842e+02
2.364729458917835473e+03 1.579680229823942383e+01 -3.750738700688731342e+02
2.404809619238476898e+03 1.579153395037976892e+01 -3.832022285200685587e+02
2.444889779559118324e+03 1.578295505820665134e+01 -3.880581418666652098e+02
2.484969939879759295e+03 1.577752876989886310e+01 -3.960258823190276303e+02
2.525050100200400720e+03 1.576910296954796031e+01 -4.010263882722824178e+02
2.565130260521041691e+03 1.576352869846234128e+01 -4.088430898320852407e+02
2.605210420841683117e+03 1.575524566850169172e+01 -4.139781817748217350e+02
2.645290581162324543e+03 1.574953395603957240e+01 -4.216541378209241202e+02
2.685370741482965968e+03 1.574138337227959994e+01 -4.269137877640155239e+02
2.725450901803606939e+03 1.573554404634458770e+01 -4.344585672078455900e+02
2.765531062124248365e+03 1.572751627722668744e+01 -4.398333679672516610e+02
2.805611222444889790e+03 1.572155916027766942e+01 -4.472565060658471339e+02
2.845691382765531216e+03 1.571364427811510289e+01 -4.527368082538882845e+02
2.885771543086172642e+03 1.570757898497386229e+01 -4.600477262710788295e+02
2.925851703406813613e+03 1.569976782023467266e+01 -4.656245576396130446e+02
2.965931863727455038e+03 1.569360326800690331e+01 -4.728319352560686184e+02
3.006012024048096464e+03 1.568588691257241940e+01 -4.784966000601937708e+02
3.046092184368737890e+03 1.567963198158689586e+01 -4.856091260191062702e+02
3.086172344689378406e+03 1.567200180796463549e+01 -4.913531862924007783e+02
3.126252505010019831e+03 1.566566468752507113e+01 -4.983788875182482911e+02
3.166332665330661257e+03 1.565811282036548668e+01 -5.041946216216578591e+02
3.206412825651302683e+03 1.565170127286003776e+01 -5.111410863271344738e+02
3.246492985971943654e+03 1.564422003481741719e+01 -5.170209798810856228e+02
3.286573146292585079e+03 1.563774147187444719e+01 -5.238954933328772086e+02
3.326653306613226505e+03 1.563032381910121771e+01 -5.298326255495411488e+02
3.366733466933867930e+03 1.562378495257640054e+01 -5.366417751230524118e+02
3.406813627254508901e+03 1.561642435491446967e+01 -5.426297364986928642e+02
3.446893787575150327e+03 1.560983157152419487e+01 -5.493797980298559196e+02
3.486973947895791753e+03 1.560252185526586644e+01 -5.554125204544052394e+02
3.527054108216433178e+03 1.559588099380641246e+01 -5.621092498432819866e+02
3.567134268537074604e+03 1.558861662295197270e+01 -5.681812817498488357e+02
3.607214428857715575e+03 1.558193299649203567e+01 -5.748299088352446233e+02
3.647294589178356546e+03 1.557470880720544137e+01 -5.809361701237077114e+02
3.687374749498997971e+03 1.556798737248101716e+01 -5.875415880415066567e+02
3.727454909819638942e+03 1.556079866149628899e+01 -5.936774395294646638e+02
3.767535070140280368e+03 1.555404383603207208e+01 -6.002440144226428629e+02
3.807615230460921794e+03 1.554688639322429822e+01 -6.064053039658004991e+02
3.847695390781563219e+03 1.554010221347181364e+01 -6.129370244595854729e+02
3.887775551102204190e+03 1.553297215887802984e+01 -6.191199234159746538e+02
3.927855711422845616e+03 1.552616228220711569e+01 -6.256204144102215423e+02
3.967935871743487041e+03 1.551905617488694311e+01 -6.318215208102146789e+02
4.008016032064128467e+03 1.551222383203214683e+01 -6.382939849535968051e+02
4.048096192384769893e+03 1.550513858487010665e+01 -6.445102488845384414e+02
4.088176352705410864e+03 1.549828670779690221e+01 -6.509575958558448292e+02
4.128256513026052744e+03 1.549121953875140356e+01 -6.571862644340066026e+02
4.168336673346692805e+03 1.548435071678800767e+01 -6.636110701637802549e+02
4.208416833667334686e+03 1.547729919210854277e+01 -6.698497335883449750e+02
4.248496993987975657e+03 1.547041570780714714e+01 -6.762542689764244415e+02
4.288577154308616628e+03 1.546337765174083678e+01 -6.825007735668458508e+02
4.328657314629258508e+03 1.545648154362356586e+01 -6.888870708420008668e+02
4.368737474949899479e+03 1.544945503994168234e+01 -6.951395167298986735e+02
4.408817635270541359e+03 1.544254807719494949e+01 -7.015093428243831113e+02
4.448897795591182330e+03 1.543553145949883287e+01 -7.077660783614498996e+02
4.488977955911823301e+03 1.542861519652572611e+01 -7.141209865851608356e+02
4.529058116232465181e+03 1.542160699075248864e+01 -7.203805503788402120e+02
4.569138276553106152e+03 1.541468278897017541e+01 -7.267219046680155543e+02
4.609218436873748033e+03 1.540768172048717766e+01 -7.329830318544286456e+02
4.649298597194389004e+03 1.540075074886375717e+01 -7.393120051103595642e+02
4.689378757515029974e+03 1.539375571369569506e+01 -7.455736010865088019e+02
4.729458917835670945e+03 1.538681899137350584e+01 -7.518912173296256469e+02
4.769539078156312826e+03 1.537982902714605693e+01 -7.581523275090494280e+02
4.809619238476953797e+03 1.537288743031841243e+01 -7.644594696984845541e+02
4.849699398797594768e+03 1.536590171556934692e+01 -7.707192793563120858e+02
4.889779559118236648e+03 1.535895599091505659e+01 -7.770167012443946533e+02
4.929859719438877619e+03 1.535197381801250494e+01 -7.832745093983044171e+02
4.969939879759518590e+03 1.534502460887733832e+01 -7.895628620531159640e+02
5.010020040080159561e+03 1.533804537029419102e+01 -7.958180669610171662e+02
5.050100200400801441e+03 1.533109322102408711e+01 -8.020979031881172432e+02
5.090180360721442412e+03 1.532411640279985576e+01 -8.083499965120594197e+02
5.130260521042083383e+03 1.531716177382916477e+01 -8.146217851469771176e+02
5.170340681362725263e+03 1.531018693650326057e+01 -8.208703330592331895e+02
5.210420841683366234e+03 1.530323021888940005e+01 -8.271344738929669802e+02
5.250501002004008114e+03 1.529625699026288110e+01 -8.333791095189866382e+02
5.290581162324649085e+03 1.528929851035157483e+01 -8.396359377798536343e+02
5.330661322645290056e+03 1.528232657758614010e+01 -8.458763537635187504e+02
5.370741482965931937e+03 1.527536660887072806e+01 -8.521261516842477022e+02
5.410821643286572908e+03 1.526839570673504376e+01 -8.583620883500847185e+02
5.450901803607213878e+03 1.526143447783311480e+01 -8.646050933886725716e+02
5.490981963927855759e+03 1.525446438407984040e+01 -8.708363340429309574e+02
5.531062124248496730e+03 1.524750208326543444e+01 -8.770727432347364356e+02
5.571142284569138610e+03 1.524053261198533349e+01 -8.832991077466443812e+02
5.611222444889779581e+03 1.523356939510958341e+01 -8.895290855646443333e+02
5.651302605210420552e+03 1.522660038990912312e+01 -8.957504234319355874e+02
5.691382765531062432e+03 1.521963638495711102e+01 -9.019741064628168488e+02
5.731462925851703403e+03 1.521266771569014509e+01 -9.081902935494188114e+02
5.771543086172345284e+03 1.520570302646409999e+01 -9.144077940684586565e+02
5.811623246492986254e+03 1.519873458454466153e+01 -9.206187280014127055e+02
5.851703406813627225e+03 1.519176929550363120e+01 -9.268301388294564731e+02
5.891783567134269106e+03 1.518480099002678152e+01 -9.330357350401127405e+02
5.931863727454910077e+03 1.517783516900722951e+01 -9.392411323157534753e+02
5.971943887775551957e+03 1.517086692445708174e+01 -9.454413217652884214e+02
6.012024048096192928e+03 1.516390062528499172e+01 -9.516407675079542514e+02
6.052104208416833899e+03 1.515693237855792930e+01 -9.578354937296919616e+02
6.092184368737475779e+03 1.514996564385748457e+01 -9.640290386790986759e+02
6.132264529058115841e+03 1.514299734206572801e+01 -9.702182555351007522e+02
6.172344689378756811e+03 1.513603020491168749e+01 -9.764059408259653310e+02
6.212424849699398692e+03 1.512906180386210053e+01 -9.825896109959733167e+02
6.252505010020039663e+03 1.512209428945902090e+01 -9.887714698212478197e+02
6.292585170340680634e+03 1.511512575188788254e+01 -9.949495630338304863e+02
6.332665330661322514e+03 1.510815787914851249e+01 -1.001125622248012633e+03
6.372745490981963485e+03 1.510118917348270173e+01 -1.007298114015961005e+03
6.412825651302605365e+03 1.509422095601956748e+01 -1.013468395137767175e+03
6.452905811623246336e+03 1.508725205542888226e+01 -1.019635265813046203e+03
6.492985971943887307e+03 1.508028350255860950e+01 -1.025799786027967002e+03
6.533066132264529188e+03 1.507331438395856615e+01 -1.031961019796414575e+03
6.573146292585170158e+03 1.506634550156782204e+01 -1.038119792839128650e+03
6.613226452905811129e+03 1.505937614492883547e+01 -1.044275377015392905e+03
6.653306613226453010e+03 1.505240693605190039e+01 -1.050428413753984159e+03
6.693386773547093981e+03 1.504543732384229315e+01 -1.056578338223702531e+03
6.733466933867735861e+03 1.503846778922915739e+01 -1.062725647230429558e+03
6.773547094188376832e+03 1.503149790587259105e+01 -1.068869903900666486e+03
6.813627254509017803e+03 1.502452804445356449e+01 -1.075011491926685721e+03
6.853707414829659683e+03 1.501755787595124225e+01 -1.081150074340445599e+03
6.893787575150300654e+03 1.501058768516110398e+01 -1.087285946644353089e+03
6.933867735470942534e+03 1.500361721878076260e+01 -1.093418849667601080e+03
6.973947895791583505e+03 1.499664669486588409e+01 -1.099549010325638392e+03
7.014028056112224476e+03 1.498967591885585016e+01 -1.105676229856723239e+03
7.054108216432866357e+03 1.498270505711767875e+01 -1.111800682012270499e+03
7.094188376753507328e+03 1.497573396050540850e+01 -1.117922214776279816e+03
7.134268537074149208e+03 1.496876275547537283e+01 -1.124040960817676023e+03
7.174348697394790179e+03 1.496179132790135036e+01 -1.130156804198644068e+03
7.214428857715431150e+03 1.495481977350045177e+01 -1.136269845921304068e+03
7.254509018036071211e+03 1.494784800507178169e+01 -1.142379997813103500e+03
7.294589178356713091e+03 1.494087609473509914e+01 -1.148487336547351788e+03
7.334669338677354062e+03 1.493390397592124685e+01 -1.154591795247080654e+03
7.374749498997995943e+03 1.492693170268869096e+01 -1.160693431950809327e+03
7.414829659318636914e+03 1.491995922423602217e+01 -1.166792196072380420e+03
7.454909819639277885e+03 1.491298658083230855e+01 -1.172888131412899156e+03
7.494989979959919765e+03 1.490601373369124616e+01 -1.178981199812736804e+03
7.535070140280560736e+03 1.489904071258777662e+01 -1.185071434230499563e+03
7.575150300601202616e+03 1.489206748786032719e+01 -1.191158805953935826e+03
7.615230460921843587e+03 1.488509408132055256e+01 -1.197243339709158818e+03
7.655310621242484558e+03 1.487812047021796147e+01 -1.203325013947471689e+03
7.695390781563126438e+03 1.487114667033617721e+01 -1.209403847159985844e+03
7.735470941883767409e+03 1.486417266414356497e+01 -1.215479823214415319e+03
7.775551102204408380e+03 1.485719846287464208e+01 -1.221552955894648221e+03
7.815631262525050261e+03 1.485022405292525605e+01 -1.227623233150258557e+03
7.855711422845691231e+03 1.484324944210646002e+01 -1.233690665221825611e+03
7.895791583166333112e+03 1.483627461976136885e+01 -1.239755243126885489e+03
7.935871743486974083e+03 1.482929959113051233e+01 -1.245816974445524693e+03
7.975951903807615054e+03 1.482232434776182473e+01 -1.251875852494610172e+03
8.016032064128256934e+03 1.481534889297113011e+01 -1.257931882862673774e+03
8.056112224448897905e+03 1.480837321994968114e+01 -1.263985060584185476e+03
8.096192384769539785e+03 1.480139733057574603e+01 -1.270035389761236047e+03
8.136272545090180756e+03 1.479442121926153675e+01 -1.276082866707866742e+03
8.176352705410821727e+03 1.478744488681357083e+01 -1.282127494419427194e+03
8.216432865731463608e+03 1.478046832854789550e+01 -1.288169270160408132e+03
8.256513026052105488e+03 1.477349154447377622e+01 -1.294208196104541457e+03
8.296593186372745549e+03 1.476651453057347929e+01 -1.300244270219955297e+03
8.336673346693385611e+03 1.475953728626418915e+01 -1.306277494072072159e+03
8.376753507014027491e+03 1.475255980801716582e+01 -1.312307866148441008e+03
8.416833667334669371e+03 1.474558209481025273e+01 -1.318335387565183055e+03
8.456913827655309433e+03 1.473860414347181624e+01 -1.324360057192081513e+03
8.496993987975951313e+03 1.473162595265387687e+01 -1.330381875814236309e+03
8.537074148296593194e+03 1.472464751944396433e+01 -1.336400842581706911e+03
8.577154308617233255e+03 1.471766884225238847e+01 -1.342416958036312508e+03
8.617234468937875135e+03 1.471068991835343276e+01 -1.348430221532940323e+03
8.657314629258517016e+03 1.470371074597776762e+01 -1.354440633434939627e+03
8.697394789579158896e+03 1.469673132253298675e+01 -1.360448193246340452e+03
8.737474949899798958e+03 1.468975164611578954e+01 -1.366452901199821554e+03
8.777555110220440838e+03 1.468277171422774607e+01 -1.372454756907543924e+03
8.817635270541082718e+03 1.467579152486513827e+01 -1.378453760506622302e+03
8.857715430861722780e+03 1.466881107559463793e+01 -1.384449911687258918e+03
8.897795591182364660e+03 1.466183036433664988e+01 -1.390443210516764111e+03
8.937875751503006541e+03 1.465484938870182496e+01 -1.396433656741359300e+03
8.977955911823646602e+03 1.464786814655257174e+01 -1.402421250377325123e+03
9.018036072144288482e+03 1.464088663552809599e+01 -1.408405991210817547e+03
9.058116232464930363e+03 1.463390485344580227e+01 -1.414387879220807918e+03
9.098196392785572243e+03 1.462692279796222294e+01 -1.420366914221708612e+03
9.138276553106212305e+03 1.461994046685917858e+01 -1.426343096165140196e+03
9.178356713426854185e+03 1.461295785780235157e+01 -1.432316424885251081e+03
9.218436873747496065e+03 1.460597496854474109e+01 -1.438286900313489923e+03
9.258517034068136127e+03 1.459899179675524650e+01 -1.444254522297634139e+03
9.298597194388778007e+03 1.459200834016292525e+01 -1.450219290754163012e+03
9.338677354709419888e+03 1.458502459643560911e+01 -1.456181205540025985e+03
9.378757515030059949e+03 1.457804056328188658e+01 -1.462140266560512146e+03
9.418837675350701829e+03 1.457105623836541142e+01 -1.468096473678564053e+03
9.458917835671341891e+03 1.456407161937679362e+01 -1.474049826790917905e+03
9.498997995991983771e+03 1.455708670397322990e+01 -1.480000325764220179e+03
9.539078156312625651e+03 1.455010148982907126e+01 -1.485947970488603460e+03
9.579158316633265713e+03 1.454311597459342487e+01 -1.491892760832769227e+03
9.619238476953907593e+03 1.453613015592561908e+01 -1.497834696681609103e+03
9.659318637274549474e+03 1.452914403146547428e+01 -1.503773777904715189e+03
9.699398797595189535e+03 1.452215759885811153e+01 -1.509710004382691977e+03
9.739478957915831415e+03 1.451517085573319221e+01 -1.515643375985175453e+03
9.779559118236473296e+03 1.450818379972219141e+01 -1.521573892589206480e+03
9.819639278557113357e+03 1.450119642844395074e+01 -1.527501554063864887e+03
9.859719438877755238e+03 1.449420873951671673e+01 -1.533426360283091526e+03
9.899799599198397118e+03 1.448722073054805115e+01 -1.539348311115006936e+03
9.939879759519037179e+03 1.448023239914315141e+01 -1.545267406430780966e+03
9.979959919839679060e+03 1.447324374289788551e+01 -1.551183646097247220e+03
1.002004008016031912e+04 1.446625475940455985e+01 -1.557097029983060338e+03
1.006012024048096100e+04 1.445926544624707155e+01 -1.563007557953571450e+03
1.010020040080160288e+04 1.445227580100490350e+01 -1.568915229875062323e+03
1.014028056112224294e+04 1.444528582124977056e+01 -1.574820045611233127e+03
1.018036072144288482e+04 1.443829550454833566e+01 -1.580722005026126453e+03
1.022044088176352670e+04 1.443130484845990935e+01 -1.586621107981679415e+03
1.026052104208416677e+04 1.442431385053833282e+01 -1.592517354339744998e+03
1.030060120240480865e+04 1.441732250833034712e+01 -1.598410743960427453e+03
1.034068136272545053e+04 1.441033081937690596e+01 -1.604301276703443591e+03
1.038076152304609059e+04 1.440333878121204769e+01 -1.610188952427005688e+03
1.042084168336673247e+04 1.439634639136377636e+01 -1.616073770988747583e+03
1.046092184368737435e+04 1.438935364735329436e+01 -1.621955732244938190e+03
1.050100200400801623e+04 1.438236054669558150e+01 -1.627834836051122920e+03
1.054108216432865629e+04 1.437536708689887988e+01 -1.633711082261583670e+03
1.058116232464929817e+04 1.436837326546505800e+01 -1.639584470729776513e+03
1.062124248496994005e+04 1.436137907988925377e+01 -1.645455001307994280e+03
1.066132264529058011e+04 1.435438452766015160e+01 -1.651322673847654187e+03
1.070140280561122199e+04 1.434738960625969106e+01 -1.657187488199011113e+03
1.074148296593186387e+04 1.434039431316324986e+01 -1.663049444211388163e+03
1.078156312625250393e+04 1.433339864583944667e+01 -1.668908541733019092e+03
1.082164328657314582e+04 1.432640260175025304e+01 -1.674764780611150400e+03
1.086172344689378770e+04 1.431940617835085483e+01 -1.680618160691940375e+03
1.090180360721442776e+04 1.431240937308973926e+01 -1.686468681820557777e+03
1.094188376753506964e+04 1.430541218340854570e+01 -1.692316343841088155e+03
1.098196392785571152e+04 1.429841460674214026e+01 -1.698161146596611616e+03
1.102204408817635340e+04 1.429141664051851102e+01 -1.704003089929122552e+03
1.106212424849699346e+04 1.428441828215880349e+01 -1.709842173679603320e+03
1.110220440881763534e+04 1.427741952907724787e+01 -1.715678397687968300e+03
1.114228456913827722e+04 1.427042037868115365e+01 -1.721511761793069809e+03
1.118236472945891728e+04 1.426342082837087055e+01 -1.727342265832703106e+03
1.122244488977955916e+04 1.425642087553976012e+01 -1.733169909643605706e+03
1.126252505010020104e+04 1.424942051757418859e+01 -1.738994693061456701e+03
1.130260521042084110e+04 1.424241975185346476e+01 -1.744816615920864706e+03
1.134268537074148298e+04 1.423541857574982572e+01 -1.750635678055345124e+03
1.138276553106212486e+04 1.422841698662840848e+01 -1.756451879297376081e+03
1.142284569138276674e+04 1.422141498184722685e+01 -1.762265219478352492e+03
1.146292585170340681e+04 1.421441255875714482e+01 -1.768075698428589249e+03
1.150300601202404869e+04 1.420740971470183744e+01 -1.773883315977311213e+03
1.154308617234469057e+04 1.420040644701776245e+01 -1.779688071952656856e+03
1.158316633266533063e+04 1.419340275303412291e+01 -1.785489966181692580e+03
1.162324649298597251e+04 1.418639863007286372e+01 -1.791288998490383165e+03
1.166332665330661439e+04 1.417939407544860586e+01 -1.797085168703600857e+03
1.170340681362725445e+04 1.417238908646864637e+01 -1.802878476645121509e+03
1.174348697394789633e+04 1.416538366043290509e+01 -1.808668922137629806e+03
1.178356713426853821e+04 1.415837779463391044e+01 -1.814456505002708127e+03
1.182364729458917827e+04 1.415137148635677988e+01 -1.820241225060830857e+03
1.186372745490982015e+04 1.414436473287915064e+01 -1.826023082131353249e+03
1.190380761523046203e+04 1.413735753147117613e+01 -1.831802076032531659e+03
1.194388777555110391e+04 1.413034987939549048e+01 -1.837578206581499899e+03
1.198396793587174398e+04 1.412334177390718004e+01 -1.843351473594288109e+03
1.202404809619238586e+04 1.411633321225375504e+01 -1.849121876885800702e+03
1.206412825651302774e+04 1.410932419167510332e+01 -1.854889416269809544e+03
1.210420841683366780e+04 1.410231470940346732e+01 -1.860654091558974642e+03
1.214428857715430968e+04 1.409530476266340315e+01 -1.866415902564816633e+03
1.218436873747495156e+04 1.408829434867177532e+01 -1.872174849097729293e+03
1.222444889779558980e+04 1.408128346463768921e+01 -1.877930930966948154e+03
1.226452905811623168e+04 1.407427210776247151e+01 -1.883684147980597345e+03
1.230460921843687356e+04 1.406726027523967737e+01 -1.889434499945655261e+03
1.234468937875751362e+04 1.406024796425499623e+01 -1.895181986667951605e+03
1.238476953907815550e+04 1.405323517198624650e+01 -1.900926607952162612e+03
1.242484969939879738e+04 1.404622189560332934e+01 -1.906668363601814008e+03
1.246492985971943745e+04 1.403920813226822517e+01 -1.912407253419265771e+03
1.250501002004007933e+04 1.403219387913492966e+01 -1.918143277205743061e+03
1.254509018036072121e+04 1.402517913334944843e+01 -1.923876434761302789e+03
1.258517034068136127e+04 1.401816389204973667e+01 -1.929606725884822254e+03
1.262525050100200315e+04 1.401114815236567601e+01 -1.935334150374028923e+03
1.266533066132264503e+04 1.400413191141903901e+01 -1.941058708025463829e+03
1.270541082164328509e+04 1.399711516632345365e+01 -1.946780398634508174e+03
1.274549098196392697e+04 1.399009791418436954e+01 -1.952499221995360358e+03
1.278557114228456885e+04 1.398308015209903310e+01 -1.958215177901024617e+03
1.282565130260521073e+04 1.397606187715643600e+01 -1.963928266143331484e+03
1.286573146292585079e+04 1.396904308643729387e+01 -1.969638486512922782e+03
1.290581162324649267e+04 1.396202377701400366e+01 -1.975345838799251851e+03
1.294589178356713455e+04 1.395500394595061877e+01 -1.981050322790571954e+03
1.298597194388777461e+04 1.394798359030279400e+01 -1.986751938273942642e+03
1.302605210420841649e+04 1.394096270711776597e+01 -1.992450685035224296e+03
1.306613226452905838e+04 1.393394129343430343e+01 -1.998146562859066535e+03
1.310621242484969844e+04 1.392691934628268235e+01 -2.003839571528904571e+03
1.314629258517034032e+04 1.391989686268466109e+01 -2.009529710826969222e+03
1.318637274549098220e+04 1.391287383965340752e+01 -2.015216980534283721e+03
1.322645290581162226e+04 1.390585027419348840e+01 -2.020901380430638255e+03
1.326653306613226414e+04 1.389882616330082854e+01 -2.026582910294611565e+03
1.330661322645290602e+04 1.389180150396269120e+01 -2.032261569903547297e+03
1.334669338677354790e+04 1.388477629315758932e+01 -2.037937359033566054e+03
1.338677354709418796e+04 1.387775052785531216e+01 -2.043610277459554936e+03
1.342685370741482984e+04 1.387072420501683823e+01 -2.049280324955164815e+03
1.346693386773547172e+04 1.386369732159432999e+01 -2.054947501292804191e+03
1.350701402805611178e+04 1.385666987453105037e+01 -2.060611806243627143e+03
1.354709418837675366e+04 1.384964186076138226e+01 -2.066273239577551976e+03
1.358717434869739554e+04 1.384261327721075574e+01 -2.071931801063257808e+03
1.362725450901803561e+04 1.383558412079562849e+01 -2.077587490468157284e+03
1.366733466933867749e+04 1.382855438842341123e+01 -2.083240307558404311e+03
1.370741482965931937e+04 1.382152407699246055e+01 -2.088890252098886322e+03
1.374749498997995943e+04 1.381449318339203458e+01 -2.094537323853226553e+03
1.378757515030060131e+04 1.380746170450225208e+01 -2.100181522583785409e+03
1.382765531062124319e+04 1.380042963719403915e+01 -2.105822848051654546e+03
1.386773547094188507e+04 1.379339697832909550e+01 -2.111461300016633686e+03
1.390781563126252513e+04 1.378636372475986960e+01 -2.117096878237245619e+03
1.394789579158316701e+04 1.377932987332950177e+01 -2.122729582470733021e+03
1.398797595190380889e+04 1.377229542087179759e+01 -2.128359412473057546e+03
1.402805611222444895e+04 1.376526036421116750e+01 -2.133986367998876631e+03
1.406813627254509083e+04 1.375822470016259480e+01 -2.139610448801559414e+03
1.410821643286573271e+04 1.375118842553161258e+01 -2.145231654633179915e+03
1.414829659318637277e+04 1.374415153711421134e+01 -2.150849985244487016e+03
1.418837675350701466e+04 1.373711403169684608e+01 -2.156465440384941758e+03
1.422845691382765654e+04 1.373007590605638661e+01 -2.162078019802686413e+03
1.426853707414829842e+04 1.372303715696006066e+01 -2.167687723244552672e+03
1.430861723446893848e+04 1.371599778116542545e+01 -2.173294550456054822e+03
1.434869739478958036e+04 1.370895777542029137e+01 -2.178898501181387928e+03
1.438877755511022224e+04 1.370191713646272369e+01 -2.184499575163399641e+03
1.442885771543086230e+04 1.369487586102097332e+01 -2.190097772143623388e+03
1.446893787575150236e+04 1.368783394581346258e+01 -2.195693091862259735e+03
1.450901803607214242e+04 1.368079138754868396e+01 -2.201285534058155918e+03
1.454909819639278430e+04 1.367374818292520189e+01 -2.206875098468828583e+03
1.458917835671342618e+04 1.366670432863159235e+01 -2.212461784830439228e+03
1.462925851703406806e+04 1.365965982134642331e+01 -2.218045592877807849e+03
1.466933867735470812e+04 1.365261465773817484e+01 -2.223626522344388377e+03
1.470941883767535001e+04 1.364556883446520352e+01 -2.229204572962290968e+03
1.474949899799599189e+04 1.363852234817571052e+01 -2.234779744462246526e+03
1.478957915831663195e+04 1.363147519550767406e+01 -2.240352036573625810e+03
1.482965931863727383e+04 1.362442737308882634e+01 -2.245921449024429421e+03
1.486973947895791571e+04 1.361737887753660559e+01 -2.251487981541277804e+03
1.490981963927855577e+04 1.361032970545810628e+01 -2.257051633849420341e+03
1.494989979959919765e+04 1.360327985344999924e+01 -2.262612405672701243e+03
1.498997995991983953e+04 1.359622931809853696e+01 -2.268170296733588202e+03
1.503006012024047959e+04 1.358917809597948256e+01 -2.273725306753161021e+03
1.507014028056112147e+04 1.358212618365806890e+01 -2.279277435451108431e+03
1.511022044088176335e+04 1.357507357768893108e+01 -2.284826682545705808e+03
1.515030060120240523e+04 1.356802027461606919e+01 -2.290373047753814262e+03
1.519038076152304529e+04 1.356096627097280383e+01 -2.295916530790903380e+03
1.523046092184368717e+04 1.355391156328173352e+01 -2.301457131371015748e+03
1.527054108216432905e+04 1.354685614805468852e+01 -2.306994849206789695e+03
1.531062124248496912e+04 1.353980002179266329e+01 -2.312529684009428820e+03
1.535070140280561100e+04 1.353274318098577922e+01 -2.318061635488717457e+03
1.539078156312625288e+04 1.352568562211322067e+01 -2.323590703352999753e+03
1.543086172344689294e+04 1.351862734164321012e+01 -2.329116887309172853e+03
1.547094188376753482e+04 1.351156833603293883e+01 -2.334640187062716905e+03
1.551102204408817670e+04 1.350450860172853140e+01 -2.340160602317661414e+03
1.555110220440881676e+04 1.349744813516496400e+01 -2.345678132776577058e+03
1.559118236472945864e+04 1.349038693276605905e+01 -2.351192778140580231e+03
1.563126252505010052e+04 1.348332499094439285e+01 -2.356704538109334408e+03
1.567134268537074240e+04 1.347626230610126008e+01 -2.362213412381035596e+03
1.571142284569138246e+04 1.346919887462663290e+01 -2.367719400652405966e+03
1.575150300601202434e+04 1.346213469289909348e+01 -2.373222502618711587e+03
1.579158316633266622e+04 1.345506975728578603e+01 -2.378722717973736508e+03
1.583166332665330629e+04 1.344800406414235283e+01 -2.384220046409780025e+03
1.587174348697394817e+04 1.344093760981289698e+01 -2.389714487617650320e+03
1.591182364729459005e+04 1.343387039062993615e+01 -2.395206041286663549e+03
1.595190380761523011e+04 1.342680240291432270e+01 -2.400694707104647932e+03
1.599198396793587199e+04 1.341973364297520810e+01 -2.406180484757927388e+03
1.603206412825651387e+04 1.341266410710998613e+01 -2.411663373931314709e+03
1.607214428857715393e+04 1.340559379160422893e+01 -2.417143374308119292e+03
1.611222444889779581e+04 1.339852269273164609e+01 -2.422620485570130313e+03
1.615230460921843769e+04 1.339145080675401012e+01 -2.428094707397614002e+03
1.619238476953907957e+04 1.338437812992112264e+01 -2.433566039469320003e+03
1.623246492985971963e+04 1.337730465847074690e+01 -2.439034481462469103e+03
1.627254509018036151e+04 1.337023038862854385e+01 -2.444500033052745948e+03
1.631262525050100339e+04 1.336315531660802769e+01 -2.449962693914295869e+03
1.635270541082164345e+04 1.335607943861050906e+01 -2.455422463719714870e+03
1.639278557114228533e+04 1.334900275082502219e+01 -2.460879342140048266e+03
1.643286573146292722e+04 1.334192524942827340e+01 -2.466333328844786138e+03
1.647294589178356910e+04 1.333484693058460202e+01 -2.471784423501866513e+03
1.651302605210421098e+04 1.332776779044590398e+01 -2.477232625777664907e+03
1.655310621242484922e+04 1.332068782515158212e+01 -2.482677935336979772e+03
1.659318637274549110e+04 1.331360703082847508e+01 -2.488120351843036133e+03
1.663326653306613298e+04 1.330652540359080405e+01 -2.493559874957484681e+03
1.667334669338677122e+04 1.329944293954010348e+01 -2.498996504340387219e+03
1.671342685370741310e+04 1.329235963476517668e+01 -2.504430239650210297e+03
1.675350701402805498e+04 1.328527548534203007e+01 -2.509861080543822936e+03
1.679358717434869686e+04 1.327819048733381457e+01 -2.515289026676506182e+03
1.683366733466933874e+04 1.327110463679075103e+01 -2.520714077701935366e+03
1.687374749498998062e+04 1.326401792975008576e+01 -2.526136233272165555e+03
1.691382765531061887e+04 1.325693036223601773e+01 -2.531555493037642918e+03
1.695390781563126075e+04 1.324984193025963641e+01 -2.536971856647190180e+03
1.699398797595190263e+04 1.324275262981886492e+01 -2.542385323747989332e+03
1.703406813627254451e+04 1.323566245689837828e+01 -2.547795893985603470e+03
1.707414829659318639e+04 1.322857140746957683e+01 -2.553203567003964054e+03
1.711422845691382827e+04 1.322147947749050090e+01 -2.558608342445349535e+03
1.715430861723446651e+04 1.321438666290574204e+01 -2.564010219950400824e+03
1.719438877755510839e+04 1.320729295964641636e+01 -2.569409199158089905e+03
1.723446893787575027e+04 1.320019836363007926e+01 -2.574805279705728026e+03
1.727454909819639215e+04 1.319310287076067034e+01 -2.580198461228969791e+03
1.731462925851703403e+04 1.318600647692844063e+01 -2.585588743361804518e+03
1.735470941883767591e+04 1.317890917800989214e+01 -2.590976125736545782e+03
1.739478957915831779e+04 1.317181096986769973e+01 -2.596360607983814589e+03
1.743486973947895603e+04 1.316471184835065245e+01 -2.601742189732546194e+03
1.747494989979959792e+04 1.315761180929358609e+01 -2.607120870609988287e+03
1.751503006012023980e+04 1.315051084851730501e+01 -2.612496650241685529e+03
1.755511022044088168e+04 1.314340896182853413e+01 -2.617869528251480460e+03
1.759519038076152356e+04 1.313630614501982841e+01 -2.623239504261511684e+03
1.763527054108216544e+04 1.312920239386952659e+01 -2.628606577892191126e+03
1.767535070140280732e+04 1.312209770414166421e+01 -2.633970748762209951e+03
1.771543086172344556e+04 1.311499207158588831e+01 -2.639332016488540376e+03
1.775551102204408744e+04 1.310788549193742192e+01 -2.644690380686412936e+03
1.779559118236472932e+04 1.310077796091697344e+01 -2.650045840969320125e+03
1.783567134268537120e+04 1.309366947423067451e+01 -2.655398396949018206e+03
1.787575150300601308e+04 1.308656002756999115e+01 -2.660748048235509941e+03
1.791583166332665496e+04 1.307944961661167049e+01 -2.666094794437035034e+03
1.795591182364729320e+04 1.307233823701764841e+01 -2.671438635160068770e+03
1.799599198396793508e+04 1.306522588443500332e+01 -2.676779570009325653e+03
1.803607214428857696e+04 1.305811255449585317e+01 -2.682117598587734847e+03
1.807615230460921885e+04 1.305099824281730037e+01 -2.687452720496451093e+03
1.811623246492986073e+04 1.304388294500134471e+01 -2.692784935334842430e+03
1.815631262525050261e+04 1.303676665663483369e+01 -2.698114242700487011e+03
1.819639278557114449e+04 1.302964937328935235e+01 -2.703440642189154914e+03
1.823647294589178273e+04 1.302253109052116464e+01 -2.708764133394812234e+03
1.827655310621242461e+04 1.301541180387112639e+01 -2.714084715909608349e+03
1.831663326653306649e+04 1.300829150886461782e+01 -2.719402389323882744e+03
1.835671342685370837e+04 1.300117020101148668e+01 -2.724717153226164555e+03
1.839679358717435025e+04 1.299404787580593812e+01 -2.730029007203128458e+03
1.843687374749499213e+04 1.298692452872645120e+01 -2.735337950839613768e+03
1.847695390781563037e+04 1.297980015523573449e+01 -2.740643983718624440e+03
1.851703406813627225e+04 1.297267475078059995e+01 -2.745947105421309516e+03
1.855711422845691413e+04 1.296554831079194692e+01 -2.751247315526966304e+03
1.859719438877755601e+04 1.295842083068461470e+01 -2.756544613613029469e+03
1.863727454909819789e+04 1.295129230585734526e+01 -2.761838999255058297e+03
1.867735470941883978e+04 1.294416273169268194e+01 -2.767130472026740335e+03
1.871743486973948166e+04 1.293703210355689137e+01 -2.772419031499874109e+03
1.875751503006011990e+04 1.292990041679987634e+01 -2.777704677244383220e+03
1.879759519038076178e+04 1.292276766675513855e+01 -2.782987408828277239e+03
1.883767535070140366e+04 1.291563384873957787e+01 -2.788267225817688995e+03
1.887775551102204554e+04 1.290849895805357939e+01 -2.793544127776801815e+03
1.891783567134268378e+04 1.290136298998086772e+01 -2.798818114267835426e+03
1.895791583166332566e+04 1.289422593978756026e+01 -2.804089184851705795e+03
1.899799599198396754e+04 1.288708780272658316e+01 -2.809357339084685009e+03
1.903807615230460942e+04 1.287994857402237159e+01 -2.814622576529637627e+03
1.907815631262525130e+04 1.287280824891000286e+01 -2.819884896727062824e+03
1.911823647294588955e+04 1.286566682256372474e+01 -2.825144299247704566e+03
1.915831663326653143e+04 1.285852429013240439e+01 -2.830400783666363168e+03
1.919839679358717331e+04 1.285138064714030115e+01 -2.835654349266953886e+03
1.923847695390781519e+04 1.284423588723778131e+01 -2.840904996696367562e+03
1.927855711422845707e+04 1.283709000995367688e+01 -2.846152722267733679e+03
1.931863727454909895e+04 1.282994300105314700e+01 -2.851397532384360602e+03
1.935871743486973719e+04 1.282279486561064274e+01 -2.856639419267786707e+03
1.939879759519037907e+04 1.281564562521287343e+01 -2.861878363021663972e+03
1.943887775551102095e+04 1.280849506868376686e+01 -2.867114514245345163e+03
1.947895791583166283e+04 1.280134396373368055e+01 -2.872347306942825981e+03
1.951903807615230471e+04 1.279419026995248210e+01 -2.877578229285691577e+03
1.955911823647294659e+04 1.278703750349454715e+01 -2.882804707582441551e+03
1.959919839679358847e+04 1.277988511211867539e+01 -2.888027140361810325e+03
1.963927855711422671e+04 1.277270798034748545e+01 -2.893263853700228083e+03
1.967935871743486859e+04 1.276562692347155448e+01 -2.898426737682914791e+03
1.971943887775551048e+04 1.275827389644423171e+01 -2.903783982387336891e+03
1.975951903807615236e+04 1.275140567944858461e+01 -2.908784539633566055e+03
1.979959919839679424e+04 1.274443317339678750e+01 -2.913856943236243751e+03
1.983967935871743612e+04 1.273311776043183663e+01 -2.922082842377262750e+03
1.987975951903807436e+04 1.273393671972827512e+01 -2.921489100577859972e+03
1.991983967935871624e+04 1.271137769358499803e+01 -2.937854293601242716e+03
1.995991983967935812e+04 1.273393671972827512e+01 -2.921489100577859972e+03
2.000000000000000000e+04 1.271137769358499803e+01 -2.937854293601242716e+03
