# 623.3271725732326
0.000000000000000000e+00 1.109613592344548261e+00 1.323899712292759823e+00
2.004008016032063892e+02 1.114234775983228953e+00 2.133817863594353881e+00
4.008016032064127785e+02 1.114234775983228953e+00 -2.133817863594353881e+00
6.012024048096192246e+02 1.109613592344548261e+00 -1.323899712292759823e+00
8.016032064128255570e+02 1.110074099287107874e+00 -5.388327881481580484e+00
1.002004008016032003e+03 1.105746875597772849e+00 -4.140963033830633577e+00
1.202404809619238449e+03 1.106525784559301284e+00 -7.191193823435193977e+00
1.402805611222444895e+03 1.102150747157816246e+00 -5.005702679286775592e+00
1.603206412825651114e+03 1.102081309493739170e+00 -7.030147541307901982e+00
1.803607214428857787e+03 1.096680157457947669e+00 -4.584963543520977680e+00
2.004008016032064006e+03 1.095475936912454040e+00 -7.112627439386126404e+00
2.204408817635270680e+03 1.089889448175469955e+00 -5.542122244795314678e+00
2.404809619238476898e+03 1.088662568765206062e+00 -8.937077189671070343e+00
2.605210420841683117e+03 1.083305540402577760e+00 -8.138253445806331143e+00
2.805611222444889790e+03 1.082005706457140448e+00 -1.165009781665427724e+01
3.006012024048096009e+03 1.076546425790683825e+00 -1.103880293384977307e+01
3.206412825651302228e+03 1.074850320872043463e+00 -1.425553594481623421e+01
3.406813627254508901e+03 1.069299036735481989e+00 -1.376770602112850206e+01
3.607214428857715575e+03 1.067114855758024339e+00 -1.680946834082070396e+01
3.807615230460922248e+03 1.061693771567114419e+00 -1.642782804508991035e+01
4.008016032064128012e+03 1.059674385883127012e+00 -1.903816989922038161e+01
4.208416833667334686e+03 1.055318508897202578e+00 -1.848730251385173062e+01
4.408817635270541359e+03 1.054143136757922594e+00 -2.082735202213227410e+01
4.609218436873747123e+03 1.050506529625991670e+00 -2.046239391456128942e+01
4.809619238476953797e+03 1.049311967653844269e+00 -2.294510470426665449e+01
5.010020040080160470e+03 1.045248982568982354e+00 -2.303330764747028780e+01
5.210420841683366234e+03 1.043302386477692689e+00 -2.539931449043399070e+01
5.410821643286572908e+03 1.039311118933919920e+00 -2.544496610140795667e+01
5.611222444889779581e+03 1.037670650636039138e+00 -2.717327903690140189e+01
5.811623246492986254e+03 1.034785198021066499e+00 -2.681052214440114057e+01
6.012024048096192018e+03 1.033880865767741186e+00 -2.828935881853907119e+01
6.212424849699398692e+03 1.030987067949255875e+00 -2.809096586276569951e+01
6.412825651302604456e+03 1.029457236787047147e+00 -3.002831744252362611e+01
6.613226452905811129e+03 1.025773714702117534e+00 -3.047711850979718662e+01
6.813627254509017803e+03 1.023549905235151325e+00 -3.251734338988782724e+01
7.014028056112224476e+03 1.020173401486824671e+00 -3.308094213049236032e+01
7.214428857715431150e+03 1.018231469734450778e+00 -3.464797318793717551e+01
7.414829659318637823e+03 1.015588372120482141e+00 -3.493866793807973892e+01
7.615230460921844497e+03 1.014138721507641394e+00 -3.605171046667362589e+01
7.815631262525049351e+03 1.011926268450331845e+00 -3.608650441166743406e+01
8.016032064128256025e+03 1.010596272091391246e+00 -3.697260630380903024e+01
8.216432865731463608e+03 1.008141659747768371e+00 -3.696426982020341967e+01
8.416833667334669371e+03 1.006405239719269096e+00 -3.825823619072371429e+01
8.617234468937875135e+03 1.003301458450081007e+00 -3.891697031839541410e+01
8.817635270541082718e+03 1.000847993774351963e+00 -4.089456894968996181e+01
9.018036072144288482e+03 9.975421953737351188e-01 -4.216030672703399063e+01
9.218436873747494246e+03 9.950467122820296773e-01 -4.386968158818400099e+01
9.418837675350701829e+03 9.924102360476871887e-01 -4.466962718569683233e+01
9.619238476953907593e+03 9.905399226146260894e-01 -4.541695667154088056e+01
9.819639278557115176e+03 9.888185227928660836e-01 -4.560852883662553836e+01
1.002004008016032094e+04 9.875802021544697329e-01 -4.589288775825963285e+01
1.022044088176352670e+04 9.861329542798209502e-01 -4.578970935300905154e+01
1.042084168336673247e+04 9.849584860424164257e-01 -4.620790011787710228e+01
1.062124248496994005e+04 9.830126670552148394e-01 -4.638861129889802726e+01
1.082164328657314582e+04 9.811465600399292830e-01 -4.728250204829458880e+01
1.102204408817635340e+04 9.788035686053813134e-01 -4.798247779285022574e+01
1.122244488977955916e+04 9.769104466557927413e-01 -4.884430792470175220e+01
1.142284569138276674e+04 9.752880611607087635e-01 -4.907831316450428716e+01
1.162324649298597251e+04 9.744117163606168530e-01 -4.897813722996757235e+01
1.182364729458917827e+04 9.737482393633480893e-01 -4.832262984756263080e+01
1.202404809619238404e+04 9.733627832608198194e-01 -4.774261728895974244e+01
1.222444889779559162e+04 9.726359849816375025e-01 -4.702995245035135952e+01
1.242484969939879738e+04 9.720953117589535841e-01 -4.674227763796731949e+01
1.262525050100200315e+04 9.713248460140145868e-01 -4.617179131106995271e+01
1.282565130260520891e+04 9.709004460649081070e-01 -4.561583654533156817e+01
1.302605210420841649e+04 9.704873300640384226e-01 -4.477523236113745497e+01
1.322645290581162226e+04 9.701677878224344020e-01 -4.427084295757077825e+01
1.342685370741482984e+04 9.688036379571307588e-01 -4.390756065027723309e+01
1.362725450901803561e+04 9.668981082172847241e-01 -4.515207042493143774e+01
1.382765531062124319e+04 9.631437914809618528e-01 -4.691810488978884308e+01
1.402805611222444895e+04 9.589860453466038104e-01 -5.010374541243649560e+01
1.422845691382765654e+04 9.540337911271965510e-01 -5.313464351498345195e+01
1.442885771543086230e+04 9.497082665861149575e-01 -5.626406749427804499e+01
1.462925851703406806e+04 9.457877138166834730e-01 -5.857474968632941881e+01
1.482965931863727565e+04 9.426687572749669064e-01 -6.049834075562121427e+01
1.503006012024048141e+04 9.397722261256595822e-01 -6.196998949569410087e+01
1.523046092184368899e+04 9.369852192426644244e-01 -6.350378482041080730e+01
1.543086172344689294e+04 9.339871836686967077e-01 -6.510853613336523438e+01
1.563126252505009870e+04 9.309107348099951995e-01 -6.686575699697442587e+01
1.583166332665330629e+04 9.278412582028767730e-01 -6.856808185582616488e+01
1.603206412825651205e+04 9.249557921120937776e-01 -7.016346880128214991e+01
1.623246492985971963e+04 9.221870463818065966e-01 -7.159745706751850491e+01
1.643286573146292722e+04 9.194598186172675547e-01 -7.302630775526827733e+01
1.663326653306613298e+04 9.166489309336658398e-01 -7.451647138548437965e+01
1.683366733466933874e+04 9.138094175949200704e-01 -7.604682573199495721e+01
1.703406813627254451e+04 9.111218589600765805e-01 -7.742902444469169154e+01
1.723446893787575027e+04 9.088357763069115913e-01 -7.848366906737454940e+01
1.743486973947895967e+04 9.070400513196860137e-01 -7.909665015098167373e+01
1.763527054108216544e+04 9.056495703455766932e-01 -7.936459209343044563e+01
1.783567134268537120e+04 9.043967385045029728e-01 -7.951228161441244424e+01
1.803607214428857696e+04 9.029891500267716031e-01 -7.978970627185580611e+01
1.823647294589178273e+04 9.013031605812923397e-01 -8.031156475545134299e+01
1.843687374749498849e+04 8.994395778189805402e-01 -8.101177802200594158e+01
1.863727454909819426e+04 8.976002358545499549e-01 -8.168330826348817197e+01
1.883767535070140366e+04 8.960123758844663611e-01 -8.215719484770208680e+01
1.903807615230460942e+04 8.948031433551623115e-01 -8.232125602144930099e+01
1.923847695390781519e+04 8.940408139017579359e-01 -8.208678346300119699e+01
1.943887775551102095e+04 8.937377655215914540e-01 -8.144679860829535301e+01
1.963927855711423035e+04 8.939157312101038144e-01 -8.040426959579347965e+01
1.983967935871743612e+04 8.944064676554784876e-01 -7.906175523340635891e+01
2.004008016032064188e+04 8.949096926714233957e-01 -7.769582423521254100e+01
2.024048096192384764e+04 8.950115571478585164e-01 -7.667967063194143407e+01
2.044088176352705341e+04 8.942965688925121892e-01 -7.632651157808186326e+01
2.064128256513026281e+04 8.926670908867661014e-01 -7.680014744910756974e+01
2.084168336673346494e+04 8.903139555583576836e-01 -7.790428722394797489e+01
2.104208416833667070e+04 8.875620236164135646e-01 -7.935341552963417655e+01
2.124248496993988010e+04 8.846589724520773634e-01 -8.093011971950740246e+01
2.144288577154308587e+04 8.816660521078516499e-01 -8.255981873195466392e+01
2.164328657314629163e+04 8.785167258913544330e-01 -8.430443566710808057e+01
2.184368737474949739e+04 8.751145493018543942e-01 -8.623551299278145166e+01
2.204408817635270680e+04 8.714656674979028850e-01 -8.836383552139477615e+01
2.224448897795591256e+04 8.676881741851730778e-01 -9.058751332972845205e+01
2.244488977955911832e+04 8.639826367332629209e-01 -9.275033784543889226e+01
2.264529058116232409e+04 8.605331774090628771e-01 -9.469537735680694368e+01
2.284569138276553349e+04 8.574470585258753275e-01 -9.633863160698152228e+01
2.304609218436873925e+04 8.547105184578498438e-01 -9.769010032572930413e+01
2.324649298597194502e+04 8.521983958661164538e-01 -9.885704318817818148e+01
2.344689378757515078e+04 8.497124856252585845e-01 -1.000050889686212230e+02
2.364729458917835655e+04 8.470641772576940065e-01 -1.012938891670976318e+02
2.384769539078156231e+04 8.441688126851915053e-01 -1.027939497487319045e+02
2.404809619238476807e+04 8.411043952408522317e-01 -1.044411845903262162e+02
2.424849699398797384e+04 8.380818819307990220e-01 -1.060609928433064937e+02
2.444889779559118324e+04 8.353433886079854043e-01 -1.074549069552303280e+02
2.464929859719438900e+04 8.330510925568311853e-01 -1.084901742271082270e+02
2.484969939879759477e+04 8.312281553589695449e-01 -1.091454755125923128e+02
2.505010020040080053e+04 8.297788648426709379e-01 -1.094935118217569681e+02
2.525050100200400630e+04 8.285694612018470462e-01 -1.096398441712139942e+02
2.545090180360721206e+04 8.275396669244151626e-01 -1.096278308623390814e+02
2.565130260521041782e+04 8.267650885793493831e-01 -1.093998647739515206e+02
2.585170340681362359e+04 8.263712036295356445e-01 -1.088373036287861026e+02
2.605210420841683299e+04 8.265515195070620713e-01 -1.078228695255333065e+02
2.625250501002003875e+04 8.272486067563920020e-01 -1.063796108218067076e+02
2.645290581162324452e+04 8.282032719157492728e-01 -1.047209717553770929e+02
2.665330661322645028e+04 8.290395080424173280e-01 -1.031467537384573916e+02
2.685370741482965968e+04 8.294374565659428100e-01 -1.019662682204536281e+02
2.705410821643286545e+04 8.290368732615587266e-01 -1.013928912067781454e+02
2.725450901803607121e+04 8.277429560414514276e-01 -1.016014825274164934e+02
2.745490981963927698e+04 8.256113208824302774e-01 -1.025117723619766963e+02
2.765531062124248638e+04 8.228113134626524605e-01 -1.039869759299637479e+02
2.785571142284569214e+04 8.195133271456352952e-01 -1.058816878248908466e+02
2.805611222444889790e+04 8.158855692856937791e-01 -1.080545033167532125e+02
2.825651302605210367e+04 8.120985874055107745e-01 -1.103617745965311485e+02
2.845691382765531307e+04 8.083176200536240641e-01 -1.126625479748311136e+02
2.865731462925851883e+04 8.046747570935165461e-01 -1.148424773299090589e+02
2.885771543086172460e+04 8.012420246516810396e-01 -1.168386772728495515e+02
2.905811623246493036e+04 7.980270691381290415e-01 -1.186455771189933301e+02
2.925851703406813613e+04 7.949956250368601651e-01 -1.202958291874983701e+02
2.945891783567134553e+04 7.921108970696021379e-01 -1.218249313452692633e+02
2.965931863727455129e+04 7.893684918073877732e-01 -1.232393260588598736e+02
2.985971943887775706e+04 7.868026020157060652e-01 -1.245103415756348824e+02
3.006012024048096282e+04 7.844534039767596667e-01 -1.256022832609710349e+02
3.026052104208417222e+04 7.823179273306186676e-01 -1.265148496273650096e+02
3.046092184368737799e+04 7.803204215744269368e-01 -1.273088584963082894e+02
3.066132264529058011e+04 7.783213508252530000e-01 -1.280997553245243807e+02
3.086172344689378588e+04 7.761711800453598986e-01 -1.290131356966008980e+02
3.106212424849699164e+04 7.737857174603612886e-01 -1.301207098861614497e+02
3.126252505010019740e+04 7.711955178095144525e-01 -1.313988457897572175e+02
3.146292585170340317e+04 7.685385606070576081e-01 -1.327353464294394030e+02
3.166332665330661257e+04 7.659989320440403482e-01 -1.339805372971749478e+02
3.186372745490981833e+04 7.637399601189664988e-01 -1.350015965664312034e+02
3.206412825651302410e+04 7.618696219933647207e-01 -1.357135503706008706e+02
3.226452905811622986e+04 7.604138418610176808e-01 -1.360864926775298898e+02
3.246492985971943926e+04 7.593610990996102483e-01 -1.361461065261486283e+02
3.266533066132264503e+04 7.586828058265341346e-01 -1.358868794342273532e+02
3.286573146292585443e+04 7.583272671872642867e-01 -1.353788340715557297e+02
3.306613226452905656e+04 7.582273208683588672e-01 -1.346631492239273200e+02
3.326653306613226596e+04 7.583814788540778062e-01 -1.337662786798996990e+02
3.346693386773546808e+04 7.587043808567633940e-01 -1.327285386846494646e+02
3.366733466933867749e+04 7.590793192750872054e-01 -1.316366632946374864e+02
3.386773547094188689e+04 7.593649889123265107e-01 -1.306081503622283151e+02
3.406813627254508901e+04 7.593068489096452822e-01 -1.298497425089896637e+02
3.426853707414829842e+04 7.586410322383361216e-01 -1.295278038276021562e+02
3.446893787575150054e+04 7.571922241493824757e-01 -1.298818765716794417e+02
3.466933867735470994e+04 7.549510560383420055e-01 -1.308718660714180544e+02
3.486973947895791935e+04 7.520972879704901359e-01 -1.323676453828092292e+02
3.507014028056112147e+04 7.488833972102469927e-01 -1.341679631441880076e+02
3.527054108216433087e+04 7.455535133751436394e-01 -1.360827822628455124e+02
3.547094188376754028e+04 7.422657395174233619e-01 -1.379894363713329994e+02
3.567134268537074240e+04 7.390676378649843059e-01 -1.398464145705103476e+02
3.587174348697395180e+04 7.359289954180716631e-01 -1.416679105901679634e+02
3.607214428857715393e+04 7.328037645327273308e-01 -1.434775068289422393e+02
3.627254509018035606e+04 7.296820177805797281e-01 -1.452658440976324243e+02
3.647294589178356546e+04 7.266058058541494669e-01 -1.469785712802418800e+02
3.667334669338677486e+04 7.236552919406299411e-01 -1.485386041228011038e+02
3.687374749498997699e+04 7.209203486615115564e-01 -1.498780467904404077e+02
3.707414829659318639e+04 7.184634689210553926e-01 -1.509581395604074601e+02
3.727454909819638851e+04 7.162987344280178359e-01 -1.517722953315060295e+02
3.747494989979959792e+04 7.143898189233186535e-01 -1.523520690131164201e+02
3.767535070140280732e+04 7.127450572027523856e-01 -1.527133642046032662e+02
3.787575150300600944e+04 7.111431870262385768e-01 -1.530278361462640078e+02
3.807615230460921885e+04 7.092775969741046405e-01 -1.535203888966921113e+02
3.827655310621242097e+04 7.083190369192553515e-01 -1.533307269682410947e+02
3.847695390781563037e+04 7.040892322587685159e-01 -1.558608370112133628e+02
3.867735470941883978e+04 7.056956859592351528e-01 -1.537429523961414759e+02
3.887775551102204190e+04 6.952170243381607939e-01 -1.607048547718349880e+02
3.907815631262525130e+04 7.071670409407646574e-01 -1.511952717113571225e+02
3.927855711422846070e+04 6.768809311388080951e-01 -1.721959777980338231e+02
3.947895791583166283e+04 7.257509011601613880e-01 -1.355550423173662580e+02
3.967935871743487223e+04 6.272237832899670851e-01 -2.029380651610630935e+02
3.987975951903807436e+04 8.031554853022998541e-01 -6.721384361053901557e+01
4.008016032064128376e+04 8.985780612967776693e-02 -2.137902692878488438e+02
4.028056112224449316e+04 4.532316663503162951e-02 -1.805321948060834245e+02
4.048096192384769529e+04 3.937852551831348691e-02 -1.580316100896015996e+02
4.068136272545090469e+04 3.925544025776069035e-02 -1.579510572324416557e+02
4.088176352705410682e+04 3.922538788955017008e-02 -1.578102187020062672e+02
4.108216432865731622e+04 3.922771263215435456e-02 -1.578223358419637634e+02
4.128256513026052562e+04 3.922745616023258497e-02 -1.578207022027063999e+02
4.148296593186372775e+04 3.922765192600449757e-02 -1.578209749140233953e+02
4.168336673346692987e+04 3.922774857630401124e-02 -1.578210161107741669e+02
4.188376753507013927e+04 3.922783976593272048e-02 -1.578210195064247614e+02
4.208416833667334140e+04 3.922793366657637004e-02 -1.578210352334852189e+02
4.228456913827655080e+04 3.922802686423504381e-02 -1.578210477131120513e+02
4.248496993987976020e+04 3.922811995237510813e-02 -1.578210613521634116e+02
4.268537074148296233e+04 3.922821261983953228e-02 -1.578210745259031569e+02
4.288577154308617173e+04 3.922830495813622864e-02 -1.578210877047145289e+02
4.308617234468937386e+04 3.922839694074932437e-02 -1.578211007562974260e+02
4.328657314629258326e+04 3.922848857515554705e-02 -1.578211137172623637e+02
4.348697394789579266e+04 3.922857985954078530e-02 -1.578211265781607153e+02
4.368737474949899479e+04 3.922867079462147993e-02 -1.578211393420552042e+02
4.388777555110220419e+04 3.922876138042872413e-02 -1.578211520086216808e+02
4.408817635270541359e+04 3.922885161717880320e-02 -1.578211645784514019e+02
4.428857715430861572e+04 3.922894150503775795e-02 -1.578211770518871901e+02
4.448897795591182512e+04 3.922903104418503512e-02 -1.578211894293384034e+02
4.468937875751502725e+04 3.922912023479634136e-02 -1.578212017111960108e+02
4.488977955911823665e+04 3.922920907704835480e-02 -1.578212138978558414e+02
4.509018036072144605e+04 3.922929757111736498e-02 -1.578212259897119907e+02
4.529058116232464818e+04 3.922938571717957124e-02 -1.578212379871582982e+02
4.549098196392785758e+04 3.922947351541106187e-02 -1.578212498905881205e+02
4.569138276553106698e+04 3.922956096598785580e-02 -1.578212617003946718e+02
4.589178356713426911e+04 3.922964806908578461e-02 -1.578212734169705982e+02
4.609218436873747851e+04 3.922973482488058966e-02 -1.578212850407078918e+02
4.629258517034068063e+04 3.922982123354792211e-02 -1.578212965719984311e+02
4.649298597194389004e+04 3.922990729526336373e-02 -1.578213080112338389e+02
4.669338677354709944e+04 3.922999301020242691e-02 -1.578213193588055105e+02
4.689378757515030156e+04 3.923007837854052687e-02 -1.578213306151045856e+02
4.709418837675351097e+04 3.923016340045296091e-02 -1.578213417805216636e+02
4.729458917835671309e+04 3.923024807611483200e-02 -1.578213528554466620e+02
4.749498997995991522e+04 3.923033240570115987e-02 -1.578213638402691572e+02
4.769539078156312462e+04 3.923041638938683240e-02 -1.578213747353782139e+02
4.789579158316633402e+04 3.923050002734668196e-02 -1.578213855411626696e+02
4.809619238476953615e+04 3.923058331975542989e-02 -1.578213962580113332e+02
4.829659318637274555e+04 3.923066626678772817e-02 -1.578214068863123032e+02
4.849699398797594768e+04 3.923074886861812466e-02 -1.578214174264535927e+02
4.869739478957915708e+04 3.923083112542107009e-02 -1.578214278788228739e+02
4.889779559118236648e+04 3.923091303737087643e-02 -1.578214382438074210e+02
4.909819639278556861e+04 3.923099460464186949e-02 -1.578214485217941672e+02
4.929859719438877801e+04 3.923107582740816002e-02 -1.578214587131696476e+02
4.949899799599198013e+04 3.923115670584369219e-02 -1.578214688183193459e+02
4.969939879759518954e+04 3.923123724012219510e-02 -1.578214788376279500e+02
4.989979959919839894e+04 3.923131743041734232e-02 -1.578214887714798920e+02
5.010020040080160106e+04 3.923139727690286988e-02 -1.578214986202601153e+02
5.030060120240480319e+04 3.923147677975268033e-02 -1.578215083843544448e+02
5.050100200400801259e+04 3.923155593914081501e-02 -1.578215180641495863e+02
5.070140280561121472e+04 3.923163475524126670e-02 -1.578215276600321886e+02
5.090180360721442412e+04 3.923171322822798651e-02 -1.578215371723885596e+02
5.110220440881763352e+04 3.923179135827455088e-02 -1.578215466016034441e+02
5.130260521042083565e+04 3.923186914555402971e-02 -1.578215559480590002e+02
5.150300601202404505e+04 3.923194659023904879e-02 -1.578215652121354822e+02
5.170340681362724717e+04 3.923202369250191474e-02 -1.578215743942116660e+02
5.190380761523045658e+04 3.923210045251491335e-02 -1.578215834946664700e+02
5.210420841683366598e+04 3.923217687045046920e-02 -1.578215925138796649e+02
5.230460921843686810e+04 3.923225294648126360e-02 -1.578216014522326134e+02
5.250501002004007751e+04 3.923232868078029012e-02 -1.578216103101080137e+02
5.270541082164328691e+04 3.923240407352047987e-02 -1.578216190878887062e+02
5.290581162324648903e+04 3.923247912487445865e-02 -1.578216277859559966e+02
5.310621242484969844e+04 3.923255383501454696e-02 -1.578216364046897411e+02
5.330661322645290056e+04 3.923262820411285018e-02 -1.578216449444691136e+02
5.350701402805610996e+04 3.923270223234134185e-02 -1.578216534056726914e+02
5.370741482965931937e+04 3.923277591987200941e-02 -1.578216617886792221e+02
5.390781563126252149e+04 3.923284926687686108e-02 -1.578216700938676809e+02
5.410821643286573089e+04 3.923292227352774553e-02 -1.578216783216166164e+02
5.430861723446893302e+04 3.923299493999634485e-02 -1.578216864723035258e+02
5.450901803607214242e+04 3.923306726645414688e-02 -1.578216945463053662e+02
5.470941883767535182e+04 3.923313925307243821e-02 -1.578217025439980716e+02
5.490981963927855395e+04 3.923321090002247769e-02 -1.578217104657575476e+02
5.511022044088176335e+04 3.923328220747553802e-02 -1.578217183119600975e+02
5.531062124248497275e+04 3.923335317560296132e-02 -1.578217260829823090e+02
5.551102204408817488e+04 3.923342380457608969e-02 -1.578217337792008834e+02
5.571142284569138428e+04 3.923349409456600156e-02 -1.578217414009914421e+02
5.591182364729458641e+04 3.923356404574349088e-02 -1.578217489487282990e+02
5.611222444889779581e+04 3.923363365827915727e-02 -1.578217564227849721e+02
5.631262525050100521e+04 3.923370293234357958e-02 -1.578217638235348375e+02
5.651302605210420734e+04 3.923377186810731582e-02 -1.578217711513515837e+02
5.671342685370741674e+04 3.923384046574095868e-02 -1.578217784066090985e+02
5.691382765531062614e+04 3.923390872541510088e-02 -1.578217855896812978e+02
5.711422845691382827e+04 3.923397664730014778e-02 -1.578217927009416712e+02
5.731462925851703767e+04 3.923404423156624105e-02 -1.578217997407622306e+02
5.751503006012023980e+04 3.923411147838327950e-02 -1.578218067095138508e+02
5.771543086172344920e+04 3.923417838792107870e-02 -1.578218136075673215e+02
5.791583166332665860e+04 3.923424496034943337e-02 -1.578218204352936027e+02
5.811623246492986073e+04 3.923431119583829785e-02 -1.578218271930643368e+02
5.831663326653307013e+04 3.923437709455754319e-02 -1.578218338812509671e+02
5.851703406813627225e+04 3.923444265667685310e-02 -1.578218405002241695e+02
5.871743486973948166e+04 3.923450788236561987e-02 -1.578218470503533126e+02
5.891783567134269106e+04 3.923457277179302760e-02 -1.578218535320070544e+02
5.911823647294589318e+04 3.923463732512821878e-02 -1.578218599455536264e+02
5.931863727454910259e+04 3.923470154254035669e-02 -1.578218662913617720e+02
5.951903807615231199e+04 3.923476542419863239e-02 -1.578218725698004619e+02
5.971943887775551411e+04 3.923482897027218835e-02 -1.578218787812384960e+02
5.991983967935872352e+04 3.923489218093000053e-02 -1.578218849260439356e+02
6.012024048096192564e+04 3.923495505634078812e-02 -1.578218910045838186e+02
6.032064128256513504e+04 3.923501759667311073e-02 -1.578218970172245292e+02
6.052104208416834445e+04 3.923507980209547941e-02 -1.578219029643322244e+02
6.072144288577154657e+04 3.923514167277634274e-02 -1.578219088462730610e+02
6.092184368737475597e+04 3.923520320888416318e-02 -1.578219146634133097e+02
6.112224448897795082e+04 3.923526441058736158e-02 -1.578219204161191556e+02
6.132264529058116022e+04 3.923532527805419917e-02 -1.578219261047560451e+02
6.152304609218436235e+04 3.923538581145275678e-02 -1.578219317296888278e+02
6.172344689378757175e+04 3.923544601095102502e-02 -1.578219372912818699e+02
6.192384769539077388e+04 3.923550587671686962e-02 -1.578219427898993388e+02
6.212424849699398328e+04 3.923556540891812855e-02 -1.578219482259051460e+02
6.232464929859719268e+04 3.923562460772261895e-02 -1.578219535996631748e+02
6.252505010020039481e+04 3.923568347329802614e-02 -1.578219589115370525e+02
6.272545090180360421e+04 3.923574200581181337e-02 -1.578219641618893263e+02
6.292585170340680634e+04 3.923580020543128433e-02 -1.578219693510817763e+02
6.312625250501001574e+04 3.923585807232370104e-02 -1.578219744794763528e+02
6.332665330661322514e+04 3.923591560665635330e-02 -1.578219795474351486e+02
6.352705410821642727e+04 3.923597280859644765e-02 -1.578219845553200571e+02
6.372745490981963667e+04 3.923602967831106569e-02 -1.578219895034922331e+02
6.392785571142284607e+04 3.923608621596721274e-02 -1.578219943923126607e+02
6.412825651302604820e+04 3.923614242173174838e-02 -1.578219992221418977e+02
6.432865731462925760e+04 3.923619829577149748e-02 -1.578220039933401608e+02
6.452905811623245972e+04 3.923625383825320168e-02 -1.578220087062675532e+02
6.472945891783566913e+04 3.923630904934349156e-02 -1.578220133612838652e+02
6.492985971943887853e+04 3.923636392920882426e-02 -1.578220179587480061e+02
6.513026052104208065e+04 3.923641847801551119e-02 -1.578220224990186864e+02
6.533066132264529006e+04 3.923647269592969028e-02 -1.578220269824538775e+02
6.553106212424849946e+04 3.923652658311733293e-02 -1.578220314094109256e+02
6.573146292585170886e+04 3.923658013974429953e-02 -1.578220357802468925e+02
6.593186372745491099e+04 3.923663336597642964e-02 -1.578220400953187266e+02
6.613226452905811311e+04 3.923668626197950038e-02 -1.578220443549830350e+02
6.633266533066131524e+04 3.923673882791934436e-02 -1.578220485595967375e+02
6.653306613226453192e+04 3.923679106396180116e-02 -1.578220527095166972e+02
6.673346693386773404e+04 3.923684297027268952e-02 -1.578220568050995212e+02
6.693386773547093617e+04 3.923689454701773799e-02 -1.578220608467017598e+02
6.713426853707415285e+04 3.923694579436255714e-02 -1.578220648346791677e+02
6.733466933867735497e+04 3.923699671247268123e-02 -1.578220687693874993e+02
6.753507014028055710e+04 3.923704730151358899e-02 -1.578220726511820828e+02
6.773547094188377378e+04 3.923709756165064816e-02 -1.578220764804183034e+02
6.793587174348697590e+04 3.923714749304898358e-02 -1.578220802574505228e+02
6.813627254509017803e+04 3.923719709587352583e-02 -1.578220839826324209e+02
6.833667334669339471e+04 3.923724637028910833e-02 -1.578220876563170521e+02
6.853707414829659683e+04 3.923729531646046043e-02 -1.578220912788575276e+02
6.873747494989979896e+04 3.923734393455213104e-02 -1.578220948506063053e+02
6.893787575150300108e+04 3.923739222472862054e-02 -1.578220983719153594e+02
6.913827655310621776e+04 3.923744018715432519e-02 -1.578221018431367213e+02
6.933867735470941989e+04 3.923748782199355106e-02 -1.578221052646216833e+02
6.953907815631262201e+04 3.923753512941052790e-02 -1.578221086367214241e+02
6.973947895791583869e+04 3.923758210956944381e-02 -1.578221119597869802e+02
6.993987975951904082e+04 3.923762876263441751e-02 -1.578221152341691891e+02
7.014028056112224294e+04 3.923767508876942894e-02 -1.578221184602182632e+02
7.034068136272545962e+04 3.923772108813840948e-02 -1.578221216382842726e+02
7.054108216432866175e+04 3.923776676090524190e-02 -1.578221247687172877e+02
7.074148296593186387e+04 3.923781210723373963e-02 -1.578221278518670658e+02
7.094188376753508055e+04 3.923785712728763975e-02 -1.578221308880831373e+02
7.114228456913828268e+04 3.923790182123053361e-02 -1.578221338777141511e+02
7.134268537074148480e+04 3.923794618922585298e-02 -1.578221368211085576e+02
7.154308617234470148e+04 3.923799023143697412e-02 -1.578221397186143804e+02
7.174348697394790361e+04 3.923803394802718308e-02 -1.578221425705793877e+02
7.194388777555110573e+04 3.923807733915973817e-02 -1.578221453773514042e+02
7.214428857715430786e+04 3.923812040499774501e-02 -1.578221481392775161e+02
7.234468937875750999e+04 3.923816314570424679e-02 -1.578221508567048090e+02
7.254509018036071211e+04 3.923820556144214794e-02 -1.578221535299797438e+02
7.274549098196392879e+04 3.923824765237431816e-02 -1.578221561594485820e+02
7.294589178356713091e+04 3.923828941866356473e-02 -1.578221587454575854e+02
7.314629258517033304e+04 3.923833086047255614e-02 -1.578221612883524188e+02
7.334669338677354972e+04 3.923837197796383597e-02 -1.578221637884781785e+02
7.354709418837675184e+04 3.923841277129989924e-02 -1.578221662461797905e+02
7.374749498997995397e+04 3.923845324064312995e-02 -1.578221686618020385e+02
7.394789579158315610e+04 3.923849338615580801e-02 -1.578221710356890526e+02
7.414829659318637277e+04 3.923853320800007455e-02 -1.578221733681847354e+02
7.434869739478957490e+04 3.923857270633813316e-02 -1.578221756596329897e+02
7.454909819639277703e+04 3.923861188133202088e-02 -1.578221779103772917e+02
7.474949899799599370e+04 3.923865073314367763e-02 -1.578221801207606916e+02
7.494989979959919583e+04 3.923868926193496004e-02 -1.578221822911260119e+02
7.515030060120239796e+04 3.923872746786757904e-02 -1.578221844218155070e+02
7.535070140280561463e+04 3.923876535110320390e-02 -1.578221865131711468e+02
7.555110220440881676e+04 3.923880291180342067e-02 -1.578221885655348160e+02
7.575150300601201889e+04 3.923884015012970433e-02 -1.578221905792481152e+02
7.595190380761523556e+04 3.923887706624346744e-02 -1.578221925546520765e+02
7.615230460921843769e+04 3.923891366030599764e-02 -1.578221944920875615e+02
7.635270541082163982e+04 3.923894993247847851e-02 -1.578221963918948063e+02
7.655310621242484194e+04 3.923898588292198952e-02 -1.578221982544139337e+02
7.675350701402805862e+04 3.923902151179761710e-02 -1.578222000799849241e+02
7.695390781563126075e+04 3.923905681926625338e-02 -1.578222018689472179e+02
7.715430861723446287e+04 3.923909180548876968e-02 -1.578222036216400852e+02
7.735470941883767955e+04 3.923912647062592629e-02 -1.578222053384025401e+02
7.755511022044088168e+04 3.923916081483841412e-02 -1.578222070195731987e+02
7.775551102204408380e+04 3.923919483828682692e-02 -1.578222086654903649e+02
7.795591182364730048e+04 3.923922854113168213e-02 -1.578222102764921146e+02
7.815631262525050261e+04 3.923926192353328901e-02 -1.578222118529158138e+02
7.835671342685370473e+04 3.923929498565194990e-02 -1.578222133950985722e+02
7.855711422845692141e+04 3.923932772764793242e-02 -1.578222149033776986e+02
7.875751503006012354e+04 3.923936014968131686e-02 -1.578222163780897347e+02
7.895791583166332566e+04 3.923939225191214880e-02 -1.578222178195708238e+02
7.915831663326652779e+04 3.923942403450038363e-02 -1.578222192281572518e+02
7.935871743486974447e+04 3.923945549760594204e-02 -1.578222206041849915e+02
7.955911823647294659e+04 3.923948664138859205e-02 -1.578222219479895330e+02
7.975951903807614872e+04 3.923951746600799068e-02 -1.578222232599057406e+02
7.995991983967936540e+04 3.923954797162376024e-02 -1.578222245402685644e+02
8.016032064128256752e+04 3.923957815839537733e-02 -1.578222257894123288e+02
8.036072144288576965e+04 3.923960802648221446e-02 -1.578222270076711595e+02
8.056112224448898633e+04 3.923963757604362335e-02 -1.578222281953787558e+02
8.076152304609218845e+04 3.923966680723885853e-02 -1.578222293528689306e+02
8.096192384769539058e+04 3.923969572022703578e-02 -1.578222304804748148e+02
8.116232464929860726e+04 3.923972431516721537e-02 -1.578222315785292835e+02
8.136272545090180938e+04 3.923975259221841594e-02 -1.578222326473649844e+02
8.156312625250501151e+04 3.923978055153949651e-02 -1.578222336873144513e+02
8.176352705410821363e+04 3.923980819328919123e-02 -1.578222346987093374e+02
8.196392785571143031e+04 3.923983551762626198e-02 -1.578222356818814376e+02
8.216432865731463244e+04 3.923986252470938046e-02 -1.578222366371624901e+02
8.236472945891783456e+04 3.923988921469714897e-02 -1.578222375648837215e+02
8.256513026052105124e+04 3.923991558774805183e-02 -1.578222384653763015e+02
8.276553106212425337e+04 3.923994164402046930e-02 -1.578222393389708316e+02
8.296593186372745549e+04 3.923996738367267756e-02 -1.578222401859974298e+02
8.316633266533067217e+04 3.923999280686286950e-02 -1.578222410067858448e+02
8.336673346693385975e+04 3.924001791374910619e-02 -1.578222418016655695e+02
8.356713426853706187e+04 3.924004270448942094e-02 -1.578222425709659547e+02
8.376753507014027855e+04 3.924006717924170135e-02 -1.578222433150158395e+02
8.396793587174348067e+04 3.924009133816380723e-02 -1.578222440341439778e+02
8.416833667334668280e+04 3.924011518141345967e-02 -1.578222447286786405e+02
8.436873747494989948e+04 3.924013870914834501e-02 -1.578222453989478709e+02
8.456913827655310160e+04 3.924016192152612881e-02 -1.578222460452798828e+02
8.476953907815630373e+04 3.924018481870429620e-02 -1.578222466680021512e+02
8.496993987975952041e+04 3.924020740084022824e-02 -1.578222472674416679e+02
8.517034068136272253e+04 3.924022966809122964e-02 -1.578222478439252541e+02
8.537074148296592466e+04 3.924025162061453575e-02 -1.578222483977794184e+02
8.557114228456914134e+04 3.924027325856728476e-02 -1.578222489293303283e+02
8.577154308617234346e+04 3.924029458210658017e-02 -1.578222494389042367e+02
8.597194388777554559e+04 3.924031559138946301e-02 -1.578222499268271974e+02
8.617234468937874772e+04 3.924033628657283557e-02 -1.578222503934244969e+02
8.637274549098196439e+04 3.924035666781350296e-02 -1.578222508390212226e+02
8.657314629258516652e+04 3.924037673526819398e-02 -1.578222512639420643e+02
8.677354709418836865e+04 3.924039648909345701e-02 -1.578222516685113135e+02
8.697394789579158532e+04 3.924041592944566698e-02 -1.578222520530522388e+02
8.717434869739478745e+04 3.924043505648112939e-02 -1.578222524178877677e+02
8.737474949899798958e+04 3.924045387035610122e-02 -1.578222527633409413e+02
8.757515030060120625e+04 3.924047237122672144e-02 -1.578222530897341471e+02
8.777555110220440838e+04 3.924049055924899027e-02 -1.578222533973893746e+02
8.797595190380761051e+04 3.924050843457890098e-02 -1.578222536866287271e+02
8.817635270541082718e+04 3.924052599737243296e-02 -1.578222539577742793e+02
8.837675350701402931e+04 3.924054324778556563e-02 -1.578222542111484188e+02
8.857715430861723144e+04 3.924056018597413265e-02 -1.578222544470727939e+02
8.877755511022043356e+04 3.924057681209381504e-02 -1.578222546658683711e+02
8.897795591182365024e+04 3.924059312630011342e-02 -1.578222548678557189e+02
8.917835671342685237e+04 3.924060912874840351e-02 -1.578222550533547235e+02
8.937875751503005449e+04 3.924062481959397775e-02 -1.578222552226849018e+02
8.957915831663327117e+04 3.924064019899221878e-02 -1.578222553761659981e+02
8.977955911823647330e+04 3.924065526709844681e-02 -1.578222555141173871e+02
8.997995991983967542e+04 3.924067002406789878e-02 -1.578222556368579035e+02
9.018036072144289210e+04 3.924068447005585325e-02 -1.578222557447060694e+02
9.038076152304609423e+04 3.924069860521764430e-02 -1.578222558379799807e+02
9.058116232464929635e+04 3.924071242970911255e-02 -1.578222559169973636e+02
9.078156312625251303e+04 3.924072594368709782e-02 -1.578222559820755748e+02
9.098196392785571516e+04 3.924073914731001506e-02 -1.578222560335279923e+02
9.118236472945891728e+04 3.924075204073592532e-02 -1.578222560716495479e+02
9.138276553106213396e+04 3.924076462410536897e-02 -1.578222560966875108e+02
9.158316633266533609e+04 3.924077689747310776e-02 -1.578222561090023817e+02
9.178356713426853821e+04 3.924078886074284372e-02 -1.578222561108970865e+02
9.198396793587174034e+04 3.924080051485256959e-02 -1.578222560964844376e+02
9.218436873747495702e+04 3.924081185973161273e-02 -1.578222560744492284e+02
9.238476953907815914e+04 3.924082289506212323e-02 -1.578222560387179101e+02
9.258517034068136127e+04 3.924083362137387176e-02 -1.578222559929583895e+02
9.278557114228457795e+04 3.924084403864227383e-02 -1.578222559359682862e+02
9.298597194388778007e+04 3.924085414711184217e-02 -1.578222558686982211e+02
9.318637274549098220e+04 3.924086394690202984e-02 -1.578222557912201580e+02
9.338677354709419888e+04 3.924087343818075113e-02 -1.578222557039372020e+02
9.358717434869740100e+04 3.924088262109685921e-02 -1.578222556071321492e+02
9.378757515030060313e+04 3.924089149580556324e-02 -1.578222555011287795e+02
9.398797595190381981e+04 3.924090006245947726e-02 -1.578222553862362929e+02
9.418837675350702193e+04 3.924090832121174960e-02 -1.578222552627679534e+02
9.438877755511022406e+04 3.924091627221510531e-02 -1.578222551310352912e+02
9.458917835671342618e+04 3.924092391562205434e-02 -1.578222549913493538e+02
9.478957915831662831e+04 3.924093125158487766e-02 -1.578222548440208186e+02
9.498997995991983043e+04 3.924093828025562031e-02 -1.578222546893599940e+02
9.519038076152304711e+04 3.924094500178586936e-02 -1.578222545276757103e+02
9.539078156312624924e+04 3.924095141632674005e-02 -1.578222543592755187e+02
9.559118236472945136e+04 3.924095752402888271e-02 -1.578222541844658906e+02
9.579158316633266804e+04 3.924096332504240642e-02 -1.578222540035523878e+02
9.599198396793587017e+04 3.924096881951682353e-02 -1.578222538168396625e+02
9.619238476953907229e+04 3.924097400760098026e-02 -1.578222536246312018e+02
9.639278557114227442e+04 3.924097888944279300e-02 -1.578222534272288158e+02
9.659318637274549110e+04 3.924098346518874181e-02 -1.578222532249316998e+02
9.679358717434869322e+04 3.924098773498312792e-02 -1.578222530180344734e+02
9.699398797595189535e+04 3.924099169896718559e-02 -1.578222528068255883e+02
9.719438877755511203e+04 3.924099535727790938e-02 -1.578222525915853396e+02
9.739478957915831415e+04 3.924099871004585460e-02 -1.578222523725818576e+02
9.759519038076151628e+04 3.924100175739124452e-02 -1.578222521500632070e+02
9.779559118236473296e+04 3.924100449941721885e-02 -1.578222519242438295e+02
9.799599198396793508e+04 3.924100693619721192e-02 -1.578222516952808974e+02
9.819639278557113721e+04 3.924100906775036812e-02 -1.578222514632282980e+02
9.839679358717435389e+04 3.924101089399541220e-02 -1.578222512279544674e+02
9.859719438877755601e+04 3.924101241467804063e-02 -1.578222509890394178e+02
9.879759519038075814e+04 3.924101362933266057e-02 -1.578222507458457358e+02
9.899799599198396027e+04 3.924101453769945208e-02 -1.578222504988061985e+02
9.919839679358717694e+04 3.924101514248003880e-02 -1.578222502558534188e+02
9.939879759519037907e+04 3.924101546063367418e-02 -1.578222500523706628e+02
9.959919839679358120e+04 3.924101555370513444e-02 -1.578222499634353824e+02
9.979959919839679787e+04 3.924101546063367418e-02 -1.578222500523706628e+02
1.000000000000000000e+05 3.924101555370513444e-02 -1.578222499634353824e+02
