# 0.07227621500852949
0.000000000000000000e+00 1.000000000000000000e+00 1.000000000000000000e+00
1.010101010101010187e-02 1.000000000000000000e+00 1.000000000000000000e+00
2.020202020202020374e-02 1.000000000000000000e+00 1.000000000000000000e+00
3.030303030303030387e-02 1.000000000000000000e+00 1.000000000000000000e+00
4.040404040404040747e-02 1.000000000000000000e+00 1.000000000000000000e+00
5.050505050505050414e-02 1.000000000000000000e+00 1.000000000000000000e+00
6.060606060606060774e-02 1.000000000000000000e+00 1.000000000000000000e+00
7.070707070707070441e-02 1.000000000000000000e+00 1.000000000000000000e+00
8.080808080808081495e-02 1.000000000000000000e+00 1.000000000000000000e+00
9.090909090909091161e-02 1.000000000000000000e+00 1.000000000000000000e+00
1.010101010101010083e-01 1.000000000000000000e+00 1.000000000000000000e+00
1.111111111111111049e-01 1.000000000000000000e+00 1.000000000000000000e+00
1.212121212121212155e-01 1.000000000000000000e+00 1.000000000000000000e+00
1.313131313131313260e-01 1.000000000000000000e+00 1.000000000000000000e+00
1.414141414141414088e-01 1.000000000000000000e+00 1.000000000000000000e+00
1.515151515151515194e-01 1.000000000000000000e+00 1.000000000000000000e+00
1.616161616161616299e-01 1.000000000000000000e+00 1.000000000000000000e+00
1.717171717171717127e-01 1.000000000000000000e+00 1.000000000000000000e+00
1.818181818181818232e-01 1.000000000000000000e+00 1.000000000000000000e+00
1.919191919191919060e-01 1.000000000000000000e+00 1.000000000000000000e+00
2.020202020202020166e-01 1.000000000000000000e+00 1.000000000000000000e+00
2.121212121212121271e-01 9.999999999999998890e-01 9.999999999999998890e-01
2.222222222222222099e-01 9.999999999999970024e-01 9.999999999999970024e-01
2.323232323232323204e-01 9.999999999999862332e-01 9.999999999999862332e-01
2.424242424242424310e-01 9.999999999998003819e-01 9.999999999998003819e-01
2.525252525252525415e-01 9.999999999991454613e-01 9.999999999991454613e-01
2.626262626262626521e-01 9.999999999891374669e-01 9.999999999891374669e-01
2.727272727272727071e-01 9.999999999557475094e-01 9.999999999557475094e-01
2.828282828282828176e-01 9.999999995063174607e-01 9.999999995063174607e-01
2.929292929292929282e-01 9.999999980942013700e-01 9.999999980942013700e-01
3.030303030303030387e-01 9.999999815308255879e-01 9.999999815308255879e-01
3.131313131313131493e-01 9.999999327953004169e-01 9.999999327953004169e-01
3.232323232323232598e-01 9.999994417283557535e-01 9.999994417283557535e-01
3.333333333333333148e-01 9.999980967912235341e-01 9.999980967912235341e-01
3.434343434343434254e-01 9.999866789834013225e-01 9.999866789834013225e-01
3.535353535353535359e-01 9.999577536162936875e-01 9.999577536162936875e-01
3.636363636363636465e-01 9.997564513857120083e-01 9.997564513857120083e-01
3.737373737373737570e-01 9.992877482328362815e-01 9.992877482328362815e-01
3.838383838383838120e-01 9.967213492302406941e-01 9.967213492302406941e-01
3.939393939393939226e-01 9.912862693792782176e-01 9.912862693792782176e-01
4.040404040404040331e-01 9.694537744262006207e-01 9.694537744262006207e-01
4.141414141414141437e-01 9.295746113567867619e-01 9.295746113567867619e-01
4.242424242424242542e-01 8.292672455946727972e-01 8.292672455946727972e-01
4.343434343434343647e-01 7.100016987302856242e-01 7.100016987302856242e-01
4.444444444444444198e-01 5.825963135095589829e-01 5.825963135095589829e-01
4.545454545454545303e-01 5.255635103628846228e-01 5.255635103628846228e-01
4.646464646464646409e-01 5.001023459165386820e-01 5.001023459165386820e-01
4.747474747474747514e-01 5.126347460096341013e-01 5.126347460096341013e-01
4.848484848484848619e-01 5.192551406122983826e-01 5.192551406122983826e-01
4.949494949494949725e-01 5.331966786833187699e-01 5.331966786833187699e-01
5.050505050505050830e-01 6.442096449630669852e-01 6.442096449630669852e-01
5.151515151515151381e-01 6.693695190651359761e-01 6.693695190651359761e-01
5.252525252525253041e-01 6.721099729218482643e-01 6.721099729218482643e-01
5.353535353535353591e-01 6.811232557363858797e-01 6.811232557363858797e-01
5.454545454545454142e-01 6.017361668119389773e-01 6.017361668119389773e-01
5.555555555555555802e-01 4.857019782855611645e-01 4.857019782855611645e-01
5.656565656565656353e-01 3.471945299128087470e-01 3.471945299128087470e-01
5.757575757575758013e-01 2.363374709287658637e-01 2.363374709287658637e-01
5.858585858585858563e-01 1.681506801028538889e-01 1.681506801028538889e-01
5.959595959595959114e-01 1.398385644328083155e-01 1.398385644328083155e-01
6.060606060606060774e-01 1.290590452924206544e-01 1.290590452924206544e-01
6.161616161616161325e-01 1.261927269101728866e-01 1.261927269101728866e-01
6.262626262626262985e-01 1.252535017852599852e-01 1.252535017852599852e-01
6.363636363636363535e-01 1.250681565839231457e-01 1.250681565839231457e-01
6.464646464646465196e-01 1.250115924805050016e-01 1.250115924805050016e-01
6.565656565656565746e-01 1.250029121624327277e-01 1.250029121624327277e-01
6.666666666666666297e-01 1.250004050542549150e-01 1.250004050542549150e-01
6.767676767676767957e-01 1.250000961790738718e-01 1.250000961790738718e-01
6.868686868686868507e-01 1.250000111438193395e-01 1.250000111438193395e-01
6.969696969696970168e-01 1.250000025207802234e-01 1.250000025207802234e-01
7.070707070707070718e-01 1.250000002471211014e-01 1.250000002471211014e-01
7.171717171717171269e-01 1.250000000535588518e-01 1.250000000535588518e-01
7.272727272727272929e-01 1.250000000045008164e-01 1.250000000045008164e-01
7.373737373737373479e-01 1.250000000009386936e-01 1.250000000009386936e-01
7.474747474747475140e-01 1.250000000000683342e-01 1.250000000000683342e-01
7.575757575757575690e-01 1.250000000000137945e-01 1.250000000000137945e-01
7.676767676767676241e-01 1.250000000000008604e-01 1.250000000000008604e-01
7.777777777777777901e-01 1.250000000000001943e-01 1.250000000000001943e-01
7.878787878787878451e-01 1.250000000000000000e-01 1.250000000000000000e-01
7.979797979797980112e-01 1.250000000000000000e-01 1.250000000000000000e-01
8.080808080808080662e-01 1.250000000000000000e-01 1.250000000000000000e-01
8.181818181818182323e-01 1.250000000000000000e-01 1.250000000000000000e-01
8.282828282828282873e-01 1.250000000000000000e-01 1.250000000000000000e-01
8.383838383838383423e-01 1.250000000000000000e-01 1.250000000000000000e-01
8.484848484848485084e-01 1.250000000000000000e-01 1.250000000000000000e-01
8.585858585858585634e-01 1.250000000000000000e-01 1.250000000000000000e-01
8.686868686868687295e-01 1.250000000000000000e-01 1.250000000000000000e-01
8.787878787878787845e-01 1.250000000000000000e-01 1.250000000000000000e-01
8.888888888888888395e-01 1.250000000000000000e-01 1.250000000000000000e-01
8.989898989898990056e-01 1.250000000000000000e-01 1.250000000000000000e-01
9.090909090909090606e-01 1.250000000000000000e-01 1.250000000000000000e-01
9.191919191919192267e-01 1.250000000000000000e-01 1.250000000000000000e-01
9.292929292929292817e-01 1.250000000000000000e-01 1.250000000000000000e-01
9.393939393939394478e-01 1.250000000000000000e-01 1.250000000000000000e-01
9.494949494949495028e-01 1.250000000000000000e-01 1.250000000000000000e-01
9.595959595959595578e-01 1.250000000000000000e-01 1.250000000000000000e-01
9.696969696969697239e-01 1.250000000000000000e-01 1.250000000000000000e-01
9.797979797979797789e-01 1.250000000000000000e-01 1.250000000000000000e-01
9.898989898989899450e-01 1.250000000000000000e-01 1.250000000000000000e-01
1.000000000000000000e+00 1.250000000000000000e-01 1.250000000000000000e-01
