# 0.8912092476896337
0.000000000000000000e+00 4.957847623803336018e-02 4.957847623803336018e-02
1.010101010101010187e-02 4.997832222585246037e-02 4.997832222585246037e-02
2.020202020202020374e-02 4.997832222585246037e-02 4.997832222585246037e-02
3.030303030303030387e-02 4.957847623803336018e-02 4.957847623803336018e-02
4.040404040404040747e-02 4.952309278475810345e-02 4.952309278475810345e-02
5.050505050505050414e-02 4.995661599066814756e-02 4.995661599066814756e-02
6.060606060606060774e-02 4.992545261022586500e-02 4.992545261022586500e-02
7.070707070707070441e-02 4.974244865408084665e-02 4.974244865408084665e-02
8.080808080808081495e-02 4.951607406139632572e-02 4.951607406139632572e-02
9.090909090909091161e-02 4.979327094535537790e-02 4.979327094535537790e-02
1.010101010101010083e-01 4.979410268886075297e-02 4.979410268886075297e-02
1.111111111111111049e-01 5.009135931121002500e-02 5.009135931121002500e-02
1.212121212121212155e-01 4.956000269516940698e-02 4.956000269516940698e-02
1.313131313131313260e-01 4.953124865242092972e-02 4.953124865242092972e-02
1.414141414141414088e-01 4.955961526558874675e-02 4.955961526558874675e-02
1.515151515151515194e-01 5.046964082019377018e-02 5.046964082019377018e-02
1.616161616161616299e-01 4.969338645287339068e-02 4.969338645287339068e-02
1.717171717171717127e-01 4.957054041334437583e-02 4.957054041334437583e-02
1.818181818181818232e-01 4.895641426637650090e-02 4.895641426637650090e-02
1.919191919191919060e-01 5.008712323701298985e-02 5.008712323701298985e-02
2.020202020202020166e-01 4.995085931761606562e-02 4.995085931761606562e-02
2.121212121212121271e-01 5.079449065370172933e-02 5.079449065370172933e-02
2.222222222222222099e-01 4.897067973525041917e-02 4.897067973525041917e-02
2.323232323232323204e-01 4.963046340076834179e-02 4.963046340076834179e-02
2.424242424242424310e-01 4.916864980944667812e-02 4.916864980944667812e-02
2.525252525252525415e-01 5.168036108211461477e-02 5.168036108211461477e-02
2.626262626262626521e-01 5.066749676083207726e-02 5.066749676083207726e-02
2.727272727272727071e-01 5.131314393831494514e-02 5.131314393831494514e-02
2.828282828282828176e-01 4.579016016239917386e-02 4.579016016239917386e-02
2.929292929292929282e-01 4.443557817746393579e-02 4.443557817746393579e-02
3.030303030303030387e-01 4.044081732786387884e-02 4.044081732786387884e-02
3.131313131313131493e-01 4.387342261822956696e-02 4.387342261822956696e-02
3.232323232323232598e-01 5.026316488630899054e-02 5.026316488630899054e-02
3.333333333333333148e-01 6.188221494655960636e-02 6.188221494655960636e-02
3.434343434343434254e-01 7.681056980390771338e-02 7.681056980390771338e-02
3.535353535353535359e-01 9.558617043439371352e-02 9.558617043439371352e-02
3.636363636363636465e-01 1.186908332673306810e-01 1.186908332673306810e-01
3.737373737373737570e-01 1.451935431640604401e-01 1.451935431640604401e-01
3.838383838383838120e-01 1.753914311523042391e-01 1.753914311523042391e-01
3.939393939393939226e-01 2.080940800371039734e-01 2.080940800371039734e-01
4.040404040404040331e-01 2.423803566668771003e-01 2.423803566668771003e-01
4.141414141414141437e-01 2.778810213447963084e-01 2.778810213447963084e-01
4.242424242424242542e-01 3.119228231509920124e-01 3.119228231509920124e-01
4.343434343434343647e-01 3.461496591878593376e-01 3.461496591878593376e-01
4.444444444444444198e-01 3.758112897282002152e-01 3.758112897282002152e-01
4.545454545454545303e-01 4.054979910957579592e-01 4.054979910957579592e-01
4.646464646464646409e-01 4.282452386501483521e-01 4.282452386501483521e-01
4.747474747474747514e-01 4.517318486484208084e-01 4.517318486484208084e-01
4.848484848484848619e-01 4.673691356900988580e-01 4.673691356900988580e-01
4.949494949494949725e-01 4.840782257571680236e-01 4.840782257571680236e-01
5.050505050505050830e-01 6.193739093066022994e-01 6.193739093066022994e-01
5.151515151515151381e-01 6.349023357723623251e-01 6.349023357723623251e-01
5.252525252525253041e-01 6.385669961851837551e-01 6.385669961851837551e-01
5.353535353535353591e-01 6.512970750363937800e-01 6.512970750363937800e-01
5.454545454545454142e-01 6.515136602535382959e-01 6.515136602535382959e-01
5.555555555555555802e-01 6.625275620524500031e-01 6.625275620524500031e-01
5.656565656565656353e-01 6.628199860100403296e-01 6.628199860100403296e-01
5.757575757575758013e-01 6.744281841833680291e-01 6.744281841833680291e-01
5.858585858585858563e-01 6.773475906891512910e-01 6.773475906891512910e-01
5.959595959595959114e-01 6.919266520227116413e-01 6.919266520227116413e-01
6.060606060606060774e-01 6.998128968815822137e-01 6.998128968815822137e-01
6.161616161616161325e-01 7.197569080668932973e-01 7.197569080668932973e-01
6.262626262626262985e-01 7.349317214864485859e-01 7.349317214864485859e-01
6.363636363636363535e-01 7.626229166504110424e-01 7.626229166504110424e-01
6.464646464646465196e-01 7.872306847512033912e-01 7.872306847512033912e-01
6.565656565656565746e-01 8.246336165481960023e-01 8.246336165481960023e-01
6.666666666666666297e-01 8.599129351770739005e-01 8.599129351770739005e-01
6.767676767676767957e-01 9.073667244553141886e-01 9.073667244553141886e-01
6.868686868686868507e-01 9.518878074574059767e-01 9.518878074574059767e-01
6.969696969696970168e-01 1.005670525113902425e+00 1.005670525113902425e+00
7.070707070707070718e-01 1.052569068762864157e+00 1.052569068762864157e+00
7.171717171717171269e-01 1.102336310864012292e+00 1.102336310864012292e+00
7.272727272727272929e-01 1.138620256832657329e+00 1.138620256832657329e+00
7.373737373737373479e-01 1.170430437951085034e+00 1.170430437951085034e+00
7.474747474747475140e-01 1.185526973329964928e+00 1.185526973329964928e+00
7.575757575757575690e-01 1.195530051546362493e+00 1.195530051546362493e+00
7.676767676767676241e-01 1.194868546456427261e+00 1.194868546456427261e+00
7.777777777777777901e-01 1.195303369558621709e+00 1.195303369558621709e+00
7.878787878787878451e-01 1.192390945436353933e+00 1.192390945436353933e+00
7.979797979797980112e-01 1.192072721541635349e+00 1.192072721541635349e+00
8.080808080808080662e-01 1.189322226111548142e+00 1.189322226111548142e+00
8.181818181818182323e-01 1.187668195662354709e+00 1.187668195662354709e+00
8.282828282828282873e-01 1.185090680654543815e+00 1.185090680654543815e+00
8.383838383838383423e-01 1.185594973889421588e+00 1.185594973889421588e+00
8.484848484848485084e-01 1.185880079933754327e+00 1.185880079933754327e+00
8.585858585858585634e-01 1.187318079288058437e+00 1.187318079288058437e+00
8.686868686868687295e-01 1.187355121142781300e+00 1.187355121142781300e+00
8.787878787878787845e-01 1.186943096630762584e+00 1.186943096630762584e+00
8.888888888888888395e-01 1.186564534068500931e+00 1.186564534068500931e+00
8.989898989898990056e-01 1.187725463155550720e+00 1.187725463155550720e+00
9.090909090909090606e-01 1.187757023683371882e+00 1.187757023683371882e+00
9.191919191919192267e-01 1.186942721274553803e+00 1.186942721274553803e+00
9.292929292929292817e-01 1.186593217242427167e+00 1.186593217242427167e+00
9.393939393939394478e-01 1.187294744779747946e+00 1.187294744779747946e+00
9.494949494949495028e-01 1.187417556395284457e+00 1.187417556395284457e+00
9.595959595959595578e-01 1.187067305954883079e+00 1.187067305954883079e+00
9.696969696969697239e-01 1.186978328907964730e+00 1.186978328907964730e+00
9.797979797979797789e-01 1.187284372934548360e+00 1.187284372934548360e+00
9.898989898989899450e-01 1.187284372934548360e+00 1.187284372934548360e+00
1.000000000000000000e+00 1.186978328907964730e+00 1.186978328907964730e+00
