# 1.2144401184306481
0.000000000000000000e+00 5.061735113881372927e-02 5.061735113881372927e-02
1.010101010101010187e-02 5.002927291764098366e-02 5.002927291764098366e-02
2.020202020202020374e-02 5.002927291764098366e-02 5.002927291764098366e-02
3.030303030303030387e-02 5.061735113881372927e-02 5.061735113881372927e-02
4.040404040404040747e-02 4.935668556175840105e-02 4.935668556175840105e-02
5.050505050505050414e-02 5.119838254147612844e-02 5.119838254147612844e-02
6.060606060606060774e-02 4.891077638243952058e-02 4.891077638243952058e-02
7.070707070707070441e-02 5.198060254141075032e-02 5.198060254141075032e-02
8.080808080808081495e-02 4.829281013954619950e-02 4.829281013954619950e-02
9.090909090909091161e-02 5.231116029089800251e-02 5.231116029089800251e-02
1.010101010101010083e-01 4.801840847541802293e-02 4.801840847541802293e-02
1.111111111111111049e-01 5.329593915963738021e-02 5.329593915963738021e-02
1.212121212121212155e-01 4.762533778167391679e-02 4.762533778167391679e-02
1.313131313131313260e-01 5.323495890743078912e-02 5.323495890743078912e-02
1.414141414141414088e-01 4.785360899137634794e-02 4.785360899137634794e-02
1.515151515151515194e-01 5.419349408452517336e-02 5.419349408452517336e-02
1.616161616161616299e-01 4.825104738285470457e-02 4.825104738285470457e-02
1.717171717171717127e-01 5.389185591557471566e-02 5.389185591557471566e-02
1.818181818181818232e-01 5.020694239555962418e-02 5.020694239555962418e-02
1.919191919191919060e-01 5.499932159451777908e-02 5.499932159451777908e-02
2.020202020202020166e-01 5.341938771384093648e-02 5.341938771384093648e-02
2.121212121212121271e-01 5.731326830934319744e-02 5.731326830934319744e-02
2.222222222222222099e-01 5.918477853992137189e-02 5.918477853992137189e-02
2.323232323232323204e-01 6.284872403941378638e-02 6.284872403941378638e-02
2.424242424242424310e-01 6.834876005682902211e-02 6.834876005682902211e-02
2.525252525252525415e-01 7.435145539427383266e-02 7.435145539427383266e-02
2.626262626262626521e-01 8.137222583330200321e-02 8.137222583330200321e-02
2.727272727272727071e-01 9.004756221946232098e-02 9.004756221946232098e-02
2.828282828282828176e-01 1.013156154046566532e-01 1.013156154046566532e-01
2.929292929292929282e-01 1.135838273500254791e-01 1.135838273500254791e-01
3.030303030303030387e-01 1.281486238272916411e-01 1.281486238272916411e-01
3.131313131313131493e-01 1.447176587739484321e-01 1.447176587739484321e-01
3.232323232323232598e-01 1.635879523962702475e-01 1.635879523962702475e-01
3.333333333333333148e-01 1.845398723412512154e-01 1.845398723412512154e-01
3.434343434343434254e-01 2.080962339505876280e-01 2.080962339505876280e-01
3.535353535353535359e-01 2.335582084077336140e-01 2.335582084077336140e-01
3.636363636363636465e-01 2.607624814620940756e-01 2.607624814620940756e-01
3.737373737373737570e-01 2.899958533044352249e-01 2.899958533044352249e-01
3.838383838383838120e-01 3.205976821623280903e-01 3.205976821623280903e-01
3.939393939393939226e-01 3.528041021782652997e-01 3.528041021782652997e-01
4.040404040404040331e-01 3.846488642935494418e-01 3.846488642935494418e-01
4.141414141414141437e-01 4.167645132101929217e-01 4.167645132101929217e-01
4.242424242424242542e-01 4.449868235571161623e-01 4.449868235571161623e-01
4.343434343434343647e-01 4.728947294015458103e-01 4.728947294015458103e-01
4.444444444444444198e-01 4.923449109240048416e-01 4.923449109240048416e-01
4.545454545454545303e-01 5.141136339180009118e-01 5.141136339180009118e-01
4.646464646464646409e-01 5.205224303384613505e-01 5.205224303384613505e-01
4.747474747474747514e-01 5.367067460719021632e-01 5.367067460719021632e-01
4.848484848484848619e-01 5.290191925927953953e-01 5.290191925927953953e-01
4.949494949494949725e-01 5.411196785084528837e-01 5.411196785084528837e-01
5.050505050505050830e-01 6.587380629383015052e-01 6.587380629383015052e-01
5.151515151515151381e-01 6.680112402505496982e-01 6.680112402505496982e-01
5.252525252525253041e-01 6.534376730985765880e-01 6.534376730985765880e-01
5.353535353535353591e-01 6.586341440969186722e-01 6.586341440969186722e-01
5.454545454545454142e-01 6.516475081500313626e-01 6.516475081500313626e-01
5.555555555555555802e-01 6.517182432273996850e-01 6.517182432273996850e-01
5.656565656565656353e-01 6.475023331171445573e-01 6.475023331171445573e-01
5.757575757575758013e-01 6.429354314698010331e-01 6.429354314698010331e-01
5.858585858585858563e-01 6.391167619872387684e-01 6.391167619872387684e-01
5.959595959595959114e-01 6.355066872450361171e-01 6.355066872450361171e-01
6.060606060606060774e-01 6.354447493578808670e-01 6.354447493578808670e-01
6.161616161616161325e-01 6.388809012443941171e-01 6.388809012443941171e-01
6.262626262626262985e-01 6.459413800928526239e-01 6.459413800928526239e-01
6.363636363636363535e-01 6.586806497864772236e-01 6.586806497864772236e-01
6.464646464646465196e-01 6.745621667751722228e-01 6.745621667751722228e-01
6.565656565656565746e-01 6.981190014872747929e-01 6.981190014872747929e-01
6.666666666666666297e-01 7.244844339146522261e-01 7.244844339146522261e-01
6.767676767676767957e-01 7.589538051156006215e-01 7.589538051156006215e-01
6.868686868686868507e-01 7.938146805803319994e-01 7.938146805803319994e-01
6.969696969696970168e-01 8.347441355694127374e-01 8.347441355694127374e-01
7.070707070707070718e-01 8.734345229642894726e-01 8.734345229642894726e-01
7.171717171717171269e-01 9.176210248641414324e-01 9.176210248641414324e-01
7.272727272727272929e-01 9.561839485777963166e-01 9.561839485777963166e-01
7.373737373737373479e-01 9.992730169662059625e-01 9.992730169662059625e-01
7.474747474747475140e-01 1.030468803186929128e+00 1.030468803186929128e+00
7.575757575757575690e-01 1.067649500570329035e+00 1.067649500570329035e+00
7.676767676767676241e-01 1.086655831764876901e+00 1.086655831764876901e+00
7.777777777777777901e-01 1.119982647372298912e+00 1.119982647372298912e+00
7.878787878787878451e-01 1.127114010997784410e+00 1.127114010997784410e+00
7.979797979797980112e-01 1.154772414278427917e+00 1.154772414278427917e+00
8.080808080808080662e-01 1.151419267501089028e+00 1.151419267501089028e+00
8.181818181818182323e-01 1.174754978367400282e+00 1.174754978367400282e+00
8.282828282828282873e-01 1.165817498513571859e+00 1.165817498513571859e+00
8.383838383838383423e-01 1.185936136381511963e+00 1.185936136381511963e+00
8.484848484848485084e-01 1.174490660700208133e+00 1.174490660700208133e+00
8.585858585858585634e-01 1.189661385837109009e+00 1.189661385837109009e+00
8.686868686868687295e-01 1.178149869677961092e+00 1.178149869677961092e+00
8.787878787878787845e-01 1.191759555928072922e+00 1.191759555928072922e+00
8.888888888888888395e-01 1.181714423774553380e+00 1.181714423774553380e+00
8.989898989898990056e-01 1.190931116654675215e+00 1.190931116654675215e+00
9.090909090909090606e-01 1.182572256828386070e+00 1.182572256828386070e+00
9.191919191919192267e-01 1.190780138045272052e+00 1.190780138045272052e+00
9.292929292929292817e-01 1.184668597296950621e+00 1.184668597296950621e+00
9.393939393939394478e-01 1.189322124586764229e+00 1.189322124586764229e+00
9.494949494949495028e-01 1.185157531027447808e+00 1.185157531027447808e+00
9.595959595959595578e-01 1.188776020531036703e+00 1.188776020531036703e+00
9.696969696969697239e-01 1.186761750776536228e+00 1.186761750776536228e+00
9.797979797979797789e-01 1.187313223839462140e+00 1.187313223839462140e+00
9.898989898989899450e-01 1.187313223839462140e+00 1.187313223839462140e+00
1.000000000000000000e+00 1.186761750776536228e+00 1.186761750776536228e+00
