# 1.2542489333930984
0.000000000000000000e+00 8.916334245338900510e-01 -3.602489571530230705e+02 2.500000000000000000e+05
4.016064257028111761e+00 4.898218351152956451e-01 -7.974744718691110847e+02 2.500000000000000000e+05
8.032128514056223523e+00 4.898218351152956451e-01 7.974744718691110847e+02 -2.492565547416700050e+07
1.204819277108433795e+01 8.916334245338900510e-01 3.602489571530230705e+02 -4.784028859743389487e+07
1.606425702811244705e+01 9.583420554592040341e-01 9.894082094899213189e+02 -4.861887699639060348e+07
2.008032128514056325e+01 1.210381513469250825e+00 -7.826861502977319560e+02 -5.836577209950087965e+07
2.409638554216867590e+01 9.168386829075877431e-01 -8.215132313673261706e+02 -4.907368648376234621e+07
2.811244979919678499e+01 7.529424013900911650e-01 -7.271082587935420634e+02 -4.503687719605670869e+07
3.212851405622489409e+01 6.259488999127682529e-01 -1.807670982599352953e+02 -4.019126616023568064e+07
3.614457831325301385e+01 5.795251208099281293e-01 -1.003698429380474977e+02 -3.660803991059045494e+07
4.016064257028112650e+01 5.701448554848108641e-01 -2.422926626142660496e+02 -3.445493855250486732e+07
4.417670682730923915e+01 6.983096660268364175e-01 -6.255021581770712373e+02 -3.843051990485675633e+07
4.819277108433735179e+01 8.153641544440268785e-01 -1.015241662865126500e+03 -4.354607536460813135e+07
5.220883534136545734e+01 9.751510068183421032e-01 -2.369130232203497144e+02 -4.712544865105517954e+07
5.622489959839356999e+01 9.030476425726725598e-01 8.755020407906602031e+02 -4.087688650743564963e+07
6.024096385542168974e+01 7.902669514573960052e-01 1.473305780072668085e+03 -3.755499207069880515e+07
6.425702811244978818e+01 7.184203219989859779e-01 8.164473003230872337e+02 -3.532584208224271983e+07
6.827309236947790794e+01 7.203803031725265482e-01 -2.341893641862558297e+02 -3.293746647936119139e+07
7.228915662650602769e+01 7.393605924361618120e-01 -9.552597293790605590e+02 -3.215926164246262610e+07
7.630522088353414745e+01 7.209455923770398122e-01 -9.515109373958113110e+02 -3.210037397840290889e+07
8.032128514056225299e+01 6.565001399451981801e-01 -5.605420194810483281e+02 -3.084267079915886000e+07
8.433734939759035854e+01 6.296744411618229176e-01 -1.763175027232521472e+02 -3.032609286126598343e+07
8.835341365461847829e+01 7.189220385319987638e-01 2.235640841866176345e+02 -3.338166090583184734e+07
9.236947791164658383e+01 8.608408963956973858e-01 5.729579659670956744e+02 -3.766023164980055392e+07
9.638554216867470359e+01 8.936424928775416054e-01 6.868164444333141319e+02 -3.784533992842783779e+07
1.004016064257028091e+02 8.098785218511767026e-01 8.555879373180155198e+02 -3.620769284385080636e+07
1.044176706827309147e+02 7.257827089918161834e-01 8.827906035719677220e+02 -3.562937513147085160e+07
1.084337349397590344e+02 7.285411302670946609e-01 9.402139912300615379e+02 -3.656876618863843381e+07
1.124497991967871400e+02 8.375978306622818836e-01 1.190403597699305919e+03 -4.080653524425046891e+07
1.164658634538152597e+02 9.420928267816448543e-01 7.623651017909936627e+02 -4.390481471976699680e+07
1.204819277108433795e+02 1.015316399570106443e+00 2.170565311340461108e+02 -4.558784270925215632e+07
1.244979919678714850e+02 8.065257773885637915e-01 1.223566116381038569e+02 -3.921684402260961384e+07
1.285140562248995764e+02 6.505394492199831902e-01 2.896494760204337808e+02 -3.350338906766833737e+07
1.325301204819277245e+02 5.864782532783689994e-01 4.714448947173013948e+02 -3.071264348279528692e+07
1.365461847389558159e+02 5.549243504255123582e-01 5.214111078500153553e+02 -3.105204176749293506e+07
1.405622489959839356e+02 5.878884890738022007e-01 4.321678738633119679e+02 -3.339748122981213406e+07
1.445783132530120554e+02 6.500985500875398060e-01 5.346836011163031799e+02 -3.476985673614850640e+07
1.485943775100401467e+02 6.872755009048446828e-01 4.528569246473797989e+02 -3.327830476236331835e+07
1.526104417670682949e+02 6.894355987714355649e-01 -1.261122690548782259e+02 -3.331874538078061864e+07
1.566265060240963862e+02 7.151075025972432053e-01 -2.125297709310497112e+02 -3.747615062566716969e+07
1.606425702811245060e+02 6.129728879547009512e-01 -1.304582304154112364e+02 -3.533861526650766283e+07
1.646586345381525973e+02 5.321608308080597594e-01 -7.551425551153511151e+01 -3.053603663103647158e+07
1.686746987951807171e+02 5.250128323618492576e-01 1.707896072820839208e+02 -2.922463971174591780e+07
1.726907630522088368e+02 5.591801759650801840e-01 5.612699284471842702e+02 -3.013936770011847094e+07
1.767068273092369566e+02 6.502171677915119519e-01 1.151876494866191933e+03 -3.261336076253977045e+07
1.807228915662650479e+02 8.216600559501169299e-01 2.256775642114805123e+03 -3.440413104122430086e+07
1.847389558232931677e+02 9.595651745753811523e-01 3.128355095122918101e+03 -3.316035107772382349e+07
1.887550200803212590e+02 8.825226633265974563e-01 2.087952864540240626e+03 -3.090750121497850493e+07
1.927710843373494072e+02 7.297073770159990813e-01 2.650508400498904393e+02 -3.086400346209182590e+07
1.967871485943775269e+02 6.076099782501693802e-01 3.273912239034245886e+00 -2.903990105193441734e+07
2.008032128514056183e+02 5.243210333313622629e-01 9.884782928519612710e+01 -2.701941616532754898e+07
2.048192771084337380e+02 4.783344775277276195e-01 1.330062586056183420e+02 -2.566794657259323075e+07
2.088353413654618294e+02 4.463964773134093678e-01 1.238211542606071163e+02 -2.428347737943473086e+07
2.128514056224899775e+02 4.197244797233823932e-01 1.271485325434272653e+02 -2.283293805107099935e+07
2.168674698795180689e+02 4.016784760799185783e-01 9.370826289222820549e+01 -2.182919396765186638e+07
2.208835341365461886e+02 4.058927870086760370e-01 3.255933935791025391e+01 -2.186245521058585867e+07
2.248995983935742800e+02 4.211095032730813315e-01 -7.890391970653433873e+01 -2.240133519338796660e+07
2.289156626506023997e+02 4.378774779860542532e-01 -1.715035236052130472e+02 -2.273917779527761042e+07
2.329317269076305195e+02 4.430187988680553968e-01 -2.488609662150251722e+02 -2.206275406112651899e+07
2.369477911646586392e+02 4.613327839081940995e-01 -2.639504058758007545e+02 -2.163055310652483255e+07
2.409638554216867590e+02 4.694181675065408621e-01 -3.015942555933045242e+02 -2.175133246710164100e+07
2.449799196787148503e+02 4.661734452361979697e-01 -2.051809888277353195e+02 -2.239192721489302069e+07
2.489959839357429701e+02 4.656839464385206240e-01 -1.269046306372742450e+01 -2.331270064170180634e+07
2.530120481927710614e+02 4.590021817416536365e-01 1.095875622155630396e+02 -2.334680213216206059e+07
2.570281124497991527e+02 4.593041430080357923e-01 4.830513406577760804e+01 -2.276042323183057457e+07
2.610441767068273293e+02 4.810704579124970293e-01 -1.898537442679064213e+02 -2.235898684357693046e+07
2.650602409638554491e+02 5.608442322693258930e-01 -6.148482227735805736e+02 -2.443754894468174130e+07
2.690763052208835688e+02 6.379172872239504688e-01 -1.113802880985627098e+03 -2.706188277736931667e+07
2.730923694779116317e+02 6.604023576333998280e-01 -1.043242577156989000e+03 -2.733825371003992110e+07
2.771084337349397515e+02 6.336919806546155165e-01 -4.014026657976805836e+02 -2.604903824488944188e+07
2.811244979919678713e+02 5.738171024314879798e-01 2.285234979697859217e+02 -2.510299791586684063e+07
2.851405622489959910e+02 5.449197210389147283e-01 5.098761941274631795e+02 -2.618231149338250235e+07
2.891566265060241108e+02 5.318835587808496967e-01 4.123801809936618383e+02 -2.674248464322661981e+07
2.931726907630521737e+02 4.831238873608836304e-01 2.315119808847719014e+02 -2.485080325594202429e+07
2.971887550200802934e+02 4.423242047323269199e-01 1.559231753658810149e+01 -2.280040776004936919e+07
3.012048192771084700e+02 4.283939541030623577e-01 -1.266265227573268959e+02 -2.174462295683798939e+07
3.052208835341365898e+02 4.222705362063799983e-01 -1.388175184759906529e+02 -2.148735253593907505e+07
3.092369477911646527e+02 4.152366549836936649e-01 -8.046065121201708337e+01 -2.153325107264926285e+07
3.132530120481927725e+02 3.953639718479416421e-01 -4.752289581118208162e+01 -2.141198421268008649e+07
3.172690763052208922e+02 3.797033577195266796e-01 -3.792214394335470473e+01 -2.096174764176660031e+07
3.212851405622490120e+02 3.883699516197735013e-01 -3.890834519636642597e+01 -2.130403779031980038e+07
3.253012048192770749e+02 4.001149003671565230e-01 -9.812428655388352183e-01 -2.133375783853676170e+07
3.293172690763051946e+02 4.103290844786262603e-01 -1.570469659659714168e+01 -2.147927885612492636e+07
3.333333333333333144e+02 4.194847318546131021e-01 -5.800902178263345377e+01 -2.200574305148527399e+07
3.373493975903614341e+02 4.321598088983129582e-01 -4.106204363899671250e+01 -2.260675673719639704e+07
3.413654618473896107e+02 4.533710964032903745e-01 -7.384624515360646058e+01 -2.382866688101738691e+07
3.453815261044176737e+02 4.677767621380600760e-01 -1.518003019747654321e+02 -2.479841384904023260e+07
3.493975903614457934e+02 4.826132612654818188e-01 -2.406045005143945446e+02 -2.499662917869423702e+07
3.534136546184739132e+02 4.898214895596294527e-01 -2.825948281278962213e+02 -2.404978279784056917e+07
3.574297188755020329e+02 4.949106324523570022e-01 -1.749904176441907282e+02 -2.228984677974890172e+07
3.614457831325300958e+02 4.711031053283913361e-01 -1.565170391878446026e+02 -2.114486944213235378e+07
3.654618473895582156e+02 4.544196729926742728e-01 -5.517002086391985216e+01 -2.085986399496669322e+07
3.694779116465863353e+02 4.681301169596920886e-01 1.651654921748531990e+02 -2.188032141233670339e+07
3.734939759036144551e+02 4.651842341386491220e-01 3.093780722067824058e+02 -2.263835941811476275e+07
3.775100401606425180e+02 4.596052269961975467e-01 2.905553672799136393e+02 -2.334147463991561532e+07
3.815261044176706946e+02 4.556323915667421787e-01 2.500744046821353663e+02 -2.381477538500680029e+07
3.855421686746988144e+02 4.436912931662259640e-01 2.070991197430479360e+02 -2.371229928741991520e+07
3.895582329317269341e+02 4.305557588879845299e-01 1.734199931964163000e+02 -2.348000740908730030e+07
3.935742971887550539e+02 4.444317405095503104e-01 2.436468369849322357e+02 -2.410948264615228027e+07
3.975903614457831168e+02 4.721766181829542552e-01 4.476366446323132209e+02 -2.468949717082591355e+07
4.016064257028112365e+02 4.682033225956136469e-01 5.028018887776378278e+02 -2.380399914991636202e+07
4.056224899598393563e+02 4.205958802163430321e-01 2.871924620268174522e+02 -2.183764130216476694e+07
4.096385542168674760e+02 3.819064227126773292e-01 1.046801215642237963e+02 -2.055053076531513780e+07
4.136546184738955390e+02 3.766350121149476537e-01 5.526180541675098823e+01 -2.058137191211386770e+07
4.176706827309236587e+02 3.990806035290303533e-01 1.362114483022971569e+02 -2.164226114747071639e+07
4.216867469879518353e+02 4.404392479751848555e-01 3.478156443269296574e+02 -2.307063614472539350e+07
4.257028112449799551e+02 4.668820740598896291e-01 5.408940203353988636e+02 -2.396241247523429617e+07
4.297188755020080180e+02 4.683868197555937640e-01 5.988779233928077019e+02 -2.431805161504574120e+07
4.337349397590361377e+02 4.571928578858722725e-01 5.680125237965555698e+02 -2.429707896140328795e+07
4.377510040160642575e+02 4.336054760511048878e-01 4.387071630267659543e+02 -2.328497867749933153e+07
4.417670682730923772e+02 4.173951667415732314e-01 3.069390848371970151e+02 -2.259266755584494025e+07
4.457831325301204970e+02 4.100421080512606786e-01 2.314665518223376637e+02 -2.260064537464810908e+07
4.497991967871485599e+02 4.005919890845807685e-01 1.772698797516390243e+02 -2.237189821878887340e+07
4.538152610441766797e+02 3.948570876048730915e-01 1.712701704240830054e+02 -2.194596374111135304e+07
4.578313253012047994e+02 3.952150714995443237e-01 1.806110383043759100e+02 -2.196866984865004942e+07
4.618473895582329760e+02 4.066544923610854734e-01 2.351016940292422532e+02 -2.235086158002974465e+07
4.658634538152610389e+02 4.472119478935118742e-01 4.709497502018484738e+02 -2.327600965820708126e+07
4.698795180722891587e+02 5.502556837330874195e-01 1.134495958765945943e+03 -2.558883013516721129e+07
4.738955823293172784e+02 7.490718631203904243e-01 2.675190033528297590e+03 -2.736739551839714125e+07
4.779116465863453982e+02 9.741509764051357045e-01 4.702274725628818487e+03 -2.446807322324465960e+07
4.819277108433735179e+02 1.088907712406526951e+00 5.449784228701126267e+03 -1.610262858081324585e+07
4.859437751004015809e+02 9.937890910227189512e-01 1.697777259518486517e+03 -1.511204392060374469e+07
4.899598393574297006e+02 9.012859764038742005e-01 -9.601681314022728202e+02 -2.364836620654486120e+07
4.939759036144578204e+02 6.385974659451200131e-01 -4.338121563744279570e+02 -2.672736375604940951e+07
4.979919678714859401e+02 4.911157540191432025e-01 -3.911836787605551535e+01 -2.503535879034208506e+07
5.020080321285140599e+02 4.700386171645800637e-01 -2.372185521931581320e+01 -2.490325063352989033e+07
5.060240963855421228e+02 5.261862440055115053e-01 -3.270474818300917832e+02 -2.608338015971018001e+07
5.100401606425702994e+02 6.230304830274362438e-01 -1.240859333610405429e+03 -2.661114345433389768e+07
5.140562248995983055e+02 6.209691596758818433e-01 -1.432338703735793388e+03 -2.628967823552098125e+07
5.180722891566265389e+02 5.523498265076191016e-01 -9.358053693736449077e+02 -2.548491101019698009e+07
5.220883534136546587e+02 4.695360702861312574e-01 -2.072806449388753833e+02 -2.348631152026658505e+07
5.261044176706827784e+02 4.239284843164934369e-01 2.573014533409107685e+02 -2.245000866214812174e+07
5.301204819277108982e+02 4.192345622609918165e-01 4.026917886487962051e+02 -2.267850705638610199e+07
5.341365461847389042e+02 4.298865394123941308e-01 3.282280377290823026e+02 -2.264396572301699966e+07
5.381526104417671377e+02 4.550394794371221407e-01 1.943507664286575505e+02 -2.394324370845520869e+07
5.421686746987951437e+02 4.983002558457096387e-01 -1.449196447682647602e+02 -2.580928457456870750e+07
5.461847389558232635e+02 5.220380424368504801e-01 -1.361176757693507682e+02 -2.490456199096358195e+07
5.502008032128513833e+02 5.609600407821918600e-01 -3.828708232280468593e+01 -2.583421336623112857e+07
5.542168674698795030e+02 5.809683275755448406e-01 -1.476811929891078279e+01 -2.750166402848956734e+07
5.582329317269076228e+02 5.620389757091120986e-01 -1.317116450384024802e+02 -2.647311480820631981e+07
5.622489959839357425e+02 5.451366593462783072e-01 -2.351693847582720309e+02 -2.588585510580685362e+07
5.662650602409638623e+02 5.771754842438754363e-01 1.149361907545915074e+02 -2.737558586557593197e+07
5.702811244979919820e+02 5.916742690986735997e-01 4.892051786146504924e+02 -2.937812764345793426e+07
5.742971887550201018e+02 5.719378980901178577e-01 7.533036539466253316e+02 -2.978157324146649614e+07
5.783132530120482215e+02 5.443999599613194018e-01 5.942714328529065142e+02 -2.909466240391238406e+07
5.823293172690763413e+02 4.887321963873419439e-01 3.158845841946999258e+02 -2.574592989843774959e+07
5.863453815261043474e+02 4.568177180850262475e-01 -5.018477105469219168e+01 -2.180110183339006826e+07
5.903614457831325808e+02 4.535494576176133386e-01 -2.229502484074943709e+02 -2.194854801536054537e+07
5.943775100401605869e+02 4.675087189007428590e-01 -3.056280254168916031e+02 -2.331728925668700412e+07
5.983935742971887066e+02 5.044521480662360613e-01 -9.981122508774993207e+01 -2.462079661013170332e+07
6.024096385542169401e+02 5.186551840996195262e-01 -1.152515327608126938e+01 -2.369748422257651016e+07
6.064257028112449461e+02 5.238951245148650848e-01 2.532885119101697455e+02 -2.052734262413587421e+07
6.104417670682731796e+02 5.577923772753125009e-01 7.276735004342025377e+02 -1.938846688628077134e+07
6.144578313253011856e+02 5.780120105366490790e-01 8.668496385800777944e+02 -2.145521940182200074e+07
6.184738955823293054e+02 5.417243201802124375e-01 3.030884877536818749e+02 -2.458264004267504439e+07
6.224899598393574252e+02 5.443462620563908061e-01 8.378867199615726236e+00 -2.526339191491168737e+07
6.265060240963855449e+02 5.839967082877395299e-01 1.493414748409278161e+02 -2.462113557707723975e+07
6.305220883534136647e+02 5.154549240316119718e-01 1.246605695893787384e+02 -2.206414006832689419e+07
6.345381526104417844e+02 4.323675670898574075e-01 -9.020392251512839721e+01 -2.005029043311866000e+07
6.385542168674697905e+02 4.049945689339127242e-01 -1.069199224553924807e+02 -2.004796487156164274e+07
6.425702811244980239e+02 4.327319349074743027e-01 1.977046778264789850e+01 -2.163606392314498872e+07
6.465863453815261437e+02 4.696473500776688903e-01 2.514134111857989637e+02 -2.239426956485842168e+07
6.506024096385541498e+02 5.177192779688156721e-01 5.886682566044787563e+02 -2.247442749760778621e+07
6.546184738955823832e+02 5.491803216168630319e-01 8.430998123882262689e+02 -2.179823565228068456e+07
6.586345381526103893e+02 5.167980361630658548e-01 6.670795326463969559e+02 -2.215008892765545100e+07
6.626506024096386227e+02 4.617495649561209614e-01 3.335496270076005771e+02 -2.216223988419232890e+07
6.666666666666666288e+02 4.335019589625038750e-01 1.569362270246795958e+02 -2.102820410589518026e+07
6.706827309236947485e+02 4.018835005444993391e-01 6.558781237289851163e+01 -1.933699861266769841e+07
6.746987951807228683e+02 3.812142127307330264e-01 -4.473123323959185882e+00 -1.838188423105460778e+07
6.787148594377509880e+02 3.894287515665275090e-01 3.598101433249439651e+01 -1.889007128128586337e+07
6.827309236947792215e+02 4.124112001231419744e-01 1.422276593360553534e+02 -2.018248417166612670e+07
6.867469879518072275e+02 4.222861675605545928e-01 2.036001861968959759e+02 -2.099492810276145861e+07
6.907630522088353473e+02 4.076059181783994734e-01 1.976320422279958677e+02 -2.084710252074848861e+07
6.947791164658634671e+02 3.948817440667240497e-01 1.201534261434983648e+02 -2.084564124377802014e+07
6.987951807228915868e+02 3.838316120521202413e-01 7.394046400029574784e+01 -2.092715592762473971e+07
7.028112449799195929e+02 3.795943789323945050e-01 1.613255770505219289e+00 -2.106023192614390329e+07
7.068273092369478263e+02 3.876455247929446735e-01 -3.305297007683187616e+01 -2.148142687912227586e+07
7.108433734939758324e+02 4.129340363098286670e-01 -2.693979431708955019e+01 -2.244048405297608301e+07
7.148594377510040658e+02 4.420532961925390247e-01 -3.196417329484856396e+01 -2.341569783497486636e+07
7.188755020080320719e+02 4.683974843162049817e-01 -6.240053954991471130e+01 -2.422964788498216122e+07
7.228915662650601917e+02 5.291532511339631650e-01 1.370426346027283557e+02 -2.602778338813904673e+07
7.269076305220884251e+02 6.100071413992045333e-01 6.707374905775698153e+02 -2.738838308095915243e+07
7.309236947791164312e+02 6.036967287185390774e-01 9.032067669737168671e+02 -2.601028684486429393e+07
7.349397590361446646e+02 5.177724860509865801e-01 7.178989494477409607e+02 -2.239314916230481490e+07
7.389558232931726707e+02 4.531201268874955335e-01 4.990355998580969299e+02 -2.011518469345102459e+07
7.429718875502007904e+02 4.401969533482614771e-01 5.084215392333767340e+02 -1.967425401727282256e+07
7.469879518072289102e+02 4.511795636622876748e-01 6.237824370182836446e+02 -2.029320030946481228e+07
7.510040160642570299e+02 5.401612692069850397e-01 8.485502738235703646e+02 -2.434039094521120563e+07
7.550200803212850360e+02 1.057230727245852986e+00 4.489521246636658361e+03 -2.195838965849378332e+07
7.590361445783132694e+02 1.637957688554931401e+00 9.597883850326925312e+03 9.454372402759008110e+06
7.630522088353413892e+02 1.078212062233329327e+00 2.770818702249447597e+03 -6.725343636049171910e+06
7.670682730923695090e+02 5.899670895218643851e-01 5.307224584435118686e+01 -2.445041795184472203e+07
7.710843373493976287e+02 4.760803110509729819e-01 -2.841021182625353276e+02 -2.443565532508536056e+07
7.751004016064256348e+02 4.369880828037708831e-01 -2.842385201321832824e+02 -2.273264444153710455e+07
7.791164658634538682e+02 4.261660614801347502e-01 -4.039307434090008542e+02 -2.034380953213545680e+07
7.831325301204818743e+02 4.273849155212525175e-01 -7.072686425125941696e+02 -1.958936133478809893e+07
7.871485943775101077e+02 4.875023780850627486e-01 -8.422018854621396713e+02 -2.241061108810522035e+07
7.911646586345381138e+02 5.367336537958845577e-01 -8.541974587248108719e+02 -2.619960742453571409e+07
7.951807228915662336e+02 5.806108642239465878e-01 -5.600930246460737862e+02 -2.850847093695035949e+07
7.991967871485943533e+02 6.225593156392543737e-01 -8.684101470825766000e+00 -2.867780158246105164e+07
8.032128514056224731e+02 7.257550427282133398e-01 6.397237006454967059e+02 -3.070964067784596980e+07
8.072289156626505928e+02 9.545673148608110337e-01 1.742341582174114137e+03 -3.232018309873797372e+07
8.112449799196787126e+02 9.197758745485011822e-01 1.590879256065012441e+03 -2.759835331456436962e+07
8.152610441767068323e+02 6.119047572320575057e-01 5.653124043659922791e+02 -2.216163120285185426e+07
8.192771084337349521e+02 4.757784607294326396e-01 -2.744380757125679793e+02 -2.044314220757104084e+07
8.232931726907630718e+02 4.391154775665260801e-01 -6.150458324152980367e+02 -1.960789231939218938e+07
8.273092369477910779e+02 4.530524348599549445e-01 -7.945490981077897459e+02 -2.043857201491140202e+07
8.313253012048193114e+02 4.765310182063978162e-01 -7.941777287577120887e+02 -2.156626489503772184e+07
8.353413654618473174e+02 4.939307873183872988e-01 -5.808931401878281804e+02 -2.226218856237367913e+07
8.393574297188755509e+02 5.077712679796327899e-01 -3.149904732664737708e+02 -2.249156566800319403e+07
8.433734939759036706e+02 5.148559978056844733e-01 -1.817827526602833927e+02 -2.187822396528375894e+07
8.473895582329316767e+02 5.269901873307506479e-01 -3.268311748300639579e+02 -2.172648359263583645e+07
8.514056224899599101e+02 5.085130360904822622e-01 -4.192274848362770285e+02 -2.153784088005249575e+07
8.554216867469879162e+02 4.869084914564683064e-01 -4.722623715075681048e+02 -2.134317706358899176e+07
8.594377510040160359e+02 4.735511026033964455e-01 -5.176987144831533669e+02 -2.107996819939422235e+07
8.634538152610441557e+02 4.662982410141680578e-01 -5.900777491809087678e+02 -2.064666776268771663e+07
8.674698795180722755e+02 4.539749490449582758e-01 -6.292363952619953125e+02 -1.999939495810921118e+07
8.714859437751003952e+02 4.327483284020995358e-01 -6.248018414670816583e+02 -1.901486446955734491e+07
8.755020080321285150e+02 4.164827985358592888e-01 -5.870255955382536968e+02 -1.808326255636574700e+07
8.795180722891565210e+02 4.134628933540055451e-01 -5.640400178391595318e+02 -1.769817416270215064e+07
8.835341365461847545e+02 4.315812954056933437e-01 -5.531881703437936721e+02 -1.778992722940047830e+07
8.875502008032128742e+02 4.570881561095742063e-01 -4.664028923724112587e+02 -1.811013310306572542e+07
8.915662650602409940e+02 4.880469384592147075e-01 -3.396007905502553399e+02 -1.853712551865923777e+07
8.955823293172691137e+02 5.095199690988224672e-01 -2.148844675336252408e+02 -1.877845444994637743e+07
8.995983935742971198e+02 5.090273453714471152e-01 -1.958697902799171970e+02 -1.853352511101603135e+07
9.036144578313253533e+02 4.944076917100934665e-01 -2.618387481632114486e+02 -1.769631669354074448e+07
9.076305220883533593e+02 4.800557237204398642e-01 -3.107770523177777022e+02 -1.656728625713488087e+07
9.116465863453815928e+02 4.778567706808355964e-01 -3.158918269585158214e+02 -1.553458641318538971e+07
9.156626506024095988e+02 4.766140892298666443e-01 -3.057340251949285630e+02 -1.420974140234214440e+07
9.196787148594377186e+02 4.552061326066106917e-01 -3.069814468605384263e+02 -1.212242641204451211e+07
9.236947791164659520e+02 4.251823589279997151e-01 -3.478735576184860179e+02 -9.368493787996815518e+06
9.277108433734939581e+02 3.984957477861434949e-01 -3.881922145588435455e+02 -6.619332744831541553e+06
9.317269076305220779e+02 3.761452011660542660e-01 -4.146124373346511334e+02 -4.277330351337484084e+06
9.357429718875501976e+02 3.584146034607983422e-01 -4.339311922725199224e+02 -2.393509305086256005e+06
9.397590361445783174e+02 3.480357427882728727e-01 -4.217177377564937615e+02 -9.637840623825342627e+05
9.437751004016064371e+02 3.502156539244434263e-01 -3.818670839242574857e+02 1.839600673965854803e+05
9.477911646586345569e+02 3.599993124582078763e-01 -3.177095809008808374e+02 1.117664550057147397e+06
9.518072289156625629e+02 3.641705943899120612e-01 -2.635542076188596070e+02 1.633388455191794317e+06
9.558232931726907964e+02 3.530906754783446067e-01 -2.541213129562261770e+02 1.514557543084593490e+06
9.598393574297188025e+02 3.364276723888203757e-01 -2.566696069599827297e+02 9.774987766605579527e+05
9.638554216867470359e+02 3.170864850043798033e-01 -2.562442457357155376e+02 4.794240296214526752e+05
9.678714859437751556e+02 2.899690011353246999e-01 -3.012321942486082094e+02 2.106768320326282992e+04
9.718875502008031617e+02 2.689286823952056205e-01 -3.074839942537667525e+02 8.609903479263035115e+04
9.759036144578313952e+02 2.761020764516033399e-01 -1.630003980503750824e+02 5.899576153880145866e+05
9.799196787148594012e+02 2.894066642783775789e-01 -9.629542767713132889e+00 5.783738432217702502e+05
9.839357429718875210e+02 3.390902642653648713e-01 2.505816985856727683e+02 1.186130851207601838e+06
9.879518072289156407e+02 5.516736378733790858e-01 2.289034552085369342e+03 1.673381215692935884e+07
9.919678714859437605e+02 5.999357807889694749e-01 3.607618617552987871e+03 2.982684829255597666e+07
9.959839357429718802e+02 5.999357807889694749e-01 3.607618617552987871e+03 2.500000000000000000e+05
1.000000000000000000e+03 5.516736378733790858e-01 2.289034552085369342e+03 2.500000000000000000e+05
