# 2.789760604392729
0.000000000000000000e+00 4.436095574310451539e+00 1.832817080150660786e+03 2.500000000000000000e+05
4.016064257028111761e+00 2.321641361101073886e-01 -9.003699277011339746e+02 2.500000000000000000e+05
8.032128514056223523e+00 2.321641361101073886e-01 9.003699277011339746e+02 -1.837716669569015130e+07
1.204819277108433795e+01 4.436095574310451539e+00 -1.832817080150660786e+03 -6.657771911156263351e+08
1.606425702811244705e+01 1.469503247946159386e+00 4.114904216843321478e+02 -2.122935754024632871e+08
2.008032128514056325e+01 1.914858291021949155e+00 -1.242172299675786007e+03 -2.612475025402829349e+08
2.409638554216867590e+01 8.150617015242926922e-01 7.802612912546459256e+02 -1.071409908507805914e+08
2.811244979919678499e+01 8.364571712515997959e-01 3.297354855888161751e+01 -1.021976869984150529e+08
3.212851405622489409e+01 7.029196809728960327e-01 -3.955695818474058569e+02 -7.903127578802111745e+07
3.614457831325301385e+01 5.010061337636898537e-01 1.857683247278575323e+01 -5.549249725121429563e+07
4.016064257028112650e+01 4.638149118594649956e-01 4.100083993339037391e+01 -5.031821651553180069e+07
4.417670682730923915e+01 5.348023958702952108e-01 -1.692120600470314287e+02 -5.565710557302440703e+07
4.819277108433735179e+01 4.720293155595031709e-01 2.440809639851739021e+01 -4.803848272677011788e+07
5.220883534136545734e+01 4.967871172306778660e-01 -6.066888895131867798e+01 -4.865437987913108617e+07
5.622489959839356999e+01 4.709091471424916575e-01 8.468603942932763573e+01 -4.515707144672925025e+07
6.024096385542168974e+01 4.906760387976155102e-01 5.858391153642713078e+01 -4.577879079377554357e+07
6.425702811244978818e+01 5.214740605065339984e-01 7.487181307694726229e+00 -4.783015747824525833e+07
6.827309236947790794e+01 5.347385299919756863e-01 -9.583971544419593158e+01 -4.853213182056828588e+07
7.228915662650602769e+01 5.151484551442931936e-01 -1.746079870478416467e+02 -4.608618313948837668e+07
7.630522088353414745e+01 4.670575784828421284e-01 -1.336831550837262910e+02 -4.104302995573014021e+07
8.032128514056225299e+01 4.249941644756518033e-01 -9.621516322621184258e+01 -3.662358955380880088e+07
8.433734939759035854e+01 3.901068107656322503e-01 -6.267241384785385350e+01 -3.323056814765492454e+07
8.835341365461847829e+01 3.640059704961952081e-01 -4.059315999198459224e+01 -3.077240631301343441e+07
9.236947791164658383e+01 3.554680388605068186e-01 -7.134831263532032608e+01 -2.967173290965111926e+07
9.638554216867470359e+01 3.491488314394876058e-01 -7.454783659005532570e+01 -2.887164454190902039e+07
1.004016064257028091e+02 3.449012317292770025e-01 -6.835733444997266872e+01 -2.824256079268110543e+07
1.044176706827309147e+02 3.366726682406148141e-01 -5.764185924597168054e+01 -2.732974036681241915e+07
1.084337349397590344e+02 3.325915905805981176e-01 -7.536927889109495027e+01 -2.678860381222406030e+07
1.124497991967871400e+02 3.280520654361557820e-01 -8.315839590895126321e+01 -2.636600067504430935e+07
1.164658634538152597e+02 3.282799480591096497e-01 -8.552189831425071986e+01 -2.630947510544487461e+07
1.204819277108433795e+02 3.280563024822337193e-01 -6.363474681437910618e+01 -2.621817559499247372e+07
1.244979919678714850e+02 3.281661731434955542e-01 -5.603732707076551378e+01 -2.613705783992338926e+07
1.285140562248995764e+02 3.262037189675627280e-01 -4.818290234679865591e+01 -2.596056702606922761e+07
1.325301204819277245e+02 3.286544590028811497e-01 -1.440836231309225113e+01 -2.612538693602141738e+07
1.365461847389558159e+02 3.352674931087474830e-01 1.828596916710811726e+01 -2.663816364155884832e+07
1.405622489959839356e+02 3.366731771764578940e-01 2.688144084098359698e+01 -2.683084014781623334e+07
1.445783132530120554e+02 3.345360358892658370e-01 2.309980832085138047e+01 -2.676508208502740785e+07
1.485943775100401467e+02 3.401485630694665030e-01 1.461933684402816702e+01 -2.719269561021090299e+07
1.526104417670682949e+02 3.432894230911971434e-01 -2.003005175684663186e+00 -2.747077385568330437e+07
1.566265060240963862e+02 3.445188697990942406e-01 -6.541307954876135966e+01 -2.763470298031770065e+07
1.606425702811245060e+02 3.510511797183145100e-01 -1.171566471924087978e+02 -2.813697841345366836e+07
1.646586345381525973e+02 3.796798768670388569e-01 -1.200296806878154285e+02 -3.001232997352560982e+07
1.686746987951807171e+02 4.167035922085929323e-01 -7.513906120238489450e+01 -3.225548514209368080e+07
1.726907630522088368e+02 4.383038133940852510e-01 -4.456794751118484044e+01 -3.324855243881095201e+07
1.767068273092369566e+02 4.450912085907371973e-01 1.319890679589617477e+00 -3.317631785191577673e+07
1.807228915662650479e+02 4.353574536961127839e-01 1.396145592248640810e+01 -3.254189422097561508e+07
1.847389558232931677e+02 4.038629458292425367e-01 -5.137740983035794784e+01 -3.111866468397357687e+07
1.887550200803212590e+02 3.693864708830280064e-01 -1.284099049128058709e+02 -2.954188043857284263e+07
1.927710843373494072e+02 3.515665030198165675e-01 -1.602826727814638730e+02 -2.867549068969733641e+07
1.967871485943775269e+02 3.593331996809614459e-01 -1.300918856747234145e+02 -2.937625938003577292e+07
2.008032128514056183e+02 3.726996890974075272e-01 -6.532020764597749007e+01 -3.022469509126695991e+07
2.048192771084337380e+02 3.766989806839745603e-01 -5.076973931948953123e+01 -3.038872401012404636e+07
2.088353413654618294e+02 3.654862892092813897e-01 -7.368890986423551226e+01 -2.963329142538726330e+07
2.128514056224899775e+02 3.513147593284008940e-01 -9.771241277958321803e+01 -2.875267121575785428e+07
2.168674698795180689e+02 3.441692437548927730e-01 -1.006127743326813260e+02 -2.827849548203321546e+07
2.208835341365461886e+02 3.430138990106256225e-01 -9.640677147871849684e+01 -2.811720404207040742e+07
2.248995983935742800e+02 3.471479356426445673e-01 -9.726555056605351979e+01 -2.816419642182010785e+07
2.289156626506023997e+02 3.556772021572947584e-01 -1.027836403499902644e+02 -2.856176991594992206e+07
2.329317269076305195e+02 3.710422602925142477e-01 -9.728106626866228623e+01 -2.955103990321283415e+07
2.369477911646586392e+02 4.005604695998262743e-01 -2.729542141396247601e+01 -3.169432179694568366e+07
2.409638554216867590e+02 4.392523098138105264e-01 1.114614210410082080e+02 -3.470147201638070494e+07
2.449799196787148503e+02 4.584297361649658509e-01 1.852073659136137280e+02 -3.652826201321575791e+07
2.489959839357429701e+02 4.489281734706936922e-01 8.001238949822680979e+01 -3.642131390416257083e+07
2.530120481927710614e+02 4.367952421082387793e-01 -1.541988985059283550e+02 -3.597442350822535157e+07
2.570281124497991527e+02 4.330418317961886032e-01 -4.313871420095128428e+02 -3.611179164610284567e+07
2.610441767068273293e+02 4.472305157473500659e-01 -6.183301798826040567e+02 -3.716113968542546034e+07
2.650602409638554491e+02 4.885968667970424506e-01 -6.006646795508961532e+02 -4.015477690604367107e+07
2.690763052208835688e+02 5.029744672923294191e-01 -4.405316920341311970e+02 -4.128236957453830540e+07
2.730923694779116317e+02 4.637492756707585762e-01 -2.612971166843449282e+02 -3.819204419884669781e+07
2.771084337349397515e+02 4.453677344409412986e-01 -6.604423655036994489e+01 -3.660200277051309496e+07
2.811244979919678713e+02 4.882713517920374002e-01 2.617318116533610350e+02 -3.936108696841809899e+07
2.851405622489959910e+02 5.495193837404949155e-01 6.067066828075566036e+02 -4.300468187623535842e+07
2.891566265060241108e+02 5.437074309559895013e-01 5.692569113325553189e+02 -4.213666726344640553e+07
2.931726907630521737e+02 4.770772468883789363e-01 -5.375310984825597416e+01 -3.789233349229651690e+07
2.971887550200802934e+02 4.342235392967018215e-01 -5.113220893280110317e+02 -3.500367292199437320e+07
3.012048192771084700e+02 4.458248038553346282e-01 -5.833499385451859780e+02 -3.538214544307694584e+07
3.052208835341365898e+02 4.857783542609891980e-01 -3.164022003923984130e+02 -3.814356708591365069e+07
3.092369477911646527e+02 5.012806141921056780e-01 -7.253395548377667978e+00 -3.950820962835165113e+07
3.132530120481927725e+02 4.277289005013065193e-01 7.325427628023878412e+01 -3.409776290157283843e+07
3.172690763052208922e+02 3.697510506656304652e-01 -1.309324461335488934e+02 -2.990125112935161218e+07
3.212851405622490120e+02 3.363800860720036479e-01 -2.529096130119455665e+02 -2.769344100888572633e+07
3.253012048192770749e+02 3.421627773327672317e-01 -3.214468028378846611e+02 -2.838736272701854631e+07
3.293172690763051946e+02 3.712518245002792150e-01 -2.376425430938582508e+02 -3.023738720408395678e+07
3.333333333333333144e+02 4.505132716333820064e-01 2.207048353804812280e+01 -3.493045665243171155e+07
3.373493975903614341e+02 5.034804534556345246e-01 2.719480155628504576e+02 -3.823006391782669723e+07
3.413654618473896107e+02 4.656576291093673103e-01 1.268282201273699172e+02 -3.649622632039762288e+07
3.453815261044176737e+02 3.938724074628655591e-01 -2.152189460192826118e+02 -3.244400684389203787e+07
3.493975903614457934e+02 3.468299752917466949e-01 -4.112296202136682268e+02 -2.952391236982815340e+07
3.534136546184739132e+02 3.370969594099658129e-01 -5.112018242300177917e+02 -2.914112056557410210e+07
3.574297188755020329e+02 4.083253693921560790e-01 -6.723005858628346232e+02 -3.406342835601986945e+07
3.614457831325300958e+02 7.027496126550417666e-01 -9.502543838362801125e+02 -4.873049293539331853e+07
3.654618473895582156e+02 1.169224244441430693e+00 -3.286893271734956215e+03 -6.870188253853498399e+07
3.694779116465863353e+02 1.014096790581657581e+00 -3.307100829663408149e+03 -6.259025047465725988e+07
3.734939759036144551e+02 6.485459588623565530e-01 -1.114546688407982856e+03 -4.587561240240201354e+07
3.775100401606425180e+02 6.281074877366770171e-01 -9.966837088323968601e+02 -4.355989880467182398e+07
3.815261044176706946e+02 7.795857103508920805e-01 -1.808916623209249565e+03 -4.915828235443914682e+07
3.855421686746988144e+02 1.123331956128714504e+00 -4.399114152994019605e+03 -6.339041489325943589e+07
3.895582329317269341e+02 1.004785793714694675e+00 -3.438672071279980173e+03 -6.324351846311621368e+07
3.935742971887550539e+02 7.126321109973605683e-01 -1.310449068973175827e+03 -5.142412113929311186e+07
3.975903614457831168e+02 5.911294268579144751e-01 -4.550039653948965679e+02 -4.479327570062116534e+07
4.016064257028112365e+02 5.262343139330821762e-01 7.984867448563923631e+01 -4.248916508387795836e+07
4.056224899598393563e+02 5.461675573874312795e-01 1.728246749279600749e+02 -4.498291899324909598e+07
4.096385542168674760e+02 6.323643904870432930e-01 -3.834261501749575700e+02 -4.897969692225322127e+07
4.136546184738955390e+02 7.063617116396383455e-01 -2.052208976907989836e+03 -4.604564201310721040e+07
4.176706827309236587e+02 1.056759999862544985e+00 -5.036855799074194692e+03 -6.103534513233544677e+07
4.216867469879518353e+02 9.318714060843220626e-01 -3.464861648494103065e+03 -6.114003390327836573e+07
4.257028112449799551e+02 6.552218802370305406e-01 -1.235762953315293316e+03 -4.871257126399688423e+07
4.297188755020080180e+02 5.350734961138685630e-01 -4.342912345814011132e+02 -4.152685915052476525e+07
4.337349397590361377e+02 5.345587337411694673e-01 -3.453978920415146376e+02 -4.120847888837737590e+07
4.377510040160642575e+02 7.490021518256040345e-01 -1.494342344248591417e+03 -5.165193767067668587e+07
4.417670682730923772e+02 1.248050342341909591e+00 -4.636998115746274379e+03 -7.782722806770218909e+07
4.457831325301204970e+02 1.086631141868157124e+00 -3.441974923804305490e+03 -7.391439040630760789e+07
4.497991967871485599e+02 7.272865608861235343e-01 -1.617960453992322300e+03 -5.594463259732253104e+07
4.538152610441766797e+02 7.097888697509254774e-01 -2.072181125303938188e+03 -5.179474981668511778e+07
4.578313253012047994e+02 8.413656463531835605e-01 -3.114446537784270276e+03 -5.646950579507506639e+07
4.618473895582329760e+02 8.898594624559488242e-01 -3.169925753478330989e+03 -6.071074699337138981e+07
4.658634538152610389e+02 8.091113981745141626e-01 -2.249294703812289299e+03 -5.755363223003455997e+07
4.698795180722891587e+02 7.540926720432302721e-01 -1.908856133581622544e+03 -5.329797186695606261e+07
4.738955823293172784e+02 8.743365958523809933e-01 -2.877274717336374579e+03 -5.516929152998671681e+07
4.779116465863453982e+02 1.221607328491820077e+00 -4.535667996717431379e+03 -6.879154121319261193e+07
4.819277108433735179e+02 1.157603136402726385e+00 -3.238741028612169430e+03 -7.211342897324144840e+07
4.859437751004015809e+02 7.615816159761068516e-01 -6.129454956481328054e+02 -5.681541855987285078e+07
4.899598393574297006e+02 5.280979449925669034e-01 1.494631024307393545e+02 -4.448022376413583010e+07
4.939759036144578204e+02 5.037211012708251445e-01 -1.684551205166769705e+02 -4.238278439078226686e+07
4.979919678714859401e+02 4.711771682672187267e-01 -3.372372437890616084e+02 -3.923771388353568316e+07
5.020080321285140599e+02 4.266290478210642001e-01 -3.445812802252683582e+02 -3.575868644121380895e+07
5.060240963855421228e+02 4.980062541381193308e-01 -1.134892338473265227e+03 -3.778251172077294439e+07
5.100401606425702994e+02 8.551917912622278850e-01 -3.873099411961914029e+03 -5.262582094278616458e+07
5.140562248995983055e+02 1.079871626956068198e+00 -4.653580547227657917e+03 -6.808425722050362825e+07
5.180722891566265389e+02 8.636601406017947458e-01 -2.424160169669833522e+03 -6.030160100833015144e+07
5.220883534136546587e+02 5.785901305694907126e-01 -5.850488472839269889e+02 -4.579534751470099390e+07
5.261044176706827784e+02 4.538066112711049982e-01 -1.464940367742059379e+00 -3.712956150571954250e+07
5.301204819277108982e+02 4.129683131756259895e-01 1.943486016791168538e+02 -3.444718309825422615e+07
5.341365461847389042e+02 4.333287218715193845e-01 6.290236160682420063e+01 -3.585340698991995305e+07
5.381526104417671377e+02 5.702060285425469832e-01 -9.309066415649643886e+02 -4.188844282062341273e+07
5.421686746987951437e+02 9.468589243386607013e-01 -3.743274381072724736e+03 -5.610230019009084255e+07
5.461847389558232635e+02 9.973748610651690383e-01 -3.844409367965619367e+03 -6.075347612083891034e+07
5.502008032128513833e+02 6.483912789775845287e-01 -1.364651755095654153e+03 -4.819331503939192742e+07
5.542168674698795030e+02 4.338443435046148156e-01 -3.865063267285615893e+02 -3.612160967864642292e+07
5.582329317269076228e+02 4.013840292187558778e-01 -3.982270972637189743e+02 -3.376194217012164742e+07
5.622489959839357425e+02 4.507511227730727210e-01 -9.454123430884678783e+02 -3.529730530506672710e+07
5.662650602409638623e+02 6.660401442431412855e-01 -2.776032092519938033e+03 -4.317659494821680337e+07
5.702811244979919820e+02 8.796518178091670137e-01 -3.791341927624944219e+03 -5.491601345177857578e+07
5.742971887550201018e+02 7.404953473505412331e-01 -2.421030649650215310e+03 -5.088362452033524215e+07
5.783132530120482215e+02 5.350376909207962273e-01 -8.695818749400731349e+02 -4.146571027466098964e+07
5.823293172690763413e+02 4.490647408763272508e-01 -4.949761934975232407e+02 -3.591343787669038028e+07
5.863453815261043474e+02 4.823332565109826331e-01 -8.261694121958710184e+02 -3.642907010191994160e+07
5.903614457831325808e+02 6.897433184324850419e-01 -2.460353253135254818e+03 -4.363719529474839568e+07
5.943775100401605869e+02 9.258830488496172517e-01 -3.577476042841757135e+03 -5.464287974397070706e+07
5.983935742971887066e+02 7.986186721953351109e-01 -2.300647668617547424e+03 -5.118641829359093308e+07
6.024096385542169401e+02 5.783229816503124843e-01 -7.456472642313938195e+02 -4.192823266412232816e+07
6.064257028112449461e+02 5.179665217394275878e-01 -4.962210189209345685e+02 -3.776365457468093932e+07
6.104417670682731796e+02 6.011999898269190235e-01 -1.131850087336797969e+03 -4.057628790503465384e+07
6.144578313253011856e+02 8.859926299145366446e-01 -2.893409351081011664e+03 -5.147050776824522018e+07
6.184738955823293054e+02 9.769367141115021802e-01 -2.855859771308980726e+03 -5.695506766198815405e+07
6.224899598393574252e+02 7.838914923465906126e-01 -1.215456784523932356e+03 -5.087298989180772752e+07
6.265060240963855449e+02 6.428745422650572472e-01 -4.081068419067809145e+02 -4.435499928135503829e+07
6.305220883534136647e+02 6.850018068817352868e-01 -7.161816446802228029e+02 -4.539698534926471859e+07
6.345381526104417844e+02 8.888336435619335063e-01 -1.861722424033987409e+03 -5.237267099545647204e+07
6.385542168674697905e+02 9.690887280924210812e-01 -2.058668241012122053e+03 -5.506943192162139714e+07
6.425702811244980239e+02 8.210269163482131205e-01 -1.036118839842116358e+03 -4.943353512995406985e+07
6.465863453815261437e+02 7.005170570555456777e-01 -5.918516840728248098e+02 -4.418241160690795630e+07
6.506024096385541498e+02 7.087559310828983605e-01 -8.950859298669952295e+02 -4.381563138662862778e+07
6.546184738955823832e+02 7.738292677232736505e-01 -1.575730355987221856e+03 -4.581470965305782855e+07
6.586345381526103893e+02 7.996595449320876847e-01 -2.007442001875303276e+03 -4.734284825661493093e+07
6.626506024096386227e+02 7.569217516714664695e-01 -1.850698180001406399e+03 -4.650543329918885976e+07
6.666666666666666288e+02 6.751890947297827239e-01 -1.470568742215297107e+03 -4.397899881465496868e+07
6.706827309236947485e+02 6.286878219737269680e-01 -1.340884377695522517e+03 -4.192865561509888619e+07
6.746987951807228683e+02 6.353999631751461319e-01 -1.462920650772427280e+03 -4.197831124407130480e+07
6.787148594377509880e+02 6.707576534485722997e-01 -1.739584410600389447e+03 -4.333477626868967712e+07
6.827309236947792215e+02 6.987018582320532190e-01 -1.862434969716530077e+03 -4.470372722610990703e+07
6.867469879518072275e+02 6.912348427553188790e-01 -1.763976009399736313e+03 -4.468706551201482862e+07
6.907630522088353473e+02 6.693588891155378695e-01 -1.571969487048230803e+03 -4.396800838004604727e+07
6.947791164658634671e+02 6.587831453251137281e-01 -1.510327347231580234e+03 -4.351536905055443197e+07
6.987951807228915868e+02 6.684739976813882656e-01 -1.583476198964056721e+03 -4.384096388972491026e+07
7.028112449799195929e+02 6.964719921528115254e-01 -1.767754507800999363e+03 -4.494525554932752997e+07
7.068273092369478263e+02 7.210054445568956361e-01 -1.877627929493477495e+03 -4.611519841610923409e+07
7.108433734939758324e+02 7.211983758100329878e-01 -1.829781160001328089e+03 -4.631708478013432771e+07
7.148594377510040658e+02 7.078239923037508152e-01 -1.710061463829698596e+03 -4.586770354953935742e+07
7.188755020080320719e+02 7.025633277962932688e-01 -1.657037944294267618e+03 -4.550017816083746403e+07
7.228915662650601917e+02 7.106668114850497320e-01 -1.696197513069938168e+03 -4.573162536047551036e+07
7.269076305220884251e+02 7.256664429698689300e-01 -1.754385563054589966e+03 -4.615878393217948079e+07
7.309236947791164312e+02 7.306123145755512027e-01 -1.736479459778232922e+03 -4.619388879937366396e+07
7.349397590361446646e+02 7.269091868056354322e-01 -1.663329690601374978e+03 -4.584642682887205482e+07
7.389558232931726707e+02 7.207965960033118069e-01 -1.609964196555842818e+03 -4.505173614979654551e+07
7.429718875502007904e+02 7.217232451166188945e-01 -1.625920796282630590e+03 -4.407559142113170773e+07
7.469879518072289102e+02 7.233252230339080047e-01 -1.644423760778772021e+03 -4.306847057943673432e+07
7.510040160642570299e+02 7.167488713665221001e-01 -1.597315025263689449e+03 -4.190728225978856534e+07
7.550200803212850360e+02 6.929269305282186320e-01 -1.472284947429982140e+03 -4.012321060941422731e+07
7.590361445783132694e+02 6.831958277093996834e-01 -1.406699771200091163e+03 -3.880803315711770952e+07
7.630522088353413892e+02 6.956665644676024440e-01 -1.452116349531413562e+03 -3.860699346583849192e+07
7.670682730923695090e+02 7.235665899051253458e-01 -1.430760626854887050e+03 -3.859762413371078670e+07
7.710843373493976287e+02 7.320214708837390338e-01 -1.208738246769185707e+03 -3.811121108472561091e+07
7.751004016064256348e+02 7.426221715964965719e-01 -9.529442051879973405e+02 -3.684743608551221341e+07
7.791164658634538682e+02 7.432989026242470265e-01 -8.395225059192492836e+02 -3.346405710008132830e+07
7.831325301204818743e+02 7.089325006259812323e-01 -8.479072258226291297e+02 -2.741910560765510798e+07
7.871485943775101077e+02 6.167269881851634716e-01 -7.726752589446663251e+02 -2.031306334696449339e+07
7.911646586345381138e+02 5.363918155818833133e-01 -8.195347765747063704e+02 -1.446802150158401951e+07
7.951807228915662336e+02 5.140461496380297479e-01 -1.093976503363227721e+03 -9.957214460254091769e+06
7.991967871485943533e+02 4.915888647257390942e-01 -1.127286660987149162e+03 -7.259985814534566365e+06
8.032128514056224731e+02 4.554475989675578762e-01 -9.797966641865863267e+02 -6.033964711396113038e+06
8.072289156626505928e+02 4.380813112856875025e-01 -9.454106096012126272e+02 -5.034084518444978632e+06
8.112449799196787126e+02 4.441348931360167285e-01 -1.029349242260955180e+03 -3.894864795819806866e+06
8.152610441767068323e+02 4.526281243758764616e-01 -1.056833221001265429e+03 -3.106335026647228748e+06
8.192771084337349521e+02 4.442989869825184068e-01 -9.372644411858095737e+02 -3.173466089808291756e+06
8.232931726907630718e+02 4.247324780197003213e-01 -7.470830159938857378e+02 -3.482086948070026003e+06
8.273092369477910779e+02 4.178252163450504320e-01 -6.812795120749213993e+02 -3.352314701776180882e+06
8.313253012048193114e+02 4.277129301895449820e-01 -7.225366943018283337e+02 -2.833430403597349301e+06
8.353413654618473174e+02 4.383669267683868997e-01 -7.243161377578933298e+02 -2.553230905937632080e+06
8.393574297188755509e+02 4.322341418149983627e-01 -6.010941602438042537e+02 -2.822005113088688813e+06
8.433734939759036706e+02 4.168670881454955568e-01 -4.432944023417135782e+02 -3.277001787318758667e+06
8.473895582329316767e+02 4.146671044097589021e-01 -4.042338314321502253e+02 -3.330570642512365710e+06
8.514056224899599101e+02 4.257580915186002790e-01 -4.329462978174092882e+02 -3.108219407445637975e+06
8.554216867469879162e+02 4.299156555528653723e-01 -4.040150017986849775e+02 -3.111755880227296613e+06
8.594377510040160359e+02 4.162733853323180577e-01 -2.731006292120731018e+02 -3.508708239784470294e+06
8.634538152610441557e+02 3.986149888720383339e-01 -1.679272160371131406e+02 -3.878149194821175653e+06
8.674698795180722755e+02 3.960045472053156934e-01 -1.920671851432677499e+02 -3.811370855452258606e+06
8.714859437751003952e+02 4.059531319639650970e-01 -3.009832874694395741e+02 -3.433744973977656569e+06
8.755020080321285150e+02 4.113928762302515030e-01 -3.781310957900091125e+02 -3.244679331652387045e+06
8.795180722891565210e+02 4.042068447131124675e-01 -3.634816447053412389e+02 -3.444441894137402531e+06
8.835341365461847545e+02 3.918401414711615849e-01 -3.394448469688943533e+02 -3.716009210317064542e+06
8.875502008032128742e+02 3.905612531690895728e-01 -3.843141136318590156e+02 -3.648885914284274913e+06
8.915662650602409940e+02 4.002716108430365849e-01 -4.946874351751472432e+02 -3.275967249151969329e+06
8.955823293172691137e+02 4.087780581927474843e-01 -5.363038769300566173e+02 -2.907448970459663309e+06
8.995983935742971198e+02 4.020057409254433889e-01 -4.633466251376662512e+02 -2.785415476379918400e+06
9.036144578313253533e+02 3.940544310430204589e-01 -3.770883996998789485e+02 -2.576533545165097341e+06
9.076305220883533593e+02 4.023672477711516260e-01 -3.991893776486634806e+02 -1.887582559407108463e+06
9.116465863453815928e+02 4.245344440414094422e-01 -4.915488677884649746e+02 -8.891461880726353265e+05
9.156626506024095988e+02 4.374706707196273636e-01 -5.264555359699904784e+02 -4.070362622077840497e+05
9.196787148594377186e+02 4.380853369516555795e-01 -4.832293056882654696e+02 -7.554114909477205947e+05
9.236947791164659520e+02 4.493621281622112718e-01 -3.548509322392837930e+02 -1.032618889366720803e+06
9.277108433734939581e+02 4.796214218370626337e-01 -2.192876343675443991e+02 -1.046220665198160103e+06
9.317269076305220779e+02 5.119704162082571175e-01 -1.350747192056153096e+02 -6.503840084816184826e+05
9.357429718875501976e+02 5.141799611667610126e-01 -2.003236974605439968e+02 -3.453983410477443831e+05
9.397590361445783174e+02 4.732369002568916905e-01 -2.963578593455087002e+02 -1.640755867422423325e+06
9.437751004016064371e+02 4.338174870337218048e-01 -4.792595095962749951e+02 -2.907410029212565627e+06
9.477911646586345569e+02 4.075761362639379604e-01 -6.361506293597836930e+02 -3.338936376359415241e+06
9.518072289156625629e+02 3.931893494786832810e-01 -7.144290836575487447e+02 -3.365928161447469611e+06
9.558232931726907964e+02 3.849571361758175603e-01 -7.230384471011511778e+02 -3.302414639539166354e+06
9.598393574297188025e+02 3.767874331833326873e-01 -6.558554827433874834e+02 -3.496903392185035627e+06
9.638554216867470359e+02 3.676563876109099627e-01 -5.370607542228373177e+02 -3.763327062615497038e+06
9.678714859437751556e+02 3.582103269237008614e-01 -4.248021490867857324e+02 -4.096543118832900189e+06
9.718875502008031617e+02 3.419676048261702239e-01 -3.076004086647081976e+02 -4.659749919032394886e+06
9.759036144578313952e+02 3.107209776267977341e-01 -2.129037125919069808e+02 -5.385540822959074751e+06
9.799196787148594012e+02 2.834158841441790089e-01 -1.748735364077023462e+02 -6.004452900087059475e+06
9.839357429718875210e+02 3.028241398683405028e-01 6.421478586757565665e+01 -6.430371433913997374e+06
9.879518072289156407e+02 2.226947805706804839e-01 -1.011308274446283377e+02 -2.973609281188379508e+06
9.919678714859437605e+02 2.176015438327080220e-01 -1.971560200555617826e+02 -2.175911287552755384e+05
9.959839357429718802e+02 2.176015438327080220e-01 -1.971560200555617826e+02 2.500000000000000000e+05
1.000000000000000000e+03 2.226947805706804839e-01 -1.011308274446283377e+02 2.500000000000000000e+05
