# 1.784984976432578
0.000000000000000000e+00 1.059724253192683374e+00 1.000773675430097796e+03 2.500000000000000000e+05
4.016064257028111761e+00 3.183986175917886685e-01 2.080108765940590843e+01 2.500000000000000000e+05
8.032128514056223523e+00 3.183986175917886685e-01 -2.080108765940590843e+01 -2.891334795649886131e+07
1.204819277108433795e+01 1.059724253192683374e+00 -1.000773675430097796e+03 -1.326936206146654338e+08
1.606425702811244705e+01 7.085603811428814458e-01 -9.096847770171982006e+01 -9.126753906790575385e+07
2.008032128514056325e+01 8.595502883542407435e-01 -7.922303290257711978e+02 -1.059307863442689180e+08
2.409638554216867590e+01 7.603035496907982749e-01 -2.597184630994964891e+02 -9.012938550417329371e+07
2.811244979919678499e+01 7.336223430492820885e-01 -1.439882060574851153e+02 -7.861816259153595567e+07
3.212851405622489409e+01 6.738507378663705083e-01 -1.377958824374700555e+02 -6.329158075882633775e+07
3.614457831325301385e+01 7.388366614090712270e-01 -2.761161817000945007e+02 -6.010627419060853124e+07
4.016064257028112650e+01 7.729456451251814908e-01 -3.836285519673105000e+02 -5.701083360998804867e+07
4.417670682730923915e+01 7.739253667984007379e-01 5.240391994576614820e+01 -5.228187861069025099e+07
4.819277108433735179e+01 6.818177013433130984e-01 7.400344892763871485e+02 -4.494512683444381505e+07
5.220883534136545734e+01 5.890771707279579550e-01 1.140912946457150838e+03 -3.815774136782634258e+07
5.622489959839356999e+01 5.323185028731565183e-01 1.095844350790039243e+03 -3.415948860664836317e+07
6.024096385542168974e+01 5.063247251129487925e-01 8.511699678297073888e+02 -3.293639377222153544e+07
6.425702811244978818e+01 4.815323046196579582e-01 6.168807970413724888e+02 -3.208221681335727125e+07
6.827309236947790794e+01 4.855186886853711248e-01 3.804202686502469533e+02 -3.246666225456294045e+07
7.228915662650602769e+01 5.136232524829277279e-01 2.501300743611257360e+02 -3.383515254315862805e+07
7.630522088353414745e+01 5.397728423758161309e-01 1.770896950186808567e+02 -3.529781231886094809e+07
8.032128514056225299e+01 5.193000948608404999e-01 1.367894521570827067e+02 -3.445322151517531276e+07
8.433734939759035854e+01 4.845450781668091955e-01 6.969864148693768868e+01 -3.210190431365488097e+07
8.835341365461847829e+01 4.444491309112167388e-01 3.753203804748835637e+01 -2.960823775681622326e+07
9.236947791164658383e+01 4.374307238954626698e-01 -2.404636014895774920e+01 -2.952383237133478001e+07
9.638554216867470359e+01 4.516200720935261148e-01 3.620656173461632932e+00 -3.100067739895357937e+07
1.004016064257028091e+02 4.894325737257010367e-01 7.858362532053141081e+01 -3.300694003823398799e+07
1.044176706827309147e+02 5.175353543675910162e-01 2.027333954659205233e+02 -3.361415618666595221e+07
1.084337349397590344e+02 5.164552074291430817e-01 2.422444103352509330e+02 -3.311655299964712560e+07
1.124497991967871400e+02 4.833949704524904689e-01 1.909907336331664283e+02 -3.176467158343019709e+07
1.164658634538152597e+02 4.605114720209717571e-01 3.411277435105240841e+00 -3.085058668285785615e+07
1.204819277108433795e+02 4.506404565965491105e-01 -1.692255942854413320e+02 -2.996945751132307947e+07
1.244979919678714850e+02 4.875605398515990840e-01 -3.888823045592275207e+02 -3.138545053740194067e+07
1.285140562248995764e+02 5.598479922436402356e-01 -5.359941094578210823e+02 -3.436442168301843107e+07
1.325301204819277245e+02 6.663601205804957628e-01 -4.023711831553108595e+02 -3.945622646597130597e+07
1.365461847389558159e+02 6.961801625577755948e-01 -2.223062017198175795e+02 -4.202180269063587487e+07
1.405622489959839356e+02 6.179261788885419548e-01 -6.459337728058986272e+01 -3.982912475472030789e+07
1.445783132530120554e+02 5.467166511300243226e-01 -5.857153227803917162e+01 -3.707276861468821019e+07
1.485943775100401467e+02 4.974939269640631379e-01 -3.595801388632663986e+01 -3.469525817432375252e+07
1.526104417670682949e+02 4.756248874746697441e-01 2.715673808128899935e+01 -3.339332347682837397e+07
1.566265060240963862e+02 4.740610807708454666e-01 1.366051088684749004e+02 -3.224017420141587779e+07
1.606425702811245060e+02 4.804197274196175260e-01 2.713247999977753580e+02 -3.141162496349573880e+07
1.646586345381525973e+02 4.718824928287799203e-01 3.687821161527555773e+02 -3.021531015737578273e+07
1.686746987951807171e+02 4.598752103869117036e-01 3.037747454279290764e+02 -2.989716451503838971e+07
1.726907630522088368e+02 4.590264248810327352e-01 2.256472890150600392e+02 -3.109522853258663416e+07
1.767068273092369566e+02 4.592077806540996732e-01 2.014933052512675147e+02 -3.254758203334831074e+07
1.807228915662650479e+02 4.465022973932530892e-01 1.471761982959071418e+02 -3.226155979877038300e+07
1.847389558232931677e+02 4.211633583972450023e-01 3.552408276096920758e+01 -3.067443625094499812e+07
1.887550200803212590e+02 4.050374533879242400e-01 -7.560241191923945792e+01 -2.895818669078192860e+07
1.927710843373494072e+02 4.117865938627095490e-01 -1.723006024575467450e+02 -2.834695106455409527e+07
1.967871485943775269e+02 4.504784064373985597e-01 -2.276134498593807507e+02 -2.877970826652271673e+07
2.008032128514056183e+02 5.481043703657921817e-01 -4.441241694206684087e+01 -3.198731174291993305e+07
2.048192771084337380e+02 6.363866575824388416e-01 2.126848195550684295e+02 -3.619124754447757453e+07
2.088353413654618294e+02 6.391615680417971346e-01 3.948563621970104691e+02 -3.869130444379980862e+07
2.128514056224899775e+02 5.859219717130182969e-01 4.819890707648558532e+02 -3.655279127003730834e+07
2.168674698795180689e+02 4.994015474723258463e-01 3.463739826738479906e+02 -3.228547123105466738e+07
2.208835341365461886e+02 4.465852114806646567e-01 1.034927097356996484e+02 -2.963892211555510014e+07
2.248995983935742800e+02 4.372024136002709005e-01 1.855848270220917939e+01 -2.910887283102508634e+07
2.289156626506023997e+02 4.380294831630774377e-01 -8.150032908542961252e-01 -2.912077434436946362e+07
2.329317269076305195e+02 4.222395493382760656e-01 -5.869691136363120876e+01 -2.877942912334416062e+07
2.369477911646586392e+02 4.083512530358369141e-01 -1.481439582208280115e+02 -2.871527933789566532e+07
2.409638554216867590e+02 4.179628806258015583e-01 -1.779132788679388284e+02 -2.951155678578620777e+07
2.449799196787148503e+02 4.468777078394993718e-01 -9.349767400214943791e+01 -3.057997044120251015e+07
2.489959839357429701e+02 5.002933278279514395e-01 3.379251934609257546e+01 -3.201568129376719892e+07
2.530120481927710614e+02 6.061678306157788354e-01 3.062264496058897976e+02 -3.422646801033923775e+07
2.570281124497991527e+02 7.245404107089922219e-01 2.725826885526962542e+02 -3.621775632521972805e+07
2.610441767068273293e+02 7.586112283890634744e-01 -8.906478383942421715e+02 -3.909509112181612104e+07
2.650602409638554491e+02 7.061767996995956809e-01 -1.179942834292146927e+03 -4.096839539169520885e+07
2.690763052208835688e+02 5.617500390559319046e-01 -8.267794547967362178e+02 -3.623474034413971752e+07
2.730923694779116317e+02 4.300279852953176052e-01 -5.457052175926062318e+02 -2.787416619921648875e+07
2.771084337349397515e+02 3.785672675198044068e-01 -4.179302285411160938e+02 -2.364438641492313519e+07
2.811244979919678713e+02 3.766672759484890332e-01 -3.477200050324092899e+02 -2.291669031084106490e+07
2.851405622489959910e+02 4.157410400305718845e-01 -2.782366132950847941e+02 -2.423199176802495867e+07
2.891566265060241108e+02 4.793608739470101021e-01 -2.608201732511499813e+02 -2.806563705755107850e+07
2.931726907630521737e+02 6.166307611284461698e-01 -2.326859110135243043e+02 -3.618911009565097839e+07
2.971887550200802934e+02 8.415362342153761555e-01 3.333438857243664302e+02 -4.482729744682278484e+07
3.012048192771084700e+02 1.020018874822760102e+00 7.783575963231975265e+02 -4.931208733400825411e+07
3.052208835341365898e+02 8.156427014279962195e-01 1.952797903610398293e+02 -4.087770825659108907e+07
3.092369477911646527e+02 5.705368768559653248e-01 -2.111366950881954381e+02 -2.940753111979663372e+07
3.132530120481927725e+02 5.630607767940266628e-01 -1.209575077413029703e+03 -2.693826361425838992e+07
3.172690763052208922e+02 6.194012953748446737e-01 -1.852140399300563331e+03 -3.031462708847991750e+07
3.212851405622490120e+02 6.108860554939028464e-01 -1.702639662437527477e+03 -3.345512318298443779e+07
3.253012048192770749e+02 5.358755023368342307e-01 -1.101210175162097812e+03 -3.224268476138492674e+07
3.293172690763051946e+02 4.482019047017998803e-01 -6.039716662429649432e+02 -2.884330207263227180e+07
3.333333333333333144e+02 3.975969068396204564e-01 -4.183091517832391446e+02 -2.635052741999758035e+07
3.373493975903614341e+02 3.764034461642417062e-01 -3.806920447744224703e+02 -2.533881839522664994e+07
3.413654618473896107e+02 3.673365494052213687e-01 -3.763432339126829902e+02 -2.481700711593874916e+07
3.453815261044176737e+02 3.553387943456849385e-01 -3.613092583944322769e+02 -2.332145112432892621e+07
3.493975903614457934e+02 3.279277357038124507e-01 -3.121528301378141919e+02 -2.008087408176400512e+07
3.534136546184739132e+02 3.110865288561339148e-01 -2.794114119274472614e+02 -1.830020315961174667e+07
3.574297188755020329e+02 3.111186086842575582e-01 -2.995659328273816868e+02 -1.811824260460045934e+07
3.614457831325300958e+02 3.214954526202766782e-01 -4.014601003512333932e+02 -1.902781842006846517e+07
3.654618473895582156e+02 3.619820982934651155e-01 -4.802229233283883332e+02 -2.190124651879804209e+07
3.694779116465863353e+02 4.335143954545171985e-01 -3.985937708214207760e+02 -2.715237048762165383e+07
3.734939759036144551e+02 4.823720842403261266e-01 -2.918775323597458851e+02 -3.084250297232121602e+07
3.775100401606425180e+02 4.513175888095762867e-01 -3.857167419043894370e+02 -2.927275030094306916e+07
3.815261044176706946e+02 4.230652414695824648e-01 -3.807513178806098040e+02 -2.718952111150956526e+07
3.855421686746988144e+02 4.730470044471927205e-01 -1.787472480336617480e+02 -2.919378391151033342e+07
3.895582329317269341e+02 6.143088774489109394e-01 3.498230404600947168e+02 -3.507684610293817520e+07
3.935742971887550539e+02 9.836338775728287187e-01 2.693891709302187337e+03 -4.070558617726793885e+07
3.975903614457831168e+02 1.098516148328895436e+00 3.515950691323065257e+03 -3.334728406129381061e+07
4.016064257028112365e+02 7.027294813335716039e-01 3.589285316825337304e+02 -3.228244391462367773e+07
4.056224899598393563e+02 5.553368438426130593e-01 -7.007877160902041851e+02 -3.429769639490348101e+07
4.096385542168674760e+02 5.400601320382381054e-01 -4.950219184344929317e+02 -3.369659022486153245e+07
4.136546184738955390e+02 6.140507659251123185e-01 1.026027814968753944e+02 -3.703392979506393522e+07
4.176706827309236587e+02 6.736749926455054549e-01 6.960057549300024675e+02 -4.092526467979095131e+07
4.216867469879518353e+02 6.580815293534389987e-01 4.637012442574632587e+02 -4.121745566984023154e+07
4.257028112449799551e+02 6.481986233797925046e-01 -2.968794569569093937e+02 -3.913459653341199458e+07
4.297188755020080180e+02 8.512164417223783142e-01 -2.164835097445843985e+03 -3.899079824705664068e+07
4.337349397590361377e+02 1.191804481093003298e+00 -4.935643147570962356e+03 -5.054454599667736143e+07
4.377510040160642575e+02 1.040884423913731149e+00 -3.725597024245714692e+03 -5.160114354690103978e+07
4.417670682730923772e+02 7.199264162622447394e-01 -1.632479726312056528e+03 -3.895943356749266386e+07
4.457831325301204970e+02 5.991738684626718436e-01 -8.005039945810519839e+02 -3.042532596575356647e+07
4.497991967871485599e+02 5.754686966968852735e-01 -1.626326326465885188e+02 -2.798778726868086681e+07
4.538152610441766797e+02 5.603936868876647770e-01 4.627850134309215377e+02 -2.761090029484051466e+07
4.578313253012047994e+02 6.155171956051171955e-01 2.633883252515240656e+02 -3.324110005934340879e+07
4.618473895582329760e+02 1.129752148500332565e+00 -6.203367391593671982e+02 -5.618659318248147517e+07
4.658634538152610389e+02 2.220809778997844042e+00 -2.473615149277837190e+03 -8.280153236878643930e+07
4.698795180722891587e+02 1.248446816409368942e+00 -4.825556738133491308e+01 -5.493761322343219817e+07
4.738955823293172784e+02 5.715335368200881172e-01 1.699486636030987029e+03 -4.206517748932221532e+07
4.779116465863453982e+02 5.056399622173709529e-01 5.960819618597638510e+02 -3.569909269176033884e+07
4.819277108433735179e+02 4.553110373934979860e-01 3.317157245392021423e+02 -3.168559899823037907e+07
4.859437751004015809e+02 4.478735895571324122e-01 1.721807945104034161e+02 -3.125505177154543623e+07
4.899598393574297006e+02 5.301131210465093169e-01 -6.245952921931541368e+02 -3.252945505487287790e+07
4.939759036144578204e+02 8.754250890701975596e-01 -3.289694060943923887e+03 -3.780117071617989242e+07
4.979919678714859401e+02 1.079532912744187279e+00 -4.399913384252000469e+03 -4.400985939947351068e+07
5.020080321285140599e+02 7.852574133827077141e-01 -1.705256369058705332e+03 -4.042363803422859311e+07
5.060240963855421228e+02 4.803601001368340562e-01 -6.159536811212416296e+01 -3.232313293531473726e+07
5.100401606425702994e+02 4.143925874098532969e-01 5.904211306861704145e+00 -2.849244994582220912e+07
5.140562248995983055e+02 5.074498763418587854e-01 -1.022440189065544473e+03 -2.878735296686254069e+07
5.180722891566265389e+02 8.952490002229842592e-01 -4.198211617598646626e+03 -3.137131356041962653e+07
5.220883534136546587e+02 9.940179367624597528e-01 -4.065669438778064887e+03 -3.756177616981923580e+07
5.261044176706827784e+02 6.470123027886371947e-01 -1.078257408787873828e+03 -3.358899294836709648e+07
5.301204819277108982e+02 4.339297260004645329e-01 1.041821388780187476e+02 -2.660233170800255984e+07
5.341365461847389042e+02 3.909566627587444665e-01 2.318254981954802645e+02 -2.525493115036065504e+07
5.381526104417671377e+02 4.190190192319409590e-01 -4.844808618965871005e+01 -2.600385870222072676e+07
5.421686746987951437e+02 4.960182503871425341e-01 -7.970282682406934782e+02 -2.642799377243574336e+07
5.461847389558232635e+02 8.066581024619874363e-01 -3.414165165313750549e+03 -3.019483397803044319e+07
5.502008032128513833e+02 9.916644938574783463e-01 -4.164662312806217415e+03 -4.194574646142095327e+07
5.542168674698795030e+02 7.834767598235724551e-01 -1.732668341795842935e+03 -4.038362922096730769e+07
5.582329317269076228e+02 5.198682882212101175e-01 -1.058176708678694808e+02 -3.335645532570336014e+07
5.622489959839357425e+02 4.207134540788587951e-01 2.818434636250869971e+02 -2.851154444544228166e+07
5.662650602409638623e+02 4.529249585774938747e-01 -8.659937385085061123e+01 -2.822853304072336480e+07
5.702811244979919820e+02 7.593485758287588094e-01 -2.273659146125581628e+03 -3.304688644028471038e+07
5.742971887550201018e+02 1.044450851658044188e+00 -4.059998224815430603e+03 -4.005258568597902358e+07
5.783132530120482215e+02 7.470000202985158655e-01 -1.605944526012757251e+03 -3.658405961568345129e+07
5.823293172690763413e+02 4.707441672026552171e-01 -2.255225927564593462e+02 -2.973125128166553751e+07
5.863453815261043474e+02 4.398797628056800302e-01 -4.514610686999687914e+02 -2.699937243833314627e+07
5.903614457831325808e+02 5.444679641731365871e-01 -1.632116874466768650e+03 -2.697186910324815661e+07
5.943775100401605869e+02 7.853421516935880087e-01 -3.535972394346577858e+03 -2.894474985637830198e+07
5.983935742971887066e+02 7.858395219644502827e-01 -3.015669809502164298e+03 -3.189665722560909018e+07
6.024096385542169401e+02 5.894261780766801850e-01 -1.268232994851243575e+03 -2.977286543232122809e+07
6.064257028112449461e+02 4.506882759446043107e-01 -3.466893682928164822e+02 -2.582319565653946623e+07
6.104417670682731796e+02 4.152016911096132468e-01 -1.782266610985886075e+02 -2.431042517305164039e+07
6.144578313253011856e+02 4.492841282649562840e-01 -4.682479620201051489e+02 -2.464386920160558075e+07
6.184738955823293054e+02 6.180357181879216899e-01 -1.640690968495943480e+03 -2.755236416217312962e+07
6.224899598393574252e+02 8.472663847487467148e-01 -2.752577257207675757e+03 -3.365325571288806200e+07
6.265060240963855449e+02 7.936180698342095718e-01 -1.825770509449653673e+03 -3.617909442836751044e+07
6.305220883534136647e+02 5.998414240087625027e-01 -3.218753575293918061e+02 -3.286173896205532178e+07
6.345381526104417844e+02 4.853976955511853930e-01 2.871242023640296566e+02 -2.844165465881253779e+07
6.385542168674697905e+02 4.758537904513572281e-01 2.941475952072758560e+02 -2.738927982802161574e+07
6.425702811244980239e+02 5.502644190028271876e-01 -7.696840034290573840e+00 -2.980315845314381644e+07
6.465863453815261437e+02 7.088177147827536828e-01 -1.372218310523479659e+02 -3.384798118638949841e+07
6.506024096385541498e+02 8.053068108077492404e-01 -2.354009170187325140e+01 -3.244161379381510615e+07
6.546184738955823832e+02 8.212229943151775347e-01 -7.281131018324754223e+02 -3.164306269102037326e+07
6.586345381526103893e+02 6.706767835727550642e-01 -6.989592366260826566e+02 -3.079689765218900144e+07
6.626506024096386227e+02 4.914387366353989983e-01 -3.401401004311325096e+02 -2.696689232645090297e+07
6.666666666666666288e+02 4.387880779320967317e-01 -4.885382871900706050e+02 -2.474872930387535319e+07
6.706827309236947485e+02 4.344668378729703018e-01 -6.826961835954640492e+02 -2.414118456557885557e+07
6.746987951807228683e+02 4.546463979468274297e-01 -9.062302093638143106e+02 -2.435699399240816757e+07
6.787148594377509880e+02 4.742428529412796578e-01 -1.037339576992219463e+03 -2.481593264238693565e+07
6.827309236947792215e+02 4.756190944780475660e-01 -1.010971815729603691e+03 -2.506056575625121966e+07
6.867469879518072275e+02 4.649047414461113803e-01 -8.954008715836388319e+02 -2.509198799112153798e+07
6.907630522088353473e+02 4.526869038228361064e-01 -7.832295670284826201e+02 -2.505293522852548957e+07
6.947791164658634671e+02 4.503167732790764877e-01 -7.421240053524913947e+02 -2.514586310510204360e+07
6.987951807228915868e+02 4.589487201334225275e-01 -7.680711873719277492e+02 -2.552050019787695631e+07
7.028112449799195929e+02 4.757505788685166825e-01 -8.248118621905530290e+02 -2.617060733446771652e+07
7.068273092369478263e+02 4.904991340141811040e-01 -8.324529076194697836e+02 -2.685928662581888214e+07
7.108433734939758324e+02 4.966025820529774704e-01 -7.849246945888132814e+02 -2.712318953148466721e+07
7.148594377510040658e+02 5.042600140715374213e-01 -7.525995012329981364e+02 -2.722824854542588070e+07
7.188755020080320719e+02 5.234239193244432098e-01 -7.741430361290235851e+02 -2.752926789291556552e+07
7.228915662650601917e+02 5.393659565620332330e-01 -7.751041362460014170e+02 -2.769721515127750114e+07
7.269076305220884251e+02 5.321512201892220073e-01 -6.606138132646248096e+02 -2.731167749419834092e+07
7.309236947791164312e+02 5.002729020834302265e-01 -4.516380779772446772e+02 -2.586294213003051654e+07
7.349397590361446646e+02 4.800691114765046619e-01 -3.377307934824630138e+02 -2.413394162589874864e+07
7.389558232931726707e+02 4.913258405297327713e-01 -3.467836993015551457e+02 -2.347619956807120144e+07
7.429718875502007904e+02 5.130480081161639117e-01 -3.616102777369217165e+02 -2.359036316227215156e+07
7.469879518072289102e+02 5.354470357365713751e-01 -7.390500325029967144e+01 -2.429754437075119466e+07
7.510040160642570299e+02 5.419147600152119937e-01 2.861314204522529963e+02 -2.497302389425056055e+07
7.550200803212850360e+02 5.789396096053589513e-01 5.203352979865752559e+02 -2.666508932710326463e+07
7.590361445783132694e+02 6.093415235710623046e-01 6.120798811045187904e+02 -2.865284898356992751e+07
7.630522088353413892e+02 5.814919966522705819e-01 5.467355676553651165e+02 -2.846017417577956989e+07
7.670682730923695090e+02 5.347848512479247418e-01 3.280169633151421635e+02 -2.708904434041053057e+07
7.710843373493976287e+02 4.942987263174725143e-01 1.808492919004660848e+02 -2.603168709218451381e+07
7.751004016064256348e+02 4.651239842038130679e-01 6.608442844566697261e+01 -2.513051611731898412e+07
7.791164658634538682e+02 4.477520713651454431e-01 1.163487651896849258e+02 -2.431617283770766109e+07
7.831325301204818743e+02 4.633883681843089519e-01 2.719466241889947469e+02 -2.488056863935529068e+07
7.871485943775101077e+02 4.804154756199300880e-01 4.256852046565469436e+02 -2.572956951191942021e+07
7.911646586345381138e+02 4.683530772196281000e-01 3.910545536328451703e+02 -2.535168281126191840e+07
7.951807228915662336e+02 4.320380382092881000e-01 1.735146648570163848e+02 -2.362483442398088053e+07
7.991967871485943533e+02 3.886122683884380979e-01 -5.459163606031147253e+01 -2.188453214083842933e+07
8.032128514056224731e+02 3.672730000511226778e-01 -1.551890792398421866e+02 -2.135646450542226806e+07
8.072289156626505928e+02 3.601061409719942819e-01 -1.705697901027215266e+02 -2.124772788546805084e+07
8.112449799196787126e+02 3.644247251071616733e-01 -1.454037860440807890e+02 -2.131835479836789519e+07
8.152610441767068323e+02 3.641685680466569819e-01 -1.387661062949031816e+02 -2.139332577142137289e+07
8.192771084337349521e+02 3.570535005427439845e-01 -1.239530175036400124e+02 -2.088262770378210396e+07
8.232931726907630718e+02 3.423337616966368180e-01 -1.510549919144538649e+02 -2.035144145406787843e+07
8.273092369477910779e+02 3.443736148831818555e-01 -1.203202996524069306e+02 -1.993186522581220046e+07
8.313253012048193114e+02 3.717048272579993595e-01 6.379640852432174825e+00 -2.090492471945803240e+07
8.353413654618473174e+02 4.859414957172911720e-01 6.089860760167678109e+02 -2.363004769787551835e+07
8.393574297188755509e+02 7.404786594153539570e-01 2.591615695154807327e+03 -2.525061715750957280e+07
8.433734939759036706e+02 8.616071862070481258e-01 3.939192040664549495e+03 -1.945901613900073990e+07
8.473895582329316767e+02 5.877903483685132935e-01 1.041175605249584805e+03 -1.805646426069886982e+07
8.514056224899599101e+02 4.823272052978861413e-01 -5.044225796563987387e+02 -2.029483588409050927e+07
8.554216867469879162e+02 4.257712689044550469e-01 -4.994424925609843058e+02 -1.937357796750776842e+07
8.594377510040160359e+02 3.703044724157553702e-01 -1.641866772502465892e+02 -1.758969239490343258e+07
8.634538152610441557e+02 3.354284078889669951e-01 3.649914448235742981e+01 -1.601344837571714818e+07
8.674698795180722755e+02 3.385101369313437969e-01 1.469943842424027736e+01 -1.522246759647124447e+07
8.714859437751003952e+02 3.690104164221671423e-01 -1.905002803733082715e+02 -1.439454529817499593e+07
8.755020080321285150e+02 3.725962407481343552e-01 -2.440876112824824133e+02 -1.278446381834974885e+07
8.795180722891565210e+02 3.473482247136445711e-01 -1.068462858499377148e+02 -1.106882619779061712e+07
8.835341365461847545e+02 3.353235134564135911e-01 -7.397855381405932462e+01 -1.033515276923342049e+07
8.875502008032128742e+02 3.346574772111938212e-01 -1.897286775073552008e+02 -1.012359924331423640e+07
8.915662650602409940e+02 3.170582476503399638e-01 -3.139295595350346275e+02 -9.220287520881881937e+06
8.955823293172691137e+02 3.024655332880774039e-01 -4.308851139734737217e+02 -6.747381303524508141e+06
8.995983935742971198e+02 2.961599072624926943e-01 -4.514184925873998395e+02 -5.034160716473550536e+06
9.036144578313253533e+02 2.896623848540531010e-01 -4.281256284454439083e+02 -4.913841655843253247e+06
9.076305220883533593e+02 2.806728924340594622e-01 -4.102363269301349646e+02 -5.380679023168019950e+06
9.116465863453815928e+02 2.763540846048170851e-01 -3.983835778441201114e+02 -5.653930317036145367e+06
9.156626506024095988e+02 2.856678664476710039e-01 -3.978151265654810800e+02 -5.802675701143950224e+06
9.196787148594377186e+02 3.092245221359556373e-01 -3.998337960084762130e+02 -6.153912704082744196e+06
9.236947791164659520e+02 3.242584011557678170e-01 -4.115789216238946437e+02 -6.309638525813023560e+06
9.277108433734939581e+02 3.230613345220591515e-01 -4.153726054817695967e+02 -6.107665281561589800e+06
9.317269076305220779e+02 3.167599566740421646e-01 -4.553504043739850999e+02 -5.985938468115497380e+06
9.357429718875501976e+02 3.114145849582370396e-01 -5.619090844631675736e+02 -6.159911187677898444e+06
9.397590361445783174e+02 2.991153769218700686e-01 -6.147621699666956374e+02 -6.545204123907004483e+06
9.437751004016064371e+02 2.822648583429571145e-01 -6.248653212363219609e+02 -6.681938244980523363e+06
9.477911646586345569e+02 2.705588588442107145e-01 -6.675695996073349079e+02 -6.293478720065515488e+06
9.518072289156625629e+02 2.679726122254462162e-01 -7.262850183282921535e+02 -5.794615351950682700e+06
9.558232931726907964e+02 2.671123713239900166e-01 -7.385979513963824274e+02 -5.708429820189344697e+06
9.598393574297188025e+02 2.653228841995176612e-01 -7.088783824617269147e+02 -5.714475598891207017e+06
9.638554216867470359e+02 2.652992295627830677e-01 -6.966653792959667726e+02 -5.788255225103253499e+06
9.678714859437751556e+02 2.660862390630818197e-01 -7.270858765358863138e+02 -5.801232519259689376e+06
9.718875502008031617e+02 2.846015238601512509e-01 -7.184905065285429373e+02 -5.513785057379654609e+06
9.759036144578313952e+02 3.629346402685366124e-01 -4.709908043262977344e+02 -5.324288019615130499e+06
9.799196787148594012e+02 6.243306111177966411e-01 1.231951971752120244e+03 3.918672411027099937e+06
9.839357429718875210e+02 8.834536510525966557e-01 4.132706082179180157e+03 2.876618170008843020e+07
9.879518072289156407e+02 5.861987103999496407e-01 2.774321211359756944e+03 2.313135043718001992e+07
9.919678714859437605e+02 3.466615405257980620e-01 1.742473959068822751e+02 4.256968302111255005e+06
9.959839357429718802e+02 3.466615405257980620e-01 1.742473959068822751e+02 2.500000000000000000e+05
1.000000000000000000e+03 5.861987103999496407e-01 2.774321211359756944e+03 2.500000000000000000e+05
