# 1.403472362891285
0.000000000000000000e+00 1.103791457390105979e+00 -1.318774160134301383e+03 2.500000000000000000e+05
4.016064257028111761e+00 1.010991103173414452e+00 -2.525903890787640648e+03 2.500000000000000000e+05
8.032128514056223523e+00 1.010991103173414452e+00 2.525903890787640648e+03 -5.994830861083001643e+07
1.204819277108433795e+01 1.103791457390105979e+00 1.318774160134301383e+03 -7.648389361031815410e+07
1.606425702811244705e+01 6.897049950431846099e-01 1.435387512818054802e+03 -5.344394468325971812e+07
2.008032128514056325e+01 5.980475734078423145e-01 6.067906713563803578e+02 -4.450253190945316851e+07
2.409638554216867590e+01 4.994218060987400398e-01 5.361000265600670218e+02 -3.693263506831976771e+07
2.811244979919678499e+01 5.124634353667807396e-01 3.518561610980011096e+02 -3.608563052679567039e+07
3.212851405622489409e+01 4.800413038834417390e-01 4.816663487100670409e+02 -3.396656458407678455e+07
3.614457831325301385e+01 5.102462412177665163e-01 3.415687631985972530e+02 -3.472068471283703297e+07
4.016064257028112650e+01 5.231399467842869910e-01 5.787129824751666263e+01 -3.386638248726769537e+07
4.417670682730923915e+01 6.349417426723439339e-01 -7.001292960912587660e+02 -3.880403837933278829e+07
4.819277108433735179e+01 7.004734695376158005e-01 -1.527232716356608307e+03 -4.158210936716120690e+07
5.220883534136545734e+01 7.300419070606536387e-01 -1.860834916090931756e+03 -4.232093717575002462e+07
5.622489959839356999e+01 6.172575340484470763e-01 -1.135854417115774595e+03 -3.650224415102456510e+07
6.024096385542168974e+01 5.113131480781575311e-01 -4.336367460569514947e+02 -3.124831673637589067e+07
6.425702811244978818e+01 4.454229640885567498e-01 3.485199702686713863e+01 -2.760997302654002234e+07
6.827309236947790794e+01 4.150120674815964694e-01 2.964287780971770871e+02 -2.593953662290157378e+07
7.228915662650602769e+01 4.342630768966422306e-01 5.181609216465278678e+02 -2.757906430129620433e+07
7.630522088353414745e+01 4.915982593716026194e-01 5.902442719724937206e+02 -3.118984692160548642e+07
8.032128514056225299e+01 5.709660580242981176e-01 4.623222075530554775e+02 -3.492226438805739582e+07
8.433734939759035854e+01 6.790822607320916582e-01 -4.973041937367489140e+01 -3.691549895551255345e+07
8.835341365461847829e+01 7.342358772054223826e-01 -1.051193666514772758e+03 -3.384888110811957717e+07
9.236947791164658383e+01 6.829158339939036537e-01 -1.089350048617329094e+03 -3.115591301924096793e+07
9.638554216867470359e+01 5.778957614029566203e-01 -5.982221863982899777e+02 -2.992010404213127866e+07
1.004016064257028091e+02 4.947625692228442840e-01 -2.529809737083687935e+02 -2.841590086737187579e+07
1.044176706827309147e+02 4.454726897333897151e-01 -1.003176051378149225e+02 -2.683397689890537038e+07
1.084337349397590344e+02 4.362190014151468564e-01 -5.883336389812828315e+01 -2.650428022037767991e+07
1.124497991967871400e+02 4.813356658930040277e-01 -1.826063307979736692e+02 -2.877970154810977355e+07
1.164658634538152597e+02 5.717876374214774238e-01 -4.797516260926405494e+02 -3.204795139401247725e+07
1.204819277108433795e+02 6.616146075652036274e-01 -4.330047273333865974e+02 -3.403294661195189506e+07
1.244979919678714850e+02 6.958470577004122193e-01 -4.924923183811756644e+01 -3.467078987626734376e+07
1.285140562248995764e+02 6.661451091284261716e-01 1.197259689878135021e+02 -3.412718147192483395e+07
1.325301204819277245e+02 6.028845822022845802e-01 -3.423129305603060857e+01 -3.232433091063763946e+07
1.365461847389558159e+02 5.944213983627357756e-01 -5.615625436809563098e+02 -3.295798699551686272e+07
1.405622489959839356e+02 5.697169250869883461e-01 -8.115117131794521583e+02 -3.356668807606776059e+07
1.445783132530120554e+02 5.258301921278397684e-01 -8.220894730743355012e+02 -3.238892430337294564e+07
1.485943775100401467e+02 4.928580534675413016e-01 -7.992907254527491432e+02 -3.028956627349365130e+07
1.526104417670682949e+02 4.801696857994802170e-01 -7.796716210052976521e+02 -2.895174720606321469e+07
1.566265060240963862e+02 4.756825358711895824e-01 -7.348348782069460867e+02 -2.858144093176813051e+07
1.606425702811245060e+02 4.678276935074132670e-01 -6.280888294551111812e+02 -2.869612224120863155e+07
1.646586345381525973e+02 4.507457327811318915e-01 -4.955185224048705095e+02 -2.863932770749985054e+07
1.686746987951807171e+02 4.353972193130226653e-01 -4.234895610500872181e+02 -2.786507671269231290e+07
1.726907630522088368e+02 4.342293043810508957e-01 -4.320251280597226469e+02 -2.750051643684095889e+07
1.767068273092369566e+02 4.508614124229882725e-01 -4.450388054871242502e+02 -2.770885057917092741e+07
1.807228915662650479e+02 4.862064997720880744e-01 -4.348868411776784342e+02 -2.946817448494980112e+07
1.847389558232931677e+02 5.360585466161958967e-01 -4.053335017984890101e+02 -3.177140848627615348e+07
1.887550200803212590e+02 6.041233476768346211e-01 -2.236872556970573669e+02 -3.478238103234592825e+07
1.927710843373494072e+02 7.169123379612756253e-01 2.252751106451045757e+02 -3.890985470793279260e+07
1.967871485943775269e+02 7.911108897585623634e-01 7.646274378582145346e+02 -4.079452318206471205e+07
2.008032128514056183e+02 7.452478917258250624e-01 7.571495861996758094e+02 -3.885369879557870328e+07
2.048192771084337380e+02 6.164058488991793761e-01 3.553855754518309027e+02 -3.437685430198927969e+07
2.088353413654618294e+02 5.384350480467268163e-01 -9.074821924662616368e+01 -3.160003374692279845e+07
2.128514056224899775e+02 4.942606482028920611e-01 -3.181332564655397164e+02 -3.008851618281727657e+07
2.168674698795180689e+02 4.758866457413088447e-01 -4.323767681858683432e+02 -2.941916516365229711e+07
2.208835341365461886e+02 4.630523644839917297e-01 -4.463162095262065350e+02 -2.886768729031769186e+07
2.248995983935742800e+02 4.482958721084335241e-01 -4.136984251918617019e+02 -2.768177138950100541e+07
2.289156626506023997e+02 4.363083580067881329e-01 -3.856420799417717262e+02 -2.646075540674144402e+07
2.329317269076305195e+02 4.328164873459366402e-01 -3.782021883433505991e+02 -2.578184906934579834e+07
2.369477911646586392e+02 4.326717131824699414e-01 -3.748967807909322687e+02 -2.564423499097389728e+07
2.409638554216867590e+02 4.371626841943980213e-01 -3.620641666433540991e+02 -2.585100628412909806e+07
2.449799196787148503e+02 4.443297274183181100e-01 -3.330097450025150465e+02 -2.628308392673677951e+07
2.489959839357429701e+02 4.544387076412686466e-01 -3.079188883795080187e+02 -2.680974518570252135e+07
2.530120481927710614e+02 4.593855007312508398e-01 -2.918739149653195000e+02 -2.702696348730476201e+07
2.570281124497991527e+02 4.592366117948316617e-01 -2.680347901135471602e+02 -2.681741657151458412e+07
2.610441767068273293e+02 4.523804581111809386e-01 -2.505330124323541838e+02 -2.614199148493944108e+07
2.650602409638554491e+02 4.502591222604793719e-01 -2.250797228259582994e+02 -2.561049666664927825e+07
2.690763052208835688e+02 4.488234607766889983e-01 -1.840152586356759912e+02 -2.533931165141685680e+07
2.730923694779116317e+02 4.526919135023959040e-01 -1.264921015253648449e+02 -2.530778214384055510e+07
2.771084337349397515e+02 4.734324787964846459e-01 -1.558542198426096093e+00 -2.596042433995616809e+07
2.811244979919678713e+02 5.384142528301852915e-01 3.279266525334658127e+02 -2.793538829839327186e+07
2.851405622489959910e+02 6.816535408398112228e-01 1.236503176057072096e+03 -3.038622489060150459e+07
2.891566265060241108e+02 8.134563087819994820e-01 2.356388994931964589e+03 -3.064924549162128568e+07
2.931726907630521737e+02 7.654638204082508945e-01 2.343001032985879647e+03 -2.789420323367934674e+07
2.971887550200802934e+02 5.669533690126498104e-01 9.591092448967594919e+02 -2.604372801576403901e+07
3.012048192771084700e+02 4.598566151564510429e-01 2.508963551548199007e+02 -2.477738080643101782e+07
3.052208835341365898e+02 4.350342724461860877e-01 6.976902613411249376e+01 -2.417899229100624472e+07
3.092369477911646527e+02 4.378394150112366878e-01 9.674926839809796775e+01 -2.408257021612942964e+07
3.132530120481927725e+02 4.563300470523393160e-01 2.093290308512451077e+02 -2.437784409487745538e+07
3.172690763052208922e+02 4.783497897742411964e-01 3.513334621641587887e+02 -2.478748571691618487e+07
3.212851405622490120e+02 4.938522613580567655e-01 4.467887791836145084e+02 -2.523405252632016316e+07
3.253012048192770749e+02 4.956204085944173054e-01 4.414898938772106476e+02 -2.576138805206092820e+07
3.293172690763051946e+02 4.755254151482756764e-01 3.336750303188376279e+02 -2.564218633388590068e+07
3.333333333333333144e+02 4.470186453962979867e-01 1.966974759734064548e+02 -2.481923492917264625e+07
3.373493975903614341e+02 4.268648161894112447e-01 8.563103411133077714e+01 -2.381790153198209405e+07
3.413654618473896107e+02 4.159471659965874313e-01 3.966116653208229792e+01 -2.301882455866553634e+07
3.453815261044176737e+02 4.112355509821276622e-01 4.976683809645955137e+01 -2.268342407901078090e+07
3.493975903614457934e+02 4.082711869098086810e-01 6.489745093818250155e+01 -2.265473803543804958e+07
3.534136546184739132e+02 4.046276795183068042e-01 6.735318950304989016e+01 -2.283602501047074795e+07
3.574297188755020329e+02 4.014901488390424378e-01 7.560613671231986643e+01 -2.305451750042337924e+07
3.614457831325300958e+02 4.019381628498638337e-01 9.534802644093795720e+01 -2.315560778684419394e+07
3.654618473895582156e+02 4.068608010057137570e-01 1.203257598899045888e+02 -2.331803792747166753e+07
3.694779116465863353e+02 4.140270284427594594e-01 1.598829442720585803e+02 -2.353478499924799800e+07
3.734939759036144551e+02 4.216711457843774769e-01 2.174038503871643684e+02 -2.377183297307005897e+07
3.775100401606425180e+02 4.275359604389610269e-01 2.711807512253934647e+02 -2.393538832219120860e+07
3.815261044176706946e+02 4.315880664764971675e-01 2.996892511807604365e+02 -2.413602324026134983e+07
3.855421686746988144e+02 4.337088082523574140e-01 3.077730674256778798e+02 -2.439190525255525112e+07
3.895582329317269341e+02 4.300384015200237053e-01 2.990486597303075200e+02 -2.434062616208360717e+07
3.935742971887550539e+02 4.199727823941586391e-01 2.692967104335342583e+02 -2.390122953160219267e+07
3.975903614457831168e+02 4.078464078564628115e-01 2.232931129217367072e+02 -2.323662174775465950e+07
4.016064257028112365e+02 3.962598767055368065e-01 1.711095457715056511e+02 -2.254181427201614901e+07
4.056224899598393563e+02 3.850575951972127764e-01 1.280179214433355526e+02 -2.188599521591600403e+07
4.096385542168674760e+02 3.813023531115335429e-01 1.245880424492032716e+02 -2.164427350363401696e+07
4.136546184738955390e+02 3.840997292355919912e-01 1.385078838415649045e+02 -2.173442936896416545e+07
4.176706827309236587e+02 3.889372888996767141e-01 5.972307507404833871e+01 -2.194035711751889065e+07
4.216867469879518353e+02 4.140505924806750504e-01 -2.185931554477664918e+02 -2.257783220409788936e+07
4.257028112449799551e+02 4.829603116999410806e-01 -8.564623084002279256e+02 -2.407101428525076434e+07
4.297188755020080180e+02 5.534861003945980018e-01 -1.369857352712307147e+03 -2.616900446232005581e+07
4.337349397590361377e+02 5.415722194309934290e-01 -1.191269857072708646e+03 -2.674211330897276476e+07
4.377510040160642575e+02 4.909412425994297835e-01 -6.478991912322187545e+02 -2.600272713068360090e+07
4.417670682730923772e+02 4.370610975222657402e-01 -1.869633242101332939e+02 -2.453936234525929019e+07
4.457831325301204970e+02 4.050811387049742529e-01 3.796117543734773392e+00 -2.301965297652258351e+07
4.497991967871485599e+02 4.101528365274555443e-01 -3.342491980481317171e+01 -2.296138892901472002e+07
4.538152610441766797e+02 4.494607741313252358e-01 -1.316413881185440005e+02 -2.531053510370386764e+07
4.578313253012047994e+02 5.240583261419820005e-01 -1.982160983866365882e+02 -2.983108739323907346e+07
4.618473895582329760e+02 6.280474762408401190e-01 3.238345387986593948e+01 -3.547446653336126357e+07
4.658634538152610389e+02 6.720230405521075978e-01 1.187953038662234775e+02 -3.657826127078881115e+07
4.698795180722891587e+02 5.790282106082279556e-01 -1.303355952333924392e+02 -2.829285880520796031e+07
4.738955823293172784e+02 4.818246340966760299e-01 -8.133224193625355269e+01 -2.512366038755094260e+07
4.779116465863453982e+02 4.655615834241688678e-01 -1.821663757430852399e+02 -2.650648329606791586e+07
4.819277108433735179e+02 4.501022854853796162e-01 -3.612772279680710312e+02 -2.730400447706094012e+07
4.859437751004015809e+02 4.264715757609119362e-01 -5.497469394164345431e+02 -2.546133221471605450e+07
4.899598393574297006e+02 4.033428871315693498e-01 -6.227440794812130207e+02 -2.362625645360238105e+07
4.939759036144578204e+02 3.925292565451442561e-01 -6.729485920624910023e+02 -2.311120426751703396e+07
4.979919678714859401e+02 3.882625674199972621e-01 -6.909159309689388238e+02 -2.345432560328235477e+07
5.020080321285140599e+02 3.853241267533066283e-01 -6.762279225881478624e+02 -2.357395555942802131e+07
5.060240963855421228e+02 3.745194523501776396e-01 -6.132692950460013890e+02 -2.278662133805775642e+07
5.100401606425702994e+02 3.682940630103374025e-01 -5.845152137670098682e+02 -2.219945175809165463e+07
5.140562248995983055e+02 3.734041641047031179e-01 -5.560757974623797963e+02 -2.201029887409071624e+07
5.180722891566265389e+02 3.885642274746346492e-01 -4.532297523131678645e+02 -2.264121486160578206e+07
5.220883534136546587e+02 4.542079964243997403e-01 -2.474491189809905336e+02 -2.536469027249499410e+07
5.261044176706827784e+02 6.535607626011918914e-01 7.564376575100909577e+02 -3.111887680854420736e+07
5.301204819277108982e+02 9.123701847959406752e-01 2.642874919331195088e+03 -3.540512304789111763e+07
5.341365461847389042e+02 8.759625204962391276e-01 2.677021384331506397e+03 -3.272911336949717253e+07
5.381526104417671377e+02 5.873522612236037332e-01 6.806098581734514710e+02 -2.678127534419579059e+07
5.421686746987951437e+02 5.175664306976631712e-01 -7.646238091252847369e+01 -2.538126598834797740e+07
5.461847389558232635e+02 6.409829925262342520e-01 3.094762413216213304e+02 -2.818221015638851374e+07
5.502008032128513833e+02 8.485263147671974204e-01 1.141900945738830160e+03 -3.382847284959208220e+07
5.542168674698795030e+02 8.299905483802030304e-01 9.941907984463585990e+01 -3.307699956777935103e+07
5.582329317269076228e+02 7.363375586516462956e-01 -1.822105405289948749e+03 -3.039104400620314479e+07
5.622489959839357425e+02 6.410817286951766558e-01 -1.992433203276459381e+03 -2.894005890400691703e+07
5.662650602409638623e+02 5.337574410879487585e-01 -1.577805334033879944e+03 -2.655380665944431350e+07
5.702811244979919820e+02 4.633001606823895502e-01 -1.189453140234192688e+03 -2.351802202519700304e+07
5.742971887550201018e+02 4.514236309910778511e-01 -1.029775799629146604e+03 -2.261166478874951228e+07
5.783132530120482215e+02 4.932806774955652562e-01 -1.098475282678774192e+03 -2.463131602001599222e+07
5.823293172690763413e+02 6.382533948702556748e-01 -1.286404343286792027e+03 -3.062410018292023987e+07
5.863453815261043474e+02 1.017237744385696807e+00 -6.467546275435171310e+01 -4.321225140848214179e+07
5.903614457831325808e+02 1.032951695536133752e+00 1.770798120648508700e+02 -4.479756272899253666e+07
5.943775100401605869e+02 6.956144186738950630e-01 -3.507707959993539930e+02 -3.425632104756580293e+07
5.983935742971887066e+02 5.383527376081576055e-01 -1.103536037375323076e+03 -2.700313299787217379e+07
6.024096385542169401e+02 4.815061602247516781e-01 -1.261298938627320467e+03 -2.420291815100411326e+07
6.064257028112449461e+02 4.967089380948519484e-01 -1.509009486370567402e+03 -2.433854525710697472e+07
6.104417670682731796e+02 5.284650037921401200e-01 -1.590907093501187774e+03 -2.650642842370406911e+07
6.144578313253011856e+02 5.337830070539318905e-01 -1.529443825969870431e+03 -2.730772177370804921e+07
6.184738955823293054e+02 5.210857582286233525e-01 -1.371381580332726116e+03 -2.725816914934779704e+07
6.224899598393574252e+02 5.056969421262892395e-01 -1.352146475242664792e+03 -2.634313596334159374e+07
6.265060240963855449e+02 5.066341822851749832e-01 -1.475632232513124109e+03 -2.517852494379429147e+07
6.305220883534136647e+02 5.092248785002315703e-01 -1.619681893128728916e+03 -2.450312125354128331e+07
6.345381526104417844e+02 5.026516747874830715e-01 -1.643085648023228259e+03 -2.407643354943159595e+07
6.385542168674697905e+02 4.898619787050855767e-01 -1.603911880772412815e+03 -2.374612305516771972e+07
6.425702811244980239e+02 4.817734910169059193e-01 -1.546991205700979435e+03 -2.349252983130469173e+07
6.465863453815261437e+02 4.758083285289633202e-01 -1.471676019034273850e+03 -2.282874916873795539e+07
6.506024096385541498e+02 4.709216965362465479e-01 -1.405324142044829614e+03 -2.221270218906811625e+07
6.546184738955823832e+02 4.925881004221260295e-01 -1.330060551335116770e+03 -2.241998392337387800e+07
6.586345381526103893e+02 5.873620935256111952e-01 -1.128310637739157301e+03 -2.521901830067468807e+07
6.626506024096386227e+02 9.231125863621907346e-01 3.908416513370560779e+02 -3.092532311535143107e+07
6.666666666666666288e+02 1.142115226116886539e+00 2.028619486815523715e+03 -3.331395262543046474e+07
6.706827309236947485e+02 8.340120109459296938e-01 6.902982303653031977e+02 -2.871913234060118720e+07
6.746987951807228683e+02 5.729936024627080293e-01 -7.473474221394774304e+02 -2.410264354412974417e+07
6.787148594377509880e+02 4.889674712196855899e-01 -1.160390249270449885e+03 -2.171990120474429801e+07
6.827309236947792215e+02 4.668634130405268645e-01 -1.247239002071816230e+03 -2.088675755104672536e+07
6.867469879518072275e+02 4.614017777020938404e-01 -1.271622704084975339e+03 -2.071350972750750929e+07
6.907630522088353473e+02 4.584638743366784008e-01 -1.304466524312803358e+03 -2.063179768153354153e+07
6.947791164658634671e+02 4.590088101963815115e-01 -1.372185466659761914e+03 -2.046583555852198601e+07
6.987951807228915868e+02 4.640994507744731212e-01 -1.484740452586195033e+03 -2.040984552589709684e+07
7.028112449799195929e+02 4.696105566167518841e-01 -1.596474929933472595e+03 -2.040159969052824378e+07
7.068273092369478263e+02 4.835225733951538096e-01 -1.643512225882117946e+03 -2.113185427632623911e+07
7.108433734939758324e+02 4.966627574235440989e-01 -1.650358594656398964e+03 -2.231968662397119403e+07
7.148594377510040658e+02 4.959162480208715307e-01 -1.632934214749640432e+03 -2.272417572310180217e+07
7.188755020080320719e+02 5.101799137075105905e-01 -1.470558925489347075e+03 -2.288588888719428331e+07
7.228915662650601917e+02 6.179325656824637969e-01 -1.075617088203541925e+03 -2.623055722196444869e+07
7.269076305220884251e+02 9.326377490770654255e-01 4.710302157919308002e+02 -3.286226463029750437e+07
7.309236947791164312e+02 1.228182161954220364e+00 2.606277479214610594e+03 -3.563454101475647837e+07
7.349397590361446646e+02 9.761944979053004401e-01 1.393615439561701351e+03 -3.015666586783746257e+07
7.389558232931726707e+02 6.324260066795102109e-01 -6.727959548395456295e+02 -2.460849345585069805e+07
7.429718875502007904e+02 5.049162323460689716e-01 -1.285365112274723060e+03 -2.196828728798982874e+07
7.469879518072289102e+02 4.672812517107703401e-01 -1.440329742296640916e+03 -2.076861545982735977e+07
7.510040160642570299e+02 4.568472258380208983e-01 -1.466077662269299026e+03 -2.050378152704229206e+07
7.550200803212850360e+02 4.558830171009182752e-01 -1.437414161576173910e+03 -2.062859721810299903e+07
7.590361445783132694e+02 4.546061452190457430e-01 -1.356455122665510089e+03 -2.063509593393262103e+07
7.630522088353413892e+02 4.541297977129879482e-01 -1.271575469064331855e+03 -2.060863174262082949e+07
7.670682730923695090e+02 4.584779104336315636e-01 -1.170138209228169217e+03 -2.059338318017990515e+07
7.710843373493976287e+02 4.881374003381361848e-01 -1.006889953356712908e+03 -2.139725385034187511e+07
7.751004016064256348e+02 5.578566781650329265e-01 -7.905457423089924305e+02 -2.340231718632959947e+07
7.791164658634538682e+02 7.655455657950503978e-01 1.920282753601160266e+02 -2.628449058132155985e+07
7.831325301204818743e+02 1.066123893142354007e+00 2.399193061852748997e+03 -2.646619698102668673e+07
7.871485943775101077e+02 1.082891319119368090e+00 3.153228918588954912e+03 -2.533684283512230590e+07
7.911646586345381138e+02 7.487053398827672179e-01 1.060903033940158366e+03 -2.652020428073691949e+07
7.951807228915662336e+02 5.703027348336736635e-01 -1.056556352301570314e+02 -2.631225426792789996e+07
7.991967871485943533e+02 5.253208446015461552e-01 -3.153112127468906465e+02 -2.563337898058275506e+07
8.032128514056224731e+02 5.124745140753703687e-01 -3.098736360461576851e+02 -2.490111707181657478e+07
8.072289156626505928e+02 4.934147731829259254e-01 -2.988640424260515829e+02 -2.435942875397032127e+07
8.112449799196787126e+02 4.566727489278472607e-01 -3.107178580200975375e+02 -2.357066272608428821e+07
8.152610441767068323e+02 4.180923471735625285e-01 -3.627213090681902941e+02 -2.254085288360871375e+07
8.192771084337349521e+02 3.880782788862737753e-01 -4.219202218400008064e+02 -2.136958636282486469e+07
8.232931726907630718e+02 3.667428175977134330e-01 -4.491809448000516909e+02 -2.021772663792949915e+07
8.273092369477910779e+02 3.520413427663959816e-01 -4.402439147357672482e+02 -1.937018789966114610e+07
8.313253012048193114e+02 3.429178649644757382e-01 -4.187324908752485726e+02 -1.881590167295449227e+07
8.353413654618473174e+02 3.394411345960358095e-01 -4.036665308322188253e+02 -1.854860130440592393e+07
8.393574297188755509e+02 3.411350104628713686e-01 -3.797401095328618794e+02 -1.844469047116955370e+07
8.433734939759036706e+02 3.516642613054237754e-01 -3.019480497788050570e+02 -1.888570748641676456e+07
8.473895582329316767e+02 3.665895883018558954e-01 -1.982043871750059907e+02 -1.954308410679503530e+07
8.514056224899599101e+02 3.715433285625111548e-01 -1.249466662174513942e+02 -1.959986773155475035e+07
8.554216867469879162e+02 3.755739052532443001e-01 -2.218354505618905392e+01 -1.919214927358531952e+07
8.594377510040160359e+02 3.841030294611953444e-01 2.256440902618420452e+01 -1.965166079521294311e+07
8.634538152610441557e+02 3.942580936334000308e-01 -4.225732048931320151e+01 -2.058831969096295163e+07
8.674698795180722755e+02 4.874831004946651447e-01 1.394741108763639659e+02 -2.297328695482740924e+07
8.714859437751003952e+02 8.493993889887890836e-01 2.298039524184129732e+03 -2.289919148175869882e+07
8.755020080321285150e+02 1.217885624378086229e+00 5.428319124223629842e+03 -1.263236403794103116e+07
8.795180722891565210e+02 8.670483315921020395e-01 2.564918951602651759e+03 -1.570484098747873120e+07
8.835341365461847545e+02 5.426068647455067895e-01 -1.154346155322504046e+02 -2.279718315215073526e+07
8.875502008032128742e+02 5.085988082981368619e-01 -4.433954897314362711e+02 -2.365918612319569290e+07
8.915662650602409940e+02 5.180685039268665415e-01 -3.352706848756213844e+02 -2.302691623242257908e+07
8.955823293172691137e+02 4.811149926271588995e-01 -3.875742540207110665e+02 -2.125701871743563563e+07
8.995983935742971198e+02 4.431581516766722184e-01 -4.809345294626302234e+02 -1.983717757422154769e+07
9.036144578313253533e+02 4.426197220789396813e-01 -4.633364149647547379e+02 -1.945125833780030534e+07
9.076305220883533593e+02 4.795990066131304297e-01 -2.579524686462166301e+02 -2.013769740674985200e+07
9.116465863453815928e+02 5.555413537923662437e-01 1.993100712545857789e+02 -2.135836972093526646e+07
9.156626506024095988e+02 6.502880745777190885e-01 9.453614183568179214e+02 -2.212748047675069422e+07
9.196787148594377186e+02 7.121690114395738957e-01 1.697770638045495389e+03 -2.171020470357374847e+07
9.236947791164659520e+02 7.138067790167621496e-01 2.034608860405605810e+03 -1.994833852411306649e+07
9.277108433734939581e+02 6.469373000306488652e-01 1.943545671811119973e+03 -1.795625224314304441e+07
9.317269076305220779e+02 5.740568392084360871e-01 1.594405319138134928e+03 -1.614264145903750695e+07
9.357429718875501976e+02 5.576510469317956797e-01 1.546171660210466825e+03 -1.474696607478312775e+07
9.397590361445783174e+02 6.883204435495040574e-01 2.809787208214881048e+03 -9.835311515194453299e+06
9.437751004016064371e+02 8.573739202326986497e-01 4.902428561578438348e+03 4.057378774260576814e+06
9.477911646586345569e+02 6.264991669823274378e-01 3.437736048391773238e+03 4.389283554717333987e+06
9.518072289156625629e+02 3.918574854461475132e-01 4.883249800782481316e+02 -6.865989579828806221e+06
9.558232931726907964e+02 3.267269607039246515e-01 -3.033716190328955236e+02 -9.342663362298365682e+06
9.598393574297188025e+02 3.333621667590546678e-01 -3.599465863365410314e+02 -9.526755550030492246e+06
9.638554216867470359e+02 3.690076677542238892e-01 -1.174105754093356779e+02 -1.040217646703814715e+07
9.678714859437751556e+02 3.503979933314008144e-01 -2.215729321451498279e+01 -9.162063676494902000e+06
9.718875502008031617e+02 3.292050172402287700e-01 -6.420882170313473125e+01 -7.348218857004604302e+06
9.759036144578313952e+02 3.097848138743649060e-01 -1.134955725463636611e+02 -6.745474688812190667e+06
9.799196787148594012e+02 3.090297359661043908e-01 -5.265591866936520660e+01 -6.384713831429621205e+06
9.839357429718875210e+02 2.889700649106405894e-01 -1.117804837755283387e+02 -6.938633380520788953e+06
9.879518072289156407e+02 3.359651458339524277e-01 1.561365990742705776e+02 -6.516844868099883199e+06
9.919678714859437605e+02 5.286190563607584547e-01 2.189729947508184978e+03 7.011008755573710427e+06
9.959839357429718802e+02 5.286190563607584547e-01 2.189729947508184978e+03 2.500000000000000000e+05
1.000000000000000000e+03 3.359651458339524277e-01 1.561365990742705776e+02 2.500000000000000000e+05
