# 1.681277519119745
0.000000000000000000e+00 9.940169161959817590e-01 6.605665862498728984e+02 2.500000000000000000e+05
4.016064257028111761e+00 3.966935360388698650e-01 -6.308019234599296396e+02 2.500000000000000000e+05
8.032128514056223523e+00 3.966935360388698650e-01 6.308019234599296396e+02 -3.102544071427054331e+07
1.204819277108433795e+01 9.940169161959817590e-01 -6.605665862498728984e+02 -1.121763647785800844e+08
1.606425702811244705e+01 5.841823513859571992e-01 6.151573669067302035e+02 -6.754299465608966351e+07
2.008032128514056325e+01 8.776783472110734063e-01 3.791241563765404976e+01 -9.228448417620742321e+07
2.409638554216867590e+01 7.265801918180887498e-01 6.202343200030521757e+02 -7.253339710025902092e+07
2.811244979919678499e+01 6.765881418178827378e-01 2.400860696410155981e+02 -6.194511212005829811e+07
3.212851405622489409e+01 5.270755566912340706e-01 3.419930247580759328e+02 -4.605981877598386258e+07
3.614457831325301385e+01 5.658851877647899098e-01 -2.169483052002960477e+01 -4.649612976180397719e+07
4.016064257028112650e+01 4.832744829262192177e-01 1.410944129178491266e+02 -3.864639844140177220e+07
4.417670682730923915e+01 5.677398563043158930e-01 -2.949950224033315749e+02 -4.137923422636460513e+07
4.819277108433735179e+01 5.194979484087274280e-01 -3.153124426244929737e+02 -3.460377666226292402e+07
5.220883534136545734e+01 6.098707180993945265e-01 -9.666005565099051182e+02 -3.663252195429326594e+07
5.622489959839356999e+01 5.763956895833858285e-01 -8.659179922592752519e+02 -3.445760226835528761e+07
6.024096385542168974e+01 5.421846665762253270e-01 -6.758170958095294054e+02 -3.346511269496341795e+07
6.425702811244978818e+01 4.702172288789057131e-01 -2.632912443712986033e+02 -3.054155413218587637e+07
6.827309236947790794e+01 4.451152953742456009e-01 -1.096542308004227380e+02 -2.955584649129440635e+07
7.228915662650602769e+01 4.297632571195755813e-01 7.369536176387200044e+01 -2.913283797362976521e+07
7.630522088353414745e+01 4.380680956913858282e-01 1.112178787521911971e+02 -2.974306483141712844e+07
8.032128514056225299e+01 4.314075221918594605e-01 1.615101927881199515e+02 -2.949180775006462261e+07
8.433734939759035854e+01 4.324804172675112968e-01 6.393531507958117288e+01 -2.934979960589804500e+07
8.835341365461847829e+01 4.129844707500303080e-01 4.431776622174631797e+01 -2.832291058386155963e+07
9.236947791164658383e+01 4.238913582940433411e-01 -9.671932658336690736e+01 -2.886112827932653576e+07
9.638554216867470359e+01 4.093960923361139592e-01 -1.128468303050110819e+02 -2.792557706195376813e+07
1.004016064257028091e+02 4.092250411874163718e-01 -1.506016558024816732e+02 -2.736581501336169243e+07
1.044176706827309147e+02 4.107304755986937450e-01 -9.951928114380476131e+01 -2.709615633573378995e+07
1.084337349397590344e+02 4.382463591312747986e-01 -7.277620883169407762e+01 -2.852922576483650133e+07
1.124497991967871400e+02 4.536057225746234489e-01 -1.016657003333035547e+01 -2.926954303647845238e+07
1.164658634538152597e+02 4.725663024919025679e-01 -1.139514579221184931e+02 -2.985097228420629352e+07
1.204819277108433795e+02 4.853653881126526182e-01 -3.181682392986851937e+02 -2.998646074113781750e+07
1.244979919678714850e+02 5.506060408716219046e-01 -9.157684639319811595e+02 -3.163729024864859134e+07
1.285140562248995764e+02 6.572047181384605974e-01 -1.694283582790533046e+03 -3.562249761166141182e+07
1.325301204819277245e+02 6.950311093262468987e-01 -1.779825716881481867e+03 -3.673065028384529054e+07
1.365461847389558159e+02 6.849041802982689386e-01 -1.100300464905563331e+03 -3.717031734120981395e+07
1.405622489959839356e+02 6.623695250682714031e-01 -8.724633856999804493e+01 -3.705368125088644773e+07
1.445783132530120554e+02 5.758605583338425316e-01 7.605413696514669937e+02 -3.446128724636416137e+07
1.485943775100401467e+02 5.595716484261282764e-01 7.579841145941090872e+02 -3.373061497052265704e+07
1.526104417670682949e+02 5.747427976041733499e-01 6.000733286801861368e+02 -3.530312382852248102e+07
1.566265060240963862e+02 6.056812106022909648e-01 4.246021462329501333e+02 -3.816863201524145901e+07
1.606425702811245060e+02 6.033777969645671702e-01 3.662462442556221163e+02 -3.798817664915122092e+07
1.646586345381525973e+02 5.778669106737498451e-01 3.200540696320587699e+02 -3.597126323849511147e+07
1.686746987951807171e+02 5.894528157280523040e-01 3.634099975911064462e+01 -3.591398291752566397e+07
1.726907630522088368e+02 6.774082750750951565e-01 -7.451700625963410403e+02 -3.990546676486403495e+07
1.767068273092369566e+02 7.627782272477522385e-01 -1.539765931063167727e+03 -4.217092545619031787e+07
1.807228915662650479e+02 7.270312065190591699e-01 -1.365403647047977529e+03 -3.917167493308337033e+07
1.847389558232931677e+02 6.288441155278026162e-01 -8.042953948675037736e+02 -3.546466592039354146e+07
1.887550200803212590e+02 5.764522815667305622e-01 -5.273428713030343715e+02 -3.488379903590705246e+07
1.927710843373494072e+02 5.723609089315137011e-01 -5.229541548313395651e+02 -3.620095627549204975e+07
1.967871485943775269e+02 5.797366331216367019e-01 -6.970629852663678321e+02 -3.641334958066261560e+07
2.008032128514056183e+02 5.774202025979369157e-01 -9.650099587944340556e+02 -3.396043185411609709e+07
2.048192771084337380e+02 5.471643679711580832e-01 -9.802265419527009271e+02 -3.105832540004377812e+07
2.088353413654618294e+02 5.090140464915192675e-01 -8.550939256044398462e+02 -2.934041059046861157e+07
2.128514056224899775e+02 4.761149047223240394e-01 -6.585853709180071291e+02 -2.866125090896651521e+07
2.168674698795180689e+02 4.566801516829679386e-01 -4.829688241321041460e+02 -2.898399199207480997e+07
2.208835341365461886e+02 4.374956412792234128e-01 -4.372000252272030139e+02 -2.850846644162552059e+07
2.248995983935742800e+02 4.279493632652129897e-01 -5.516097144032480628e+02 -2.725928257073307037e+07
2.289156626506023997e+02 4.627805851422189254e-01 -7.749534487470810973e+02 -2.804653357118093595e+07
2.329317269076305195e+02 5.492602743022182432e-01 -1.059829462054820624e+03 -3.352154239821159467e+07
2.369477911646586392e+02 5.754581459777681207e-01 -1.189527216556414942e+03 -3.482238202982662618e+07
2.409638554216867590e+02 6.175623416509833374e-01 -7.314602468001393163e+02 -3.426956999950308353e+07
2.449799196787148503e+02 7.513799135364137571e-01 2.539109569676014644e+02 -3.740501222970904410e+07
2.489959839357429701e+02 8.722257904160731767e-01 1.640902177433921679e+03 -4.136522869986180216e+07
2.530120481927710614e+02 8.488277391069345423e-01 1.910758479244437012e+03 -4.040824650697641820e+07
2.570281124497991527e+02 6.581352198807924880e-01 7.249221112205693771e+02 -3.409347841574396938e+07
2.610441767068273293e+02 5.634408678474859267e-01 -1.810539549453230563e+02 -3.176164237295211852e+07
2.650602409638554491e+02 5.436883406487326154e-01 -2.670736093579916997e+02 -3.162803762196208909e+07
2.690763052208835688e+02 5.981951580796484036e-01 -1.109061046496636607e+02 -3.355180969108401984e+07
2.730923694779116317e+02 6.833327984026719149e-01 2.233452740162207988e+02 -3.586789889194269478e+07
2.771084337349397515e+02 7.443115952250792811e-01 4.634152619848642303e+02 -3.772088021675321460e+07
2.811244979919678713e+02 6.997634504769093544e-01 5.266791402200851735e+02 -3.698266795544373989e+07
2.851405622489959910e+02 6.198568710557614825e-01 3.608200871103389318e+02 -3.453923202759170532e+07
2.891566265060241108e+02 5.694928708807553974e-01 1.230072634810838395e+02 -3.142040063549202308e+07
2.931726907630521737e+02 5.546133769648692313e-01 -4.383916781064125701e+01 -2.998048203223218769e+07
2.971887550200802934e+02 5.346978761425478233e-01 -5.771767524396832982e+01 -2.925850051123347133e+07
3.012048192771084700e+02 5.164956587042441871e-01 -9.637726317756198569e+01 -2.902339394620936736e+07
3.052208835341365898e+02 4.922381883726355545e-01 -1.679613368808288669e+02 -2.856277364955339581e+07
3.092369477911646527e+02 4.631546753334920830e-01 -2.438337138657953176e+02 -2.758517011396159977e+07
3.132530120481927725e+02 4.351476711259346097e-01 -3.049455356128098629e+02 -2.636183017885928228e+07
3.172690763052208922e+02 4.193739513512889650e-01 -3.543152462709138604e+02 -2.562191206407908723e+07
3.212851405622490120e+02 4.140543074898831444e-01 -3.862894695404445429e+02 -2.533872728824788332e+07
3.253012048192770749e+02 4.176009778073702661e-01 -3.883138659623128319e+02 -2.543263236555365846e+07
3.293172690763051946e+02 4.233566562840805902e-01 -3.809626479693602050e+02 -2.558565383876223117e+07
3.333333333333333144e+02 4.244811741274047701e-01 -3.991190276285121854e+02 -2.546925404731082916e+07
3.373493975903614341e+02 4.286249983604573655e-01 -4.063053090215316843e+02 -2.548740698006449267e+07
3.413654618473896107e+02 4.388554473463713301e-01 -3.665306708101082336e+02 -2.586730979880631715e+07
3.453815261044176737e+02 4.485898775699186936e-01 -3.294864267896756473e+02 -2.639977233292766288e+07
3.493975903614457934e+02 4.512195689077450611e-01 -3.161467750993184040e+02 -2.692542048329088464e+07
3.534136546184739132e+02 4.547489836167767918e-01 -2.997957846692032717e+02 -2.755611874085909501e+07
3.574297188755020329e+02 4.830755565370247195e-01 -1.794027773153110843e+02 -2.897677749445156381e+07
3.614457831325300958e+02 5.618206218807543229e-01 1.809657926075592798e+02 -3.199918225904408470e+07
3.654618473895582156e+02 7.053381594557941447e-01 1.043179029514885315e+03 -3.581851472652000189e+07
3.694779116465863353e+02 8.045753216934439234e-01 1.881358975451866854e+03 -3.737195046890763938e+07
3.734939759036144551e+02 7.364213586432045711e-01 1.689123985447296491e+03 -3.577913251048465073e+07
3.775100401606425180e+02 5.953296133389843758e-01 9.179586846236728661e+02 -3.304730267990925908e+07
3.815261044176706946e+02 5.470709851225286080e-01 5.827898842525231657e+02 -3.211170952639083192e+07
3.855421686746988144e+02 5.425850590722042233e-01 5.623077038534191843e+02 -3.207189049098675326e+07
3.895582329317269341e+02 5.330506652880047103e-01 5.491559305110004061e+02 -3.152703809378743544e+07
3.935742971887550539e+02 4.966784397280263885e-01 3.950824466498616516e+02 -2.973426046206841245e+07
3.975903614457831168e+02 4.600556426782484998e-01 1.815329727434826168e+02 -2.804290632039652020e+07
4.016064257028112365e+02 4.362333723384815287e-01 3.824885587201064396e+01 -2.711894272461400926e+07
4.056224899598393563e+02 4.197268539824098310e-01 -2.977178984655051508e+01 -2.657916821976345778e+07
4.096385542168674760e+02 4.162048070784428733e-01 -4.581985152397996330e+01 -2.657628872210757062e+07
4.136546184738955390e+02 4.247991863479581021e-01 -1.213106535367503014e+01 -2.711276097639023513e+07
4.176706827309236587e+02 4.447160826433841363e-01 7.287709480646738314e+01 -2.819686175466809049e+07
4.216867469879518353e+02 4.707821950086328311e-01 2.042274839324983304e+02 -2.956372955501763150e+07
4.257028112449799551e+02 4.858535811636148782e-01 2.700965153852482104e+02 -3.043512208424771950e+07
4.297188755020080180e+02 4.727601049698194058e-01 2.450998650106470507e+02 -3.002642205395559222e+07
4.337349397590361377e+02 4.423263339725136412e-01 1.598992471145444938e+02 -2.875986288508269563e+07
4.377510040160642575e+02 4.262174610841893418e-01 7.472316849471192768e+01 -2.825838955054412037e+07
4.417670682730923772e+02 4.181468056315933435e-01 3.474486114892975763e+01 -2.828442923891510069e+07
4.457831325301204970e+02 4.088130185220606450e-01 9.582062969406132780e+00 -2.792287973127496615e+07
4.497991967871485599e+02 3.970773139548889885e-01 -5.930690862069707947e+01 -2.730964867663444579e+07
4.538152610441766797e+02 4.007566496741428730e-01 -1.338947418961854225e+02 -2.748051979946549982e+07
4.578313253012047994e+02 4.163759669372076311e-01 -3.047368909413883102e+02 -2.808042540506745502e+07
4.618473895582329760e+02 4.705608082079829613e-01 -5.678297100740562655e+02 -3.020628390684558451e+07
4.658634538152610389e+02 5.347326048743948901e-01 -9.766106030807746947e+02 -3.263266995365525037e+07
4.698795180722891587e+02 5.692056022152381933e-01 -1.057247454696759860e+03 -3.445361841826198995e+07
4.738955823293172784e+02 5.468430109392418137e-01 -8.512382232131353703e+02 -3.390897025950243324e+07
4.779116465863453982e+02 5.068523997886096311e-01 -5.137896285533881837e+02 -3.280706548251301795e+07
4.819277108433735179e+02 4.835636813102983655e-01 -3.113285098568746889e+02 -3.279281157102276757e+07
4.859437751004015809e+02 4.729422718665515779e-01 -2.473070847754468389e+02 -3.323453717736892030e+07
4.899598393574297006e+02 4.680904605368975679e-01 -3.293924971090526697e+02 -3.349974503977762535e+07
4.939759036144578204e+02 5.109508217132610053e-01 -9.131103425859495815e+01 -3.305403253485344350e+07
4.979919678714859401e+02 5.417215109106747750e-01 1.756431552778802256e+02 -3.167317037763654813e+07
5.020080321285140599e+02 4.964436128665692949e-01 1.272003505554367848e+02 -2.946829733249944448e+07
5.060240963855421228e+02 4.788619672090105306e-01 -3.694247496920689287e+02 -2.996313016823169217e+07
5.100401606425702994e+02 4.818317931429045853e-01 -4.097513381500981495e+02 -3.174886782343935966e+07
5.140562248995983055e+02 4.913331544977705412e-01 -4.986727628305152393e+02 -3.309213336150890589e+07
5.180722891566265389e+02 4.289553567770240661e-01 -5.209974971234255463e+02 -2.851362380677909032e+07
5.220883534136546587e+02 3.894395033239932968e-01 -4.866132016663814852e+02 -2.537622454059163854e+07
5.261044176706827784e+02 4.033316819761819660e-01 -4.071786394268952449e+02 -2.568981935846575350e+07
5.301204819277108982e+02 4.689954311302259038e-01 -1.323502274600565158e+02 -2.857279644281573221e+07
5.341365461847389042e+02 6.882628414394857952e-01 1.027002317493043165e+03 -3.549745938244152814e+07
5.381526104417671377e+02 1.140098955329119423e+00 4.927577425870481420e+03 -3.778332468023712933e+07
5.421686746987951437e+02 1.048171200090844746e+00 5.408499764216193398e+03 -2.643592241487419233e+07
5.461847389558232635e+02 5.019185910096235492e-01 9.542566557401599994e+02 -2.529463618445311114e+07
5.502008032128513833e+02 3.632950601343985508e-01 -2.827686948060455734e+02 -2.426208938603101298e+07
5.542168674698795030e+02 3.253748606967998835e-01 -4.397321871587068358e+02 -2.215181499954548106e+07
5.582329317269076228e+02 3.221324501886520530e-01 -4.062875693525386396e+02 -2.167917345807093382e+07
5.622489959839357425e+02 3.403858003988398662e-01 -3.630545955547380004e+02 -2.283948323998010531e+07
5.662650602409638623e+02 3.898061312941265566e-01 -2.026320097257633392e+02 -2.512696805651281029e+07
5.702811244979919820e+02 5.431648034073556230e-01 5.358074351614102397e+02 -3.013531616008467227e+07
5.742971887550201018e+02 7.979047361783968562e-01 2.465635699401445891e+03 -3.432171129421208054e+07
5.783132530120482215e+02 8.084760238418975398e-01 3.103894654221018754e+03 -3.175372236041066423e+07
5.823293172690763413e+02 4.875711441259877876e-01 9.825084602898393769e+02 -2.514119566733082756e+07
5.863453815261043474e+02 3.553308462090508657e-01 -2.098619193366346281e+01 -2.220402173093087599e+07
5.903614457831325808e+02 3.290910547591418545e-01 -1.386372787426041668e+02 -2.082508654091154411e+07
5.943775100401605869e+02 3.531820204672802554e-01 -3.534014359900228897e+01 -2.189650273643474281e+07
5.983935742971887066e+02 4.327359457358531669e-01 3.488562890323604506e+02 -2.500985598762923107e+07
6.024096385542169401e+02 5.737083001060871990e-01 1.254439951393771935e+03 -2.898093061036742851e+07
6.064257028112449461e+02 6.621541001950534966e-01 2.048357668250368533e+03 -3.067025173093300685e+07
6.104417670682731796e+02 5.879793149491590043e-01 1.423564465174179077e+03 -2.833473372386196628e+07
6.144578313253011856e+02 4.999122113551601743e-01 6.556672533414101167e+00 -2.699717862045644596e+07
6.184738955823293054e+02 5.137108758943979003e-01 -9.046885292831399283e+02 -2.779553139566175640e+07
6.224899598393574252e+02 4.998151493581464155e-01 -1.014385387903843593e+03 -2.815255244632149488e+07
6.265060240963855449e+02 4.496087665662771293e-01 -7.308412565509082697e+02 -2.760733484798038006e+07
6.305220883534136647e+02 4.045938769913175470e-01 -4.609818267218173560e+02 -2.681948111099379882e+07
6.345381526104417844e+02 3.840854088591009741e-01 -3.542704047803564436e+02 -2.657321715598237514e+07
6.385542168674697905e+02 3.810425545047117502e-01 -3.466370981230946313e+02 -2.663223356916189939e+07
6.425702811244980239e+02 3.712757498295665703e-01 -3.265369198289450878e+02 -2.449677434537636489e+07
6.465863453815261437e+02 3.412657858133429922e-01 -3.144285385395763797e+02 -2.095220916121188924e+07
6.506024096385541498e+02 3.201719667999504138e-01 -3.970752443287393021e+02 -1.947307549896457419e+07
6.546184738955823832e+02 3.155726549153693439e-01 -5.337958904924911394e+02 -1.939104558044294268e+07
6.586345381526103893e+02 3.449723420076583058e-01 -5.989573862279304421e+02 -2.225841819957988337e+07
6.626506024096386227e+02 3.598700023710597606e-01 -5.740372461610369328e+02 -2.361767402140096202e+07
6.666666666666666288e+02 3.649801738454171995e-01 -5.352046089236573607e+02 -2.363974891833989695e+07
6.706827309236947485e+02 3.670108648669159757e-01 -5.235056364179681623e+02 -2.255491262925656512e+07
6.746987951807228683e+02 4.034902042462037430e-01 -3.751492511423683709e+02 -2.294501120613522455e+07
6.787148594377509880e+02 5.675322291115733053e-01 4.230527724827595080e+02 -2.716184099894449487e+07
6.827309236947792215e+02 7.990025907721121090e-01 2.194603134903916271e+03 -3.113118018283569813e+07
6.867469879518072275e+02 7.724507011440383542e-01 2.598352608914651682e+03 -2.975040671109922603e+07
6.907630522088353473e+02 4.916559071081232357e-01 7.157958350052504102e+02 -2.517056874164213985e+07
6.947791164658634671e+02 3.691737828030408064e-01 -1.058409758071956901e+02 -2.242623657384629175e+07
6.987951807228915868e+02 3.319006745361827160e-01 -2.767168765846639644e+02 -2.093582982144209370e+07
7.028112449799195929e+02 3.171410209914696798e-01 -3.342891752041492737e+02 -2.019283657627349347e+07
7.068273092369478263e+02 3.167698198444656166e-01 -3.471125980705675147e+02 -2.043362085343962163e+07
7.108433734939758324e+02 3.249340012182492243e-01 -3.487947253897361861e+02 -2.142003887685070932e+07
7.148594377510040658e+02 3.305568640579127915e-01 -3.304055102198414033e+02 -2.181132901348539069e+07
7.188755020080320719e+02 3.437180765485153278e-01 -2.486899078443505005e+02 -2.243710453552858159e+07
7.228915662650601917e+02 3.968021678364478944e-01 -6.554742372422393260e+01 -2.524902037945753708e+07
7.269076305220884251e+02 5.598972324069373396e-01 7.785672650113400550e+02 -3.059231437605585530e+07
7.309236947791164312e+02 7.892880868668237238e-01 2.602262479508342039e+03 -3.338844893069494143e+07
7.349397590361446646e+02 7.587044250155052794e-01 2.931741793107206831e+03 -2.984697190638111532e+07
7.389558232931726707e+02 4.865260195794062770e-01 8.625696385164558251e+02 -2.560659387045542151e+07
7.429718875502007904e+02 3.794671416236868322e-01 1.101858344386162969e+01 -2.336683209376615658e+07
7.469879518072289102e+02 3.538256596825067879e-01 -1.625595723043616374e+02 -2.206055574367549643e+07
7.510040160642570299e+02 3.509153577932332402e-01 -2.137352162016424018e+02 -2.153427662857599929e+07
7.550200803212850360e+02 3.556199402093981332e-01 -1.920844471049084632e+02 -2.140207059823253378e+07
7.590361445783132694e+02 3.689453689221011690e-01 -7.303000290092418822e+01 -2.178582295656263828e+07
7.630522088353413892e+02 3.870890813888649973e-01 7.671638385421081807e+01 -2.255689390524091199e+07
7.670682730923695090e+02 3.919633140674126381e-01 1.197773855609636513e+02 -2.306831380469400436e+07
7.710843373493976287e+02 3.757897525251889248e-01 7.382271118419834011e+01 -2.277425553489851579e+07
7.751004016064256348e+02 3.564457439855041043e-01 -4.370599455370133057e+00 -2.215303867834252492e+07
7.791164658634538682e+02 3.394765755242219463e-01 -5.582850475998274931e+01 -2.145631623310197145e+07
7.831325301204818743e+02 3.302096615272495650e-01 -8.762294138601839677e+01 -2.101215109126007929e+07
7.871485943775101077e+02 3.391149698406997204e-01 -1.346706568288474557e+02 -2.138728061004730314e+07
7.911646586345381138e+02 3.752996543035799770e-01 -3.773270749264011101e+02 -2.261743695905249566e+07
7.951807228915662336e+02 4.645476659159454846e-01 -1.010317114790117785e+03 -2.455003654591912776e+07
7.991967871485943533e+02 5.406791013911610433e-01 -1.534026107096321084e+03 -2.610233736890005320e+07
8.032128514056224731e+02 5.035164793217465906e-01 -1.227122676318705999e+03 -2.588050092753657699e+07
8.072289156626505928e+02 4.225027348097828428e-01 -6.922338105105626482e+02 -2.422510014252891764e+07
8.112449799196787126e+02 4.011410127815706050e-01 -5.701898877680424675e+02 -2.396428467826148868e+07
8.152610441767068323e+02 4.263164655298343209e-01 -6.696294707859664186e+02 -2.594750765590438992e+07
8.192771084337349521e+02 4.625589801777743038e-01 -8.488030740979286293e+02 -2.810010350833720714e+07
8.232931726907630718e+02 4.639818407983324344e-01 -9.119383728660186534e+02 -2.784111007052377611e+07
8.273092369477910779e+02 4.416504425116295485e-01 -9.004831379191953147e+02 -2.452674180929633975e+07
8.313253012048193114e+02 4.399693597542694845e-01 -9.262618399342258044e+02 -2.313964619273097441e+07
8.353413654618473174e+02 4.631188485751681072e-01 -9.538879770364970909e+02 -2.464565015688862652e+07
8.393574297188755509e+02 4.673438057308404447e-01 -9.006918008985378492e+02 -2.632515497739255801e+07
8.433734939759036706e+02 4.485096107275078348e-01 -8.399617759242039483e+02 -2.569879312405705452e+07
8.473895582329316767e+02 4.257874896051786484e-01 -9.078903488552901990e+02 -2.255582960380545631e+07
8.514056224899599101e+02 4.123755881541797952e-01 -9.588150792678165999e+02 -2.136699500234179944e+07
8.554216867469879162e+02 3.913870423648686536e-01 -8.944205137118942730e+02 -2.087526656715943664e+07
8.594377510040160359e+02 3.630261973257641883e-01 -8.120419150658073022e+02 -1.959471525247820094e+07
8.634538152610441557e+02 3.490046668508822170e-01 -7.732385171564615121e+02 -1.855678394682091102e+07
8.674698795180722755e+02 3.671867977156411111e-01 -6.709952559289176861e+02 -1.923261182073439658e+07
8.714859437751003952e+02 3.932141948986658253e-01 -4.617355686678947677e+02 -2.090038506358717382e+07
8.755020080321285150e+02 5.065481771480362383e-01 -7.396650436943758677e+01 -2.546037695824708045e+07
8.795180722891565210e+02 8.093193881322561234e-01 1.794276529334332508e+03 -2.976909004203246161e+07
8.835341365461847545e+02 1.056846819252772685e+00 4.554950161893056247e+03 -2.787981773492320627e+07
8.875502008032128742e+02 7.937876116852266017e-01 3.312582084763530474e+03 -2.438745224568404630e+07
8.915662650602409940e+02 4.640573737335378368e-01 5.947573628567827200e+02 -2.467352956104826927e+07
8.955823293172691137e+02 3.900736022433038963e-01 -1.488781099769252592e+01 -2.396983594042748213e+07
8.995983935742971198e+02 3.938110619314173499e-01 -2.420633227194969805e+01 -2.443031506000652537e+07
9.036144578313253533e+02 4.219589467465276189e-01 2.643065990413843735e+01 -2.608317362095307186e+07
9.076305220883533593e+02 4.479866769258302184e-01 -1.017951974907487198e+02 -2.799799020822901651e+07
9.116465863453815928e+02 5.650782376399543505e-01 -7.277347992748944989e+02 -3.608199480243669450e+07
9.156626506024095988e+02 1.364364876380817604e+00 2.931613915415175143e+03 -3.896904747126112133e+07
9.196787148594377186e+02 1.506643461512870097e+00 2.093036139478605037e+03 -3.050813396176976338e+07
9.236947791164659520e+02 7.688920958030028840e-01 4.048278887582825973e+02 -3.148245305739133060e+07
9.277108433734939581e+02 5.555415289406138157e-01 -4.106829774996967330e+02 -2.907348851779958233e+07
9.317269076305220779e+02 5.341484309743681491e-01 -6.695356245188058892e+02 -2.770286136230361462e+07
9.357429718875501976e+02 5.458316691130610243e-01 -8.114134947889436944e+02 -2.566374922209656611e+07
9.397590361445783174e+02 5.152227724956076615e-01 -8.134200958576560652e+02 -2.168301364430630207e+07
9.437751004016064371e+02 4.704932842540900939e-01 -7.119550366921044997e+02 -2.062119147862253338e+07
9.477911646586345569e+02 4.384625676811056971e-01 -6.309609676775851312e+02 -2.081580805445060134e+07
9.518072289156625629e+02 3.906184599486410836e-01 -5.605102690206322222e+02 -2.004093271616170183e+07
9.558232931726907964e+02 3.619093986839683752e-01 -4.990043025483370798e+02 -1.876216612455493584e+07
9.598393574297188025e+02 3.576038932079065868e-01 -4.764417506918823051e+02 -1.859828116597961262e+07
9.638554216867470359e+02 3.822261325086539485e-01 -4.333447330725350071e+02 -1.940404236675113812e+07
9.678714859437751556e+02 4.307348502822764269e-01 -1.923466074564167343e+02 -2.008245191684154794e+07
9.718875502008031617e+02 5.137863711505945563e-01 1.677036029162241562e+02 -2.056253775532088429e+07
9.759036144578313952e+02 6.635993695783478641e-01 1.091264703725427808e+03 -1.809205616400757805e+07
9.799196787148594012e+02 6.839319469166040832e-01 1.634890829351578532e+03 -1.161869921946936473e+07
9.839357429718875210e+02 4.585582018947792493e-01 8.803726193874795172e+02 -5.258718997188400477e+06
9.879518072289156407e+02 3.446744707600284952e-01 2.455290249340131936e+02 1.776730724224651931e+05
9.919678714859437605e+02 3.159996511475433034e-01 6.420776729240580494e+01 1.181022219393704552e+06
9.959839357429718802e+02 3.159996511475433034e-01 6.420776729240580494e+01 2.500000000000000000e+05
1.000000000000000000e+03 3.446744707600284952e-01 2.455290249340131936e+02 2.500000000000000000e+05
