# 2.636880975300587
0.000000000000000000e+00 2.264752278247470940e+00 4.323683292228646678e+03 2.500000000000000000e+05
4.016064257028111761e+00 4.854508765027670258e-01 -4.873921565165809966e+01 2.500000000000000000e+05
8.032128514056223523e+00 4.854508765027670258e-01 4.873921565165809966e+01 -5.804069848665601015e+07
1.204819277108433795e+01 2.264752278247470940e+00 -4.323683292228646678e+03 -2.971382112438122630e+08
1.606425702811244705e+01 2.394805031911524384e+00 -4.528032814952497574e+03 -3.048803006006028652e+08
2.008032128514056325e+01 1.545306862294580030e+00 -1.750650539202491700e+03 -1.960523654504878819e+08
2.409638554216867590e+01 7.754306340109963225e-01 9.375206958267557411e+01 -1.004978059138039500e+08
2.811244979919678499e+01 6.627030602330147291e-01 -3.085289730653538527e+02 -8.445123318556982279e+07
3.212851405622489409e+01 5.234910356373775331e-01 -1.565059947225845463e+02 -6.596867989834025502e+07
3.614457831325301385e+01 4.424142737467505748e-01 4.541310492349495576e+01 -5.539274986255978048e+07
4.016064257028112650e+01 4.227469142790566958e-01 3.954038004278465479e+01 -5.220601218106701225e+07
4.417670682730923915e+01 4.619795544113974306e-01 -4.341125989611951752e+01 -5.437446272041618824e+07
4.819277108433735179e+01 5.240163202113996554e-01 -1.500252012452058352e+02 -6.049616646320451051e+07
5.220883534136545734e+01 5.276409361176145341e-01 1.976480502090537072e+01 -5.792504818533309549e+07
5.622489959839356999e+01 5.140107910389843937e-01 2.360041125677653611e+02 -5.493349986265837401e+07
6.024096385542168974e+01 5.002332388439579836e-01 2.887298939054384732e+02 -4.988840921592541784e+07
6.425702811244978818e+01 4.666890895497031733e-01 4.393180447868236911e+02 -4.415694255496881902e+07
6.827309236947790794e+01 4.551414584333800528e-01 5.538938788653944130e+02 -4.225914011860971898e+07
7.228915662650602769e+01 4.529306909909801004e-01 6.132392030511442726e+02 -4.196458232601471245e+07
7.630522088353414745e+01 4.551156727848925665e-01 6.508905140526269406e+02 -4.218952450995489210e+07
8.032128514056225299e+01 4.753402460073243851e-01 7.352958094163503802e+02 -4.376912262716890872e+07
8.433734939759035854e+01 5.161676704134623428e-01 9.149202680592040906e+02 -4.640834852551330626e+07
8.835341365461847829e+01 5.482112159858163469e-01 1.019357958021886816e+03 -4.757346283576182276e+07
9.236947791164658383e+01 5.795039296773566440e-01 1.074860846245552921e+03 -4.764221911130873114e+07
9.638554216867470359e+01 6.259814910894071494e-01 1.201833673504613216e+03 -4.793554076557708532e+07
1.004016064257028091e+02 5.942356244126894005e-01 8.914397398866857429e+02 -4.390482615491668880e+07
1.044176706827309147e+02 5.213043367402229178e-01 4.734325527443338615e+02 -3.823118519346133620e+07
1.084337349397590344e+02 5.458663375872487844e-01 6.360794610946577450e+02 -3.824158522037761658e+07
1.124497991967871400e+02 6.881524996274855921e-01 1.773224357227570181e+03 -4.231090545504403859e+07
1.164658634538152597e+02 7.862092106492468702e-01 3.020148035065558361e+03 -4.412683899952971190e+07
1.204819277108433795e+02 6.225034041130219631e-01 2.350456718378601636e+03 -3.624332138141333312e+07
1.244979919678714850e+02 4.137020524594826054e-01 7.482782932169232026e+02 -2.973669094243586436e+07
1.285140562248995764e+02 3.568525016773072545e-01 2.739366587112755269e+02 -2.818261633134612441e+07
1.325301204819277245e+02 3.505625799056910630e-01 1.925131114415189018e+02 -2.815418190761575475e+07
1.365461847389558159e+02 3.608574528608887722e-01 1.831317854616119121e+02 -2.895373076721989363e+07
1.405622489959839356e+02 3.826459514622308489e-01 1.470304683995350388e+02 -3.037041230268333107e+07
1.445783132530120554e+02 4.280792966850319181e-01 1.000008057235689307e+00 -3.301939063794147968e+07
1.485943775100401467e+02 5.259769795499428247e-01 -4.697125312848175440e+02 -3.801094170363055170e+07
1.526104417670682949e+02 6.809714527300496645e-01 -1.132622725419297922e+03 -4.513751861264509708e+07
1.566265060240963862e+02 7.055051218536890767e-01 -1.059156546353289514e+03 -4.582921298628343642e+07
1.606425702811245060e+02 5.864856292821666317e-01 -3.084299832216536856e+02 -3.947414636367745697e+07
1.646586345381525973e+02 4.857506730554098096e-01 2.456305738089749013e+02 -3.438683212609847635e+07
1.686746987951807171e+02 4.468541336657491647e-01 4.869236628663357465e+02 -3.303507238611663505e+07
1.726907630522088368e+02 4.522009751541625766e-01 6.189718716098911955e+02 -3.444605054434550554e+07
1.767068273092369566e+02 4.580610650918705562e-01 5.848600935342030880e+02 -3.555938286736647785e+07
1.807228915662650479e+02 4.810741196045944523e-01 4.016631529098209512e+02 -3.719255351419898868e+07
1.847389558232931677e+02 5.434674933649437101e-01 -8.260106624544525289e+01 -4.053111965891082585e+07
1.887550200803212590e+02 6.580544680328616058e-01 -5.411892414983692561e+02 -4.601698443920592219e+07
1.927710843373494072e+02 6.855261592650531144e-01 -6.293744029550947516e+02 -4.734619652782201767e+07
1.967871485943775269e+02 6.159711437451504956e-01 -1.366927502973619539e+02 -4.341445732003954798e+07
2.008032128514056183e+02 5.231238367900350461e-01 3.175744572427078083e+02 -3.759020259131383896e+07
2.048192771084337380e+02 4.726743315600717699e-01 5.612594933473610581e+02 -3.490492699862374365e+07
2.088353413654618294e+02 4.645551036132913869e-01 6.907582436020690011e+02 -3.560974654968189448e+07
2.128514056224899775e+02 4.768972366343234848e-01 8.387907208298465775e+02 -3.723145632595121115e+07
2.168674698795180689e+02 4.940563421880528328e-01 9.601654371616283470e+02 -3.836278454366706312e+07
2.208835341365461886e+02 5.014567404224826719e-01 1.014441375879654743e+03 -3.825493161137498170e+07
2.248995983935742800e+02 5.016412125712607084e-01 8.745374489111568437e+02 -3.912713075115980208e+07
2.289156626506023997e+02 5.312712835329237437e-01 5.406074722155194650e+02 -4.263700393512897938e+07
2.329317269076305195e+02 5.942469389088333998e-01 -8.206049476459227776e+00 -4.805740846836666763e+07
2.369477911646586392e+02 6.391918840854173833e-01 -5.912569173496392523e+02 -4.859926042659897357e+07
2.409638554216867590e+02 7.438025392838919503e-01 -3.957608985495922838e+01 -5.133577548333156854e+07
2.449799196787148503e+02 7.156082873059658178e-01 6.324236632346285205e+02 -5.066091993178434670e+07
2.489959839357429701e+02 6.156790579617434922e-01 9.622391764819857372e+02 -4.634753542665549368e+07
2.530120481927710614e+02 5.166443313817586924e-01 8.059801686112411971e+02 -3.980756075414212048e+07
2.570281124497991527e+02 4.296269733440710725e-01 4.751078395165882284e+02 -3.313054284352394566e+07
2.610441767068273293e+02 3.931558510284989261e-01 2.617274934506306181e+02 -3.081159915930548683e+07
2.650602409638554491e+02 3.947798805257203836e-01 1.542470423099038044e+02 -3.120570020161153376e+07
2.690763052208835688e+02 4.702023458649725596e-01 1.870649105535571266e+01 -3.624353181821029633e+07
2.730923694779116317e+02 6.077859484226644238e-01 -7.024257267349075846e+02 -4.430990870313228667e+07
2.771084337349397515e+02 8.892983529599145509e-01 -9.579369265060744283e+02 -5.402742175260648876e+07
2.811244979919678713e+02 1.035594332873265522e+00 4.673262428098223609e+01 -5.782050622869339585e+07
2.851405622489959910e+02 7.395221280568332611e-01 1.391108492205881475e+03 -4.757356370609912276e+07
2.891566265060241108e+02 5.642010813482863929e-01 1.248730656817371028e+03 -4.166487259197559208e+07
2.931726907630521737e+02 5.158846887023463834e-01 7.139469010876700850e+02 -4.030797091298296303e+07
2.971887550200802934e+02 4.962973609411854281e-01 4.032851673607793259e+02 -4.046121140080773085e+07
3.012048192771084700e+02 5.329772011434850132e-01 1.766785934698709468e+02 -4.398686083593682945e+07
3.052208835341365898e+02 5.676536717027044210e-01 -7.489188514171667066e+01 -4.587887631123311073e+07
3.092369477911646527e+02 5.752059606395193425e-01 -1.298169772144438809e+02 -4.452709943407961726e+07
3.132530120481927725e+02 5.172124853397638278e-01 5.767113465401394024e+00 -3.877919132164813578e+07
3.172690763052208922e+02 4.475768916039727374e-01 1.321998682393125932e+02 -3.348713172650220990e+07
3.212851405622490120e+02 4.238502177369083412e-01 6.327190701565000097e+01 -3.170530600957706943e+07
3.253012048192770749e+02 4.299383759692286255e-01 4.392087750661697498e+01 -3.210054788198497519e+07
3.293172690763051946e+02 4.338840832508364387e-01 1.545864654380925458e+02 -3.270829269205160812e+07
3.333333333333333144e+02 4.417305847326474244e-01 2.468832951201015931e+02 -3.418269582531240582e+07
3.373493975903614341e+02 4.661368098962343498e-01 1.962331982963831649e+02 -3.688632163212073594e+07
3.413654618473896107e+02 4.954315241663207470e-01 9.772533970879997867e+01 -4.007464273176105320e+07
3.453815261044176737e+02 5.591327149088487491e-01 8.215948104382903239e+00 -4.503743942491400242e+07
3.493975903614457934e+02 6.704404077677638130e-01 -1.086591354774665490e+02 -5.200064657916894555e+07
3.534136546184739132e+02 8.708301817575947457e-01 6.058965579734882567e+01 -6.345183535690516233e+07
3.574297188755020329e+02 8.869297279152009716e-01 2.461097429838141011e+02 -6.356421054572395980e+07
3.614457831325300958e+02 6.492896673298198529e-01 6.519769842660036829e+02 -4.896745830274275690e+07
3.654618473895582156e+02 4.987905650710864891e-01 6.856029760313931547e+02 -3.956412276421022415e+07
3.694779116465863353e+02 4.557180907764907807e-01 5.708722486079365126e+02 -3.727484856672021002e+07
3.734939759036144551e+02 4.588480221016642546e-01 5.533513652332989068e+02 -3.803805008554124832e+07
3.775100401606425180e+02 4.698104994377009791e-01 5.662504587063684767e+02 -3.868355304810965061e+07
3.815261044176706946e+02 4.817995115990023058e-01 5.148431855341659684e+02 -3.868392386752700806e+07
3.855421686746988144e+02 4.957800371283606622e-01 1.787737216369525584e+02 -3.867592680814718455e+07
3.895582329317269341e+02 5.071045491469180488e-01 -1.834512848523889090e+02 -3.987139385896355659e+07
3.935742971887550539e+02 5.169740487569262077e-01 -3.610743839858751585e+02 -4.195475991711208224e+07
3.975903614457831168e+02 5.176468735461958737e-01 -3.661722341162077328e+02 -4.304865569661602378e+07
4.016064257028112365e+02 5.340971229422929456e-01 -2.225387452284317931e+02 -4.407265594060392678e+07
4.056224899598393563e+02 5.492284397619819902e-01 1.395273923583985010e+01 -4.380853332713603228e+07
4.096385542168674760e+02 5.378273193362042015e-01 1.967422807673783609e+02 -4.216112073859243095e+07
4.136546184738955390e+02 5.125057726776711675e-01 3.244353379704734834e+02 -4.036069726100300997e+07
4.176706827309236587e+02 5.001240203039339915e-01 5.256033112729099912e+02 -3.963462789481283724e+07
4.216867469879518353e+02 5.147158385593820773e-01 8.687048485113302831e+02 -4.073293952844208479e+07
4.257028112449799551e+02 5.484507357596801747e-01 1.262438601010192770e+03 -4.335938294851288199e+07
4.297188755020080180e+02 5.427357698394779106e-01 1.338096818148019338e+03 -4.371785326363588125e+07
4.337349397590361377e+02 4.678368653050778980e-01 9.222169976539507843e+02 -3.975162342319533229e+07
4.377510040160642575e+02 4.120949907074817897e-01 5.654382054478730879e+02 -3.665202228563278168e+07
4.417670682730923772e+02 3.980782633905658452e-01 4.969116039104027323e+02 -3.562117041147172451e+07
4.457831325301204970e+02 4.044884905843899037e-01 5.807731292544774533e+02 -3.548154053890741616e+07
4.497991967871485599e+02 4.207319142025562897e-01 7.370316923874888744e+02 -3.558512860463418812e+07
4.538152610441766797e+02 4.375575552290967285e-01 8.937136757959692659e+02 -3.536944658162438124e+07
4.578313253012047994e+02 4.440538190593341650e-01 9.459809176999744977e+02 -3.493226580777122080e+07
4.618473895582329760e+02 4.252992326878713980e-01 7.343680500817429220e+02 -3.424052225036434829e+07
4.658634538152610389e+02 4.159465682162824529e-01 3.961665519154676645e+02 -3.451938346914281696e+07
4.698795180722891587e+02 4.476262048820032202e-01 1.322910563897555392e+02 -3.794626919557237625e+07
4.738955823293172784e+02 5.129471365058293486e-01 -1.582592774916422798e+02 -4.343026848225970566e+07
4.779116465863453982e+02 6.442010641374816826e-01 1.021768159700675938e+01 -5.230825487104822695e+07
4.819277108433735179e+02 6.784902607853914303e-01 2.806496660629023836e+02 -5.357058244082061201e+07
4.859437751004015809e+02 5.559633059418165324e-01 2.697120143274910333e+02 -4.419638955351206660e+07
4.899598393574297006e+02 4.870703324026711689e-01 1.219751370075100425e+02 -3.946292132255470753e+07
4.939759036144578204e+02 4.988227097588343595e-01 1.610592485298686256e+02 -4.075269884570887685e+07
4.979919678714859401e+02 5.852805166133494552e-01 5.672980066140803501e+02 -4.709650980192774534e+07
5.020080321285140599e+02 6.416652752893555745e-01 1.081999841308463147e+03 -5.037103583780382574e+07
5.060240963855421228e+02 5.789783228476539367e-01 1.086861384224389894e+03 -4.492429319954298437e+07
5.100401606425702994e+02 4.469792608889977537e-01 5.937549593100879974e+02 -3.510935592014852911e+07
5.140562248995983055e+02 3.949633457828141125e-01 2.722451138093164218e+02 -3.169148595100316033e+07
5.180722891566265389e+02 4.090706169476304166e-01 2.381517764763888465e+02 -3.254022284158103913e+07
5.220883534136546587e+02 4.660666473859556014e-01 3.390943881563677564e+02 -3.627404501565115899e+07
5.261044176706827784e+02 5.151065615910480622e-01 3.167821430114557870e+02 -4.007298386684140563e+07
5.301204819277108982e+02 5.295310332143967624e-01 1.537262379466704658e+02 -4.246550689707477391e+07
5.341365461847389042e+02 4.742196931211508648e-01 -4.942336049166436851e+01 -3.967717527252774686e+07
5.381526104417671377e+02 4.252752667858200053e-01 -5.867811995669499936e+01 -3.583392207041551173e+07
5.421686746987951437e+02 4.312716177308332788e-01 1.153496047200667647e+02 -3.555353004805919528e+07
5.461847389558232635e+02 4.837743565118396982e-01 4.734088365106493370e+02 -3.877346253754812479e+07
5.502008032128513833e+02 5.676338570117192006e-01 8.873702164201076812e+02 -4.420335437349439412e+07
5.542168674698795030e+02 6.849600764957912702e-01 1.382173672273033390e+03 -5.043458502417319268e+07
5.582329317269076228e+02 8.427553032237971031e-01 2.229831366414823151e+03 -5.628587876277684420e+07
5.622489959839357425e+02 7.287561056648735880e-01 1.588083519846680247e+03 -5.001779569190220535e+07
5.662650602409638623e+02 4.766455709613416358e-01 2.424675149324478696e+02 -3.831974083273258805e+07
5.702811244979919820e+02 4.041821082516066088e-01 -2.205885924349711047e+01 -3.393808255253697187e+07
5.742971887550201018e+02 3.902681790415398200e-01 7.194178858861772596e+01 -3.210804289085009322e+07
5.783132530120482215e+02 3.940738202167880511e-01 1.408276270392508422e+02 -3.181910012576349825e+07
5.823293172690763413e+02 4.246612049079157014e-01 2.750059791520116050e+02 -3.387091094279529154e+07
5.863453815261043474e+02 4.852780773791430247e-01 4.861860695965971217e+02 -3.871451890707970411e+07
5.903614457831325808e+02 4.931461823659989419e-01 5.183734480116320356e+02 -3.925323778088268638e+07
5.943775100401605869e+02 4.344704359108187974e-01 2.396699200765624198e+02 -3.428066315842583776e+07
5.983935742971887066e+02 4.024829429324053298e-01 1.535325202216017999e+02 -3.134997141773367673e+07
6.024096385542169401e+02 4.008054410555386693e-01 1.988776710481058387e+02 -3.125435384916437417e+07
6.064257028112449461e+02 3.874631794668104146e-01 2.296095850844318704e+02 -3.071075207252887264e+07
6.104417670682731796e+02 3.722341155578960947e-01 1.861072857383678638e+02 -3.026000789726471901e+07
6.144578313253011856e+02 3.646932286447907012e-01 1.926208814655587389e+02 -2.962893198916583136e+07
6.184738955823293054e+02 3.677990070957662949e-01 2.268921335915891859e+02 -2.969664348121937737e+07
6.224899598393574252e+02 3.701232120306600648e-01 2.428754819354450660e+02 -2.966318729514266551e+07
6.265060240963855449e+02 3.697274935760767045e-01 2.088082437033238818e+02 -2.973029904237182811e+07
6.305220883534136647e+02 3.834003399632900932e-01 2.129642708897630428e+02 -3.078275199278702587e+07
6.345381526104417844e+02 4.047930369531343997e-01 2.184589996182773461e+02 -3.266466347629309446e+07
6.385542168674697905e+02 4.264564293540341056e-01 2.164915241446667267e+02 -3.431492388243895024e+07
6.425702811244980239e+02 4.435020249239831625e-01 1.442391182760097479e+02 -3.583804047620659322e+07
6.465863453815261437e+02 4.439159297351629729e-01 -8.946388420515440032e+01 -3.632731114821520448e+07
6.506024096385541498e+02 5.159063059394042305e-01 1.843347915246761204e+01 -4.051182549788071960e+07
6.546184738955823832e+02 7.778654037266155008e-01 1.429997580082381774e+03 -5.233486455939356983e+07
6.586345381526103893e+02 1.097341386593701396e+00 4.384731342990112353e+03 -5.802215074687309563e+07
6.626506024096386227e+02 1.128137961566788361e+00 6.047436550077112770e+03 -5.157686553839542717e+07
6.666666666666666288e+02 6.350898873729817762e-01 3.090175635046658499e+03 -3.410896192932444811e+07
6.706827309236947485e+02 4.128604142150077982e-01 7.291948789823621837e+02 -2.894844243935702369e+07
6.746987951807228683e+02 3.750801547275435799e-01 2.499229194030976373e+02 -2.813169174190803617e+07
6.787148594377509880e+02 3.781192985957285702e-01 9.926526973851883895e+01 -2.843096559171799198e+07
6.827309236947792215e+02 3.889057431570415724e-01 1.862806004136167459e+01 -2.917562132154446095e+07
6.867469879518072275e+02 4.057821236042261082e-01 9.421938364987914838e+01 -2.992327621707361192e+07
6.907630522088353473e+02 4.371088523209810672e-01 3.676759073055685576e+02 -3.120958654705150798e+07
6.947791164658634671e+02 4.593397683743662419e-01 6.901549148996504073e+02 -3.216532207308249548e+07
6.987951807228915868e+02 4.464561331051400961e-01 7.742452602287886521e+02 -3.174873846296938136e+07
7.028112449799195929e+02 4.016408586208487508e-01 5.944267091421656914e+02 -3.001990313473980501e+07
7.068273092369478263e+02 3.704808767836970107e-01 4.187692386394245432e+02 -2.857368180046630278e+07
7.108433734939758324e+02 3.605536541694530084e-01 3.604427417435708207e+02 -2.799353380141040310e+07
7.148594377510040658e+02 3.602943826690654938e-01 3.062611546457912937e+02 -2.795691100928432122e+07
7.188755020080320719e+02 3.637149806756153625e-01 2.001917410335327077e+02 -2.825435551060349867e+07
7.228915662650601917e+02 3.715784535032373159e-01 5.688280241508198287e+01 -2.886966073415498808e+07
7.269076305220884251e+02 3.927099422834087195e-01 -5.148098479453672383e+01 -2.992053662206462771e+07
7.309236947791164312e+02 4.319840952604532824e-01 -2.326420772042899898e+01 -3.182061404424880072e+07
7.349397590361446646e+02 4.817103453621952025e-01 1.926720226191348218e+02 -3.412353207131382078e+07
7.389558232931726707e+02 5.146094603815922763e-01 4.851943803056195748e+02 -3.594518054181241244e+07
7.429718875502007904e+02 5.182222570513285165e-01 6.710732139222254773e+02 -3.628426927961455286e+07
7.469879518072289102e+02 4.963427783198415266e-01 6.834820964024584100e+02 -3.566062339711179584e+07
7.510040160642570299e+02 4.687233019146918589e-01 5.326305205389608091e+02 -3.452884113324040174e+07
7.550200803212850360e+02 4.504002397384689882e-01 3.965432150740214183e+02 -3.359638244959127903e+07
7.590361445783132694e+02 4.449748719054993362e-01 2.824417569329523872e+02 -3.352006653114309162e+07
7.630522088353413892e+02 4.352992397425574089e-01 1.418500239382793779e+02 -3.322147451701201871e+07
7.670682730923695090e+02 4.295975855451996117e-01 1.008205083812201650e+02 -3.313541769305642322e+07
7.710843373493976287e+02 4.257305001674971390e-01 1.722780088709630206e+02 -3.292287971097955853e+07
7.751004016064256348e+02 4.189489837790176807e-01 2.642007938213644707e+02 -3.259102961434484273e+07
7.791164658634538682e+02 4.070092770876337918e-01 2.549377292718234003e+02 -3.205876684041135758e+07
7.831325301204818743e+02 4.111868898127717942e-01 2.049502842390500348e+02 -3.244744237728868052e+07
7.871485943775101077e+02 4.244788860745850601e-01 1.580998565714758115e+02 -3.325475332649822161e+07
7.911646586345381138e+02 4.329042351791091980e-01 1.274770146850864592e+02 -3.370910943880859017e+07
7.951807228915662336e+02 4.164868799964829837e-01 1.095707189211890977e+02 -3.253971803120748699e+07
7.991967871485943533e+02 3.950716787529794938e-01 1.444169958656244148e+02 -3.100838642738870159e+07
8.032128514056224731e+02 3.839768324411911848e-01 2.068152675692782623e+02 -3.022068538651110604e+07
8.072289156626505928e+02 3.845782453261527567e-01 2.799351190102030955e+02 -2.997025628724967316e+07
8.112449799196787126e+02 3.831270117821961585e-01 3.162487614415501298e+02 -2.923635369485584646e+07
8.152610441767068323e+02 3.796062978220986484e-01 3.120923780512847543e+02 -2.863288182201423496e+07
8.192771084337349521e+02 3.727973932731775131e-01 2.838544757202158735e+02 -2.819399010992100835e+07
8.232931726907630718e+02 3.636968206770337941e-01 2.589807779261898304e+02 -2.771605323876024783e+07
8.273092369477910779e+02 3.593670232138488352e-01 2.668988640007697200e+02 -2.742737268288750947e+07
8.313253012048193114e+02 3.688195613335452094e-01 3.506147955728580428e+02 -2.793149948236636445e+07
8.353413654618473174e+02 3.960320504166900957e-01 5.323093077191284692e+02 -2.949727528259190917e+07
8.393574297188755509e+02 4.223986165388954328e-01 7.383926729480510858e+02 -3.115420884658929333e+07
8.433734939759036706e+02 4.239238964498903695e-01 8.010186418954269811e+02 -3.141237836816265061e+07
8.473895582329316767e+02 3.848637269824795593e-01 6.316189328940337191e+02 -2.946113491239342466e+07
8.514056224899599101e+02 3.421217115000201314e-01 3.829382475647374235e+02 -2.706853462123922259e+07
8.554216867469879162e+02 3.268858157882766902e-01 2.460590191293775888e+02 -2.614865496519195661e+07
8.594377510040160359e+02 3.366717994592576257e-01 1.545327684930756504e+02 -2.669748302767521515e+07
8.634538152610441557e+02 3.927962246758976428e-01 6.136193945199147493e+01 -2.987837977697129548e+07
8.674698795180722755e+02 5.201984561900051540e-01 -3.605755284416198947e+01 -3.584124761846171319e+07
8.714859437751003952e+02 6.803745761496853284e-01 3.139408153395859813e+01 -4.288958352911639214e+07
8.755020080321285150e+02 6.083400807602835636e-01 -3.378687740894292801e+00 -4.059174620134449750e+07
8.795180722891565210e+02 4.189599842437519706e-01 -3.208864487959968415e+01 -2.994595323783550411e+07
8.835341365461847545e+02 3.657342931428299027e-01 -2.482225409113746935e+02 -2.610305629597833380e+07
8.875502008032128742e+02 3.865003857171855350e-01 -3.376823608216003549e+02 -2.777503138509571552e+07
8.915662650602409940e+02 4.985969771809850015e-01 -7.197812186773793997e+01 -3.453186246594135463e+07
8.955823293172691137e+02 6.373667379691263513e-01 4.106129528022046316e+02 -4.113058987446621805e+07
8.995983935742971198e+02 5.708494553548514316e-01 4.505289865980297463e+02 -3.617358219880546629e+07
9.036144578313253533e+02 4.535666416585805161e-01 7.288417004496447760e+01 -3.003121201118838415e+07
9.076305220883533593e+02 3.969536463300105122e-01 -1.060427565376259196e+02 -2.762334210684019700e+07
9.116465863453815928e+02 3.977101665299569433e-01 -2.479777948847340383e+02 -2.819236581603476778e+07
9.156626506024095988e+02 3.925144318898063367e-01 -3.557263941113910732e+02 -2.811558318472431973e+07
9.196787148594377186e+02 3.873444552103352256e-01 -4.110198420840445124e+02 -2.808706489893281087e+07
9.236947791164659520e+02 3.810171524141147681e-01 -4.191483478951502661e+02 -2.751078480641157553e+07
9.277108433734939581e+02 3.771427818843167690e-01 -3.307370416892598541e+02 -2.641499431278567389e+07
9.317269076305220779e+02 3.839388575732567976e-01 -2.404359169853292997e+02 -2.559278693618046120e+07
9.357429718875501976e+02 4.092034492672724233e-01 -1.060981099231189688e+02 -2.562438210783343017e+07
9.397590361445783174e+02 4.623168061602844214e-01 1.975511918973755598e+02 -2.657357903735368326e+07
9.437751004016064371e+02 5.303800464361906331e-01 6.859805631065090665e+02 -2.726845732879954949e+07
9.477911646586345569e+02 5.341703199577820804e-01 8.726680668015098945e+02 -2.530784026154778898e+07
9.518072289156625629e+02 4.397589995108304728e-01 5.166037144812863744e+02 -2.070801664778756723e+07
9.558232931726907964e+02 3.547227924040496916e-01 1.322998161382600131e+02 -1.704728420187418908e+07
9.598393574297188025e+02 3.081340275986872990e-01 4.622649447396945277e+00 -1.439882457682552375e+07
9.638554216867470359e+02 2.711843474441936741e-01 -4.552715462455918072e+00 -1.206787752417579480e+07
9.678714859437751556e+02 2.632005957964430598e-01 1.619007452069743920e+02 -1.051554806663959846e+07
9.718875502008031617e+02 2.048636624040316434e-01 -1.218255532997545387e+01 -8.084735150444376282e+06
9.759036144578313952e+02 2.196554161935536376e-01 8.227928092211793398e+01 -7.053481439200796187e+06
9.799196787148594012e+02 2.195726602764276891e-01 7.794687737304391817e+01 -5.502992060841769911e+06
9.839357429718875210e+02 1.949083804473118742e-01 -1.908376339624125535e+02 -4.120913259397155605e+06
9.879518072289156407e+02 1.906012672725302115e-01 -2.028669198928263029e+02 -2.766917330654342659e+06
9.919678714859437605e+02 1.920629813403585684e-01 -1.424898116163185477e+02 -5.886018719116935972e+04
9.959839357429718802e+02 1.920629813403585684e-01 -1.424898116163185477e+02 2.500000000000000000e+05
1.000000000000000000e+03 1.906012672725302115e-01 -2.028669198928263029e+02 2.500000000000000000e+05
