# 1.5872516406709984
0.000000000000000000e+00 9.316302184346106907e-01 8.368357987432950722e+02 2.500000000000000000e+05
4.016064257028111761e+00 2.932228307409787682e-01 -4.516179028176518386e+02 2.500000000000000000e+05
8.032128514056223523e+00 2.932228307409787682e-01 4.516179028176518386e+02 -1.992312887096179649e+07
1.204819277108433795e+01 9.316302184346106907e-01 -8.368357987432950722e+02 -9.073338834227330983e+07
1.606425702811244705e+01 5.961442013623634573e-01 -4.317611646151675586e+00 -5.985961652914739400e+07
2.008032128514056325e+01 6.509606100299856202e-01 -5.864977401419588432e+02 -6.291220504445463419e+07
2.409638554216867590e+01 5.725077961473704624e-01 -1.874854150356193827e+02 -5.309660401164723188e+07
2.811244979919678499e+01 6.847645809497757696e-01 -4.797601185075700982e+02 -5.739953373277974874e+07
3.212851405622489409e+01 6.753702802192960153e-01 -6.961074349811872253e+02 -5.113639986766065657e+07
3.614457831325301385e+01 9.070674290878839585e-01 -2.142887322058455084e+03 -5.725196368337687105e+07
4.016064257028112650e+01 9.497902877832995472e-01 -2.744082819831953657e+03 -5.075809503218451142e+07
4.417670682730923915e+01 9.248121696894843202e-01 -2.283723809849620920e+03 -4.853634564096139371e+07
4.819277108433735179e+01 7.471892896168715881e-01 -1.016048425040642314e+03 -4.187851910165398568e+07
5.220883534136545734e+01 6.280658787145946276e-01 -5.262292059319754571e+02 -3.672733774342264235e+07
5.622489959839356999e+01 5.602419093344908063e-01 -1.881052554176757781e+02 -3.370362039690775424e+07
6.024096385542168974e+01 5.272914450723424906e-01 -3.006467840427028904e+01 -3.225372904985358939e+07
6.425702811244978818e+01 5.709309372903239588e-01 3.116198271347658419e+02 -3.543631065793903172e+07
6.827309236947790794e+01 6.629416589493329903e-01 7.864059215132655254e+02 -3.921172609242759645e+07
7.228915662650602769e+01 6.794018231791125739e-01 1.283063337054590193e+03 -3.838971282566697896e+07
7.630522088353414745e+01 6.372980099733752679e-01 1.261219195498835234e+03 -3.472712325713303685e+07
8.032128514056225299e+01 5.449344252413530487e-01 6.811420948476165904e+02 -3.096150268126790226e+07
8.433734939759035854e+01 4.792364913989327624e-01 2.207328703283641005e+02 -2.924349439863707125e+07
8.835341365461847829e+01 4.579598721212124746e-01 2.958626710179170161e+01 -2.879085924608048424e+07
9.236947791164658383e+01 4.560387723473309785e-01 -6.074242932722068389e+01 -2.865362162324970961e+07
9.638554216867470359e+01 4.581389077055834647e-01 -5.405400248695143972e+01 -2.848957758390358090e+07
1.004016064257028091e+02 4.695731128640194263e-01 8.574611233250379883e+00 -2.870776727461249009e+07
1.044176706827309147e+02 5.136736882075457755e-01 1.126972607683549512e+02 -3.081159144917414337e+07
1.084337349397590344e+02 5.775740485303718641e-01 1.361232617211547336e+02 -3.461356680441949517e+07
1.124497991967871400e+02 6.185957100648156182e-01 -1.975427716056549343e+01 -3.649377102651959658e+07
1.164658634538152597e+02 7.004278059231889841e-01 -7.327237529580168029e+02 -3.778868075487040728e+07
1.204819277108433795e+02 7.797925580106087606e-01 -1.685266627925773037e+03 -3.845770949669548124e+07
1.244979919678714850e+02 6.921046243539221710e-01 -1.220173785723045512e+03 -3.595691465883923322e+07
1.285140562248995764e+02 5.613335045177973992e-01 -4.274266892160177349e+02 -3.244612460980995744e+07
1.325301204819277245e+02 4.888273457124782118e-01 -1.816032243665088686e+01 -3.016011842559636384e+07
1.365461847389558159e+02 4.568029352106239838e-01 2.338211747673026650e+02 -2.917539932506833598e+07
1.405622489959839356e+02 4.769320107257885022e-01 4.272330843144856658e+02 -3.084818879171511158e+07
1.445783132530120554e+02 5.417007288448688618e-01 5.514519520809753885e+02 -3.437840763767395169e+07
1.485943775100401467e+02 5.834233087285071173e-01 7.044348081174393883e+02 -3.564842521409095824e+07
1.526104417670682949e+02 5.842036154722901609e-01 7.002677326985162836e+02 -3.523175208448059112e+07
1.566265060240963862e+02 5.847005824618481951e-01 3.210556149549094584e+02 -3.499441666434420645e+07
1.606425702811245060e+02 5.949778223412905964e-01 -2.698000980377612450e+02 -3.542548705799496174e+07
1.646586345381525973e+02 6.039218243906320227e-01 -6.992029039197108204e+02 -3.747803214493885636e+07
1.686746987951807171e+02 5.985612139386269348e-01 -9.125568067193703428e+02 -3.725714888871506602e+07
1.726907630522088368e+02 5.761697262373032258e-01 -8.533312684908734127e+02 -3.463273475363080204e+07
1.767068273092369566e+02 5.227755900288632018e-01 -5.221875125798442241e+02 -3.016488821597720683e+07
1.807228915662650479e+02 4.586655882797965322e-01 -2.464594042241904503e+02 -2.673449814398026466e+07
1.847389558232931677e+02 4.359178538239643630e-01 -1.143343463506112982e+02 -2.566575285611850768e+07
1.887550200803212590e+02 4.760027047460617666e-01 8.717057693626946957e+01 -2.898765057027243823e+07
1.927710843373494072e+02 5.514209039859770956e-01 5.016842218946824232e+02 -3.367486140898238122e+07
1.967871485943775269e+02 6.321527394003698674e-01 9.661804695206753877e+02 -3.770121551420582086e+07
2.008032128514056183e+02 6.423318614666344573e-01 1.124740533348319332e+03 -3.689115641958972067e+07
2.048192771084337380e+02 5.688607036622836954e-01 9.450263108567368135e+02 -3.133817486832323298e+07
2.088353413654618294e+02 4.955461614025072903e-01 6.634917879938845999e+02 -2.804904973820666224e+07
2.128514056224899775e+02 4.592784147197279676e-01 3.624119284431471897e+02 -2.754071324288760871e+07
2.168674698795180689e+02 4.325072384610303966e-01 1.121358910413079002e+02 -2.719703426648854464e+07
2.208835341365461886e+02 4.327123962150873915e-01 -1.550487852922311163e+02 -2.749954891377522796e+07
2.248995983935742800e+02 4.998553412716275068e-01 -3.793727940059430921e+02 -3.069965231387158483e+07
2.289156626506023997e+02 5.215465995636433538e-01 -8.819404986735971761e+02 -3.167005677325052768e+07
2.329317269076305195e+02 6.168839430797404821e-01 -7.632284775245996116e+02 -3.358674355241051316e+07
2.369477911646586392e+02 8.145175625734645264e-01 2.850581901373083156e+02 -3.987819851901008934e+07
2.409638554216867590e+02 8.329389408117555682e-01 8.567384021290764622e+02 -4.033228920090516657e+07
2.449799196787148503e+02 7.487960965197293373e-01 -5.139059902195785980e+02 -3.570749452597631514e+07
2.489959839357429701e+02 6.752521806040089336e-01 -1.280641038374977825e+03 -3.303590710977936164e+07
2.530120481927710614e+02 5.980066317710380774e-01 -1.139442467980291667e+03 -3.130959837837835774e+07
2.570281124497991527e+02 5.144195899608419165e-01 -7.494771688851969884e+02 -2.957803658931326494e+07
2.610441767068273293e+02 4.630327975658217188e-01 -5.196454006944157982e+02 -2.816471496477611735e+07
2.650602409638554491e+02 4.419336930814681264e-01 -3.945499494250266252e+02 -2.745072918037061766e+07
2.690763052208835688e+02 4.297867470295275716e-01 -3.296071256945643313e+02 -2.615964581004884839e+07
2.730923694779116317e+02 4.093163452701867877e-01 -3.065427961510354748e+02 -2.354598375916620344e+07
2.771084337349397515e+02 3.896911147687255328e-01 -3.040760686361072089e+02 -2.204373147537314147e+07
2.811244979919678713e+02 3.757492693788209159e-01 -3.505935016857824280e+02 -2.161616873503393680e+07
2.851405622489959910e+02 3.807267570322319106e-01 -3.397275289733715908e+02 -2.317646303551778570e+07
2.891566265060241108e+02 3.839230713033861542e-01 -3.131104399026825718e+02 -2.403069829439895973e+07
2.931726907630521737e+02 3.970709424707046242e-01 -2.689926420202066311e+02 -2.449431985774237663e+07
2.971887550200802934e+02 4.199994892795016477e-01 -2.146573099905425579e+02 -2.538252523242286220e+07
3.012048192771084700e+02 4.624441399526731944e-01 -2.630133571012161724e+02 -2.735545867471089959e+07
3.052208835341365898e+02 6.405047048601719695e-01 1.712603540324273581e+02 -3.329947582012855262e+07
3.092369477911646527e+02 1.007549670095076788e+00 1.900150740626025936e+03 -4.003144822686889023e+07
3.132530120481927725e+02 1.044816606383234703e+00 1.962822134702414132e+03 -4.061159030931478739e+07
3.172690763052208922e+02 6.972660298455757300e-01 4.680938487688274563e+02 -3.151137147482658923e+07
3.212851405622490120e+02 4.989942365543588720e-01 -2.292825914503870877e+02 -2.448901283016289398e+07
3.253012048192770749e+02 4.472741609185523770e-01 -2.447648869237187341e+02 -2.215342282113688812e+07
3.293172690763051946e+02 4.986837914106131420e-01 3.832439376580396129e+00 -2.544609773422325030e+07
3.333333333333333144e+02 6.523530206561999334e-01 8.811275888176768376e+02 -3.256934957274316996e+07
3.373493975903614341e+02 8.244139452334693363e-01 2.345583246209961544e+03 -3.731522224680939317e+07
3.413654618473896107e+02 7.864390102741227739e-01 2.788480418222032768e+03 -3.385660617494339496e+07
3.453815261044176737e+02 5.026596208357605455e-01 1.195107557254514859e+03 -2.399662023221180215e+07
3.493975903614457934e+02 3.762331138253449114e-01 2.601274550661099738e+02 -2.097875438947681710e+07
3.534136546184739132e+02 3.582497499493102477e-01 4.958544264418635805e+01 -2.066226511668984592e+07
3.574297188755020329e+02 3.523904164986578769e-01 2.763487163083414799e+01 -2.097129061867707223e+07
3.614457831325300958e+02 3.509175221794815780e-01 1.188432673784829063e+01 -2.160525671437420696e+07
3.654618473895582156e+02 3.590182688591866400e-01 -5.766827621981600061e+01 -2.266669849855916202e+07
3.694779116465863353e+02 3.842752846418162060e-01 -1.012642685288688256e+02 -2.420449390046523139e+07
3.734939759036144551e+02 4.069149640416341862e-01 -2.115256008029630266e+02 -2.550433401571602002e+07
3.775100401606425180e+02 4.694427174214821918e-01 -2.338471173635762739e+02 -2.801488824865448475e+07
3.815261044176706946e+02 5.202942757248990580e-01 -2.648049176564464346e+02 -3.087992520367379114e+07
3.855421686746988144e+02 4.656383257892511285e-01 -4.332485467621965540e+02 -2.814139213279308006e+07
3.895582329317269341e+02 4.236575039885883687e-01 -4.674880283889323778e+02 -2.513646389384552091e+07
3.935742971887550539e+02 4.624414807093879531e-01 -2.213596655531613919e+02 -2.655164240299533680e+07
3.975903614457831168e+02 5.742294912377388094e-01 3.728120738254178264e+02 -3.155860343491627276e+07
4.016064257028112365e+02 8.420830677292083788e-01 2.404286620907847009e+03 -3.864049080476165563e+07
4.056224899598393563e+02 1.064503905869725431e+00 4.641393685978404392e+03 -4.052598988169115037e+07
4.096385542168674760e+02 7.404528290731769991e-01 3.237422597326007235e+03 -2.997982403603414446e+07
4.136546184738955390e+02 4.747985953051686026e-01 7.997964741113121363e+02 -2.591599846038741618e+07
4.176706827309236587e+02 4.293210875506024427e-01 3.827788991151576283e+02 -2.561728557188941911e+07
4.216867469879518353e+02 4.152651481869162886e-01 2.613007889216920034e+02 -2.523921008234347403e+07
4.257028112449799551e+02 3.800247825995989315e-01 9.380576885573168511e+01 -2.412402444696164504e+07
4.297188755020080180e+02 3.675179075701455744e-01 -2.333536852076395007e+01 -2.383360449970054626e+07
4.337349397590361377e+02 3.771671326779493238e-01 3.490959952479318673e+00 -2.447155943126596510e+07
4.377510040160642575e+02 3.859592953062250253e-01 4.467635512110972940e+01 -2.503959532754026353e+07
4.417670682730923772e+02 3.867699773631270155e-01 7.028533515695325207e+01 -2.492586088853869215e+07
4.457831325301204970e+02 3.835459996153073314e-01 2.297783980071687537e+01 -2.492154998986482993e+07
4.497991967871485599e+02 3.860906074149634826e-01 -5.731237713340287598e+01 -2.529437708107594028e+07
4.538152610441766797e+02 4.284776709882062717e-01 5.272824959018959134e+01 -2.705389294848173857e+07
4.578313253012047994e+02 5.970409926238984255e-01 9.040491146131741971e+02 -3.286030454773310572e+07
4.618473895582329760e+02 9.004811881050679423e-01 3.299942384962169854e+03 -3.674621942868904024e+07
4.658634538152610389e+02 9.555355040637759645e-01 4.561435826147749140e+03 -3.085456423427867144e+07
4.698795180722891587e+02 6.129963990151272579e-01 2.087181620974328325e+03 -2.700501075233139470e+07
4.738955823293172784e+02 4.674160213215390880e-01 5.660325370467542143e+02 -2.727549900511766225e+07
4.779116465863453982e+02 4.359687806996956905e-01 1.096438661306390827e+02 -2.706841009624825418e+07
4.819277108433735179e+02 4.808712319735137797e-01 4.534858976606753345e+01 -2.905996381041429564e+07
4.859437751004015809e+02 5.159979213736184400e-01 -3.408359201639565867e+02 -3.112024593745692447e+07
4.899598393574297006e+02 6.730621675746477628e-01 -1.320669460470171543e+02 -3.577066509325985610e+07
4.939759036144578204e+02 9.205303972706726512e-01 9.755554786400562080e+02 -4.202601261611503363e+07
4.979919678714859401e+02 8.308979292330536115e-01 1.068422277080896492e+03 -3.820320635430095345e+07
5.020080321285140599e+02 6.431198982559318544e-01 8.185458925615639600e+02 -3.042626133146381378e+07
5.060240963855421228e+02 5.822433850963062429e-01 7.592703257853099785e+02 -2.877923874818918109e+07
5.100401606425702994e+02 6.391959564207877476e-01 1.308686476619103360e+03 -3.171559607243201882e+07
5.140562248995983055e+02 8.758274266856477253e-01 3.205058282844289351e+03 -3.513773525793340057e+07
5.180722891566265389e+02 9.737254037655902472e-01 4.802431520820036894e+03 -3.138487345918552950e+07
5.220883534136546587e+02 6.010477077253483236e-01 2.355687680781532436e+03 -2.438371995567338169e+07
5.261044176706827784e+02 4.449990285129714618e-01 5.173213194801668351e+02 -2.585440039866837859e+07
5.301204819277108982e+02 4.467320202897727133e-01 -7.170144416932319587e+01 -2.903627156665963680e+07
5.341365461847389042e+02 4.998983833454196390e-01 -5.074282719369078904e+02 -3.232098077205605432e+07
5.381526104417671377e+02 5.309356329043273259e-01 -6.219550265219929770e+02 -3.202510214310250431e+07
5.421686746987951437e+02 5.081224216050285181e-01 -2.122086709841840673e+02 -2.671922797721200064e+07
5.461847389558232635e+02 4.481329966395569686e-01 2.075588523862565467e+02 -2.273249444852993637e+07
5.502008032128513833e+02 4.269437856863808056e-01 2.562774582387701230e+02 -2.324875716624882445e+07
5.542168674698795030e+02 4.660314449093216349e-01 3.359266106443070612e+02 -2.638007023853385448e+07
5.582329317269076228e+02 4.869949906659211125e-01 4.989087766255792644e+02 -2.890456270608055592e+07
5.622489959839357425e+02 4.491778600844804070e-01 3.052718202045776366e+02 -2.835152915319861099e+07
5.662650602409638623e+02 3.937289334081467973e-01 -1.853601594369781935e+02 -2.559783975179679319e+07
5.702811244979919820e+02 3.631793058094067717e-01 -4.113448105228552549e+02 -2.282932275395178050e+07
5.742971887550201018e+02 4.051930530654376805e-01 -3.789687410222070980e+02 -2.366824291591278091e+07
5.783132530120482215e+02 4.394769710431236653e-01 -2.355993864014361350e+02 -2.536858265454656258e+07
5.823293172690763413e+02 4.373447142229240914e-01 -2.330838196507359328e+02 -2.663877754403816164e+07
5.863453815261043474e+02 4.598490040751531671e-01 -6.719029298021689556e+01 -2.935785471952185407e+07
5.903614457831325808e+02 4.954712172425078109e-01 1.793363666670764474e+02 -3.075294961935755238e+07
5.943775100401605869e+02 4.801084049655222619e-01 3.301066582939916429e+02 -2.880220303551196679e+07
5.983935742971887066e+02 4.310700891803582735e-01 2.417718003913198004e+02 -2.537337164192218333e+07
6.024096385542169401e+02 4.089519947967452107e-01 1.031902155056903609e+02 -2.390463392338413000e+07
6.064257028112449461e+02 4.332293805054289737e-01 -1.710662750532509335e+01 -2.489395311302197725e+07
6.104417670682731796e+02 5.424462332628665617e-01 -1.835165522009755250e+02 -3.122953216788998991e+07
6.144578313253011856e+02 5.239887582526392418e-01 -1.423155261680151170e+03 -3.429137878670941293e+07
6.184738955823293054e+02 7.219851609541898529e-01 -1.117027377038994700e+03 -3.321579838983119279e+07
6.224899598393574252e+02 1.317567251953555285e+00 2.253324563126157500e+03 -3.246045991826348007e+07
6.265060240963855449e+02 1.428060604312146875e+00 5.388980318794669074e+03 -2.425460991147335246e+07
6.305220883534136647e+02 8.673854316840721168e-01 4.393650033564321348e+03 -2.447223507343854383e+07
6.345381526104417844e+02 5.868758705843946100e-01 9.278245655238245035e+02 -2.809206043076824769e+07
6.385542168674697905e+02 6.183409155595273043e-01 -3.774108181961948958e+02 -3.232087628780898824e+07
6.425702811244980239e+02 7.447870336307907957e-01 -9.371150980500685819e+02 -3.474992996393966675e+07
6.465863453815261437e+02 7.104280589147579095e-01 -6.770736458930078925e+02 -3.015528425752840936e+07
6.506024096385541498e+02 5.737126139252816115e-01 -1.119485458599463641e+02 -2.763657214484417439e+07
6.546184738955823832e+02 4.706304444457655722e-01 4.133253654284882828e+01 -2.669260262435886264e+07
6.586345381526103893e+02 4.324531444510154587e-01 -1.354487200673844143e+02 -2.649533295742259920e+07
6.626506024096386227e+02 4.409473843760252088e-01 -4.892928965209639500e+02 -2.635773022521555424e+07
6.666666666666666288e+02 4.861729917185167449e-01 -9.975934626906395124e+02 -2.671727305305733532e+07
6.706827309236947485e+02 5.239950527145166292e-01 -1.191202360776193473e+03 -2.842505334089313820e+07
6.746987951807228683e+02 4.994749387847465805e-01 -9.682240597410233249e+02 -2.792812747200853378e+07
6.787148594377509880e+02 4.442082919477493008e-01 -5.564130794244151730e+02 -2.511036025592888147e+07
6.827309236947792215e+02 4.290100969642774986e-01 -2.576810497611261326e+02 -2.387583792319521308e+07
6.867469879518072275e+02 5.147115712473289140e-01 -2.479772624324958770e+02 -2.664398720595766604e+07
6.907630522088353473e+02 7.580540690148008798e-01 -3.561351158442391807e+00 -3.230456227528153360e+07
6.947791164658634671e+02 8.798283817093309755e-01 7.325604150257959191e+00 -3.395236610108469427e+07
6.987951807228915868e+02 6.780994345806664603e-01 1.439139868050199880e+02 -2.988026806007982790e+07
7.028112449799195929e+02 5.582162050318266733e-01 -3.028172047938405740e+02 -2.651048234313923866e+07
7.068273092369478263e+02 5.206573957560010069e-01 -6.994318958722950583e+02 -2.402585425607581437e+07
7.108433734939758324e+02 5.219469114602175441e-01 -1.027926027027901910e+03 -2.366537830841580406e+07
7.148594377510040658e+02 5.272715682541821991e-01 -1.086635313313187680e+03 -2.441713534359275550e+07
7.188755020080320719e+02 5.280245752006959004e-01 -9.305948094913096611e+02 -2.587728291565022618e+07
7.228915662650601917e+02 5.253876874431137045e-01 -6.740673531302102219e+02 -2.651231670339053124e+07
7.269076305220884251e+02 5.404066948726081732e-01 -5.049622239197902900e+02 -2.725593545373885706e+07
7.309236947791164312e+02 5.412053465205480807e-01 -5.181531762974718731e+02 -2.674629139739934728e+07
7.349397590361446646e+02 5.379108924167453898e-01 -7.003090175363075787e+02 -2.670167325540550426e+07
7.389558232931726707e+02 5.081935136784008211e-01 -7.719843110834237905e+02 -2.665224609333616123e+07
7.429718875502007904e+02 4.979574135716930416e-01 -7.943679948408420159e+02 -2.701795791313647851e+07
7.469879518072289102e+02 5.228861157121302838e-01 -5.836149691969876585e+02 -2.817469625210747123e+07
7.510040160642570299e+02 6.356110312780169913e-01 -1.163760169435873308e+02 -3.145600129430769756e+07
7.550200803212850360e+02 7.868060840185431282e-01 7.483877194227200107e+02 -3.391866199524851143e+07
7.590361445783132694e+02 7.487617542224209721e-01 1.115397071307846090e+03 -3.156160591571765766e+07
7.630522088353413892e+02 5.819659683459108557e-01 5.357690378151912682e+02 -2.756848983366071060e+07
7.670682730923695090e+02 4.727358890470220176e-01 -9.759072525499570361e+01 -2.446468443320150301e+07
7.710843373493976287e+02 4.312708344269355343e-01 -3.899824388247399725e+02 -2.289336296330054104e+07
7.751004016064256348e+02 4.092933072775183367e-01 -4.400934893408946778e+02 -2.203812380863161385e+07
7.791164658634538682e+02 3.930893614577488093e-01 -4.052402882431172202e+02 -2.140674524902310967e+07
7.831325301204818743e+02 3.837888569693783114e-01 -3.692297958401168216e+02 -2.110458391646788642e+07
7.871485943775101077e+02 3.785046191913867264e-01 -3.667340478671513324e+02 -2.111990448185658082e+07
7.911646586345381138e+02 3.727964542113904045e-01 -3.521384910786978253e+02 -2.125163387919915095e+07
7.951807228915662336e+02 3.626387886279016093e-01 -3.258395527120795805e+02 -2.122955706291066483e+07
7.991967871485943533e+02 3.555092612325725376e-01 -3.023474054859712510e+02 -2.100795442028739303e+07
8.032128514056224731e+02 3.554829419962948767e-01 -2.787572058120576912e+02 -2.119984580857650936e+07
8.072289156626505928e+02 3.542992783232829512e-01 -2.198731765731205883e+02 -2.119388041531648859e+07
8.112449799196787126e+02 3.493370464555740074e-01 -1.461588699644248095e+02 -2.094344192849779502e+07
8.152610441767068323e+02 3.544472152870387083e-01 -1.021737746477827500e+02 -2.104742504261844233e+07
8.192771084337349521e+02 3.653105799382991292e-01 -1.236882884394817950e+01 -2.144477881721219420e+07
8.232931726907630718e+02 4.160479026119893731e-01 2.211368778525092011e+02 -2.337172206020164862e+07
8.273092369477910779e+02 5.567509907812941972e-01 1.067429505190938471e+03 -2.655331345630180463e+07
8.313253012048193114e+02 7.166894586527958744e-01 2.614430163041909509e+03 -2.769487264526359737e+07
8.353413654618473174e+02 6.415051893656668058e-01 2.527743582312605213e+03 -2.285109579728651047e+07
8.393574297188755509e+02 4.010370423277721530e-01 7.090705102586593966e+02 -2.019839374863458425e+07
8.433734939759036706e+02 3.251357144141591715e-01 -4.507059033736325659e+00 -1.961027689812798426e+07
8.473895582329316767e+02 3.140618567231799330e-01 -1.910456937923015914e+02 -1.940013533597135544e+07
8.514056224899599101e+02 3.258324028919327153e-01 -2.894600716052605094e+02 -1.987573778937120736e+07
8.554216867469879162e+02 3.484744426344729140e-01 -3.652601197302895457e+02 -2.070594676969579607e+07
8.594377510040160359e+02 3.614538508710408715e-01 -4.335797695255620283e+02 -2.102833792793272063e+07
8.634538152610441557e+02 3.616651003474319337e-01 -4.665275451454979248e+02 -2.049134940518239513e+07
8.674698795180722755e+02 3.943507632902230053e-01 -2.056255188243602277e+02 -2.090085247714089975e+07
8.714859437751003952e+02 4.622022570473404146e-01 3.289351672184884592e+02 -2.261060065094859153e+07
8.755020080321285150e+02 5.108719277912004975e-01 9.207576338689733575e+02 -2.349333205066041648e+07
8.795180722891565210e+02 4.810268119551254773e-01 9.972893946691742713e+02 -2.196973412814063206e+07
8.835341365461847545e+02 3.850473896130199858e-01 5.466116008295418851e+02 -1.925196419852140173e+07
8.875502008032128742e+02 3.270890859985387533e-01 2.182769149156412993e+02 -1.774663280969068781e+07
8.915662650602409940e+02 2.923959806106729564e-01 1.019428815092691991e+02 -1.664117633917040378e+07
8.955823293172691137e+02 2.728307939015722772e-01 5.974254455912627293e+01 -1.591283772331717238e+07
8.995983935742971198e+02 2.677532950216094387e-01 8.069093905591870453e+01 -1.572529176289925352e+07
9.036144578313253533e+02 2.760867610130521843e-01 1.298080439178845324e+02 -1.622481006719917618e+07
9.076305220883533593e+02 2.915695563949162183e-01 1.150839073481856758e+02 -1.713721657363161072e+07
9.116465863453815928e+02 3.168714159583366219e-01 -7.536086504595512281e+01 -1.819981279287422821e+07
9.156626506024095988e+02 3.891391414068491872e-01 -6.413995826034364427e+02 -2.071571751306906715e+07
9.196787148594377186e+02 4.820178339024446812e-01 -1.140843272738360611e+03 -2.160876979299412668e+07
9.236947791164659520e+02 5.236446315486482650e-01 -8.668738540728205635e+02 -2.082454381454221159e+07
9.277108433734939581e+02 5.037453958961541911e-01 -2.409486462722691158e+02 -1.904925232417771220e+07
9.317269076305220779e+02 4.402591487251330538e-01 9.558109771461140269e+00 -1.760315690488831699e+07
9.357429718875501976e+02 4.627237926821384240e-01 -4.706672343191253844e+02 -1.777759421267935261e+07
9.397590361445783174e+02 5.278389659041801130e-01 -3.955926471185923674e+02 -1.881645049785798788e+07
9.437751004016064371e+02 5.224294906778039760e-01 -2.053366128062173743e+02 -1.652616210998841561e+07
9.477911646586345569e+02 4.308975114029771070e-01 -2.388320575081058337e+02 -1.083883277380087785e+07
9.518072289156625629e+02 3.872197592510674413e-01 -4.696032687750057448e+02 -7.504148182389014401e+06
9.558232931726907964e+02 3.644602430136876237e-01 -4.698399929266748245e+02 -6.212665534312455915e+06
9.598393574297188025e+02 3.695955490798027987e-01 -4.640865669566690030e+02 -5.261488948657970876e+06
9.638554216867470359e+02 3.607247096115748786e-01 -4.458138141907003273e+02 -4.748342320497216657e+06
9.678714859437751556e+02 3.358596903227192843e-01 -4.619698349361715373e+02 -4.531748987779953517e+06
9.718875502008031617e+02 3.030421784022131471e-01 -4.485386442886301666e+02 -4.397163517753092572e+06
9.759036144578313952e+02 2.730921507588454089e-01 -3.863889488984406171e+02 -4.367887101119612344e+06
9.799196787148594012e+02 2.548396191513835340e-01 -2.491893179482592586e+02 -4.401287140414827503e+06
9.839357429718875210e+02 2.375592919687228577e-01 -1.038646083243956468e+02 -5.330803287868639454e+06
9.879518072289156407e+02 1.385294365441935571e-01 -2.394312809982104966e+02 -3.673359176842365414e+06
9.919678714859437605e+02 1.627618707732703118e-01 5.547056135775285668e+01 9.471992033800221980e+05
9.959839357429718802e+02 1.627618707732703118e-01 5.547056135775285668e+01 2.500000000000000000e+05
1.000000000000000000e+03 1.385294365441935571e-01 -2.394312809982104966e+02 2.500000000000000000e+05
