# 1.104985254691869
0.000000000000000000e+00 5.302070069822899523e-01 2.605624525810030718e+02 2.500000000000000000e+05
4.016064257028111761e+00 2.576498162070514075e-01 -2.107071607362589134e+02 2.500000000000000000e+05
8.032128514056223523e+00 2.576498162070514075e-01 2.107071607362589134e+02 -1.412187011493757553e+07
1.204819277108433795e+01 5.302070069822899523e-01 -2.605624525810030718e+02 -3.390584338731094450e+07
1.606425702811244705e+01 6.897491995683845412e-01 -9.730496064553472024e+01 -4.049156970122732967e+07
2.008032128514056325e+01 1.120958671435132059e+00 3.414592034910439224e+02 -5.308224285753802210e+07
2.409638554216867590e+01 9.856610369766348745e-01 -5.628644602977361728e+02 -4.272563984366315603e+07
2.811244979919678499e+01 5.503807306552287448e-01 3.768387756437483063e+02 -3.233340319198803231e+07
3.212851405622489409e+01 4.347153161993436710e-01 9.459948358517263500e+01 -2.766937260396773741e+07
3.614457831325301385e+01 4.208984020423474637e-01 -1.259442788622097567e+02 -2.727866843662957102e+07
4.016064257028112650e+01 4.124671482741151807e-01 -1.782386452274251667e+02 -2.695357083738997206e+07
4.417670682730923915e+01 4.398892793734460738e-01 -4.500575630834272829e+02 -2.670915401881729066e+07
4.819277108433735179e+01 4.969428326342159030e-01 -9.336914475203633401e+02 -2.611745415791608766e+07
5.220883534136545734e+01 5.614881219627068099e-01 -1.212975633179238912e+03 -2.724724453408865631e+07
5.622489959839356999e+01 5.657351188345290938e-01 -9.516248213625399330e+02 -2.964026000573322549e+07
6.024096385542168974e+01 4.874488813686193578e-01 -4.622865082587533720e+02 -2.782576838056979701e+07
6.425702811244978818e+01 4.286410711822960518e-01 -9.431631305945388988e+01 -2.437365108343805000e+07
6.827309236947790794e+01 4.365397492351012487e-01 1.689545455698662124e+01 -2.336356230780283362e+07
7.228915662650602769e+01 4.964051639785813097e-01 -1.870884634441534899e+01 -2.572824235097666085e+07
7.630522088353414745e+01 6.925837836806504333e-01 -3.366837635332952914e+02 -3.193620697472622246e+07
8.032128514056225299e+01 1.033880446153801369e+00 4.465491232993231279e+02 -3.751051529126038402e+07
8.433734939759035854e+01 8.310362294799843452e-01 1.220472883448104312e+03 -3.135558101299859956e+07
8.835341365461847829e+01 5.698769772189750116e-01 1.351021114849219884e+03 -2.801631142809019238e+07
9.236947791164658383e+01 5.656969408622335438e-01 3.891230312918239633e+02 -2.845706120368786156e+07
9.638554216867470359e+01 5.960476489327712901e-01 -3.494489498065346993e+02 -2.937879625861784443e+07
1.004016064257028091e+02 5.919826900170306327e-01 -5.022299834340905136e+02 -2.994675011383651569e+07
1.044176706827309147e+02 5.369797475066679926e-01 -3.348507460006908332e+02 -2.868244633284360170e+07
1.084337349397590344e+02 5.068496110772983121e-01 -2.913242803609222733e+02 -2.768866452767369151e+07
1.124497991967871400e+02 5.119960802261299682e-01 -3.689069841673107248e+02 -2.782363712714464217e+07
1.164658634538152597e+02 5.375423296894388248e-01 -5.070699396199333364e+02 -2.882544604752266407e+07
1.204819277108433795e+02 5.577709631152326653e-01 -6.358483577957416628e+02 -2.943764511578210816e+07
1.244979919678714850e+02 5.625611898062123917e-01 -7.196943897277614042e+02 -2.931113223032964021e+07
1.285140562248995764e+02 5.519943578593730082e-01 -6.925234324066915406e+02 -2.845043307345515490e+07
1.325301204819277245e+02 5.258018372794412976e-01 -5.251864404624784584e+02 -2.747887035537570715e+07
1.365461847389558159e+02 5.096476381005851097e-01 -3.753290072417631222e+02 -2.712826059910769761e+07
1.405622489959839356e+02 5.266154559988667216e-01 -4.269370856035766906e+02 -2.791238963814961910e+07
1.445783132530120554e+02 5.794617401454813521e-01 -6.649703041267760000e+02 -2.981795109586175904e+07
1.485943775100401467e+02 5.957846669789114147e-01 -6.871502634256908095e+02 -3.035980308509596810e+07
1.526104417670682949e+02 5.406213684278617926e-01 -3.573707129532310773e+02 -2.829380795381020010e+07
1.566265060240963862e+02 4.789717095617595510e-01 -6.130610400172689367e+01 -2.589445761220154166e+07
1.606425702811245060e+02 4.693218125967539844e-01 -3.127376286961888496e+01 -2.561241116831970587e+07
1.646586345381525973e+02 5.056521205274696618e-01 -1.891075460770910013e+02 -2.753921803947043419e+07
1.686746987951807171e+02 5.661418600770722342e-01 -5.095061320853254188e+02 -3.047211413758737594e+07
1.726907630522088368e+02 6.180492136975650475e-01 -8.493664601989403309e+02 -3.235320256497718394e+07
1.767068273092369566e+02 6.090372002764744552e-01 -8.358874854705273947e+02 -3.192997937769367173e+07
1.807228915662650479e+02 5.465934034911772432e-01 -5.575097600907512287e+02 -2.963721057598383725e+07
1.847389558232931677e+02 4.976847204406787961e-01 -3.603924187750467354e+02 -2.794894480175913125e+07
1.887550200803212590e+02 4.851291831635224372e-01 -3.078421458478265436e+02 -2.767352544127514586e+07
1.927710843373494072e+02 4.954940541486526628e-01 -3.220325616823394057e+02 -2.826417421819205582e+07
1.967871485943775269e+02 5.286082049015895512e-01 -3.604577625931755733e+02 -2.970945934579473734e+07
2.008032128514056183e+02 5.588844849164337214e-01 -3.272159879016680293e+02 -3.010317118383255973e+07
2.048192771084337380e+02 5.654595895310261522e-01 -1.749242208679046939e+02 -2.909945423856029287e+07
2.088353413654618294e+02 5.585810574700014186e-01 -8.642967043231001867e+01 -2.868424724802938849e+07
2.128514056224899775e+02 5.659505136864633190e-01 -1.900581185101083861e+02 -2.931667509320369363e+07
2.168674698795180689e+02 5.620898520734991521e-01 -2.789717454474736655e+02 -2.998873403769536316e+07
2.208835341365461886e+02 5.553373730644490802e-01 -2.974086979083091933e+02 -3.018855494621743262e+07
2.248995983935742800e+02 5.496328058958052099e-01 -2.643971716981689042e+02 -2.998030182379335165e+07
2.289156626506023997e+02 5.508031871433338722e-01 -2.853234645195744861e+02 -2.917895798353934288e+07
2.329317269076305195e+02 5.635474356196248369e-01 -3.085029329215685152e+02 -2.900602145403258130e+07
2.369477911646586392e+02 5.627888446951675450e-01 -2.868744944592853017e+02 -2.902569490519521013e+07
2.409638554216867590e+02 5.399054787310184622e-01 -2.391796153319788232e+02 -2.901178031044892967e+07
2.449799196787148503e+02 5.265276152853021197e-01 -2.247724677944349878e+02 -2.899420913422983885e+07
2.489959839357429701e+02 5.482193095160811103e-01 -2.109904701255341024e+02 -2.960177416149024665e+07
2.530120481927710614e+02 5.709918579728049393e-01 -1.125603568462831561e+02 -2.884000071776704118e+07
2.570281124497991527e+02 5.721767741170166177e-01 -3.298583877662810693e+00 -2.736773153243304044e+07
2.610441767068273293e+02 5.413538265503128333e-01 -9.684687595539756444e+00 -2.577331432601864263e+07
2.650602409638554491e+02 5.129988777813643264e-01 -1.442105630654749575e+02 -2.473935728926435858e+07
2.690763052208835688e+02 4.988105435737711923e-01 -2.539455430500539705e+02 -2.461367109884681925e+07
2.730923694779116317e+02 5.197256051234665497e-01 -2.752743811491904466e+02 -2.543072804469361529e+07
2.771084337349397515e+02 5.503988456061776890e-01 -2.567558606497397591e+02 -2.601191077312847227e+07
2.811244979919678713e+02 5.776340944081501672e-01 -3.168601596459454299e+02 -2.617491687906576321e+07
2.851405622489959910e+02 5.745814489273102232e-01 -4.409488336976876894e+02 -2.583449362868380547e+07
2.891566265060241108e+02 5.401377600064553031e-01 -4.835540845884933674e+02 -2.486538397939646617e+07
2.931726907630521737e+02 5.515099523723151487e-01 -2.584537624288136044e+02 -2.527205949013008177e+07
2.971887550200802934e+02 6.307772735721507429e-01 2.235466744940585215e+02 -2.801159785496610776e+07
3.012048192771084700e+02 6.780214758705304101e-01 5.922706398882128269e+02 -2.935096977443934977e+07
3.052208835341365898e+02 6.070529565640032654e-01 2.895151472646006141e+02 -2.690775326288190484e+07
3.092369477911646527e+02 5.065563447870161662e-01 -2.658550160476238489e+02 -2.410274242826930806e+07
3.132530120481927725e+02 4.524904997319437183e-01 -5.699288229516880619e+02 -2.258203701893739402e+07
3.172690763052208922e+02 4.362448366079949014e-01 -7.112067904775227589e+02 -2.211113290432327613e+07
3.212851405622490120e+02 4.771164977539077978e-01 -6.897035182795073069e+02 -2.339965322357140109e+07
3.253012048192770749e+02 6.002566473234659528e-01 -2.574870550154981856e+02 -2.684109642116554826e+07
3.293172690763051946e+02 7.328297145117237399e-01 4.059244632606262257e+02 -2.977151640352189168e+07
3.333333333333333144e+02 6.787175187092232553e-01 2.353691554094908156e+02 -2.788024779025092721e+07
3.373493975903614341e+02 5.355651674933838979e-01 -2.774359261105065002e+02 -2.419228339521124959e+07
3.413654618473896107e+02 4.501035456673218027e-01 -5.710815274217980004e+02 -2.172044944882781804e+07
3.453815261044176737e+02 4.055002881790912284e-01 -6.615498516604311590e+02 -2.032216346660295129e+07
3.493975903614457934e+02 3.883485963836572075e-01 -6.899657821269062197e+02 -1.977391324709871039e+07
3.534136546184739132e+02 3.929367046448836720e-01 -7.919936070897124409e+02 -1.976076080555504933e+07
3.574297188755020329e+02 4.283265654504947451e-01 -1.141239024263704323e+03 -1.958447942024437338e+07
3.614457831325300958e+02 5.352308704590448274e-01 -2.205336852725556128e+03 -1.810886592671056837e+07
3.654618473895582156e+02 6.993037548540378401e-01 -3.491645681331465312e+03 -1.882486551383810490e+07
3.694779116465863353e+02 6.749548891664077788e-01 -3.001749015986446466e+03 -2.285075021294951439e+07
3.734939759036144551e+02 5.484459518175460735e-01 -1.927832742420874183e+03 -2.309396382034545019e+07
3.775100401606425180e+02 4.668600552416947713e-01 -1.360108692004278737e+03 -2.147168218996707350e+07
3.815261044176706946e+02 4.325795046221409534e-01 -1.029976306937664958e+03 -2.044503090104423463e+07
3.855421686746988144e+02 4.082971713236769329e-01 -6.927648469118098546e+02 -1.990655591353917494e+07
3.895582329317269341e+02 4.022472432480578841e-01 -4.212286818025616526e+02 -1.987876302616793662e+07
3.935742971887550539e+02 4.237805417003869812e-01 -3.312883761453708189e+02 -2.066947419379049167e+07
3.975903614457831168e+02 4.717438042478382387e-01 -3.228187583799047502e+02 -2.097512534184304997e+07
4.016064257028112365e+02 5.305585010497981813e-01 8.959253859823309796e+00 -2.148494669659709185e+07
4.056224899598393563e+02 5.117164343764393220e-01 1.387153218761120286e+02 -2.442321167340904102e+07
4.096385542168674760e+02 5.174396586932384912e-01 6.463310161797895148e+01 -2.719169847602220997e+07
4.136546184738955390e+02 4.899861368345190815e-01 -1.616243603074676116e+01 -2.605926577341981605e+07
4.176706827309236587e+02 5.286553472497556028e-01 1.106741552431982996e+02 -2.512171346734379977e+07
4.216867469879518353e+02 6.643289469105511102e-01 1.052605840064987660e+03 -2.234655188099044561e+07
4.257028112449799551e+02 8.112130294774043682e-01 2.646275987530235852e+03 -2.009619226885912195e+07
4.297188755020080180e+02 6.928264048232097849e-01 1.727009643501136907e+03 -2.449254972763955593e+07
4.337349397590361377e+02 4.718002544100177720e-01 3.330382767323993676e+01 -2.450927046978537366e+07
4.377510040160642575e+02 4.230398607369838526e-01 -5.578601846289247987e+02 -2.304591418308235705e+07
4.417670682730923772e+02 4.012813535317958924e-01 -6.760969584200028066e+02 -2.108033470333079994e+07
4.457831325301204970e+02 4.268198298820233272e-01 -6.624583436319272778e+02 -2.051312362736314535e+07
4.497991967871485599e+02 4.495848520967788975e-01 -4.692801773824142515e+02 -2.093401341240916401e+07
4.538152610441766797e+02 4.170089299650200365e-01 -4.138417372716071441e+02 -2.025011099705456570e+07
4.578313253012047994e+02 3.904296291367586602e-01 -5.554660393211159999e+02 -1.965077922263659164e+07
4.618473895582329760e+02 3.918164180926200779e-01 -6.696270354680572154e+02 -2.098081322055122256e+07
4.658634538152610389e+02 4.692112957795919748e-01 -6.195866505261357133e+02 -2.457162402107133716e+07
4.698795180722891587e+02 7.539956128185504314e-01 6.385580596045515449e+02 -2.995175826036852971e+07
4.738955823293172784e+02 9.579316288774927246e-01 2.284240713618938116e+03 -2.780272047690621018e+07
4.779116465863453982e+02 7.277960076152107938e-01 1.379950946185630755e+03 -2.205799957445871830e+07
4.819277108433735179e+02 5.109703264663325584e-01 1.327878998792223229e+02 -2.386908015740619972e+07
4.859437751004015809e+02 4.560697462796204360e-01 -3.333170770959168294e+02 -2.432905056564454362e+07
4.899598393574297006e+02 4.002862382926387075e-01 -5.690524419532440561e+02 -2.082731386824152619e+07
4.939759036144578204e+02 3.499849676338365745e-01 -7.429129317482540955e+02 -1.788535206653609499e+07
4.979919678714859401e+02 3.263911244274195766e-01 -8.214855341930035593e+02 -1.650993780015588738e+07
5.020080321285140599e+02 3.245802453928816611e-01 -8.881143526648974102e+02 -1.606007237315599993e+07
5.060240963855421228e+02 3.477368784701386772e-01 -1.047117204869737407e+03 -1.655406846549612284e+07
5.100401606425702994e+02 4.032264865865217707e-01 -1.544687115582308934e+03 -1.914438735915261880e+07
5.140562248995983055e+02 4.544345570816098467e-01 -1.868784926085843608e+03 -1.784804982147343084e+07
5.180722891566265389e+02 7.714619651863895422e-01 -1.328774669864743601e+03 -1.644722708400754631e+07
5.220883534136546587e+02 1.285881838928349064e+00 7.593289061998253828e+02 -1.758345723078910261e+07
5.261044176706827784e+02 8.929342127050639011e-01 1.563105509241897835e+03 -3.122997289342150837e+07
5.301204819277108982e+02 5.642456699044863244e-01 -6.878265450141520887e+01 -2.957573572793221101e+07
5.341365461847389042e+02 4.156784694864067986e-01 -8.002521954723813451e+02 -2.018073996127028763e+07
5.381526104417671377e+02 3.221039842846699641e-01 -7.775360894899323512e+02 -1.462233518392475881e+07
5.421686746987951437e+02 2.756666437423490046e-01 -6.923535411529115891e+02 -1.242770123553366214e+07
5.461847389558232635e+02 2.607198524951865881e-01 -6.481477649413953941e+02 -1.168496046783407219e+07
5.502008032128513833e+02 2.608488641476379155e-01 -6.212686624891809970e+02 -1.175883318423821032e+07
5.542168674698795030e+02 2.853807413550039085e-01 -6.013957148742726986e+02 -1.390667361276878044e+07
5.582329317269076228e+02 3.059080539720244740e-01 -5.728231471841972962e+02 -1.612437913609397225e+07
5.622489959839357425e+02 3.200648844962183937e-01 -5.115047762588977776e+02 -1.769718634491930902e+07
5.662650602409638623e+02 3.443999975730628327e-01 -4.266890501136102785e+02 -1.975649646967580542e+07
5.702811244979919820e+02 3.746757745342016999e-01 -4.450939509484189784e+02 -2.202004575580225885e+07
5.742971887550201018e+02 4.456045662825913745e-01 -3.984735342827931959e+02 -2.581957208265163749e+07
5.783132530120482215e+02 6.917269890398765053e-01 6.481695131778437826e+02 -3.058571071418619528e+07
5.823293172690763413e+02 9.642796288073556266e-01 2.672099679203770393e+03 -3.037424997985935211e+07
5.863453815261043474e+02 7.881732641539835882e-01 1.730835317999377821e+03 -2.633583628493531048e+07
5.903614457831325808e+02 5.121682264969985576e-01 -1.874079793840286925e+02 -2.334287180866127461e+07
5.943775100401605869e+02 4.042323772401997251e-01 -6.288443158235792225e+02 -1.903949492209323123e+07
5.983935742971887066e+02 3.838116545058278817e-01 -7.662273751653439149e+02 -1.745722661413444579e+07
6.024096385542169401e+02 3.787104465417603372e-01 -8.095855230719756719e+02 -1.725938752232044935e+07
6.064257028112449461e+02 3.708616816684193185e-01 -7.906715804713958278e+02 -1.758834474524022639e+07
6.104417670682731796e+02 3.930584643606305217e-01 -7.151288075360122320e+02 -2.031901773503493145e+07
6.144578313253011856e+02 4.382764984044629220e-01 -6.592781355422117713e+02 -2.357377392179509997e+07
6.184738955823293054e+02 4.824270405406207995e-01 -6.213405697098323799e+02 -2.666763449113335833e+07
6.224899598393574252e+02 4.906570774429485082e-01 -7.700705708567572856e+02 -2.767902883284981921e+07
6.265060240963855449e+02 4.754667259380772060e-01 -8.743822341206395095e+02 -2.662782048185291886e+07
6.305220883534136647e+02 4.912372451703461151e-01 -8.082445744437795838e+02 -2.559581874260335043e+07
6.345381526104417844e+02 5.523611120572438082e-01 -5.148997735568591452e+02 -2.597384813108249009e+07
6.385542168674697905e+02 7.059751320833547172e-01 4.700284368204351040e+02 -3.090863731888087839e+07
6.425702811244980239e+02 7.582842368020125123e-01 1.212592572105354066e+03 -3.288740924053593352e+07
6.465863453815261437e+02 5.465130515635320263e-01 4.158746459068949548e+02 -2.559976382065709680e+07
6.506024096385541498e+02 4.013890873291006134e-01 -2.959432703357039145e+02 -2.112400774325636774e+07
6.546184738955823832e+02 3.789023229703469275e-01 -4.649981274852050319e+02 -2.059280776733481511e+07
6.586345381526103893e+02 3.979199855845589329e-01 -4.148290166184909822e+02 -2.188364023304683343e+07
6.626506024096386227e+02 4.415411311646024184e-01 -4.426942075873898830e+02 -2.397087874156974256e+07
6.666666666666666288e+02 6.266763027238734240e-01 1.118763251408312271e+02 -2.765990157535846904e+07
6.706827309236947485e+02 1.031023272127449042e+00 2.689461541935089372e+03 -2.617133687335566431e+07
6.746987951807228683e+02 1.001715336513308463e+00 2.526346300711889853e+03 -1.810344112587291747e+07
6.787148594377509880e+02 8.718578045386107256e-01 1.035277455140175334e+03 -2.362259112243610620e+07
6.827309236947792215e+02 1.007100149847256043e+00 1.815383297228881474e+03 -3.439883418549980223e+07
6.867469879518072275e+02 8.826584048146879358e-01 1.997239998995771202e+03 -3.259955979293490946e+07
6.907630522088353473e+02 5.185934527075402034e-01 3.198315580566662675e+02 -2.219128710276631266e+07
6.947791164658634671e+02 3.812940876598251982e-01 -4.976604630516230827e+02 -1.770538634092595056e+07
6.987951807228915868e+02 3.607559914164561454e-01 -6.471503547704013499e+02 -1.651445271926651150e+07
7.028112449799195929e+02 3.677182568196290524e-01 -6.445929282564198957e+02 -1.723147756116620451e+07
7.068273092369478263e+02 3.874440542967120815e-01 -5.524828121018115326e+02 -1.751878039025907964e+07
7.108433734939758324e+02 4.531734028719682783e-01 -2.578377752267309688e+02 -1.911398667393609509e+07
7.148594377510040658e+02 6.335258822980356364e-01 6.111625917614899208e+02 -2.252210580809259787e+07
7.188755020080320719e+02 9.039166719501576797e-01 2.004061630270274236e+03 -2.513870141109528393e+07
7.228915662650601917e+02 8.736020920899271180e-01 3.037331140776006464e+02 -2.542303071313101798e+07
7.269076305220884251e+02 7.211632624206906206e-01 -1.729772751529088737e+03 -2.343980171885213256e+07
7.309236947791164312e+02 5.699545273827922864e-01 -1.518613619895843385e+03 -2.056712976172019541e+07
7.349397590361446646e+02 4.546629259905037301e-01 -9.102828401424885669e+02 -1.828484124478193000e+07
7.389558232931726707e+02 4.056187438371886556e-01 -7.047963653827861208e+02 -1.735777096409947425e+07
7.429718875502007904e+02 4.154239692991208432e-01 -7.989177448493616112e+02 -1.777393176032141224e+07
7.469879518072289102e+02 4.584171210245008843e-01 -1.072270102700753341e+03 -2.058409360872835666e+07
7.510040160642570299e+02 5.132297907317295849e-01 -1.421921488906047216e+03 -2.436949159173517674e+07
7.550200803212850360e+02 5.419427220646338972e-01 -1.619649775461089121e+03 -2.637510847560973838e+07
7.590361445783132694e+02 5.364085158195348590e-01 -1.603638656904724257e+03 -2.629841305023634434e+07
7.630522088353413892e+02 5.058364183960344374e-01 -1.475638613112882922e+03 -2.387402008860645816e+07
7.670682730923695090e+02 4.747634359869767895e-01 -1.357735416455578388e+03 -2.056927406795038655e+07
7.710843373493976287e+02 4.739277702055669228e-01 -1.377013263948754229e+03 -1.974270601590708271e+07
7.751004016064256348e+02 4.932319092648748127e-01 -1.455561088872642131e+03 -2.064535547277885303e+07
7.791164658634538682e+02 4.990688276865010709e-01 -1.471787075155762295e+03 -2.173708745790135488e+07
7.831325301204818743e+02 4.836013269026889771e-01 -1.398505932655007427e+03 -2.168360935737422481e+07
7.871485943775101077e+02 4.577953396724432911e-01 -1.257653770788427892e+03 -2.110066970973181725e+07
7.911646586345381138e+02 4.463192720649021838e-01 -1.167588749257831068e+03 -2.091610793638386205e+07
7.951807228915662336e+02 4.516031858949591249e-01 -1.183873698107215660e+03 -2.133672030661452562e+07
7.991967871485943533e+02 4.640700648896135538e-01 -1.255747530442443576e+03 -2.147745806204422936e+07
8.032128514056224731e+02 4.736417858157870309e-01 -1.352959438865326320e+03 -2.100936088185377046e+07
8.072289156626505928e+02 4.798687559951965165e-01 -1.452888834309976119e+03 -2.074352764562781155e+07
8.112449799196787126e+02 5.056338294080106044e-01 -1.461467289324723652e+03 -2.151199379904616252e+07
8.152610441767068323e+02 5.165876595380204384e-01 -1.403689170004317475e+03 -2.208276996242830157e+07
8.192771084337349521e+02 5.035168684617303825e-01 -1.342719752248548730e+03 -2.131958603804843500e+07
8.232931726907630718e+02 5.221726010269219787e-01 -1.304855105098630020e+03 -2.143270458561421931e+07
8.273092369477910779e+02 5.568395609963350257e-01 -1.470419030575578290e+03 -2.262772427395153418e+07
8.313253012048193114e+02 7.866461507350691607e-01 -5.304952854199145804e+02 -2.457635103569851816e+07
8.353413654618473174e+02 1.251366613779368642e+00 2.606928414439774315e+03 -2.120125568164877221e+07
8.393574297188755509e+02 1.380285173715178226e+00 4.945269114331270430e+03 -1.425943422822088376e+07
8.433734939759036706e+02 8.561893571342695797e-01 1.412116925828327567e+03 -1.851617194245069474e+07
8.473895582329316767e+02 5.825630292618300121e-01 -6.343530849816133923e+02 -2.097508940741305798e+07
8.514056224899599101e+02 5.044159512609607265e-01 -1.045822150800869622e+03 -1.982832838740027323e+07
8.554216867469879162e+02 4.794993120433281297e-01 -1.137520299652083850e+03 -1.893033452003084868e+07
8.594377510040160359e+02 4.702951715941486310e-01 -1.194074364379524013e+03 -1.832668254071402550e+07
8.634538152610441557e+02 4.660026500967575092e-01 -1.225137060552378671e+03 -1.798993970094469935e+07
8.674698795180722755e+02 4.629720268024058449e-01 -1.229743649861777385e+03 -1.792567321764589846e+07
8.714859437751003952e+02 4.603947983275270550e-01 -1.218671823906332065e+03 -1.799698888182784244e+07
8.755020080321285150e+02 4.584000940509456723e-01 -1.196668304634282549e+03 -1.808991983605518937e+07
8.795180722891565210e+02 4.536205145334447075e-01 -1.156985228391621149e+03 -1.818753259269809350e+07
8.835341365461847545e+02 4.428129010415959299e-01 -1.116951428285234442e+03 -1.827464615864141658e+07
8.875502008032128742e+02 4.377880752323712876e-01 -1.128388579968707973e+03 -1.847417104822841659e+07
8.915662650602409940e+02 4.416574963944489562e-01 -1.207022519353410871e+03 -1.875977614826151729e+07
8.955823293172691137e+02 4.524889642146573410e-01 -1.303573643688269385e+03 -1.918884653362444416e+07
8.995983935742971198e+02 4.568858647611310220e-01 -1.320928446134216983e+03 -1.954011122330211103e+07
9.036144578313253533e+02 4.549191852531204172e-01 -1.306522391116663584e+03 -1.948704803018599004e+07
9.076305220883533593e+02 4.526777262497863052e-01 -1.293469294441247257e+03 -1.903777413313414529e+07
9.116465863453815928e+02 4.522153986348059762e-01 -1.272376048064355246e+03 -1.871437330719682202e+07
9.156626506024095988e+02 4.727552621638120844e-01 -1.218694476643681128e+03 -1.932432647762030363e+07
9.196787148594377186e+02 4.842455603328899016e-01 -1.187322016359095187e+03 -2.000104537316717580e+07
9.236947791164659520e+02 5.312943775793410595e-01 -1.097491952042938465e+03 -2.031779568916065618e+07
9.277108433734939581e+02 7.245075409221826135e-01 -4.599936258575983175e+02 -2.196747901760337502e+07
9.317269076305220779e+02 1.173574056365974005e+00 2.727161503634044493e+03 -1.256382484142295644e+07
9.357429718875501976e+02 1.413650822472671376e+00 5.921949395078267116e+03 1.712745067246507853e+07
9.397590361445783174e+02 7.903534171424858590e-01 2.475322632941047686e+03 1.335958612923705764e+07
9.437751004016064371e+02 4.896983502701968138e-01 -1.609582906118270103e+02 -2.169225955438818783e+05
9.477911646586345569e+02 4.195613634597357700e-01 -6.938194440509084870e+02 -2.034554512704280438e+06
9.518072289156625629e+02 4.080129469250517449e-01 -7.792976116022757651e+02 -1.671734193033809774e+06
9.558232931726907964e+02 4.148559279801946609e-01 -7.852418545419376414e+02 -1.282241536837171530e+06
9.598393574297188025e+02 4.258079137410538673e-01 -7.464309947852107143e+02 -8.390011047387523577e+05
9.638554216867470359e+02 4.350569538072749931e-01 -7.124846652510269678e+02 -5.836563180766915902e+05
9.678714859437751556e+02 4.487078995348040000e-01 -6.969916771362979944e+02 -4.831499423608397483e+05
9.718875502008031617e+02 4.642621312620155427e-01 -6.572067147295020959e+02 -4.641237312396412017e+05
9.759036144578313952e+02 4.640332370336057721e-01 -6.006893798046203301e+02 -6.223300255573345348e+05
9.799196787148594012e+02 4.807709458694944815e-01 -3.490379853745144487e+02 -9.323186584571872372e+05
9.839357429718875210e+02 4.343748693047512766e-01 -2.549763033408481760e+02 -3.227340913781818934e+06
9.879518072289156407e+02 3.170013680663791300e-01 -6.980226636538350249e+02 -5.606565801250975579e+06
9.919678714859437605e+02 4.666453813886031199e-01 7.083183329585172032e+02 6.079234001388156787e+06
9.959839357429718802e+02 4.666453813886031199e-01 7.083183329585172032e+02 2.500000000000000000e+05
1.000000000000000000e+03 3.170013680663791300e-01 -6.980226636538350249e+02 2.500000000000000000e+05
