# 2.793729865967905
0.000000000000000000e+00 4.405382247916194594e+00 1.827739232173171331e+03 2.500000000000000000e+05
4.016064257028111761e+00 3.963402427578076037e-01 -1.298560534934691532e+03 2.500000000000000000e+05
8.032128514056223523e+00 3.963402427578076037e-01 1.298560534934691532e+03 -4.307378317690902948e+07
1.204819277108433795e+01 4.405382247916194594e+00 -1.827739232173171331e+03 -6.631491532140318155e+08
1.606425702811244705e+01 1.622177716878792975e+00 4.523012177879505202e+02 -2.318196314519750178e+08
2.008032128514056325e+01 1.472240868058725116e+00 -6.077929966160598951e+02 -2.012791437235479355e+08
2.409638554216867590e+01 7.852539255454160649e-01 2.821545303062048333e+02 -1.048315500829015374e+08
2.811244979919678499e+01 1.004877675090380063e+00 -5.735823631679088521e+02 -1.232044564037875235e+08
3.212851405622489409e+01 5.540491856584149888e-01 5.423181692369497569e+02 -6.488155531382422149e+07
3.614457831325301385e+01 6.649351224376039982e-01 5.519777080177597384e+01 -7.235741164956597984e+07
4.016064257028112650e+01 6.109391688486960348e-01 -1.458912517056139109e+02 -6.432703735665173829e+07
4.417670682730923915e+01 4.786690354142065784e-01 3.867121494626714906e+01 -4.997595637629812211e+07
4.819277108433735179e+01 5.048123937310282638e-01 -2.899871389140641327e+02 -5.050434579183498025e+07
5.220883534136545734e+01 5.034579713957531011e-01 -3.362327485798538191e+02 -4.879861952843824029e+07
5.622489959839356999e+01 4.923180564287800709e-01 -3.205670764783013169e+02 -4.651638469857089967e+07
6.024096385542168974e+01 5.025545820614354398e-01 -3.386879870133799386e+02 -4.660703446801982075e+07
6.425702811244978818e+01 4.580210782559873128e-01 -9.302341584648300454e+01 -4.272201482959714532e+07
6.827309236947790794e+01 4.648575947279423026e-01 -3.482062585303802393e+01 -4.297612619655653089e+07
7.228915662650602769e+01 4.480486477326355299e-01 1.295877430457019841e+02 -4.096024610467572510e+07
7.630522088353414745e+01 4.454774414227127832e-01 1.665488776579466901e+02 -3.961668950786761940e+07
8.032128514056225299e+01 4.303867486490461913e-01 1.755634693251684268e+02 -3.717956476385512203e+07
8.433734939759035854e+01 4.140094180212084418e-01 1.452884156103620512e+02 -3.498654913876748085e+07
8.835341365461847829e+01 3.998131263711555694e-01 9.441504833411035236e+01 -3.325209485933820903e+07
9.236947791164658383e+01 3.773482084934192127e-01 8.320809654990775073e+01 -3.114011388390352950e+07
9.638554216867470359e+01 3.642465228950607092e-01 3.834922560721740581e+01 -2.985764947752368823e+07
1.004016064257028091e+02 3.548359677948276780e-01 -1.472480218616572323e+01 -2.885254656642106920e+07
1.044176706827309147e+02 3.412357910224304014e-01 -2.692983052375165443e+01 -2.758368805046905577e+07
1.084337349397590344e+02 3.346372838535937033e-01 -3.600941507698439636e+01 -2.689762423612507060e+07
1.124497991967871400e+02 3.306894202654726556e-01 -2.617394260028580888e+01 -2.653405583764404058e+07
1.164658634538152597e+02 3.290755662070803389e-01 -2.578928254301167300e+01 -2.635670645901593193e+07
1.204819277108433795e+02 3.214557916775016011e-01 -2.935759566014446165e+01 -2.578225699246471003e+07
1.244979919678714850e+02 3.173197602905143411e-01 -4.500066602064200083e+01 -2.543044007462476566e+07
1.285140562248995764e+02 3.185863999166326233e-01 -4.298955963963073401e+01 -2.546975777140358090e+07
1.325301204819277245e+02 3.236809393883269825e-01 -5.297518471978180088e+01 -2.580975365694645792e+07
1.365461847389558159e+02 3.247620181333380485e-01 -7.926350053194717304e+01 -2.596574744577669352e+07
1.405622489959839356e+02 3.343557677531528993e-01 -1.217209766576693823e+02 -2.666455816119010746e+07
1.445783132530120554e+02 3.537699274130758353e-01 -1.448438944308664702e+02 -2.796415219861931354e+07
1.485943775100401467e+02 3.707478499056295340e-01 -1.803531400328586756e+02 -2.910089947534852475e+07
1.526104417670682949e+02 3.837960657321670133e-01 -2.385420675532577945e+02 -2.997340249969610199e+07
1.566265060240963862e+02 3.989811976207474631e-01 -2.482671075744601410e+02 -3.105898492422394827e+07
1.606425702811245060e+02 4.039528785481190098e-01 -2.142246806003219888e+02 -3.152991651487674937e+07
1.646586345381525973e+02 3.877731558839157544e-01 -1.979134413469416245e+02 -3.054168316232054308e+07
1.686746987951807171e+02 3.671207426860279566e-01 -1.954235544322013425e+02 -2.901373347362637147e+07
1.726907630522088368e+02 3.572422984402292001e-01 -1.548316629429660907e+02 -2.808418450262498483e+07
1.767068273092369566e+02 3.557009976946056140e-01 -9.038353903333489825e+01 -2.775142210322290286e+07
1.807228915662650479e+02 3.609518686486081762e-01 -3.877006282241681845e+01 -2.805968556046676636e+07
1.847389558232931677e+02 3.780963121974634245e-01 1.544970439878141377e+01 -2.946698917329277471e+07
1.887550200803212590e+02 4.130635926250404433e-01 1.207924084769420006e+02 -3.223769135371246561e+07
1.927710843373494072e+02 4.345275036703766802e-01 2.259853796577660603e+02 -3.399552387624888122e+07
1.967871485943775269e+02 4.137328273661086686e-01 1.806655532894347687e+02 -3.288161031601979211e+07
2.008032128514056183e+02 3.717100771288658345e-01 3.510652256604365107e+01 -3.011386853108305112e+07
2.048192771084337380e+02 3.472668996730079449e-01 -6.498049895278828103e+01 -2.843007932943310216e+07
2.088353413654618294e+02 3.510196208840702381e-01 -9.432872354838278284e+01 -2.867372462695921957e+07
2.128514056224899775e+02 3.696784966207890544e-01 -8.538274011865956936e+01 -2.996879523871844634e+07
2.168674698795180689e+02 3.816467757004277650e-01 -8.573834691158309340e+01 -3.072710807735139877e+07
2.208835341365461886e+02 3.799916166708242060e-01 -1.204368217073630376e+02 -3.047026130933055654e+07
2.248995983935742800e+02 3.693661704917818311e-01 -1.607273916393720015e+02 -2.951924566063839197e+07
2.289156626506023997e+02 3.637434901737500725e-01 -1.999393776747753009e+02 -2.903219340118818730e+07
2.329317269076305195e+02 3.719062245440339920e-01 -2.449670369362554823e+02 -2.960362717235888168e+07
2.369477911646586392e+02 3.935759844935475815e-01 -3.414986780670479902e+02 -3.129247388198405504e+07
2.409638554216867590e+02 4.227715333469559411e-01 -5.159977333837601918e+02 -3.365263587763402611e+07
2.449799196787148503e+02 4.592198527417120646e-01 -6.095468607500411053e+02 -3.646143431865333021e+07
2.489959839357429701e+02 4.948307559988560089e-01 -5.396211267123507014e+02 -3.930453929287147522e+07
2.530120481927710614e+02 5.188005129469561716e-01 -2.291393719523373420e+02 -4.142495661306627095e+07
2.570281124497991527e+02 5.191562336688018142e-01 7.316485589683756530e+01 -4.256474199236029387e+07
2.610441767068273293e+02 4.734355406179531767e-01 1.447653698213939890e+02 -3.962496285418011993e+07
2.650602409638554491e+02 4.153191027466878182e-01 8.671826966084736910e+00 -3.540998338336697221e+07
2.690763052208835688e+02 3.854966490508228150e-01 -1.425456496257141907e+02 -3.304574095756003261e+07
2.730923694779116317e+02 3.973858937837036476e-01 -2.472022798529563659e+02 -3.341976849033568799e+07
2.771084337349397515e+02 4.319776541036322026e-01 -3.331891194955037463e+02 -3.553098910983536392e+07
2.811244979919678713e+02 4.712374439139001003e-01 -4.391421499170568836e+02 -3.828678517803275585e+07
2.851405622489959910e+02 4.733437341092877060e-01 -5.219545334011056639e+02 -3.844463851701663435e+07
2.891566265060241108e+02 4.433434926672112364e-01 -5.169462849848722499e+02 -3.594880143710600585e+07
2.931726907630521737e+02 4.628444903825786327e-01 -1.594406398486791829e+02 -3.683178979887977988e+07
2.971887550200802934e+02 5.264421499882742106e-01 3.960607650608347399e+02 -4.077584888390803337e+07
3.012048192771084700e+02 5.546429360701526923e-01 7.399492274260832119e+02 -4.236055795858843625e+07
3.052208835341365898e+02 4.880645733598423797e-01 4.867560332295786338e+02 -3.812156201962514967e+07
3.092369477911646527e+02 4.066381378238931310e-01 -9.677869235233060863e+00 -3.310961031648333743e+07
3.132530120481927725e+02 3.838300957033312089e-01 -2.317017591309479769e+02 -3.124428869256782532e+07
3.172690763052208922e+02 4.165223469271261969e-01 -1.384101767894235593e+02 -3.293093168233435974e+07
3.212851405622490120e+02 4.629907194696922246e-01 7.482757243714814877e+01 -3.602783887480571866e+07
3.253012048192770749e+02 4.675135894792052937e-01 2.297061726561318551e+01 -3.666294322523997724e+07
3.293172690763051946e+02 4.136971313539808959e-01 -2.031218957528141402e+02 -3.271994537538700551e+07
3.333333333333333144e+02 4.149321858327622570e-01 -7.651620627741622229e+02 -3.163990189587333798e+07
3.373493975903614341e+02 5.530244796325124446e-01 -2.385067683409825804e+03 -3.529969744712856412e+07
3.413654618473896107e+02 9.448105999282760958e-01 -3.833146596430655336e+03 -5.535866341698042303e+07
3.453815261044176737e+02 9.939843719227952068e-01 -2.987761415493416280e+03 -6.380404752859678864e+07
3.493975903614457934e+02 6.982064445158752131e-01 -1.227903250034325765e+03 -5.174639062336393446e+07
3.534136546184739132e+02 5.649716646197754377e-01 -1.220324962856364436e+03 -4.055262863888300210e+07
3.574297188755020329e+02 7.254154089140950612e-01 -3.248907674262126420e+03 -4.325984414422032982e+07
3.614457831325300958e+02 9.710417313168175912e-01 -4.143483052492426395e+03 -5.354635645529466867e+07
3.654618473895582156e+02 9.534035418646038540e-01 -3.019755940470151018e+03 -5.674342417946621031e+07
3.694779116465863353e+02 7.420099774309674157e-01 -1.061462425922097054e+03 -5.106415049039480835e+07
3.734939759036144551e+02 5.294783477646272107e-01 1.991333667394627582e+01 -4.147859714309719950e+07
3.775100401606425180e+02 4.919754725995879041e-01 1.215809622196723438e+01 -3.894995235741555691e+07
3.815261044176706946e+02 5.061598883037955465e-01 -1.192332034597983750e+02 -3.992200663551416993e+07
3.855421686746988144e+02 5.553240129204052300e-01 -4.505118707792393025e+02 -4.331272462557438016e+07
3.895582329317269341e+02 8.093075376815854760e-01 -2.316690699008710908e+03 -5.199586785719897598e+07
3.935742971887550539e+02 1.184161388468956133e+00 -4.883407390280833170e+03 -6.778219627244940400e+07
3.975903614457831168e+02 1.026440082875396120e+00 -3.242137782815166702e+03 -6.688175538721027970e+07
4.016064257028112365e+02 6.778884549795998193e-01 -8.117660282419969917e+02 -5.099990721952387691e+07
4.056224899598393563e+02 5.228080282068032769e-01 -9.147746908006209310e+01 -4.191620113299294561e+07
4.096385542168674760e+02 5.368208609620408467e-01 -2.538227846601504609e+02 -4.235463975830347836e+07
4.136546184738955390e+02 7.998429672527918033e-01 -2.021276706555875080e+03 -5.369182416899087280e+07
4.176706827309236587e+02 1.236455012936793052e+00 -5.059842309078047947e+03 -7.250562282347029448e+07
4.216867469879518353e+02 9.852324666040216394e-01 -3.132062052550611497e+03 -6.468098456259734184e+07
4.257028112449799551e+02 6.720072338450677751e-01 -1.320906605503560286e+03 -5.098068758900002390e+07
4.297188755020080180e+02 6.726855149705593950e-01 -1.635352205193575401e+03 -4.966709671128390729e+07
4.337349397590361377e+02 8.326151809607907905e-01 -2.724240360261502701e+03 -5.765848154864255339e+07
4.377510040160642575e+02 1.012625551095495791e+00 -3.269126432800392195e+03 -6.871543078584021330e+07
4.417670682730923772e+02 9.781173184295974821e-01 -2.743850043111226569e+03 -6.805917549271909893e+07
4.457831325301204970e+02 9.426151638929304299e-01 -2.606150149792473258e+03 -6.364231578168892860e+07
4.497991967871485599e+02 1.073820344606298605e+00 -4.092748131005256710e+03 -6.683842846282812953e+07
4.538152610441766797e+02 1.082682073861449767e+00 -4.131580426191186234e+03 -6.796137195363157988e+07
4.578313253012047994e+02 8.020157246730129641e-01 -2.092501235034456386e+03 -5.670998090785768628e+07
4.618473895582329760e+02 5.781696501783002429e-01 -8.274996811359364983e+02 -4.458349538489550352e+07
4.658634538152610389e+02 4.796998499749579037e-01 -3.983721066914654330e+02 -3.817298250542052835e+07
4.698795180722891587e+02 4.322229120669170976e-01 -1.887412201198797561e+02 -3.470666643096975237e+07
4.738955823293172784e+02 4.147688952584661082e-01 -6.174030902554552824e+01 -3.364440055328021199e+07
4.779116465863453982e+02 4.439236011474139154e-01 -1.551937780049804019e+02 -3.589127669284487516e+07
4.819277108433735179e+02 5.998770916975841860e-01 -1.148537425818527254e+03 -4.386146548721324652e+07
4.859437751004015809e+02 1.085301847205571324e+00 -4.092057687997334142e+03 -6.706838543408010155e+07
4.899598393574297006e+02 1.274372832424223168e+00 -4.298469784235513544e+03 -7.849560252033101022e+07
4.939759036144578204e+02 9.397724308123549530e-01 -1.497957749825031442e+03 -6.638806522362532467e+07
4.979919678714859401e+02 5.722741046737555015e-01 1.490674151772742562e+02 -4.748279227197587490e+07
5.020080321285140599e+02 4.562925237461156747e-01 2.573399279244011950e+02 -4.052357156216883659e+07
5.060240963855421228e+02 4.536512134168705357e-01 -1.111477923002084651e+02 -3.947796413126300275e+07
5.100401606425702994e+02 4.360362999985482602e-01 -2.928443302422793977e+02 -3.694789566545635462e+07
5.140562248995983055e+02 5.070437614454126329e-01 -1.154682587753560256e+03 -3.813863015655569732e+07
5.180722891566265389e+02 8.996035260462307281e-01 -4.100514063850452658e+03 -5.296451957896914333e+07
5.220883534136546587e+02 9.886297077674501832e-01 -3.914966583262516451e+03 -6.066010250440853089e+07
5.261044176706827784e+02 6.820488815084276846e-01 -1.298013795345244944e+03 -5.003764978491810709e+07
5.301204819277108982e+02 4.709061681705536406e-01 -1.567307465182531701e+02 -3.789293697834329307e+07
5.341365461847389042e+02 4.234994832525864061e-01 1.672281867343402695e+01 -3.518796458223036677e+07
5.381526104417671377e+02 4.942075995867228899e-01 -5.832279159256117964e+02 -3.817973461104133725e+07
5.421686746987951437e+02 8.531159079184937877e-01 -3.015220049483119055e+03 -5.296005801157089323e+07
5.461847389558232635e+02 1.072325372112821640e+00 -3.901875175202858372e+03 -6.701740383136542886e+07
5.502008032128513833e+02 7.612197715045391222e-01 -1.451610164796592017e+03 -5.594363351447980106e+07
5.542168674698795030e+02 4.809887444198930329e-01 -1.994075513396597898e+02 -4.016031607637695968e+07
5.582329317269076228e+02 4.402457096200154685e-01 -3.706196128208886762e+02 -3.670073364631287754e+07
5.622489959839357425e+02 5.501436732582315470e-01 -1.557671659990415264e+03 -3.963623631239722669e+07
5.662650602409638623e+02 8.437756256777662056e-01 -3.898283456388338436e+03 -5.034782869823011011e+07
5.702811244979919820e+02 8.511371081019450946e-01 -3.444195655062904734e+03 -5.341666738912957162e+07
5.742971887550201018e+02 6.075853332218149605e-01 -1.434310366875363115e+03 -4.450484618610706925e+07
5.783132530120482215e+02 4.532514453029435897e-01 -6.087848177737835158e+02 -3.570809397798032314e+07
5.823293172690763413e+02 4.465230434432400086e-01 -7.124310640933625791e+02 -3.452509796225802600e+07
5.863453815261043474e+02 5.661337242557406002e-01 -1.777274216274948913e+03 -3.768884201172071695e+07
5.903614457831325808e+02 8.382159546352702106e-01 -3.566833215692789963e+03 -4.794167151362675428e+07
5.943775100401605869e+02 8.424744899385602226e-01 -3.017725048041745595e+03 -5.093285982878985256e+07
5.983935742971887066e+02 6.362616910664737890e-01 -1.336238518316601130e+03 -4.413752384483133256e+07
6.024096385542169401e+02 5.123183079777160476e-01 -6.374284914392928840e+02 -3.752366258850576729e+07
6.064257028112449461e+02 5.236089458325605683e-01 -8.116864646654121316e+02 -3.756791404400417954e+07
6.104417670682731796e+02 6.480627067684361364e-01 -1.774937175138109069e+03 -4.175510772117414325e+07
6.144578313253011856e+02 8.364803262764439751e-01 -2.720232636068787997e+03 -4.969109235555983335e+07
6.184738955823293054e+02 8.179144459054323857e-01 -2.186450771845963573e+03 -5.059753326574766636e+07
6.224899598393574252e+02 6.819971860405340536e-01 -1.075668912360029935e+03 -4.537051599018586427e+07
6.265060240963855449e+02 6.136268095817591917e-01 -7.289907840144544480e+02 -4.155836591376625746e+07
6.305220883534136647e+02 6.665459507317137433e-01 -1.121567054901826396e+03 -4.284493223983860016e+07
6.345381526104417844e+02 8.237714270499469915e-01 -2.002690127966130376e+03 -4.781919423515067995e+07
6.385542168674697905e+02 8.864948243152956930e-01 -2.035403493973702552e+03 -5.041736780060672015e+07
6.425702811244980239e+02 8.097586799352093356e-01 -1.256699592917896780e+03 -4.829042274995317310e+07
6.465863453815261437e+02 7.299168682125273255e-01 -7.160158871162656169e+02 -4.550772556037960947e+07
6.506024096385541498e+02 7.403008383800804282e-01 -7.813716885852408041e+02 -4.626029993129409105e+07
6.546184738955823832e+02 8.145728613564898746e-01 -1.185523900425160264e+03 -4.977897632832239568e+07
6.586345381526103893e+02 8.661905032659927839e-01 -1.562067211262176897e+03 -5.267068520281794667e+07
6.626506024096386227e+02 8.330626709498690774e-01 -1.466922052282188133e+03 -5.193537474237668514e+07
6.666666666666666288e+02 7.451302745224580582e-01 -1.249496159610292580e+03 -4.852082261819609255e+07
6.706827309236947485e+02 6.950522557222432729e-01 -1.316255884452365308e+03 -4.575680411635226756e+07
6.746987951807228683e+02 6.927138807413095734e-01 -1.572467823299334214e+03 -4.499214611093120277e+07
6.787148594377509880e+02 7.115735838808455727e-01 -1.875377859925321445e+03 -4.528093382448755950e+07
6.827309236947792215e+02 7.188146689213061880e-01 -1.955347391062489123e+03 -4.569366263893172890e+07
6.867469879518072275e+02 7.037142762766384063e-01 -1.849182214611878862e+03 -4.524544300319454819e+07
6.907630522088353473e+02 6.816650567747472023e-01 -1.696355017760688952e+03 -4.448010263014380634e+07
6.947791164658634671e+02 6.772226146748397957e-01 -1.679333890951325657e+03 -4.425069834234613925e+07
6.987951807228915868e+02 6.882949687944992512e-01 -1.760303412538847169e+03 -4.461508544236063212e+07
7.028112449799195929e+02 7.057403431307379682e-01 -1.848835983817200486e+03 -4.534498316168666631e+07
7.068273092369478263e+02 7.092870952295095011e-01 -1.835279515065257556e+03 -4.554906743257967383e+07
7.108433734939758324e+02 7.020837658581220442e-01 -1.758856371391889070e+03 -4.528244816104962677e+07
7.148594377510040658e+02 6.965653133881523074e-01 -1.715971295642975747e+03 -4.485516775908773392e+07
7.188755020080320719e+02 7.005561391949761685e-01 -1.742761677173781436e+03 -4.479601678067634255e+07
7.228915662650601917e+02 7.088173402745673313e-01 -1.774332537307768689e+03 -4.482895450279524922e+07
7.269076305220884251e+02 7.083965050336100688e-01 -1.743502524431591837e+03 -4.458300797621702403e+07
7.309236947791164312e+02 6.963134483091866223e-01 -1.633821915046842150e+03 -4.361461020117983967e+07
7.349397590361446646e+02 6.822158469705322803e-01 -1.550113218641512276e+03 -4.217434418993293494e+07
7.389558232931726707e+02 6.829181502993905140e-01 -1.570873257097201304e+03 -4.109200056650484353e+07
7.429718875502007904e+02 6.894539397318132368e-01 -1.597729058043201803e+03 -4.036740001646240801e+07
7.469879518072289102e+02 6.857653821680768091e-01 -1.546099031531656010e+03 -3.950203145184267312e+07
7.510040160642570299e+02 6.675849016944400693e-01 -1.392295077505689051e+03 -3.827303022729651630e+07
7.550200803212850360e+02 6.516203837733994808e-01 -1.312003059160589601e+03 -3.707854339950077236e+07
7.590361445783132694e+02 6.519196309652272037e-01 -1.347409278051307183e+03 -3.612922832168428600e+07
7.630522088353413892e+02 6.524895311605928283e-01 -1.371321989478695969e+03 -3.506106269412441552e+07
7.670682730923695090e+02 6.419199487777688118e-01 -1.308885923403739071e+03 -3.350452132783193141e+07
7.710843373493976287e+02 6.246358493877939289e-01 -1.249015142337219686e+03 -3.099810844143059105e+07
7.751004016064256348e+02 6.190804541555536833e-01 -1.259491899937377639e+03 -2.735757043828954920e+07
7.791164658634538682e+02 6.117845315161002384e-01 -1.193732163556572459e+03 -2.289199973795650154e+07
7.831325301204818743e+02 5.814843303278380837e-01 -9.333987030673058598e+02 -1.781804224037126452e+07
7.871485943775101077e+02 5.601029877987848682e-01 -7.160651044991222989e+02 -1.303010651453506015e+07
7.911646586345381138e+02 5.658365228571720085e-01 -6.749649912124181128e+02 -8.775592741872258484e+06
7.951807228915662336e+02 5.589477377089289156e-01 -5.458118042201773505e+02 -6.036514063651409000e+06
7.991967871485943533e+02 5.010674675301316494e-01 -2.885026318189941321e+02 -5.529551044176789932e+06
8.032128514056224731e+02 4.588306664686904179e-01 -3.237265710212669774e+02 -5.085290542051818222e+06
8.072289156626505928e+02 4.563337062147239664e-01 -6.295127529243668505e+02 -4.032011817730483133e+06
8.112449799196787126e+02 4.399234628053731444e-01 -7.008242308812936017e+02 -3.802413071549551096e+06
8.152610441767068323e+02 4.104458043812269641e-01 -6.105619386749261821e+02 -4.112974621235079132e+06
8.192771084337349521e+02 3.822592699039681907e-01 -4.969100119307695422e+02 -4.431919949193669483e+06
8.232931726907630718e+02 3.717280706734596984e-01 -4.857143482373988945e+02 -4.325358863236874342e+06
8.273092369477910779e+02 3.781652169412702547e-01 -5.585874830101399766e+02 -3.952590686132441740e+06
8.313253012048193114e+02 3.859626767385829216e-01 -5.819832503329223528e+02 -3.749483544172948692e+06
8.353413654618473174e+02 3.808950924454242437e-01 -4.988946530248940121e+02 -3.929787358236314729e+06
8.393574297188755509e+02 3.667073979430454100e-01 -3.611795185722172050e+02 -4.292521273582934402e+06
8.433734939759036706e+02 3.602696087111599832e-01 -3.038033063337169892e+02 -4.408963310412673280e+06
8.473895582329316767e+02 3.713094222655516363e-01 -3.652661480686427353e+02 -4.148824367618826684e+06
8.514056224899599101e+02 3.950674750654875056e-01 -4.874309689839361681e+02 -3.648809816002628300e+06
8.554216867469879162e+02 4.091035291532549856e-01 -5.029258588491475166e+02 -3.457805381481216289e+06
8.594377510040160359e+02 4.039516193287333579e-01 -4.012721180495103113e+02 -3.631508867983472999e+06
8.634538152610441557e+02 3.978694314876127236e-01 -3.286499567001307014e+02 -3.710064383525086567e+06
8.674698795180722755e+02 4.068213251101813199e-01 -3.744898077934786329e+02 -3.348206289116914850e+06
8.714859437751003952e+02 4.271384167629802553e-01 -4.683122991615388173e+02 -2.787508147975697182e+06
8.755020080321285150e+02 4.345879839445599968e-01 -4.514268687478166839e+02 -2.682270348753261380e+06
8.795180722891565210e+02 4.248635433353459279e-01 -3.458443615362971855e+02 -3.010148786137858871e+06
8.835341365461847545e+02 4.189849480072421195e-01 -3.310209250342930432e+02 -3.098291649646570906e+06
8.875502008032128742e+02 4.333067888071835405e-01 -4.832995988930695148e+02 -2.474873184529290069e+06
8.915662650602409940e+02 4.507815551739936533e-01 -6.408151413144795470e+02 -1.672575452085603960e+06
8.955823293172691137e+02 4.399520136409522109e-01 -5.830861560889236443e+02 -1.717918409355081152e+06
8.995983935742971198e+02 4.120050624608450618e-01 -4.632851582273510189e+02 -2.013636397350824205e+06
9.036144578313253533e+02 4.016084237283304437e-01 -4.852908015602058640e+02 -1.789079572589935735e+06
9.076305220883533593e+02 4.086452526296703858e-01 -6.020694847209530280e+02 -1.138790519486808218e+06
9.116465863453815928e+02 4.178279838021314307e-01 -6.817945347731720176e+02 -8.494648629479270894e+05
9.156626506024095988e+02 4.208031847706867334e-01 -6.535993458690993521e+02 -1.151859965695637744e+06
9.196787148594377186e+02 4.198883641337410322e-01 -5.606137776609564298e+02 -1.789864837238560896e+06
9.236947791164659520e+02 4.222965705731198116e-01 -4.883870742699490961e+02 -2.430992027893162332e+06
9.277108433734939581e+02 4.250815819457866018e-01 -4.755999569638925664e+02 -2.629382398517324589e+06
9.317269076305220779e+02 4.265989624713611983e-01 -4.861963702607936284e+02 -2.548512725194718223e+06
9.357429718875501976e+02 4.220733981377962629e-01 -4.383078448887019931e+02 -2.655686098116199020e+06
9.397590361445783174e+02 4.108172218280761179e-01 -2.729457400714886717e+02 -3.211367192609980237e+06
9.437751004016064371e+02 4.127445081930836701e-01 -5.870191660730488081e+01 -3.479926191779910587e+06
9.477911646586345569e+02 4.281819931635499343e-01 2.224186380098442157e+02 -3.366028423832899891e+06
9.518072289156625629e+02 4.330695614108077685e-01 4.583306718434927802e+02 -3.110641009144552052e+06
9.558232931726907964e+02 4.005162758868410777e-01 5.528009784914534066e+02 -3.561399011288841721e+06
9.598393574297188025e+02 3.606877705750592411e-01 4.990024048350763337e+02 -4.218237859656209126e+06
9.638554216867470359e+02 3.036104714156759865e-01 2.408490195410153660e+02 -4.946270544413890690e+06
9.678714859437751556e+02 3.071816695618886928e-01 2.316725409277169092e+02 -5.135199105388954282e+06
9.718875502008031617e+02 2.781558181440921262e-01 -2.251594260007573922e+01 -5.540785214161650278e+06
9.759036144578313952e+02 2.909141328826200246e-01 -1.602470722010177155e+02 -5.695399620237939991e+06
9.799196787148594012e+02 3.312869405273437540e-01 -9.204181822478625463e+01 -5.686153653938489035e+06
9.839357429718875210e+02 3.123621628767327962e-01 -1.677341939480798487e+02 -4.882953651183293201e+06
9.879518072289156407e+02 2.710200060961642787e-01 -1.247574791541273669e+02 -3.257268719494926045e+05
9.919678714859437605e+02 2.609179306306265156e-01 -8.685941144708583295e+01 9.494561732723000459e+05
9.959839357429718802e+02 2.609179306306265156e-01 -8.685941144708583295e+01 2.500000000000000000e+05
1.000000000000000000e+03 2.710200060961642787e-01 -1.247574791541273669e+02 2.500000000000000000e+05
