# 1.108744735534132
0.000000000000000000e+00 7.284193749702086995e-01 -5.003079257988840709e+02 2.500000000000000000e+05
4.016064257028111761e+00 8.888224322987544612e-01 -1.379173460351177710e+03 2.500000000000000000e+05
8.032128514056223523e+00 8.888224322987544612e-01 1.379173460351177710e+03 -3.679738744749440253e+07
1.204819277108433795e+01 7.284193749702086995e-01 5.003079257988840709e+02 -4.350037629486143589e+07
1.606425702811244705e+01 4.504060502126365773e-01 3.181088670924499411e+02 -2.946195562264628708e+07
2.008032128514056325e+01 4.175716232840206432e-01 -6.820839084622917881e+01 -2.578874533789646998e+07
2.409638554216867590e+01 4.008775610914065424e-01 5.750199651757991148e+01 -2.411720124254126102e+07
2.811244979919678499e+01 5.074725335807679372e-01 -4.917976682856192383e+02 -3.012008708463392779e+07
3.212851405622489409e+01 7.317445163075350090e-01 -6.190672279105190228e+02 -4.026536068376401812e+07
3.614457831325301385e+01 9.832348963961698995e-01 4.073743562045068529e+02 -4.530940755983604491e+07
4.016064257028112650e+01 8.124298681430089930e-01 9.220387895113087779e+02 -3.817056145844217390e+07
4.417670682730923915e+01 5.291406289166711296e-01 8.918308643025407036e+02 -2.875333184053895250e+07
4.819277108433735179e+01 4.495955844776006183e-01 1.972557881880909463e+02 -2.549367389768885821e+07
5.220883534136545734e+01 4.553372758513410945e-01 -3.623295270923923681e+02 -2.568105522995897755e+07
5.622489959839356999e+01 5.298635737887645858e-01 -1.081828950357234135e+03 -2.772575334427676722e+07
6.024096385542168974e+01 5.919061738388259331e-01 -1.420113664997898468e+03 -2.843426376602565497e+07
6.425702811244978818e+01 5.441717376271820727e-01 -9.978860470553404411e+02 -2.678374353060508892e+07
6.827309236947790794e+01 4.551102372855027611e-01 -4.188977648185706357e+02 -2.480359272978099063e+07
7.228915662650602769e+01 4.154050759741474974e-01 -1.279264114824056549e+02 -2.383880049727855250e+07
7.630522088353414745e+01 4.109510295809871150e-01 -8.346003375111232003e+01 -2.316700956604744494e+07
8.032128514056225299e+01 4.409944265094987714e-01 -4.425698226798113524e+02 -2.294838037155275419e+07
8.433734939759035854e+01 5.226428368741025121e-01 -7.101470340785183453e+02 -2.577066351153248549e+07
8.835341365461847829e+01 5.553622831286150197e-01 -7.416516726036480804e+02 -2.811657030932571366e+07
9.236947791164658383e+01 5.957996417864647176e-01 -1.930955470092345365e+02 -2.936616713022692129e+07
9.638554216867470359e+01 6.551437903428362075e-01 4.610060280332776301e+02 -3.083883402458683774e+07
1.004016064257028091e+02 8.259687284546726183e-01 1.063029940217315698e+03 -3.472033868188374490e+07
1.044176706827309147e+02 9.271549437615073108e-01 1.105608615431214048e+03 -3.758607333578550816e+07
1.084337349397590344e+02 7.795728475448933104e-01 5.162777242162288758e+02 -3.452746778409409523e+07
1.124497991967871400e+02 6.389336739537043730e-01 5.290576872306795053e+01 -3.214592678162104264e+07
1.164658634538152597e+02 5.662077432358089135e-01 -2.035468210913258815e+02 -3.012853670120448619e+07
1.204819277108433795e+02 5.385178564272117274e-01 -3.437883056845724923e+02 -2.882145906842989102e+07
1.244979919678714850e+02 5.506026053050966373e-01 -5.525119756617935991e+02 -2.853706347808916494e+07
1.285140562248995764e+02 5.693203558876598347e-01 -6.807223059942268719e+02 -2.872703203349874541e+07
1.325301204819277245e+02 5.491135810111829052e-01 -5.492939353262077020e+02 -2.835906683077685162e+07
1.365461847389558159e+02 4.898311541011923786e-01 -2.369332596922972698e+02 -2.692141035240410641e+07
1.405622489959839356e+02 4.483292222967604768e-01 -7.963501368518575418e+01 -2.571605586533782259e+07
1.445783132530120554e+02 4.558639549750533870e-01 -1.771679844601107447e+02 -2.590843461610084400e+07
1.485943775100401467e+02 5.189430533284595803e-01 -5.655472757200545857e+02 -2.747201298196800798e+07
1.526104417670682949e+02 6.020568919890267878e-01 -9.694422682983461073e+02 -2.907494124925200269e+07
1.566265060240963862e+02 6.111618876705824377e-01 -8.796309413255049776e+02 -2.969042639873993769e+07
1.606425702811245060e+02 5.670931175972283578e-01 -5.117655204098168156e+02 -2.954430493932539970e+07
1.646586345381525973e+02 5.211497690607352906e-01 -2.299442201503309775e+02 -2.910345705824811012e+07
1.686746987951807171e+02 4.985576521881851519e-01 -1.105529582945189446e+02 -2.873467085234119743e+07
1.726907630522088368e+02 5.036641253590082856e-01 -1.381549645199067697e+02 -2.890446824431329593e+07
1.767068273092369566e+02 5.312474844816997832e-01 -2.725861999495741088e+02 -2.950253082895700261e+07
1.807228915662650479e+02 5.523007679338644005e-01 -3.673995171679346186e+02 -2.989238486762367934e+07
1.847389558232931677e+02 5.503841803440887581e-01 -3.707893247956801019e+02 -2.989818050395708159e+07
1.887550200803212590e+02 5.366330104585775862e-01 -3.589050834748719581e+02 -2.976144378189816326e+07
1.927710843373494072e+02 5.200014873951054328e-01 -3.694257074712809867e+02 -2.936042474219408631e+07
1.967871485943775269e+02 5.118616569796564653e-01 -4.292727552296620956e+02 -2.856130383921807632e+07
2.008032128514056183e+02 5.111941393680248247e-01 -5.093170077119728489e+02 -2.762108695591349155e+07
2.048192771084337380e+02 5.075300816680501370e-01 -5.080550354716489210e+02 -2.687557557937830687e+07
2.088353413654618294e+02 5.061171279469943718e-01 -4.187894494600309372e+02 -2.698580819435566664e+07
2.128514056224899775e+02 5.263006566174477374e-01 -3.684332248992627683e+02 -2.823782210465587676e+07
2.168674698795180689e+02 5.673349269518890292e-01 -3.228534907264596541e+02 -3.028216613944796845e+07
2.208835341365461886e+02 5.869082544610498831e-01 -2.252154083003632081e+02 -3.127767969412467629e+07
2.248995983935742800e+02 5.665531748773167120e-01 -1.053758992675174113e+02 -3.028354711334770918e+07
2.289156626506023997e+02 5.401026315634490649e-01 -8.701628160762285802e+01 -2.863482095731745660e+07
2.329317269076305195e+02 5.317683030149742418e-01 -1.534167758594145994e+02 -2.808791750271245092e+07
2.369477911646586392e+02 5.389537046122347963e-01 -2.751870565716548640e+02 -2.845506187822290137e+07
2.409638554216867590e+02 5.496786748446019777e-01 -2.711485910015935588e+02 -2.951503114034317806e+07
2.449799196787148503e+02 5.517367718561380086e-01 -1.609083054870833394e+02 -2.988944116458946466e+07
2.489959839357429701e+02 5.395453696590648551e-01 -1.280136601824720515e+02 -2.893701627050890401e+07
2.530120481927710614e+02 5.305464089679062800e-01 -2.513306292210791355e+02 -2.700115054165809229e+07
2.570281124497991527e+02 5.256167728721216070e-01 -3.959307010758595311e+02 -2.581597943577408046e+07
2.610441767068273293e+02 5.366099270192985493e-01 -5.078696720509962574e+02 -2.531215478010924906e+07
2.650602409638554491e+02 5.736809184695885744e-01 -4.618102467184526176e+02 -2.612414354559266567e+07
2.690763052208835688e+02 6.097116394400556860e-01 -2.859297109492952131e+02 -2.743616629157841206e+07
2.730923694779116317e+02 5.924299456156664201e-01 -1.357247974448939658e+02 -2.732951420201456919e+07
2.771084337349397515e+02 5.391562017411981600e-01 -1.075529576712466024e+02 -2.558351247399378940e+07
2.811244979919678713e+02 5.066645443129794701e-01 -1.828396504977253869e+02 -2.438460142779404297e+07
2.851405622489959910e+02 5.023037996187119658e-01 -2.644090691707636438e+02 -2.405496194440935552e+07
2.891566265060241108e+02 5.348980314880877884e-01 -2.461972072126170588e+02 -2.491007022609001771e+07
2.931726907630521737e+02 5.633024648200403162e-01 -1.673898541725695850e+02 -2.592420001055118442e+07
2.971887550200802934e+02 5.554830506036096960e-01 -2.187651727209480725e+02 -2.667227916709834710e+07
3.012048192771084700e+02 5.290993420933283176e-01 -4.524156840619946820e+02 -2.594250243428206444e+07
3.052208835341365898e+02 5.068071788857194671e-01 -6.185265008315150226e+02 -2.461218836133453250e+07
3.092369477911646527e+02 5.532549572440489394e-01 -5.087120438776271953e+02 -2.523386439754758403e+07
3.132530120481927725e+02 6.846566293185339935e-01 1.072464243953455139e+02 -2.803466250240284204e+07
3.172690763052208922e+02 7.281867359572089526e-01 5.493983771428587488e+02 -2.951673108401258662e+07
3.212851405622490120e+02 6.153215735323056546e-01 1.797190740608712929e+02 -2.770624118050978333e+07
3.253012048192770749e+02 4.955501406221634042e-01 -3.476517969446692291e+02 -2.431505074143490568e+07
3.293172690763051946e+02 4.569789089523552117e-01 -8.090242064338644923e+02 -2.238367451380380243e+07
3.333333333333333144e+02 5.278610158979163414e-01 -1.780108489592697879e+03 -2.170274960928939655e+07
3.373493975903614341e+02 8.312296708315447535e-01 -2.971574667188732292e+03 -2.098372564153468236e+07
3.413654618473896107e+02 1.079375005528294684e+00 -2.741969624518385899e+03 -2.448476269229105860e+07
3.453815261044176737e+02 8.798265986282520768e-01 -8.814085015343114264e+02 -2.866754211324458942e+07
3.493975903614457934e+02 5.261742894181304919e-01 3.433048099124574719e+02 -2.815339066016581282e+07
3.534136546184739132e+02 4.759301907273862930e-01 -4.910082775065309306e+02 -2.418340980392099917e+07
3.574297188755020329e+02 4.555184628592128249e-01 -8.015218179209333584e+02 -2.271867858480812609e+07
3.614457831325300958e+02 4.157980708585167218e-01 -7.066623404850768111e+02 -2.172532858692923188e+07
3.654618473895582156e+02 3.825674692588615922e-01 -5.525842069527559488e+02 -2.084410770250067115e+07
3.694779116465863353e+02 3.612746089688601558e-01 -4.966181980395693927e+02 -1.974195701990071684e+07
3.734939759036144551e+02 3.610298238200934651e-01 -5.646334390942022310e+02 -1.896580865378491208e+07
3.775100401606425180e+02 3.720785386134611294e-01 -7.031503784512066204e+02 -1.882475036051741615e+07
3.815261044176706946e+02 3.721211914020307043e-01 -7.262361897898097141e+02 -1.869134549131286517e+07
3.855421686746988144e+02 3.550481699399369306e-01 -6.298954430893747940e+02 -1.824144929405985028e+07
3.895582329317269341e+02 3.380663728636683629e-01 -5.029645654099167018e+02 -1.759365035136393830e+07
3.935742971887550539e+02 3.408201351170616622e-01 -4.406618326461145898e+02 -1.739639686845584214e+07
3.975903614457831168e+02 3.520935736209885314e-01 -4.599661390234923033e+02 -1.743424488180891424e+07
4.016064257028112365e+02 3.686104220495274864e-01 -4.806162214536644797e+02 -1.799080326102196425e+07
4.056224899598393563e+02 3.975449966350464437e-01 -4.386287632396141589e+02 -2.143554438173644617e+07
4.096385542168674760e+02 4.364732124397248114e-01 -2.874299260347588074e+02 -2.421494096639442071e+07
4.136546184738955390e+02 4.864752140080115805e-01 -1.289943106262110462e+02 -2.587766897500962019e+07
4.176706827309236587e+02 5.104773184139432818e-01 -7.730328368021270080e+01 -2.494436113279627264e+07
4.216867469879518353e+02 5.379750547008907979e-01 7.218288280998731921e+01 -2.265027952885858715e+07
4.257028112449799551e+02 5.340542377690159492e-01 -1.029408002847985983e+02 -2.288094901235882565e+07
4.297188755020080180e+02 4.466268409620626767e-01 -4.447902209141072944e+02 -2.181850430504889041e+07
4.337349397590361377e+02 4.115627676570042803e-01 -6.678656247697288109e+02 -2.149640089782303572e+07
4.377510040160642575e+02 4.852597074741724636e-01 -3.841586512364174268e+02 -2.382522252388579026e+07
4.417670682730923772e+02 7.060641833830931802e-01 8.167670915650631969e+02 -2.782840878956176341e+07
4.457831325301204970e+02 9.318514426092208147e-01 2.612814168593130944e+03 -2.689059561174587533e+07
4.497991967871485599e+02 7.428712193991019452e-01 1.453236985136288922e+03 -2.169884319686037302e+07
4.538152610441766797e+02 5.314262644160807625e-01 -1.297440509082023254e+02 -2.310275000433956832e+07
4.578313253012047994e+02 4.831969167035587986e-01 -4.861257213775388095e+02 -2.486215353568695858e+07
4.618473895582329760e+02 4.781305248538498254e-01 -5.000428458540984025e+02 -2.570311788983558118e+07
4.658634538152610389e+02 4.274147971360837683e-01 -5.191843632851873735e+02 -2.321257340678949654e+07
4.698795180722891587e+02 3.812148061520002074e-01 -6.290038228843808383e+02 -1.987322784878569841e+07
4.738955823293172784e+02 3.642502904152407073e-01 -7.085809173077933565e+02 -1.853685044645755738e+07
4.779116465863453982e+02 3.826214023576540169e-01 -8.120866136936566591e+02 -1.876845950894118473e+07
4.819277108433735179e+02 4.388056918574372856e-01 -9.079248046681203732e+02 -2.141899335321860388e+07
4.859437751004015809e+02 5.700818135472290882e-01 -1.377187951001457577e+03 -2.664728710819271207e+07
4.899598393574297006e+02 1.085303345771359229e+00 1.484983311073867753e+02 -2.819617993410603702e+07
4.939759036144578204e+02 1.277893842101624156e+00 2.892810795273927624e+02 -2.294483229135132581e+07
4.979919678714859401e+02 7.533691672968271247e-01 -1.272027366837369300e+01 -2.803320454515851662e+07
5.020080321285140599e+02 4.693391226090554147e-01 -7.254946517541233106e+02 -2.172260482557472214e+07
5.060240963855421228e+02 3.461084876740094241e-01 -8.376435604185222701e+02 -1.511014012238394842e+07
5.100401606425702994e+02 2.950360931578607238e-01 -7.427954082926705723e+02 -1.222123173924222775e+07
5.140562248995983055e+02 2.882544706666999579e-01 -7.233821143458015968e+02 -1.151754295441747084e+07
5.180722891566265389e+02 3.080479121786635632e-01 -7.016879582249662235e+02 -1.253591886450669728e+07
5.220883534136546587e+02 3.412197247788016363e-01 -6.646494803292233655e+02 -1.609515335164538026e+07
5.261044176706827784e+02 3.471999007633665979e-01 -6.350058502426740006e+02 -1.866723496120128036e+07
5.301204819277108982e+02 3.768798434193070812e-01 -3.663204920756029424e+02 -2.103441856270184740e+07
5.341365461847389042e+02 4.324901473298596866e-01 -1.627336290427023755e+02 -2.350268356910342723e+07
5.381526104417671377e+02 5.672406680131745205e-01 5.813123881523554246e+02 -2.553453527945843339e+07
5.421686746987951437e+02 7.692679006058871227e-01 2.292760805109964167e+03 -2.180768293939640000e+07
5.461847389558232635e+02 7.308592179116124576e-01 2.845156151018734363e+03 -1.286037648995643854e+07
5.502008032128513833e+02 4.367333660006521567e-01 4.510997761312186753e+02 -1.567034012273360789e+07
5.542168674698795030e+02 3.363923488008625506e-01 -5.971226212954342145e+02 -1.771663179442512617e+07
5.582329317269076228e+02 3.315747739015856843e-01 -8.780644919852969679e+02 -1.839376671480692178e+07
5.622489959839357425e+02 3.471233543198011251e-01 -9.491699329737788275e+02 -1.991512020517354459e+07
5.662650602409638623e+02 3.738120546026137414e-01 -9.707537603318286301e+02 -2.174714353090737015e+07
5.702811244979919820e+02 3.980035892919780993e-01 -9.471551617949443198e+02 -2.299365476463695616e+07
5.742971887550201018e+02 4.081169808693756451e-01 -8.916020888938404596e+02 -2.328068830142574385e+07
5.783132530120482215e+02 3.979256716896398816e-01 -8.627960792961260950e+02 -2.204078163156639040e+07
5.823293172690763413e+02 3.812379701543413546e-01 -8.659708506647377817e+02 -2.083083325097851455e+07
5.863453815261043474e+02 3.711781853874008275e-01 -8.493366557440231190e+02 -1.994922874573435262e+07
5.903614457831325808e+02 3.968987401215614552e-01 -7.792999356952385597e+02 -2.050628403823396564e+07
5.943775100401605869e+02 4.797224105364534807e-01 -5.033548199736059132e+02 -2.241897493728731200e+07
5.983935742971887066e+02 7.052217544506536040e-01 6.151919731176687947e+02 -2.441277293036613241e+07
6.024096385542169401e+02 9.765435123927599381e-01 2.605466354127560408e+03 -2.264124567257985845e+07
6.064257028112449461e+02 7.992890171643307617e-01 1.348458374366326552e+03 -2.516729937725373358e+07
6.104417670682731796e+02 5.285250818026416830e-01 -3.336911125185302467e+02 -2.717718658591558412e+07
6.144578313253011856e+02 4.460424067956102467e-01 -7.996124821573878307e+02 -2.559841767163593695e+07
6.184738955823293054e+02 4.218237435512832700e-01 -7.297860137558106999e+02 -2.460769865087740123e+07
6.224899598393574252e+02 4.227321253595862638e-01 -5.790979264994745108e+02 -2.439226419311999157e+07
6.265060240963855449e+02 4.138165052730908289e-01 -4.455768962190833236e+02 -2.294719780348164961e+07
6.305220883534136647e+02 4.045265943214833015e-01 -3.981944748315148672e+02 -2.204565680595896021e+07
6.345381526104417844e+02 4.050037160994594543e-01 -3.848687278652805048e+02 -2.225601539629142359e+07
6.385542168674697905e+02 4.043192426703893783e-01 -4.347535035724853287e+02 -2.306597798806910962e+07
6.425702811244980239e+02 3.979131555554688005e-01 -5.467696308818240141e+02 -2.299079380184337497e+07
6.465863453815261437e+02 3.999237296096508354e-01 -7.224871211668792057e+02 -2.261581447173061594e+07
6.506024096385541498e+02 4.766817769384704140e-01 -7.791750278020707583e+02 -2.434457829671423510e+07
6.546184738955823832e+02 7.336430243778521154e-01 1.079100859694667633e+02 -2.852843118972824514e+07
6.586345381526103893e+02 8.666811115591924741e-01 5.843001174176840777e+02 -3.251352958439734206e+07
6.626506024096386227e+02 6.938283406624468075e-01 -3.865917070413479451e+01 -3.158597469204541296e+07
6.666666666666666288e+02 5.040746858825853050e-01 -5.986901783117698415e+02 -2.367621981711634994e+07
6.706827309236947485e+02 3.986578833405803324e-01 -7.652076796884487067e+02 -1.815845231150772795e+07
6.746987951807228683e+02 3.622887130683711820e-01 -7.063947090728286184e+02 -1.609780687072143517e+07
6.787148594377509880e+02 3.914910947366163629e-01 -6.185430180162387614e+02 -1.679051721369891241e+07
6.827309236947792215e+02 4.616817622504262864e-01 -2.945043661796988772e+02 -1.929255359784531221e+07
6.867469879518072275e+02 6.363407849799808114e-01 5.713301875399974961e+02 -2.397734143438012525e+07
6.907630522088353473e+02 8.101437660525298012e-01 1.694234784649845324e+03 -2.931805706081756949e+07
6.947791164658634671e+02 8.194746872209955901e-01 1.692352677444514939e+03 -3.041545624050740525e+07
6.987951807228915868e+02 8.604117306083356453e-01 1.224766292203561534e+03 -3.043842159451635554e+07
7.028112449799195929e+02 1.276376942241835621e+00 3.235901434467395575e+03 -1.844630704554493725e+07
7.068273092369478263e+02 1.089506480622227436e+00 3.438492255758385454e+02 -1.883254575008681789e+07
7.108433734939758324e+02 6.219476576777721588e-01 -6.695644880278787241e+02 -2.548837811395087466e+07
7.148594377510040658e+02 4.374210912753217495e-01 -8.330862760690571349e+02 -1.976411613276675716e+07
7.188755020080320719e+02 3.885072524904372160e-01 -6.496004812625336626e+02 -1.716619071803157777e+07
7.228915662650601917e+02 4.183322694602896186e-01 -6.213948497247750993e+02 -1.776413903381958604e+07
7.269076305220884251e+02 4.996341596783983596e-01 -1.020772675219455778e+03 -2.153275883603148162e+07
7.309236947791164312e+02 7.993468397585898888e-01 -4.568706296434748424e+02 -2.457020730393397436e+07
7.349397590361446646e+02 1.086747240080109256e+00 6.803047554236136421e+02 -2.182483620790379122e+07
7.389558232931726707e+02 8.303805264616286319e-01 7.070304210647583432e+02 -2.590176847016116232e+07
7.429718875502007904e+02 6.700317292844166772e-01 -7.302371573255535395e+02 -3.021565897319231182e+07
7.469879518072289102e+02 5.832393696922220094e-01 -1.267002472601429872e+03 -2.829882726160643250e+07
7.510040160642570299e+02 5.531304939368258955e-01 -1.442698836660845700e+03 -2.615052417750262469e+07
7.550200803212850360e+02 5.195298863926857136e-01 -1.380218914881068713e+03 -2.304058979056495801e+07
7.590361445783132694e+02 4.798828089417686571e-01 -1.187180046509598924e+03 -2.123061281622875109e+07
7.630522088353413892e+02 4.538781246618608378e-01 -1.079215799120075189e+03 -2.068829648523903638e+07
7.670682730923695090e+02 4.482422241364513171e-01 -1.086980988413518162e+03 -2.067377234189799055e+07
7.710843373493976287e+02 4.555121188713664448e-01 -1.184284922650070484e+03 -2.096958507669840753e+07
7.751004016064256348e+02 4.783621960609262813e-01 -1.370075567060762069e+03 -2.126368352610213682e+07
7.791164658634538682e+02 5.027611336858170965e-01 -1.524499961324609330e+03 -2.172732346916689724e+07
7.831325301204818743e+02 5.068699851425394476e-01 -1.537699325251365508e+03 -2.200233561942993104e+07
7.871485943775101077e+02 4.971503628461140800e-01 -1.486261369784200042e+03 -2.189997704834640771e+07
7.911646586345381138e+02 4.842405025624207937e-01 -1.434997443181687458e+03 -2.141557566149384528e+07
7.951807228915662336e+02 4.805268037310617690e-01 -1.433559170627522235e+03 -2.100072662229880691e+07
7.991967871485943533e+02 4.839359953206073817e-01 -1.471779139587459667e+03 -2.086376472446822375e+07
8.032128514056224731e+02 4.890215142549884653e-01 -1.504164566463806523e+03 -2.083228496740905941e+07
8.072289156626505928e+02 4.852501274546343613e-01 -1.462284668919609203e+03 -2.072254348259415478e+07
8.112449799196787126e+02 4.722405394750737173e-01 -1.335688737096036220e+03 -2.056307133229932562e+07
8.152610441767068323e+02 4.662489702072127318e-01 -1.234530190528386584e+03 -2.053266947346293554e+07
8.192771084337349521e+02 4.727103615795601455e-01 -1.233144853019619632e+03 -2.060356923035339266e+07
8.232931726907630718e+02 4.817934811829135411e-01 -1.258378792150988147e+03 -2.037000187936142087e+07
8.273092369477910779e+02 4.829373399751499818e-01 -1.246723740630753127e+03 -2.012183867047184706e+07
8.313253012048193114e+02 4.829535825733310417e-01 -1.198760673411812832e+03 -2.032348104583473131e+07
8.353413654618473174e+02 4.903412525314289616e-01 -1.181952224031724427e+03 -2.083703144878532737e+07
8.393574297188755509e+02 4.964139166607052789e-01 -1.230088618085123244e+03 -2.087918838464201987e+07
8.433734939759036706e+02 5.072422099414404251e-01 -1.219881483929166279e+03 -2.067727482163937017e+07
8.473895582329316767e+02 5.112214886792556534e-01 -1.118330500267622938e+03 -2.064174879441517591e+07
8.514056224899599101e+02 5.941808275137109296e-01 -8.919856663035791371e+02 -2.181983453630904853e+07
8.554216867469879162e+02 9.091003994190005599e-01 6.832127122914826032e+02 -2.231771897929699719e+07
8.594377510040160359e+02 1.361071824709412681e+00 4.624411908446377311e+03 -1.194023240477994457e+07
8.634538152610441557e+02 1.127400234359290598e+00 4.082988449556522028e+03 -9.246585989269323647e+06
8.674698795180722755e+02 6.387369340702434561e-01 1.444252415847407747e+02 -1.821298213306458667e+07
8.714859437751003952e+02 5.147717287400653818e-01 -1.060571870813853593e+03 -1.965483903518002108e+07
8.755020080321285150e+02 4.831171409546062834e-01 -1.226973049682320152e+03 -1.908764113460158557e+07
8.795180722891565210e+02 4.723611763281824194e-01 -1.218923176221106360e+03 -1.943935296509064361e+07
8.835341365461847545e+02 4.688924258513451071e-01 -1.214019241578474066e+03 -1.975949453093452752e+07
8.875502008032128742e+02 4.690836836591960601e-01 -1.236751287729342266e+03 -1.995229316818366572e+07
8.915662650602409940e+02 4.667375896555084336e-01 -1.255287610020235661e+03 -1.995923436310615391e+07
8.955823293172691137e+02 4.592384251500337689e-01 -1.257619779379843521e+03 -1.950590977700014785e+07
8.995983935742971198e+02 4.533204704750119496e-01 -1.266359921171002270e+03 -1.898909989341950417e+07
9.036144578313253533e+02 4.510003730973898284e-01 -1.276848150713981568e+03 -1.882103050296486914e+07
9.076305220883533593e+02 4.481021986443257665e-01 -1.270770782215957524e+03 -1.877829884034230188e+07
9.116465863453815928e+02 4.432460166239804988e-01 -1.244872713801989676e+03 -1.861219013900145888e+07
9.156626506024095988e+02 4.416965984879650531e-01 -1.224552971823627331e+03 -1.824967087406168878e+07
9.196787148594377186e+02 4.433738723978435381e-01 -1.206485439685661731e+03 -1.777609490843362361e+07
9.236947791164659520e+02 4.435024113420528713e-01 -1.154118162016652605e+03 -1.728162144140816107e+07
9.277108433734939581e+02 4.421299528007392454e-01 -1.078622889554644416e+03 -1.657859662994513102e+07
9.317269076305220779e+02 4.392904911350252184e-01 -1.021250687512832201e+03 -1.499511188124239072e+07
9.357429718875501976e+02 4.507401957048786101e-01 -9.614350440351504403e+02 -1.327774052101845481e+07
9.397590361445783174e+02 4.685357356364390213e-01 -9.061411155997129754e+02 -1.192703838235894218e+07
9.437751004016064371e+02 4.786585384686996014e-01 -8.670247682001672729e+02 -1.028469432340964489e+07
9.477911646586345569e+02 4.534769466429256490e-01 -8.975748434638160234e+02 -8.074966058361786418e+06
9.518072289156625629e+02 4.577499397638159495e-01 -7.895826448420939414e+02 -6.531811776545714587e+06
9.558232931726907964e+02 6.139161193703003283e-01 -9.083003976306827099e+00 1.118774576148114167e+06
9.598393574297188025e+02 1.005959768101725826e+00 3.403528783218525405e+03 2.805803201671157032e+07
9.638554216867470359e+02 1.128634810758356144e+00 6.504918188502112571e+03 5.020079549857413769e+07
9.678714859437751556e+02 6.080342234420876846e-01 2.968085571977518157e+03 1.720462363918948174e+07
9.718875502008031617e+02 3.513137180973767704e-01 2.788319830371560784e+02 -1.987001186717578908e+06
9.759036144578313952e+02 3.678480727088072610e-01 3.410123254969548725e+02 -3.736441503878786229e+06
9.799196787148594012e+02 2.977766123730128389e-01 1.715784647504890756e+02 -5.209579417388115078e+06
9.839357429718875210e+02 2.896823451330440835e-01 -1.568006292896680236e+02 -6.128654024094574153e+06
9.879518072289156407e+02 3.609306341623127468e-01 8.094643768367970438e+01 -4.917600307969508693e+06
9.919678714859437605e+02 3.539443175283113474e-01 1.213548949090186255e+02 9.299000703642733861e+05
9.959839357429718802e+02 3.539443175283113474e-01 1.213548949090186255e+02 2.500000000000000000e+05
1.000000000000000000e+03 3.609306341623127468e-01 8.094643768367970438e+01 2.500000000000000000e+05
