# 0.4895611948283601
0.000000000000000000e+00 7.238721535389407435e-01 5.128309706639005299e+02 2.500000000000000000e+05 7.950232102032648982e+03
4.016064257028111761e+00 4.573159923039936681e-01 1.163937368520026041e+02 2.500000000000000000e+05 0.000000000000000000e+00
8.032128514056223523e+00 4.573159923039936681e-01 -1.163937368520026041e+02 -2.032258772313525528e+07 0.000000000000000000e+00
1.204819277108433795e+01 7.238721535389407435e-01 -5.128309706639005299e+02 -2.507797932027212530e+07 0.000000000000000000e+00
1.606425702811244705e+01 6.382704720114408259e-01 7.385922150470508996e+02 -2.152638096517929062e+07 0.000000000000000000e+00
2.008032128514056325e+01 6.082467389891316190e-01 -4.211696103965763882e+01 -2.064834189458626881e+07 0.000000000000000000e+00
2.409638554216867590e+01 4.654566442734799359e-01 -2.914527313079448732e+02 -1.888820652071733028e+07 0.000000000000000000e+00
2.811244979919678499e+01 5.912111237026218546e-01 -3.779262612880394840e+02 -2.004983228608736768e+07 0.000000000000000000e+00
3.212851405622489409e+01 6.810728051562557894e-01 6.848601659575313079e+02 -2.085493368639516830e+07 0.000000000000000000e+00
3.614457831325301385e+01 6.449379040464293666e-01 3.421175049147598202e+02 -2.087868904810284823e+07 0.000000000000000000e+00
4.016064257028112650e+01 4.690364994393609877e-01 -2.281171343143506078e+02 -1.908255660104581714e+07 0.000000000000000000e+00
4.417670682730923915e+01 5.268846819746676458e-01 -5.954371581117538881e+02 -1.993333210631378740e+07 0.000000000000000000e+00
4.819277108433735179e+01 6.679720158574780076e-01 4.425091029168850696e+02 -2.163833432135284320e+07 0.000000000000000000e+00
5.220883534136545734e+01 7.006897341848410399e-01 7.724989915639868059e+02 -2.215599801096715406e+07 0.000000000000000000e+00
5.622489959839356999e+01 5.184629905268762773e-01 3.362785993834393139e+00 -2.032469384845373034e+07 0.000000000000000000e+00
6.024096385542168974e+01 4.874894435878034393e-01 -7.371155467563470438e+02 -2.013761301021580398e+07 0.000000000000000000e+00
6.425702811244978818e+01 5.860126127952546282e-01 -4.619061222672752365e+01 -2.150517930713482946e+07 0.000000000000000000e+00
6.827309236947790794e+01 7.378384059050617783e-01 8.844416182179012367e+02 -2.334996389101174101e+07 0.000000000000000000e+00
7.228915662650602769e+01 6.238912571527194251e-01 4.837797648859327637e+02 -2.218745600523619354e+07 0.000000000000000000e+00
7.630522088353414745e+01 4.956935157087137278e-01 -5.498957444967495576e+02 -2.068738724106559902e+07 0.000000000000000000e+00
8.032128514056225299e+01 4.892313390319385502e-01 -4.483869258875279229e+02 -2.066635326276578382e+07 0.000000000000000000e+00
8.433734939759035854e+01 6.814976647260762022e-01 4.634040734009712992e+02 -2.330607654618099704e+07 0.000000000000000000e+00
8.835341365461847829e+01 7.420309490691606724e-01 1.033730555712758132e+03 -2.393203205475530028e+07 0.000000000000000000e+00
9.236947791164658383e+01 5.636866085367818746e-01 7.817136506955705499e+00 -2.189844876710654050e+07 0.000000000000000000e+00
9.638554216867470359e+01 4.449802405860514010e-01 -5.415706466019071286e+02 -2.013295943662962317e+07 0.000000000000000000e+00
1.004016064257028091e+02 5.497045135014994033e-01 -3.407431840109913992e+02 -2.190924642437651753e+07 0.000000000000000000e+00
1.044176706827309147e+02 7.580960688996731811e-01 8.695875765772506156e+02 -2.437259491324422136e+07 0.000000000000000000e+00
1.084337349397590344e+02 7.168789938520676586e-01 8.177290793485783524e+02 -2.384946491594420746e+07 0.000000000000000000e+00
1.124497991967871400e+02 5.072369262104186038e-01 -2.696952659170395918e+02 -2.125154678253672644e+07 0.000000000000000000e+00
1.164658634538152597e+02 4.652551022281491422e-01 -8.150258136335455674e+02 -2.046667289659983665e+07 0.000000000000000000e+00
1.204819277108433795e+02 6.077860194713334829e-01 -1.730971503413529149e+02 -2.259024192612524703e+07 0.000000000000000000e+00
1.244979919678714850e+02 8.180539035061856756e-01 1.063894035956274365e+03 -2.478875855753038451e+07 0.000000000000000000e+00
1.285140562248995764e+02 6.991459776803620185e-01 4.803949499387883293e+02 -2.361995818283876032e+07 0.000000000000000000e+00
1.325301204819277245e+02 5.074018702390085123e-01 -6.205055364143939869e+02 -2.114821514720479026e+07 0.000000000000000000e+00
1.365461847389558159e+02 4.839551116066852510e-01 -8.451558061080016842e+02 -2.038893657885576040e+07 0.000000000000000000e+00
1.405622489959839356e+02 6.893402815905674830e-01 5.953453230413259689e+01 -2.323092363700168580e+07 0.000000000000000000e+00
1.445783132530120554e+02 8.390396946555180868e-01 1.145628690491153975e+03 -2.456629745286542177e+07 0.000000000000000000e+00
1.485943775100401467e+02 6.549904569390079256e-01 2.412059761428477884e+02 -2.289253752049475536e+07 0.000000000000000000e+00
1.526104417670682949e+02 4.815470247597309350e-01 -6.904569531015041548e+02 -2.046639981814416870e+07 0.000000000000000000e+00
1.566265060240963862e+02 4.840644328152802767e-01 -8.439531647032183628e+02 -2.012847666530988738e+07 0.000000000000000000e+00
1.606425702811245060e+02 6.925163059465260229e-01 1.155042770257782081e+02 -2.291396872169164941e+07 0.000000000000000000e+00
1.646586345381525973e+02 8.466933547023580697e-01 1.198730194063198724e+03 -2.407443342486025020e+07 0.000000000000000000e+00
1.686746987951807171e+02 6.593197791882213776e-01 2.130619250761432113e+02 -2.262793143409127742e+07 0.000000000000000000e+00
1.726907630522088368e+02 4.878381631060369483e-01 -7.307026647037810108e+02 -2.039030819561061263e+07 0.000000000000000000e+00
1.767068273092369566e+02 4.815495531774092175e-01 -8.711818247856281232e+02 -1.985088217381894961e+07 0.000000000000000000e+00
1.807228915662650479e+02 6.896956270959875290e-01 5.399593529589253649e+01 -2.260442256060368940e+07 0.000000000000000000e+00
1.847389558232931677e+02 8.653963259609777081e-01 1.272154036810878551e+03 -2.396364852256270126e+07 0.000000000000000000e+00
1.887550200803212590e+02 6.834166649314399322e-01 3.477215150908346573e+02 -2.260322343278139830e+07 0.000000000000000000e+00
1.927710843373494072e+02 4.998048711516307474e-01 -7.054271307606816208e+02 -2.062091180326239020e+07 0.000000000000000000e+00
1.967871485943775269e+02 4.711656392407801985e-01 -1.024746088602092868e+03 -1.970583598622644320e+07 0.000000000000000000e+00
2.008032128514056183e+02 6.569986693866114447e-01 -2.942182497940227108e+02 -2.227019394544366002e+07 0.000000000000000000e+00
2.048192771084337380e+02 8.984553465921074622e-01 1.139878124294564259e+03 -2.429334039386282861e+07 0.000000000000000000e+00
2.088353413654618294e+02 7.556288014763961058e-01 4.087719704659802460e+02 -2.365205093188139051e+07 0.000000000000000000e+00
2.128514056224899775e+02 5.495658252710191594e-01 -8.103517795686909722e+02 -2.152871100360913575e+07 0.000000000000000000e+00
2.168674698795180689e+02 4.903012973166798183e-01 -1.208532620927602238e+03 -1.975531301348429173e+07 0.000000000000000000e+00
2.208835341365461886e+02 6.484057344702676140e-01 -6.218109576755898615e+02 -2.177631792151146382e+07 0.000000000000000000e+00
2.248995983935742800e+02 9.199654566816484191e-01 9.184550020692859107e+02 -2.452720591945819557e+07 0.000000000000000000e+00
2.289156626506023997e+02 8.056572779042834309e-01 6.228072863395698278e+02 -2.394198397537006438e+07 0.000000000000000000e+00
2.329317269076305195e+02 5.791298784579507197e-01 -6.137724373136907161e+02 -2.192104015904743969e+07 0.000000000000000000e+00
2.369477911646586392e+02 4.858156514952057803e-01 -1.103548885189745761e+03 -1.987376055481958389e+07 0.000000000000000000e+00
2.409638554216867590e+02 5.889014995816925779e-01 -8.437283895143092423e+02 -2.128630942856932431e+07 0.000000000000000000e+00
2.449799196787148503e+02 8.720212664307630535e-01 6.123675521976781511e+02 -2.390333188554359972e+07 0.000000000000000000e+00
2.489959839357429701e+02 8.797545059918990829e-01 9.224681504859574943e+02 -2.424491725911091268e+07 0.000000000000000000e+00
2.530120481927710614e+02 6.394662907523550599e-01 -4.239333745225459325e+02 -2.272530297511950508e+07 0.000000000000000000e+00
2.570281124497991527e+02 5.054284114862961363e-01 -1.077235989539427692e+03 -2.028989662147895992e+07 0.000000000000000000e+00
2.610441767068273293e+02 5.287521643971889729e-01 -1.121287496819500120e+03 -2.016693101456880197e+07 0.000000000000000000e+00
2.650602409638554491e+02 7.669304951931350534e-01 -6.193027300635094434e+01 -2.293331808152757958e+07 0.000000000000000000e+00
2.690763052208835688e+02 9.448419186711144446e-01 1.175670902362159950e+03 -2.420522467704192549e+07 0.000000000000000000e+00
2.730923694779116317e+02 7.391416689805333506e-01 2.015536807892445381e+02 -2.323797073637495935e+07 0.000000000000000000e+00
2.771084337349397515e+02 5.501829374720604848e-01 -8.170589854924062365e+02 -2.132848499249491841e+07 0.000000000000000000e+00
2.811244979919678713e+02 4.838660712656890905e-01 -1.156550437747822571e+03 -1.941893420745725930e+07 0.000000000000000000e+00
2.851405622489959910e+02 5.829228138272817272e-01 -9.100120685398433125e+02 -2.078836419133659825e+07 0.000000000000000000e+00
2.891566265060241108e+02 8.653515279533194882e-01 5.615308783835130271e+02 -2.299715482496249303e+07 0.000000000000000000e+00
2.931726907630521737e+02 9.095334902833747126e-01 1.138500191666712681e+03 -2.287721585036562383e+07 0.000000000000000000e+00
2.971887550200802934e+02 6.571465324770529026e-01 -1.639916795756202532e+02 -2.167380249066133425e+07 0.000000000000000000e+00
3.012048192771084700e+02 5.149038723393876138e-01 -9.426972248152421798e+02 -1.974009224443547800e+07 0.000000000000000000e+00
3.052208835341365898e+02 4.682494204568237173e-01 -1.145989356830721363e+03 -1.823208133689283207e+07 0.000000000000000000e+00
3.092369477911646527e+02 5.763821703356885040e-01 -8.461680701715778241e+02 -1.954562098692826554e+07 0.000000000000000000e+00
3.132530120481927725e+02 8.591110999347796318e-01 6.662413423727928148e+02 -2.083850975805255398e+07 0.000000000000000000e+00
3.172690763052208922e+02 9.159923949325478043e-01 1.331466394588293497e+03 -2.009203465196761861e+07 0.000000000000000000e+00
3.212851405622490120e+02 6.603746515591766286e-01 -9.604783328601683934e+01 -1.984990534918479249e+07 0.000000000000000000e+00
3.253012048192770749e+02 5.147577713186299864e-01 -9.893944732301642944e+02 -1.857726333501026407e+07 0.000000000000000000e+00
3.293172690763051946e+02 4.615719189874183392e-01 -1.229568156738533162e+03 -1.697948407045243308e+07 0.000000000000000000e+00
3.333333333333333144e+02 5.338008263527249664e-01 -1.118644049274042345e+03 -1.759333363918196410e+07 0.000000000000000000e+00
3.373493975903614341e+02 8.143305384686122528e-01 2.248257478876621462e+02 -1.858079625804558769e+07 0.000000000000000000e+00
3.413654618473896107e+02 9.694173814019197977e-01 1.519173555523601181e+03 -1.763443719816464186e+07 0.000000000000000000e+00
3.453815261044176737e+02 7.287315790162343099e-01 2.184291315438791230e+02 -1.819083090370851010e+07 0.000000000000000000e+00
3.493975903614457934e+02 5.389766632349947129e-01 -9.326563836575030564e+02 -1.763571383808975294e+07 0.000000000000000000e+00
3.534136546184739132e+02 4.620897106887234540e-01 -1.231910225945415505e+03 -1.613981183837531880e+07 0.000000000000000000e+00
3.574297188755020329e+02 4.813461719309511944e-01 -1.256297375047066680e+03 -1.583658628123145178e+07 0.000000000000000000e+00
3.614457831325300958e+02 6.819859747963060714e-01 -4.564708116112643097e+02 -1.698860850700804219e+07 0.000000000000000000e+00
3.654618473895582156e+02 9.731571179723368381e-01 1.448237745067155174e+03 -1.556075658367512375e+07 0.000000000000000000e+00
3.694779116465863353e+02 8.552999104951370946e-01 1.117758084147598538e+03 -1.582370870443600602e+07 0.000000000000000000e+00
3.734939759036144551e+02 5.853132911687529694e-01 -5.302112971259036840e+02 -1.712002584149596095e+07 0.000000000000000000e+00
3.775100401606425180e+02 4.710070918283799091e-01 -1.083055104363555301e+03 -1.607452680103380978e+07 0.000000000000000000e+00
3.815261044176706946e+02 4.376321721969202438e-01 -1.202396158654486044e+03 -1.498764293956537172e+07 0.000000000000000000e+00
3.855421686746988144e+02 5.206172642603158485e-01 -9.845829219087775073e+02 -1.597475961325872689e+07 0.000000000000000000e+00
3.895582329317269341e+02 8.094474248665528560e-01 5.267294658257162610e+02 -1.607121316473057866e+07 0.000000000000000000e+00
3.935742971887550539e+02 9.812732235174511652e-01 2.065378596138320063e+03 -1.389088873192711361e+07 0.000000000000000000e+00
3.975903614457831168e+02 7.241083898429088173e-01 6.245967388681037846e+02 -1.555513015120645054e+07 0.000000000000000000e+00
4.016064257028112365e+02 5.153434163946044588e-01 -7.961095012311349137e+02 -1.669271269923754223e+07 0.000000000000000000e+00
4.056224899598393563e+02 4.429110032401685215e-01 -1.142035956562133833e+03 -1.563134395883518644e+07 0.000000000000000000e+00
4.096385542168674760e+02 4.252329821167393775e-01 -1.220464867065227509e+03 -1.481764088809241913e+07 0.000000000000000000e+00
4.136546184738955390e+02 5.042040249942227881e-01 -1.055784375498316422e+03 -1.576076058571044728e+07 0.000000000000000000e+00
4.176706827309236587e+02 7.966941972862529031e-01 4.240396084718778411e+02 -1.581817343955104612e+07 0.000000000000000000e+00
4.216867469879518353e+02 1.006467543790601216e+00 2.280167218790888455e+03 -1.324474832357908227e+07 0.000000000000000000e+00
4.257028112449799551e+02 7.547583595123237288e-01 9.442751917296163811e+02 -1.498965916241639666e+07 0.000000000000000000e+00
4.297188755020080180e+02 5.170084799960497079e-01 -6.798735193735737994e+02 -1.664241315437134914e+07 0.000000000000000000e+00
4.337349397590361377e+02 4.352841401215638562e-01 -1.075500335172086125e+03 -1.561470392680887133e+07 0.000000000000000000e+00
4.377510040160642575e+02 4.124212949726625554e-01 -1.155509529556738016e+03 -1.478072365150852688e+07 0.000000000000000000e+00
4.417670682730923772e+02 4.635490549761406287e-01 -1.057791586473015514e+03 -1.539180735552526079e+07 0.000000000000000000e+00
4.457831325301204970e+02 6.924970954283407032e-01 -2.466487935104851204e+00 -1.635403399945922941e+07 0.000000000000000000e+00
4.497991967871485599e+02 9.888489923387346892e-01 2.231237119437380898e+03 -1.333412873834703676e+07 0.000000000000000000e+00
4.538152610441766797e+02 8.482492852179268628e-01 1.891922812634715683e+03 -1.305481324502933025e+07 0.000000000000000000e+00
4.578313253012047994e+02 5.470890449111681653e-01 -2.483011834334001833e+02 -1.616735448883507401e+07 0.000000000000000000e+00
4.618473895582329760e+02 4.390768533566840603e-01 -8.990631519901087358e+02 -1.597873337212703191e+07 0.000000000000000000e+00
4.658634538152610389e+02 4.099556368523912808e-01 -1.047548514431942294e+03 -1.511281088277248293e+07 0.000000000000000000e+00
4.698795180722891587e+02 4.768125156809819298e-01 -9.115971758503660567e+02 -1.598998139086323977e+07 0.000000000000000000e+00
4.738955823293172784e+02 7.459599058533468163e-01 4.555862442350660331e+02 -1.609841413177233748e+07 0.000000000000000000e+00
4.779116465863453982e+02 1.020013378868865006e+00 2.774195741588395776e+03 -1.165617999443907477e+07 0.000000000000000000e+00
4.819277108433735179e+02 7.984241357514796356e-01 1.714864583488505559e+03 -1.271640769562129863e+07 0.000000000000000000e+00
4.859437751004015809e+02 5.141828878797569669e-01 -3.876869235691767699e+02 -1.611388290919585340e+07 0.000000000000000000e+00
4.899598393574297006e+02 4.225577944729444479e-01 -9.214606784831178174e+02 -1.563836309994102269e+07 0.000000000000000000e+00
4.939759036144578204e+02 4.077060393044614761e-01 -1.029107437186897641e+03 -1.485151768474864587e+07 0.000000000000000000e+00
4.979919678714859401e+02 4.946598356432688748e-01 -8.058656462611847928e+02 -1.606367239424882084e+07 0.000000000000000000e+00
5.020080321285140599e+02 7.888265520087458516e-01 8.061652365548052330e+02 -1.550175595152904466e+07 0.000000000000000000e+00
5.060240963855421228e+02 1.023672200812122624e+00 3.039504089602794465e+03 -1.031763508189616352e+07 0.000000000000000000e+00
5.100401606425702994e+02 7.557259013763409916e-01 1.518866023655394656e+03 -1.236245273192479089e+07 0.000000000000000000e+00
5.140562248995983055e+02 4.924179501724750274e-01 -5.091220900057981567e+02 -1.584609871165830269e+07 0.000000000000000000e+00
5.180722891566265389e+02 4.150897225212902830e-01 -9.963608575474322606e+02 -1.540269787194091827e+07 0.000000000000000000e+00
5.220883534136546587e+02 3.977053868097670808e-01 -1.115722064126966188e+03 -1.466393080216235854e+07 0.000000000000000000e+00
5.261044176706827784e+02 4.693111775263538177e-01 -1.025432705375226988e+03 -1.574398484841331840e+07 0.000000000000000000e+00
5.301204819277108982e+02 7.838761328461900657e-01 5.457916777809400628e+02 -1.526148558999286219e+07 0.000000000000000000e+00
5.341365461847389042e+02 1.089682509310841318e+00 3.150022984460810221e+03 -9.724171528611499816e+06 0.000000000000000000e+00
5.381526104417671377e+02 7.903788775293452140e-01 1.493245378372332198e+03 -1.245526541869293153e+07 0.000000000000000000e+00
5.421686746987951437e+02 5.044421318369415319e-01 -7.190917981440347830e+02 -1.629580403003534116e+07 0.000000000000000000e+00
5.461847389558232635e+02 4.197487768310189105e-01 -1.202783803177746222e+03 -1.545599250571170822e+07 0.000000000000000000e+00
5.502008032128513833e+02 3.966549650189985510e-01 -1.274868677618955417e+03 -1.458555456368130259e+07 0.000000000000000000e+00
5.542168674698795030e+02 4.143045549906486658e-01 -1.274278077968541538e+03 -1.435165366358854994e+07 0.000000000000000000e+00
5.582329317269076228e+02 5.805983350932319986e-01 -7.800585163462933451e+02 -1.592252375469892845e+07 0.000000000000000000e+00
5.622489959839357425e+02 9.981483880486516913e-01 1.847379825573241760e+03 -1.222645000043752231e+07 0.000000000000000000e+00
5.662650602409638623e+02 1.077708135981820803e+00 3.094731973269608716e+03 -8.707309495682857931e+06 0.000000000000000000e+00
5.702811244979919820e+02 6.579730087145551076e-01 2.344247950660362676e+02 -1.504193315360260755e+07 0.000000000000000000e+00
5.742971887550201018e+02 4.778729178848343251e-01 -1.064342167025538856e+03 -1.662477053552375175e+07 0.000000000000000000e+00
5.783132530120482215e+02 4.268760956923134953e-01 -1.281615946551599336e+03 -1.529682268250495568e+07 0.000000000000000000e+00
5.823293172690763413e+02 4.135708377383831014e-01 -1.323575323802442426e+03 -1.453188725750323758e+07 0.000000000000000000e+00
5.863453815261043474e+02 4.736692913816095141e-01 -1.252288362338390698e+03 -1.529941267238785326e+07 0.000000000000000000e+00
5.903614457831325808e+02 7.714815312133420644e-01 1.067008542101492594e+02 -1.499615515628430620e+07 0.000000000000000000e+00
5.943775100401605869e+02 1.151345025067099792e+00 3.081970427632020346e+03 -8.444110411654919386e+06 0.000000000000000000e+00
5.983935742971887066e+02 9.103956657790984730e-01 2.075712608719486525e+03 -1.045575204902286828e+07 0.000000000000000000e+00
6.024096385542169401e+02 5.597149445715667859e-01 -5.012911400458262960e+02 -1.619838320692450553e+07 0.000000000000000000e+00
6.064257028112449461e+02 4.463124871162864604e-01 -1.145865635556255484e+03 -1.581336984346826188e+07 0.000000000000000000e+00
6.104417670682731796e+02 4.736830456462265415e-01 -1.202046573046814501e+03 -1.564255040318241343e+07 0.000000000000000000e+00
6.144578313253011856e+02 7.187425899575742294e-01 -1.587643228136836342e+02 -1.660412813952510245e+07 0.000000000000000000e+00
6.184738955823293054e+02 1.055727479992839779e+00 2.226276773691311519e+03 -1.386382861450579949e+07 0.000000000000000000e+00
6.224899598393574252e+02 8.880846662285682980e-01 1.658157689378454506e+03 -1.422590051450098492e+07 0.000000000000000000e+00
6.265060240963855449e+02 5.761872274354710166e-01 -4.348410727602133647e+02 -1.704422695393043384e+07 0.000000000000000000e+00
6.305220883534136647e+02 4.546723595733802026e-01 -1.082252951766278102e+03 -1.614416315401726589e+07 0.000000000000000000e+00
6.345381526104417844e+02 4.811717559928320176e-01 -1.128235302807402604e+03 -1.592482333214327879e+07 0.000000000000000000e+00
6.385542168674697905e+02 7.568020764384704169e-01 1.486428094460566172e+02 -1.508128203207143210e+07 0.000000000000000000e+00
6.425702811244980239e+02 1.157715779539474354e+00 3.362651850609200210e+03 -5.441824447999540716e+06 0.000000000000000000e+00
6.465863453815261437e+02 9.394428171624243928e-01 2.693264742067841325e+03 -5.265589781359069981e+06 0.000000000000000000e+00
6.506024096385541498e+02 5.408102786915749416e-01 -2.155877796365369932e+02 -1.369943804715088569e+07 0.000000000000000000e+00
6.546184738955823832e+02 4.317093008524071074e-01 -1.045997859062517364e+03 -1.429752867863394320e+07 0.000000000000000000e+00
6.586345381526103893e+02 4.065349384099234964e-01 -1.181035722311511336e+03 -1.360897243398226798e+07 0.000000000000000000e+00
6.626506024096386227e+02 4.029518583902661488e-01 -1.188422425915446183e+03 -1.348124287229991332e+07 0.000000000000000000e+00
6.666666666666666288e+02 3.989277824193940836e-01 -1.181781532415230231e+03 -1.356371475397633947e+07 0.000000000000000000e+00
6.706827309236947485e+02 4.104185763360446160e-01 -1.217491419928297319e+03 -1.352786842976304144e+07 0.000000000000000000e+00
6.746987951807228683e+02 5.384462713727138361e-01 -9.128661164659689575e+02 -1.491399971334161237e+07 0.000000000000000000e+00
6.787148594377509880e+02 9.630007399593675244e-01 1.601995396332767086e+03 -9.861855306153085083e+06 0.000000000000000000e+00
6.827309236947792215e+02 1.224091264421480973e+00 4.269577022054148983e+03 -1.471753930512782652e+06 0.000000000000000000e+00
6.867469879518072275e+02 7.850882164220355230e-01 1.567750247092034897e+03 -1.017914841155180335e+07 0.000000000000000000e+00
6.907630522088353473e+02 5.249470143796892696e-01 -6.041210771536987068e+02 -1.627817006788124889e+07 0.000000000000000000e+00
6.947791164658634671e+02 5.650478894375285943e-01 -7.258270289218503422e+02 -1.717693567732105404e+07 0.000000000000000000e+00
6.987951807228915868e+02 8.658331325762423925e-01 9.896170880808004995e+02 -1.532029756655381992e+07 0.000000000000000000e+00
7.028112449799195929e+02 1.076116542426914346e+00 3.049552614035058468e+03 -1.008228202487438545e+07 0.000000000000000000e+00
7.068273092369478263e+02 7.652601466226559568e-01 1.275407400822856516e+03 -1.308710116995893233e+07 0.000000000000000000e+00
7.108433734939758324e+02 5.432119772465693330e-01 -4.363654160619330469e+02 -1.653021291374313459e+07 0.000000000000000000e+00
7.148594377510040658e+02 6.175805883839770027e-01 -2.674980815097863456e+02 -1.683737933167658746e+07 0.000000000000000000e+00
7.188755020080320719e+02 8.661842810476353405e-01 1.373365945468015070e+03 -1.495699134287613072e+07 0.000000000000000000e+00
7.228915662650601917e+02 8.801830138056037089e-01 1.855290373092211667e+03 -1.377015626665969566e+07 0.000000000000000000e+00
7.269076305220884251e+02 6.139095498181347255e-01 8.216063768157954428e+01 -1.628072210860388726e+07 0.000000000000000000e+00
7.309236947791164312e+02 4.613031970214342414e-01 -7.999883032497610884e+02 -1.616329083770084940e+07 0.000000000000000000e+00
7.349397590361446646e+02 4.090816085772696620e-01 -1.060586320505057301e+03 -1.465003376803279668e+07 0.000000000000000000e+00
7.389558232931726707e+02 4.851141102383073611e-01 -9.289201582709456488e+02 -1.542495050493266247e+07 0.000000000000000000e+00
7.429718875502007904e+02 8.160294778201186983e-01 8.490927651027529919e+02 -1.337693566004248708e+07 0.000000000000000000e+00
7.469879518072289102e+02 1.215472231375471779e+00 4.794388525698983358e+03 -1.004732698851276655e+05 0.000000000000000000e+00
7.510040160642570299e+02 8.964335596934069894e-01 3.193234194342526280e+03 -3.001993847615783103e+06 0.000000000000000000e+00
7.550200803212850360e+02 5.010467252709898123e-01 -2.813115428976539079e+02 -1.412854492466504313e+07 0.000000000000000000e+00
7.590361445783132694e+02 4.040606074344780807e-01 -9.033891124017313814e+02 -1.514486248411331326e+07 0.000000000000000000e+00
7.630522088353413892e+02 3.834400663598033776e-01 -9.892118144795126682e+02 -1.445249471180167608e+07 0.000000000000000000e+00
7.670682730923695090e+02 4.260095519122668040e-01 -1.010558213892938284e+03 -1.517090985308957659e+07 0.000000000000000000e+00
7.710843373493976287e+02 6.602908416755528531e-01 9.662159723059073713e+01 -1.519807335461137444e+07 0.000000000000000000e+00
7.751004016064256348e+02 1.089494302684352434e+00 3.524724073666338427e+03 -6.166118000638676807e+06 0.000000000000000000e+00
7.791164658634538682e+02 1.033039187963749495e+00 4.454253578450800887e+03 -1.466077443982438184e+06 0.000000000000000000e+00
7.831325301204818743e+02 5.421608137235396363e-01 6.145456146892788638e+02 -1.191601426206228696e+07 0.000000000000000000e+00
7.871485943775101077e+02 4.029040529167560725e-01 -6.969748302805128333e+02 -1.485048954743077047e+07 0.000000000000000000e+00
7.911646586345381138e+02 3.844665516441232445e-01 -9.052009710253034882e+02 -1.478564036400730163e+07 0.000000000000000000e+00
7.951807228915662336e+02 3.846714251071455259e-01 -9.277848087030621400e+02 -1.501825544847385027e+07 0.000000000000000000e+00
7.991967871485943533e+02 3.717917630777188842e-01 -9.410414996700775419e+02 -1.464289494523044489e+07 0.000000000000000000e+00
8.032128514056224731e+02 3.943646364805417082e-01 -8.392081613630559787e+02 -1.466120863120967522e+07 0.000000000000000000e+00
8.072289156626505928e+02 5.174527827929651380e-01 -4.278732105787709088e+02 -1.651913967723530903e+07 0.000000000000000000e+00
8.112449799196787126e+02 8.856857220254966689e-01 2.085596912309166328e+03 -1.254633322933667153e+07 0.000000000000000000e+00
8.152610441767068323e+02 1.134488336181067591e+00 4.729325975233642566e+03 -1.490438379107368179e+06 0.000000000000000000e+00
8.192771084337349521e+02 7.053642965799161724e-01 2.119009245224600363e+03 -8.452708503589311615e+06 0.000000000000000000e+00
8.232931726907630718e+02 4.732481940486045757e-01 -2.767689879526711820e+02 -1.573255351197437942e+07 0.000000000000000000e+00
8.273092369477910779e+02 5.660177478419018415e-01 -1.422455179434855381e+02 -1.705122701690874249e+07 0.000000000000000000e+00
8.313253012048193114e+02 9.347240131610839997e-01 2.713704698168474351e+03 -1.041915075676634908e+07 0.000000000000000000e+00
8.353413654618473174e+02 1.111125908357039282e+00 4.938785864241774107e+03 -9.893097049395227805e+05 0.000000000000000000e+00
8.393574297188755509e+02 6.068119399576592521e-01 1.270299296696256306e+03 -1.014203751130824536e+07 0.000000000000000000e+00
8.433734939759036706e+02 4.076613824099695749e-01 -5.121226124769938224e+02 -1.511500439467530325e+07 0.000000000000000000e+00
8.473895582329316767e+02 3.690518737444545283e-01 -7.793255197252726703e+02 -1.470317450390672125e+07 0.000000000000000000e+00
8.514056224899599101e+02 4.509781409958035781e-01 -6.045394378450195063e+02 -1.616279570873787254e+07 0.000000000000000000e+00
8.554216867469879162e+02 8.054162310050827500e-01 1.439343619667997928e+03 -1.434660969701260328e+07 0.000000000000000000e+00
8.594377510040160359e+02 1.146357915507766778e+00 5.211593922872078110e+03 2.071100252737747505e+05 0.000000000000000000e+00
8.634538152610441557e+02 7.820488484142488206e-01 2.929746616445662767e+03 -4.461669281082242727e+06 0.000000000000000000e+00
8.674698795180722755e+02 4.358056523952319461e-01 -2.032738462160605195e+02 -1.447364571947306953e+07 0.000000000000000000e+00
8.714859437751003952e+02 3.624510598625448332e-01 -7.689818454942338803e+02 -1.467965816732993349e+07 0.000000000000000000e+00
8.755020080321285150e+02 3.626176534990880329e-01 -8.139233196541225652e+02 -1.443751969084819406e+07 0.000000000000000000e+00
8.795180722891565210e+02 4.587836608409554540e-01 -5.668581230788162202e+02 -1.619866442842207476e+07 0.000000000000000000e+00
8.835341365461847545e+02 8.225899362619343291e-01 1.648977094498894985e+03 -1.380806856442395411e+07 0.000000000000000000e+00
8.875502008032128742e+02 1.127004668208638538e+00 4.933999250291757562e+03 -1.710081411912442651e+06 0.000000000000000000e+00
8.915662650602409940e+02 7.223034558120504656e-01 2.452022001323407039e+03 -7.015226948210882954e+06 0.000000000000000000e+00
8.955823293172691137e+02 4.222190826610422443e-01 -2.214753513620755143e+02 -1.507919309122733027e+07 0.000000000000000000e+00
8.995983935742971198e+02 3.573756481091339698e-01 -7.231959883068911950e+02 -1.528779861274833418e+07 0.000000000000000000e+00
9.036144578313253533e+02 3.427154185916584384e-01 -8.127662171778042648e+02 -1.449948699284645729e+07 0.000000000000000000e+00
9.076305220883533593e+02 3.400553948217859279e-01 -8.488704739401957795e+02 -1.429606421311806329e+07 0.000000000000000000e+00
9.116465863453815928e+02 3.422927636323452316e-01 -8.473350942687848146e+02 -1.438824014720667526e+07 0.000000000000000000e+00
9.156626506024095988e+02 3.336156167464989775e-01 -8.462286609857034136e+02 -1.409869896920892969e+07 0.000000000000000000e+00
9.196787148594377186e+02 3.528547394474212395e-01 -7.721797755978288933e+02 -1.436678192436032370e+07 0.000000000000000000e+00
9.236947791164659520e+02 4.508861545846566399e-01 -5.258703630345576130e+02 -1.676963002576768026e+07 0.000000000000000000e+00
9.277108433734939581e+02 8.241770591548075453e-01 1.855650828564655512e+03 -1.453894066647223383e+07 0.000000000000000000e+00
9.317269076305220779e+02 1.162581333737140676e+00 5.469402071508396148e+03 1.272579303808866534e+05 0.000000000000000000e+00
9.357429718875501976e+02 7.135241352052312802e-01 2.689932301166958950e+03 -5.849323773533559404e+06 0.000000000000000000e+00
9.397590361445783174e+02 4.105852453005690572e-01 -2.449258721343967977e+02 -1.522515864895019308e+07 0.000000000000000000e+00
9.437751004016064371e+02 3.556824320846330711e-01 -7.984814648532799310e+02 -1.540180604864419252e+07 0.000000000000000000e+00
9.477911646586345569e+02 3.498228504437118636e-01 -8.972090944477696439e+02 -1.511567875854295120e+07 0.000000000000000000e+00
9.518072289156625629e+02 3.462703366121062110e-01 -9.018628465208875014e+02 -1.510083543045379780e+07 0.000000000000000000e+00
9.558232931726907964e+02 3.286084016102076011e-01 -9.012837726371124063e+02 -1.432052817508919165e+07 0.000000000000000000e+00
9.598393574297188025e+02 3.464861025297021890e-01 -7.917183418610529770e+02 -1.422747406912849844e+07 0.000000000000000000e+00
9.638554216867470359e+02 4.417160056012987557e-01 -4.868733274685622519e+02 -1.640884827741010487e+07 0.000000000000000000e+00
9.678714859437751556e+02 7.801342617946778191e-01 1.637201919073848330e+03 -1.581613714510923624e+07 0.000000000000000000e+00
9.718875502008031617e+02 1.135145546656081805e+00 5.837879263860211722e+03 -8.704857094921704847e+05 0.000000000000000000e+00
9.759036144578313952e+02 7.363385325903099021e-01 3.642540102536900122e+03 -2.443682316718470305e+06 0.000000000000000000e+00
9.799196787148594012e+02 4.126451741922373406e-01 7.656058352974679337e+01 -1.627015713187254593e+07 0.000000000000000000e+00
9.839357429718875210e+02 3.205263170459408117e-01 -6.401037487658011287e+02 -1.689387428620709851e+07 0.000000000000000000e+00
9.879518072289156407e+02 2.606793299736143710e-01 -7.771400563593068682e+02 -1.223870099797989801e+07 0.000000000000000000e+00
9.919678714859437605e+02 3.727277704472244935e-01 -2.255797533721003560e+02 -9.728496538731554523e+06 0.000000000000000000e+00
9.959839357429718802e+02 3.727277704472244935e-01 -2.255797533721003560e+02 2.500000000000000000e+05 0.000000000000000000e+00
1.000000000000000000e+03 2.606793299736143710e-01 -7.771400563593068682e+02 2.500000000000000000e+05 0.000000000000000000e+00
