# 2.6861783497358256
0.000000000000000000e+00 3.485810155216691797e+00 6.088760625864194935e+02 2.500000000000000000e+05 7.950232102032648982e+03
4.016064257028111761e+00 2.995776609765009035e-01 -1.262129806623894183e+03 2.500000000000000000e+05 0.000000000000000000e+00
8.032128514056223523e+00 2.995776609765009035e-01 1.262129806623894183e+03 -2.158154547349183261e+07 0.000000000000000000e+00
1.204819277108433795e+01 3.485810155216691797e+00 -6.088760625864194935e+02 -5.001788399768782854e+08 0.000000000000000000e+00
1.606425702811244705e+01 1.389858874587775794e+00 1.458474002409726154e+03 -1.969142754300149977e+08 0.000000000000000000e+00
2.008032128514056325e+01 1.146961714890864403e+00 9.460088650327243158e+02 -1.527121996116979122e+08 0.000000000000000000e+00
2.409638554216867590e+01 1.000279098259488464e+00 7.222543174455216786e+02 -1.265862756140253544e+08 0.000000000000000000e+00
2.811244979919678499e+01 1.282247472804786570e+00 -9.210447568818069612e+02 -1.575892640300924778e+08 0.000000000000000000e+00
3.212851405622489409e+01 1.288016852990673700e+00 -1.678435689579120208e+03 -1.440690848549535275e+08 0.000000000000000000e+00
3.614457831325301385e+01 1.333632387610671710e+00 -1.300104828376492605e+03 -1.375495857972453237e+08 0.000000000000000000e+00
4.016064257028112650e+01 1.062880189060261937e+00 -7.745969736579978644e+02 -9.797073649290466309e+07 0.000000000000000000e+00
4.417670682730923915e+01 9.105967586758622057e-01 -8.948098501393355946e+02 -7.904309093805123866e+07 0.000000000000000000e+00
4.819277108433735179e+01 7.784088939493123416e-01 -9.288973215442504170e+02 -6.677979669589371234e+07 0.000000000000000000e+00
5.220883534136545734e+01 5.036669717160691118e-01 -4.710980817723293512e+01 -4.679522239639861137e+07 0.000000000000000000e+00
5.622489959839356999e+01 4.051115807201400854e-01 1.514490462882341149e+01 -3.829973890582210571e+07 0.000000000000000000e+00
6.024096385542168974e+01 3.686952019812141934e-01 -2.534639012394490010e+01 -3.459144211596376449e+07 0.000000000000000000e+00
6.425702811244978818e+01 3.383155408035133926e-01 -3.703078607207061168e+00 -3.148723740370913967e+07 0.000000000000000000e+00
6.827309236947790794e+01 3.298633935522537475e-01 -3.311451939883587414e+01 -3.015114119306249171e+07 0.000000000000000000e+00
7.228915662650602769e+01 3.291363118748924510e-01 -6.302778709469163232e+01 -2.940593993084271252e+07 0.000000000000000000e+00
7.630522088353414745e+01 3.322266822311862322e-01 -1.063560705841788092e+02 -2.904083552619145811e+07 0.000000000000000000e+00
8.032128514056225299e+01 3.362091691633993795e-01 -1.498894930222411972e+02 -2.883465216861361638e+07 0.000000000000000000e+00
8.433734939759035854e+01 3.432425799701349090e-01 -1.888135962432537553e+02 -2.896982566249689460e+07 0.000000000000000000e+00
8.835341365461847829e+01 3.389024952593960305e-01 -2.025113014067423194e+02 -2.833248374130175635e+07 0.000000000000000000e+00
9.236947791164658383e+01 3.377518366001432404e-01 -1.501280520766082134e+02 -2.797672931693904102e+07 0.000000000000000000e+00
9.638554216867470359e+01 3.243512340496415569e-01 -1.050097594953706448e+02 -2.657446852785792947e+07 0.000000000000000000e+00
1.004016064257028091e+02 3.110271230437312018e-01 -6.385215004898807933e+01 -2.524767362916966528e+07 0.000000000000000000e+00
1.044176706827309147e+02 3.107888029572763999e-01 -3.190756195014309782e+01 -2.482341153124490380e+07 0.000000000000000000e+00
1.084337349397590344e+02 3.221651822211391569e-01 -3.739109278407865844e+01 -2.529023842162233219e+07 0.000000000000000000e+00
1.124497991967871400e+02 3.472178372280541048e-01 -1.465948874278171843e+02 -2.705911515937074646e+07 0.000000000000000000e+00
1.164658634538152597e+02 3.832886909636658013e-01 -3.526642811517292557e+02 -2.929689304848818108e+07 0.000000000000000000e+00
1.204819277108433795e+02 4.365947444660742693e-01 -5.578659892860007403e+02 -3.150082860590349510e+07 0.000000000000000000e+00
1.244979919678714850e+02 4.630622537534767602e-01 -6.086701563901858663e+02 -3.254319604253387079e+07 0.000000000000000000e+00
1.285140562248995764e+02 4.562382810651653409e-01 -4.877649049655973386e+02 -3.322744284335161373e+07 0.000000000000000000e+00
1.325301204819277245e+02 4.375182804257353730e-01 -3.578053428273395298e+02 -3.307384746529493108e+07 0.000000000000000000e+00
1.365461847389558159e+02 4.306280343980262160e-01 -3.612432059503854589e+02 -3.275330182552593574e+07 0.000000000000000000e+00
1.405622489959839356e+02 4.703167536894778955e-01 -5.591224869994933897e+02 -3.489191185829947144e+07 0.000000000000000000e+00
1.445783132530120554e+02 5.378189989728823228e-01 -9.406591615176389496e+02 -3.873592198573228717e+07 0.000000000000000000e+00
1.485943775100401467e+02 5.532716518035365461e-01 -8.609064004789207729e+02 -3.922227474018839002e+07 0.000000000000000000e+00
1.526104417670682949e+02 5.082839813166618592e-01 -3.053954010134867190e+02 -3.608950011828645319e+07 0.000000000000000000e+00
1.566265060240963862e+02 4.513938861217048348e-01 1.914904063233387888e+02 -3.295567961247056350e+07 0.000000000000000000e+00
1.606425702811245060e+02 4.152701692263677247e-01 3.516254000936128818e+02 -3.127727118804731593e+07 0.000000000000000000e+00
1.646586345381525973e+02 3.887126467861876655e-01 1.337776072999564576e+02 -2.952876327870235592e+07 0.000000000000000000e+00
1.686746987951807171e+02 3.555403089392518146e-01 -4.017612015499519629e+01 -2.744739807717255875e+07 0.000000000000000000e+00
1.726907630522088368e+02 3.504573032598314875e-01 -1.667368157676975216e+02 -2.806946753466972336e+07 0.000000000000000000e+00
1.767068273092369566e+02 3.563569250907326347e-01 -1.709810768182802008e+02 -2.936323722202974930e+07 0.000000000000000000e+00
1.807228915662650479e+02 3.859305554696472185e-01 -5.849380281789929370e+01 -3.111239022130416706e+07 0.000000000000000000e+00
1.847389558232931677e+02 4.505109432616858367e-01 3.121207896309692842e+02 -3.435912593757829070e+07 0.000000000000000000e+00
1.887550200803212590e+02 5.409283495739956038e-01 9.209493541449194254e+02 -3.885971826820402592e+07 0.000000000000000000e+00
1.927710843373494072e+02 5.598128068834615778e-01 1.129528763299751972e+03 -3.966623606225830317e+07 0.000000000000000000e+00
1.967871485943775269e+02 4.632753048704425503e-01 5.340225763754901891e+02 -3.521632239836385101e+07 0.000000000000000000e+00
2.008032128514056183e+02 3.874725412166162286e-01 -1.606385182307556647e+01 -3.076457654558706284e+07 0.000000000000000000e+00
2.048192771084337380e+02 3.627669833180382497e-01 -2.718605347408731063e+02 -2.832423235916078463e+07 0.000000000000000000e+00
2.088353413654618294e+02 3.708382375285497190e-01 -4.634232712816199182e+02 -2.798193937217883393e+07 0.000000000000000000e+00
2.128514056224899775e+02 4.005213859968141943e-01 -6.056262964563260311e+02 -2.951387575350018963e+07 0.000000000000000000e+00
2.168674698795180689e+02 4.162346318814893475e-01 -5.908465468988104021e+02 -3.141424138554874435e+07 0.000000000000000000e+00
2.208835341365461886e+02 4.165840535324716876e-01 -4.652345768822851255e+02 -3.317146994179989398e+07 0.000000000000000000e+00
2.248995983935742800e+02 4.105294600641113956e-01 -2.916679741839428175e+02 -3.363274930695293099e+07 0.000000000000000000e+00
2.289156626506023997e+02 4.039029593750523839e-01 -1.176413202657257813e+02 -3.383814105000310391e+07 0.000000000000000000e+00
2.329317269076305195e+02 3.902041047694452813e-01 -2.170001180070247315e+01 -3.270254395310736820e+07 0.000000000000000000e+00
2.369477911646586392e+02 3.780758565379098712e-01 -8.035275591214492863e+00 -3.164736408210041746e+07 0.000000000000000000e+00
2.409638554216867590e+02 3.647757899316763086e-01 -1.584143733029476309e+01 -3.071480841695863008e+07 0.000000000000000000e+00
2.449799196787148503e+02 3.631812024715244669e-01 -2.692495149304617286e+01 -3.087158479763020203e+07 0.000000000000000000e+00
2.489959839357429701e+02 3.765672508557917353e-01 -1.828713826467577519e+00 -3.236032642652716860e+07 0.000000000000000000e+00
2.530120481927710614e+02 3.908014887945345794e-01 3.751777720710652630e+01 -3.377061894348207116e+07 0.000000000000000000e+00
2.570281124497991527e+02 3.926367952380873105e-01 6.030968100651217867e+01 -3.376347877901095897e+07 0.000000000000000000e+00
2.610441767068273293e+02 3.899781977540258682e-01 7.137356200948060803e+01 -3.294436594793891534e+07 0.000000000000000000e+00
2.650602409638554491e+02 3.917665620356356460e-01 1.051361983744664315e+02 -3.222971368264677748e+07 0.000000000000000000e+00
2.690763052208835688e+02 4.052290690044503818e-01 2.079759878541421187e+02 -3.220292070070241392e+07 0.000000000000000000e+00
2.730923694779116317e+02 4.265979831928966015e-01 3.758750265688859145e+02 -3.309427895529364794e+07 0.000000000000000000e+00
2.771084337349397515e+02 4.367372900386239931e-01 5.057358428756413673e+02 -3.392251486511322111e+07 0.000000000000000000e+00
2.811244979919678713e+02 4.179117094754642436e-01 4.851605846989050406e+02 -3.325844458850941807e+07 0.000000000000000000e+00
2.851405622489959910e+02 3.757127310638792572e-01 3.213237425578399780e+02 -3.105862685590737686e+07 0.000000000000000000e+00
2.891566265060241108e+02 3.454197350844645520e-01 1.757960302670095132e+02 -2.922762350467323139e+07 0.000000000000000000e+00
2.931726907630521737e+02 3.350243953393509666e-01 1.296001678311735361e+02 -2.842750105618745461e+07 0.000000000000000000e+00
2.971887550200802934e+02 3.394011090959119237e-01 1.315254027749210763e+02 -2.848898688852431253e+07 0.000000000000000000e+00
3.012048192771084700e+02 3.493724286033040860e-01 1.512467457217364313e+02 -2.870727077972209826e+07 0.000000000000000000e+00
3.052208835341365898e+02 3.588613082607239879e-01 1.333934961399370422e+02 -2.889494034049700201e+07 0.000000000000000000e+00
3.092369477911646527e+02 3.712084095596959732e-01 4.447680582190190535e+01 -2.940752491873519495e+07 0.000000000000000000e+00
3.132530120481927725e+02 3.948405004328421897e-01 -9.781112346505548771e+01 -3.066871265617356449e+07 0.000000000000000000e+00
3.172690763052208922e+02 4.408278480884313399e-01 -1.773278797160801332e+02 -3.354618099594964460e+07 0.000000000000000000e+00
3.212851405622490120e+02 4.414933187919369839e-01 -3.229910858424178741e+02 -3.356846198369740695e+07 0.000000000000000000e+00
3.253012048192770749e+02 4.659076006904869227e-01 -1.136492236567734579e+02 -3.446499283770705014e+07 0.000000000000000000e+00
3.293172690763051946e+02 5.434181873273383756e-01 4.889058685657071806e+02 -3.853359555894075334e+07 0.000000000000000000e+00
3.333333333333333144e+02 6.224253036999122246e-01 1.331551564826937920e+03 -4.306257861312086880e+07 0.000000000000000000e+00
3.373493975903614341e+02 6.290052031156317947e-01 1.639098885710202467e+03 -4.462383406091579795e+07 0.000000000000000000e+00
3.413654618473896107e+02 5.358767301416562656e-01 1.121653491747703583e+03 -4.152668915856285393e+07 0.000000000000000000e+00
3.453815261044176737e+02 4.555950896449653675e-01 5.336645931309529942e+02 -3.792148828413891792e+07 0.000000000000000000e+00
3.493975903614457934e+02 4.080815144179972265e-01 2.473977937737236630e+02 -3.501067977969928086e+07 0.000000000000000000e+00
3.534136546184739132e+02 3.946158977093226494e-01 8.864671523093601024e+01 -3.346347128875099123e+07 0.000000000000000000e+00
3.574297188755020329e+02 4.013194081199418228e-01 5.482249757056955275e+01 -3.296090383965138346e+07 0.000000000000000000e+00
3.614457831325300958e+02 4.361271399428842677e-01 1.320152269237432563e+02 -3.441827057052551955e+07 0.000000000000000000e+00
3.654618473895582156e+02 4.582751349484917025e-01 1.904536760457708340e+02 -3.548251767505919933e+07 0.000000000000000000e+00
3.694779116465863353e+02 4.535041804828774947e-01 1.132529983338093018e+02 -3.495889681940184534e+07 0.000000000000000000e+00
3.734939759036144551e+02 4.559310487779072441e-01 9.885500927988948661e+01 -3.496217558760640025e+07 0.000000000000000000e+00
3.775100401606425180e+02 4.742724322655441083e-01 1.718744726343665263e+02 -3.629622305153543502e+07 0.000000000000000000e+00
3.815261044176706946e+02 4.912825602744663178e-01 2.582226725954495237e+02 -3.797469180779374391e+07 0.000000000000000000e+00
3.855421686746988144e+02 4.765913823303714048e-01 1.936014619516209905e+02 -3.786207010291962326e+07 0.000000000000000000e+00
3.895582329317269341e+02 4.449178133078487418e-01 3.751854671406769626e+01 -3.624358735133440048e+07 0.000000000000000000e+00
3.935742971887550539e+02 4.415112096632426431e-01 -2.854098457580715476e+01 -3.650990011442469060e+07 0.000000000000000000e+00
3.975903614457831168e+02 4.958030261522089477e-01 1.558599596244501981e+02 -4.038254994910605252e+07 0.000000000000000000e+00
4.016064257028112365e+02 6.643807746726236863e-01 1.014779571605349361e+03 -5.057291545365110040e+07 0.000000000000000000e+00
4.056224899598393563e+02 9.087923867591665150e-01 2.743723189779630047e+03 -6.159478657039317489e+07 0.000000000000000000e+00
4.096385542168674760e+02 9.868510328514594754e-01 3.651341299356978652e+03 -6.269413105678568780e+07 0.000000000000000000e+00
4.136546184738955390e+02 8.163849700273621002e-01 2.636059808644123223e+03 -5.547784844601618499e+07 0.000000000000000000e+00
4.176706827309236587e+02 6.510458110609714799e-01 1.398263753032411614e+03 -4.931733049087370187e+07 0.000000000000000000e+00
4.216867469879518353e+02 5.368445629407379016e-01 7.522532829105889505e+02 -4.275053103468974680e+07 0.000000000000000000e+00
4.257028112449799551e+02 4.556749089863648683e-01 3.740834361123948497e+02 -3.705343092111866176e+07 0.000000000000000000e+00
4.297188755020080180e+02 4.082593408156124926e-01 1.958196330972779151e+02 -3.358716327816291153e+07 0.000000000000000000e+00
4.337349397590361377e+02 3.852870901915627089e-01 1.236767552700343629e+02 -3.204977410906100646e+07 0.000000000000000000e+00
4.377510040160642575e+02 3.796610742267970684e-01 1.107992348343525322e+02 -3.195504108444108069e+07 0.000000000000000000e+00
4.417670682730923772e+02 3.794436530221816928e-01 9.393437240140376332e+01 -3.241317290881460905e+07 0.000000000000000000e+00
4.457831325301204970e+02 3.879134413990828478e-01 8.299646225980711733e+01 -3.349987892487109080e+07 0.000000000000000000e+00
4.497991967871485599e+02 4.336565556465641902e-01 2.152612990722172697e+02 -3.708746095782204717e+07 0.000000000000000000e+00
4.538152610441766797e+02 5.510796707204017597e-01 7.830675273810403496e+02 -4.455046551271516830e+07 0.000000000000000000e+00
4.578313253012047994e+02 6.680459155375020330e-01 1.562485869111776992e+03 -5.007559023192761838e+07 0.000000000000000000e+00
4.618473895582329760e+02 6.251586889335831732e-01 1.494725567092798201e+03 -4.611937798356019706e+07 0.000000000000000000e+00
4.658634538152610389e+02 4.868721547827417617e-01 6.593391957215980028e+02 -3.822735369271196425e+07 0.000000000000000000e+00
4.698795180722891587e+02 4.306859710420020693e-01 2.394717131658496498e+02 -3.563122721685826778e+07 0.000000000000000000e+00
4.738955823293172784e+02 4.223808347281488573e-01 1.029038246703999135e+02 -3.562171878591715544e+07 0.000000000000000000e+00
4.779116465863453982e+02 4.388843555966465138e-01 5.452636541731069286e+01 -3.743234758553096652e+07 0.000000000000000000e+00
4.819277108433735179e+02 4.785341085168941522e-01 7.445087829394120149e+01 -4.085518140237671882e+07 0.000000000000000000e+00
4.859437751004015809e+02 5.530084023210355415e-01 2.654263396333844867e+02 -4.655949035913281143e+07 0.000000000000000000e+00
4.899598393574297006e+02 6.677627847035573216e-01 8.047381578072298680e+02 -5.402000043347144127e+07 0.000000000000000000e+00
4.939759036144578204e+02 7.304841110792159586e-01 1.363182421425038683e+03 -5.682696393629639596e+07 0.000000000000000000e+00
4.979919678714859401e+02 7.053930281517336587e-01 1.522668456238175395e+03 -5.403013159526493400e+07 0.000000000000000000e+00
5.020080321285140599e+02 6.064426347986049404e-01 1.245974085169427781e+03 -4.728624029769552499e+07 0.000000000000000000e+00
5.060240963855421228e+02 5.003303294712722060e-01 7.370006532397085266e+02 -4.088600339616911858e+07 0.000000000000000000e+00
5.100401606425702994e+02 4.196352018255024019e-01 3.357707487117423852e+02 -3.587990930508442223e+07 0.000000000000000000e+00
5.140562248995983055e+02 3.885530400852988953e-01 1.666377701471389514e+02 -3.378018141533808410e+07 0.000000000000000000e+00
5.180722891566265389e+02 3.950981897033031265e-01 1.715506450064780779e+02 -3.420435167342116684e+07 0.000000000000000000e+00
5.220883534136546587e+02 4.237170481596210236e-01 2.732910796776740199e+02 -3.607945254324966669e+07 0.000000000000000000e+00
5.261044176706827784e+02 4.370820626038783296e-01 3.042403056084259561e+02 -3.688832608394516259e+07 0.000000000000000000e+00
5.301204819277108982e+02 4.370668807494144659e-01 2.730437112028303659e+02 -3.683452644729568064e+07 0.000000000000000000e+00
5.341365461847389042e+02 4.332919335474179068e-01 2.353640124162171503e+02 -3.687197220256580412e+07 0.000000000000000000e+00
5.381526104417671377e+02 4.300541928592080398e-01 2.247711003839459636e+02 -3.678248752978614718e+07 0.000000000000000000e+00
5.421686746987951437e+02 4.117685197721872581e-01 1.531355228856606345e+02 -3.568310328652480245e+07 0.000000000000000000e+00
5.461847389558232635e+02 3.868714387650678543e-01 5.571973379363743817e+01 -3.365636200483700633e+07 0.000000000000000000e+00
5.502008032128513833e+02 3.963406655401281453e-01 1.236202139552349877e+01 -3.464774671183899045e+07 0.000000000000000000e+00
5.542168674698795030e+02 5.074202925462536484e-01 4.510754072344712426e+02 -4.134817139846823364e+07 0.000000000000000000e+00
5.582329317269076228e+02 7.403045094588350805e-01 2.029954049769234189e+03 -5.314636851043287665e+07 0.000000000000000000e+00
5.622489959839357425e+02 8.539626780372411297e-01 3.123497685107943198e+03 -5.491003543203034997e+07 0.000000000000000000e+00
5.662650602409638623e+02 6.279610197352107903e-01 1.718869856798909268e+03 -4.289639917215055227e+07 0.000000000000000000e+00
5.702811244979919820e+02 5.180685211823348180e-01 5.145293331402422154e+02 -4.015856187493444234e+07 0.000000000000000000e+00
5.742971887550201018e+02 5.379944724074239293e-01 3.749228360657783128e+02 -4.233491041318193078e+07 0.000000000000000000e+00
5.783132530120482215e+02 5.568907032638172883e-01 4.818200756853472058e+02 -4.357513252848306298e+07 0.000000000000000000e+00
5.823293172690763413e+02 5.070446162600353857e-01 3.814480341668448773e+02 -4.065128126285035908e+07 0.000000000000000000e+00
5.863453815261043474e+02 4.393691687417779490e-01 1.462245007980773721e+02 -3.645215442655350268e+07 0.000000000000000000e+00
5.903614457831325808e+02 4.154944825770293115e-01 4.668425530349783514e+01 -3.482737978782550991e+07 0.000000000000000000e+00
5.943775100401605869e+02 4.244283092151091008e-01 8.496932220754688103e+01 -3.533999217868340760e+07 0.000000000000000000e+00
5.983935742971887066e+02 4.619569516043398050e-01 2.488157766922627729e+02 -3.762190415689463913e+07 0.000000000000000000e+00
6.024096385542169401e+02 5.016077277821634484e-01 4.360267305476974684e+02 -4.013224836661811918e+07 0.000000000000000000e+00
6.064257028112449461e+02 5.002579143780964133e-01 4.356205386214957684e+02 -4.008831622730584443e+07 0.000000000000000000e+00
6.104417670682731796e+02 4.800221837521799206e-01 3.316630636296750367e+02 -3.880419282832526416e+07 0.000000000000000000e+00
6.144578313253011856e+02 5.118406680497054051e-01 4.565754408458720945e+02 -4.096445174903203547e+07 0.000000000000000000e+00
6.184738955823293054e+02 6.437040541346414901e-01 1.268854272629873549e+03 -4.741591439882301539e+07 0.000000000000000000e+00
6.224899598393574252e+02 7.141469854631777858e-01 1.926255571171861675e+03 -4.991605767872051150e+07 0.000000000000000000e+00
6.265060240963855449e+02 5.554709441229538358e-01 1.234438261674054047e+03 -4.056788111457163095e+07 0.000000000000000000e+00
6.305220883534136647e+02 4.000291608613086303e-01 2.392241905897780612e+02 -3.240198256277637556e+07 0.000000000000000000e+00
6.345381526104417844e+02 3.457864950129312387e-01 -6.616210394069831580e+01 -2.914918996333747730e+07 0.000000000000000000e+00
6.385542168674697905e+02 3.345258038647357379e-01 -1.294213463242297451e+02 -2.826938914735181257e+07 0.000000000000000000e+00
6.425702811244980239e+02 3.423045452733247673e-01 -1.032307308977233617e+02 -2.872862710635201260e+07 0.000000000000000000e+00
6.465863453815261437e+02 3.644969001174174772e-01 -1.226251687568590398e+01 -3.001476228186356276e+07 0.000000000000000000e+00
6.506024096385541498e+02 4.066211723570489212e-01 2.043888901072713509e+02 -3.238560014133190736e+07 0.000000000000000000e+00
6.546184738955823832e+02 4.572284123951063650e-01 5.371709046495004714e+02 -3.502119229147799313e+07 0.000000000000000000e+00
6.586345381526103893e+02 4.753353372005249544e-01 7.436779208189933570e+02 -3.568874017340841144e+07 0.000000000000000000e+00
6.626506024096386227e+02 4.469875837022942999e-01 6.587267159819896278e+02 -3.384077393366981298e+07 0.000000000000000000e+00
6.666666666666666288e+02 4.086342079516878667e-01 3.786573393989741021e+02 -3.198501863877812028e+07 0.000000000000000000e+00
6.706827309236947485e+02 4.151063773537636559e-01 2.213722765520228677e+02 -3.284695947564988583e+07 0.000000000000000000e+00
6.746987951807228683e+02 4.926179277599718187e-01 2.367983091170569878e+02 -3.802552330574075878e+07 0.000000000000000000e+00
6.787148594377509880e+02 6.567260435933262031e-01 5.299102840746704715e+02 -4.763303270991495997e+07 0.000000000000000000e+00
6.827309236947792215e+02 7.563347439241800974e-01 4.640996208293938707e+02 -5.385815755070424825e+07 0.000000000000000000e+00
6.867469879518072275e+02 7.081628658963637912e-01 2.535161406373618718e+02 -5.170183423806964606e+07 0.000000000000000000e+00
6.907630522088353473e+02 5.962870929842355450e-01 5.062838467556788942e+02 -4.425568479663461447e+07 0.000000000000000000e+00
6.947791164658634671e+02 5.255947257062807410e-01 7.086096957042468603e+02 -3.938967429891716689e+07 0.000000000000000000e+00
6.987951807228915868e+02 5.003962770532067728e-01 6.264461463171305695e+02 -3.818042322736517340e+07 0.000000000000000000e+00
7.028112449799195929e+02 5.312421971098774121e-01 5.060713141830028121e+02 -4.041980273972979188e+07 0.000000000000000000e+00
7.068273092369478263e+02 6.034970582426462116e-01 5.382574853312909227e+02 -4.437399707507846504e+07 0.000000000000000000e+00
7.108433734939758324e+02 5.803511141030759379e-01 1.003171706474177540e+02 -4.241449851607464999e+07 0.000000000000000000e+00
7.148594377510040658e+02 5.160753293630326866e-01 -1.340994890575115051e+02 -3.779037263117089123e+07 0.000000000000000000e+00
7.188755020080320719e+02 4.783614389409060474e-01 -1.241051401038141364e+02 -3.520793005374781042e+07 0.000000000000000000e+00
7.228915662650601917e+02 4.816850732019433146e-01 4.906626570093722961e+01 -3.594654448062968999e+07 0.000000000000000000e+00
7.269076305220884251e+02 4.977159863795553862e-01 2.375723750428659855e+02 -3.723553704651078582e+07 0.000000000000000000e+00
7.309236947791164312e+02 4.876825988280365509e-01 1.568082328680886235e+02 -3.590466975980002433e+07 0.000000000000000000e+00
7.349397590361446646e+02 4.530967242333092670e-01 -7.216572895845439461e+01 -3.363212406266344339e+07 0.000000000000000000e+00
7.389558232931726707e+02 4.378916733717901910e-01 -2.121516533046902282e+02 -3.319598144444017485e+07 0.000000000000000000e+00
7.429718875502007904e+02 4.457439905752078046e-01 -2.372038083111666538e+02 -3.379885676778929681e+07 0.000000000000000000e+00
7.469879518072289102e+02 4.759932852198728859e-01 2.299974468612779788e+01 -3.439288885783200711e+07 0.000000000000000000e+00
7.510040160642570299e+02 5.313525808431898145e-01 4.926881665178457297e+02 -3.633385070506574214e+07 0.000000000000000000e+00
7.550200803212850360e+02 6.055876114806388877e-01 1.089625523194657490e+03 -3.983593094602371752e+07 0.000000000000000000e+00
7.590361445783132694e+02 6.133842393968076401e-01 1.255424415501488511e+03 -4.086761517794334143e+07 0.000000000000000000e+00
7.630522088353413892e+02 5.097173673353264656e-01 7.264346748105988354e+02 -3.576388542146498710e+07 0.000000000000000000e+00
7.670682730923695090e+02 4.169864479339318586e-01 1.862354034709335338e+02 -3.059552526940350607e+07 0.000000000000000000e+00
7.710843373493976287e+02 3.772288642452245599e-01 -3.131836027859289118e+01 -2.864008895215660706e+07 0.000000000000000000e+00
7.751004016064256348e+02 3.608490261992283732e-01 -8.532835830486025941e+01 -2.795518707868791372e+07 0.000000000000000000e+00
7.791164658634538682e+02 3.536476949997773844e-01 -8.932023872525223851e+01 -2.778141397104446962e+07 0.000000000000000000e+00
7.831325301204818743e+02 3.638771710600849918e-01 -4.524127345074877837e+01 -2.863651108608025685e+07 0.000000000000000000e+00
7.871485943775101077e+02 4.031245681572145911e-01 1.258795710698247348e+02 -3.139131817072913051e+07 0.000000000000000000e+00
7.911646586345381138e+02 4.493508790615332593e-01 3.345449336616212577e+02 -3.479049423332960159e+07 0.000000000000000000e+00
7.951807228915662336e+02 4.594460534074673030e-01 3.266280463827060316e+02 -3.610425694902767241e+07 0.000000000000000000e+00
7.991967871485943533e+02 4.411440039978504202e-01 7.320816617447280805e+01 -3.534701401169572026e+07 0.000000000000000000e+00
8.032128514056224731e+02 4.323276291225192081e-01 -1.473243301550969306e+02 -3.430498262502959371e+07 0.000000000000000000e+00
8.072289156626505928e+02 4.330211465630690593e-01 -2.986746092115990336e+02 -3.376361851818940043e+07 0.000000000000000000e+00
8.112449799196787126e+02 4.274042406094789581e-01 -3.338468597475284696e+02 -3.300508540401566774e+07 0.000000000000000000e+00
8.152610441767068323e+02 4.468690002872543476e-01 -1.417662195832631369e+02 -3.429750633350063860e+07 0.000000000000000000e+00
8.192771084337349521e+02 4.501416571078674655e-01 5.268586089553369334e+01 -3.472549515487550944e+07 0.000000000000000000e+00
8.232931726907630718e+02 4.123680942375981262e-01 4.051813854493634892e+01 -3.173551151568889618e+07 0.000000000000000000e+00
8.273092369477910779e+02 4.046190025682123159e-01 1.557538107504104730e+01 -3.117302991704613715e+07 0.000000000000000000e+00
8.313253012048193114e+02 4.064825753411673848e-01 1.845460684260518036e+01 -3.173588968376806378e+07 0.000000000000000000e+00
8.353413654618473174e+02 4.039359782242921137e-01 -5.783671362974290986e+01 -3.181638214590563625e+07 0.000000000000000000e+00
8.393574297188755509e+02 4.679802002035282626e-01 -5.450886837869745705e+00 -3.674615348377043754e+07 0.000000000000000000e+00
8.433734939759036706e+02 7.489041306660569886e-01 1.470959545653365467e+03 -4.810517588417784125e+07 0.000000000000000000e+00
8.473895582329316767e+02 9.791432408391732567e-01 3.405079114264637155e+03 -5.348539254049530625e+07 0.000000000000000000e+00
8.514056224899599101e+02 7.057687124098800391e-01 1.982899748739551342e+03 -4.006864692582342774e+07 0.000000000000000000e+00
8.554216867469879162e+02 4.893599672561492753e-01 2.187233985506646832e+02 -3.404475532445482910e+07 0.000000000000000000e+00
8.594377510040160359e+02 4.541957871885461406e-01 -1.597151368972673602e+01 -3.316472541447706148e+07 0.000000000000000000e+00
8.634538152610441557e+02 4.772436696757700325e-01 1.651539690716412565e+02 -3.496916567880216241e+07 0.000000000000000000e+00
8.674698795180722755e+02 4.973892331588513072e-01 3.428449345865827240e+02 -3.674890097937563062e+07 0.000000000000000000e+00
8.714859437751003952e+02 4.669822825465979599e-01 2.591984381542368965e+02 -3.551275656895362586e+07 0.000000000000000000e+00
8.755020080321285150e+02 4.126427094393201322e-01 1.858314389828947810e+01 -3.211733594550478458e+07 0.000000000000000000e+00
8.795180722891565210e+02 3.811127676644433526e-01 -1.259932755423280923e+02 -2.936259004685457796e+07 0.000000000000000000e+00
8.835341365461847545e+02 3.761803484057077984e-01 -1.361332738024669027e+02 -2.841214546640169248e+07 0.000000000000000000e+00
8.875502008032128742e+02 3.843920839292097047e-01 -9.872061938950380977e+01 -2.856338851959174499e+07 0.000000000000000000e+00
8.915662650602409940e+02 3.936256919409396038e-01 -6.719262749250677302e+01 -2.899161919979374483e+07 0.000000000000000000e+00
8.955823293172691137e+02 3.981703933763001690e-01 -1.209627117979398463e+02 -2.951560722743305564e+07 0.000000000000000000e+00
8.995983935742971198e+02 4.297382941330574191e-01 -8.043853572851911338e+01 -3.165643547901169956e+07 0.000000000000000000e+00
9.036144578313253533e+02 4.915708013381085428e-01 1.414993548240239534e+02 -3.545738934958050400e+07 0.000000000000000000e+00
9.076305220883533593e+02 5.050489684039047855e-01 2.300246065709885102e+02 -3.626606481444667280e+07 0.000000000000000000e+00
9.116465863453815928e+02 4.597690216425550647e-01 8.006011084387576204e+01 -3.319752510687853023e+07 0.000000000000000000e+00
9.156626506024095988e+02 4.254509795432848684e-01 -1.311240607534504647e+02 -3.068893078221295029e+07 0.000000000000000000e+00
9.196787148594377186e+02 4.202546558289800283e-01 -1.671532977901119636e+02 -3.005855820546821132e+07 0.000000000000000000e+00
9.236947791164659520e+02 4.356672041377778748e-01 -1.124788935433977599e+02 -3.076209564257592708e+07 0.000000000000000000e+00
9.277108433734939581e+02 4.379008522078129406e-01 -6.679080549892492513e+01 -3.102267643237623200e+07 0.000000000000000000e+00
9.317269076305220779e+02 4.208942758041648302e-01 -1.254457849525704773e+02 -3.039759777648203447e+07 0.000000000000000000e+00
9.357429718875501976e+02 4.098294115544608984e-01 -1.976092597854172368e+02 -3.007833374621314183e+07 0.000000000000000000e+00
9.397590361445783174e+02 4.115920514478944026e-01 -2.298356220870026050e+02 -3.012918523968396336e+07 0.000000000000000000e+00
9.437751004016064371e+02 4.165043872099652988e-01 -2.288360380611149765e+02 -3.013673077511852980e+07 0.000000000000000000e+00
9.477911646586345569e+02 4.277160660920276691e-01 -1.634928276728789172e+02 -3.051756662380493432e+07 0.000000000000000000e+00
9.518072289156625629e+02 4.223091888283077577e-01 -1.072269299905183715e+02 -2.950502396770015359e+07 0.000000000000000000e+00
9.558232931726907964e+02 4.124566787186005334e-01 -4.881222626973514878e+01 -2.819177521399584413e+07 0.000000000000000000e+00
9.598393574297188025e+02 3.998678268357267473e-01 4.115292398980341204e+01 -2.660465160410533845e+07 0.000000000000000000e+00
9.638554216867470359e+02 3.785091895938200168e-01 8.689837876004901318e+01 -2.476413009558916464e+07 0.000000000000000000e+00
9.678714859437751556e+02 3.842330821574124755e-01 2.456910094502203492e+02 -2.416618105395101756e+07 0.000000000000000000e+00
9.718875502008031617e+02 3.555893778195450272e-01 1.682276008381578833e+02 -2.179504369901599362e+07 0.000000000000000000e+00
9.759036144578313952e+02 3.750777871753213644e-01 1.414209111692815100e+02 -2.166909460660193115e+07 0.000000000000000000e+00
9.799196787148594012e+02 4.342536978048256446e-01 -9.003910014635977177e+00 -2.187104060580249503e+07 0.000000000000000000e+00
9.839357429718875210e+02 5.155821071079231821e-01 -6.776577171140850169e+02 -2.015623607455190271e+07 0.000000000000000000e+00
9.879518072289156407e+02 5.727238502885763083e-01 -1.211717901782387116e+03 -1.404666541670669243e+07 0.000000000000000000e+00
9.919678714859437605e+02 4.871529007064733241e-01 -1.238317289607423618e+03 -9.728956057864309987e+05 0.000000000000000000e+00
9.959839357429718802e+02 4.871529007064733241e-01 -1.238317289607423618e+03 2.500000000000000000e+05 0.000000000000000000e+00
1.000000000000000000e+03 5.727238502885763083e-01 -1.211717901782387116e+03 2.500000000000000000e+05 0.000000000000000000e+00
