# 0.8268312767792111
0.000000000000000000e+00 8.881624381183760297e-01 4.150096915728628346e+02 2.500000000000000000e+05 7.950232102032648982e+03
4.016064257028111761e+00 3.152157714511624742e-01 -3.379054246210288852e+02 2.500000000000000000e+05 0.000000000000000000e+00
8.032128514056223523e+00 3.152157714511624742e-01 3.379054246210288852e+02 -1.919466056549524888e+07 0.000000000000000000e+00
1.204819277108433795e+01 8.881624381183760297e-01 -4.150096915728628346e+02 -7.250628256072856486e+07 0.000000000000000000e+00
1.606425702811244705e+01 5.520751522058437999e-01 3.975643398961595949e+02 -4.190465752474796772e+07 0.000000000000000000e+00
2.008032128514056325e+01 5.552071374811844429e-01 -4.475490078153463855e+02 -3.918909635950184613e+07 0.000000000000000000e+00
2.409638554216867590e+01 4.396435594728602125e-01 2.025223407677638932e+02 -3.098058897423310950e+07 0.000000000000000000e+00
2.811244979919678499e+01 5.824303796499966657e-01 -7.030315582405776809e+01 -3.528315578497195244e+07 0.000000000000000000e+00
3.212851405622489409e+01 5.069024039989142860e-01 4.148124838436232267e+02 -3.013400553192878142e+07 0.000000000000000000e+00
3.614457831325301385e+01 5.210993093894787931e-01 -1.941615535477923800e+02 -2.939316223496622965e+07 0.000000000000000000e+00
4.016064257028112650e+01 4.098739597368925014e-01 3.189296474227373679e+01 -2.449622889916659892e+07 0.000000000000000000e+00
4.417670682730923915e+01 4.847807055161160172e-01 -3.762964981141225280e+02 -2.629930658099323511e+07 0.000000000000000000e+00
4.819277108433735179e+01 4.752390387510302405e-01 2.011954082572106870e+02 -2.546512064103894681e+07 0.000000000000000000e+00
5.220883534136545734e+01 5.140852256453175562e-01 1.776425776298359835e+02 -2.598272720592965186e+07 0.000000000000000000e+00
5.622489959839356999e+01 4.699232545153000373e-01 2.292408392657715979e+02 -2.413053603218455613e+07 0.000000000000000000e+00
6.024096385542168974e+01 4.721728693804644328e-01 -2.907016505286668462e+02 -2.419625703008860350e+07 0.000000000000000000e+00
6.425702811244978818e+01 3.919571237139837794e-01 -4.360444838318879590e+01 -2.150112120536572859e+07 0.000000000000000000e+00
6.827309236947790794e+01 4.668343768487826506e-01 -2.721039656128202751e+02 -2.378454174089379981e+07 0.000000000000000000e+00
7.228915662650602769e+01 5.171364259878848957e-01 2.760200238009356326e+02 -2.525073508542469889e+07 0.000000000000000000e+00
7.630522088353414745e+01 5.148222115560837642e-01 3.932102554828271082e+02 -2.514275149422461912e+07 0.000000000000000000e+00
8.032128514056225299e+01 4.576568032722096446e-01 2.638144712436751433e+02 -2.349159991428437456e+07 0.000000000000000000e+00
8.433734939759035854e+01 4.497507438049050954e-01 -3.491441899642491649e+02 -2.359463135772735253e+07 0.000000000000000000e+00
8.835341365461847829e+01 3.942116624129518021e-01 -1.119146249779169011e+02 -2.177931182660563663e+07 0.000000000000000000e+00
9.236947791164658383e+01 4.483944812837818983e-01 -1.152928284781526429e+02 -2.363047418129656464e+07 0.000000000000000000e+00
9.638554216867470359e+01 5.356055428937259721e-01 3.743075599712280450e+02 -2.647518661848946288e+07 0.000000000000000000e+00
1.004016064257028091e+02 5.427283719413615870e-01 4.384924610907223155e+02 -2.677979477199351788e+07 0.000000000000000000e+00
1.044176706827309147e+02 4.440207014436506894e-01 2.748643976683839014e+02 -2.389428455798502266e+07 0.000000000000000000e+00
1.084337349397590344e+02 4.407850997363618184e-01 -3.797484019003022695e+02 -2.419328099955390394e+07 0.000000000000000000e+00
1.124497991967871400e+02 4.050467342234229107e-01 -2.175664741342113189e+02 -2.297928824601226673e+07 0.000000000000000000e+00
1.164658634538152597e+02 4.765970883091416033e-01 -5.888937497901041240e+01 -2.544095749494714290e+07 0.000000000000000000e+00
1.204819277108433795e+02 5.667931206003435918e-01 5.592523281088995191e+02 -2.833502852889969572e+07 0.000000000000000000e+00
1.244979919678714850e+02 5.671909944545852067e-01 6.265999889066511059e+02 -2.829568601316831261e+07 0.000000000000000000e+00
1.285140562248995764e+02 4.488606256346204249e-01 2.397464203822043487e+02 -2.463903868189775944e+07 0.000000000000000000e+00
1.325301204819277245e+02 4.135815521879462331e-01 -3.458518011228744626e+02 -2.377616112838925049e+07 0.000000000000000000e+00
1.365461847389558159e+02 4.042305934951727076e-01 -2.577627916843387084e+02 -2.346347016377194971e+07 0.000000000000000000e+00
1.405622489959839356e+02 5.062624568461935315e-01 1.309477573423440333e+02 -2.689165779614128172e+07 0.000000000000000000e+00
1.445783132530120554e+02 6.112656601963352143e-01 8.274864706431957302e+02 -3.002693930891168490e+07 0.000000000000000000e+00
1.485943775100401467e+02 5.535848969811351106e-01 6.107070649789824301e+02 -2.827304704547349364e+07 0.000000000000000000e+00
1.526104417670682949e+02 4.181014382703244769e-01 1.484393445892038699e+00 -2.403880179309865460e+07 0.000000000000000000e+00
1.566265060240963862e+02 4.036453393479049190e-01 -4.082050351656048406e+02 -2.385417522734242305e+07 0.000000000000000000e+00
1.606425702811245060e+02 4.599610804587886403e-01 -1.395767177797596332e+02 -2.606602594911954924e+07 0.000000000000000000e+00
1.646586345381525973e+02 5.593884032061690048e-01 3.630648878053955855e+02 -2.968174241315916553e+07 0.000000000000000000e+00
1.686746987951807171e+02 5.692302851156291199e-01 5.768518103449322325e+02 -3.016487238372605294e+07 0.000000000000000000e+00
1.726907630522088368e+02 5.314402439155765379e-01 3.727960981642357297e+02 -2.944730441217973083e+07 0.000000000000000000e+00
1.767068273092369566e+02 5.079639097071649845e-01 3.009453095232427131e+02 -2.881228703552938998e+07 0.000000000000000000e+00
1.807228915662650479e+02 5.125546918990627754e-01 1.267851893476511265e+02 -2.923650171845841035e+07 0.000000000000000000e+00
1.847389558232931677e+02 4.525289009958899378e-01 -7.876838035844669150e+01 -2.708876002414403483e+07 0.000000000000000000e+00
1.887550200803212590e+02 4.224256277511205249e-01 -2.741548767905617296e+02 -2.578260022966980189e+07 0.000000000000000000e+00
1.927710843373494072e+02 4.812477287688121663e-01 9.770458956254600480e+00 -2.796763220627388358e+07 0.000000000000000000e+00
1.967871485943775269e+02 6.035598121515880488e-01 7.583625385014395306e+02 -3.191021967917798460e+07 0.000000000000000000e+00
2.008032128514056183e+02 6.030255656903042993e-01 9.557044991661229005e+02 -3.130218734626078606e+07 0.000000000000000000e+00
2.048192771084337380e+02 4.548274471972207911e-01 1.119643090666581031e+02 -2.638616168317256123e+07 0.000000000000000000e+00
2.088353413654618294e+02 3.609972406560958413e-01 -3.874971060657644557e+02 -2.294665553727753088e+07 0.000000000000000000e+00
2.128514056224899775e+02 3.807351514200286724e-01 -3.957486017860903758e+02 -2.353641224710203335e+07 0.000000000000000000e+00
2.168674698795180689e+02 5.212142089471489825e-01 2.621304707381711410e+02 -2.878330897239291668e+07 0.000000000000000000e+00
2.208835341365461886e+02 6.541551504186250421e-01 1.160168844569900102e+03 -3.263375260203882679e+07 0.000000000000000000e+00
2.248995983935742800e+02 5.426435866257000029e-01 7.223306102288336206e+02 -2.869134866954788566e+07 0.000000000000000000e+00
2.289156626506023997e+02 3.838618150553551045e-01 -2.136073637522030708e+02 -2.352760209126691148e+07 0.000000000000000000e+00
2.329317269076305195e+02 3.223107110502984596e-01 -5.323416965698975218e+02 -2.080140569837750122e+07 0.000000000000000000e+00
2.369477911646586392e+02 3.435492782412264412e-01 -5.250054147947763568e+02 -2.159938501179892942e+07 0.000000000000000000e+00
2.409638554216867590e+02 4.886254894375131608e-01 5.955376506431366579e+01 -2.710234596336089075e+07 0.000000000000000000e+00
2.449799196787148503e+02 6.861482604033625199e-01 1.293667636166868760e+03 -3.291756902272840589e+07 0.000000000000000000e+00
2.489959839357429701e+02 6.232370431080562767e-01 1.099796492810787640e+03 -3.026488338535416871e+07 0.000000000000000000e+00
2.530120481927710614e+02 4.344184474662649009e-01 -2.954219647837051070e+02 -2.494997384708023816e+07 0.000000000000000000e+00
2.570281124497991527e+02 3.881788649541865199e-01 -1.071190470055584228e+03 -2.339731599803023413e+07 0.000000000000000000e+00
2.610441767068273293e+02 5.009502169834270102e-01 -1.530968372608660502e+03 -2.624216237974635139e+07 0.000000000000000000e+00
2.650602409638554491e+02 9.489436681389876727e-01 -3.639485858052603930e+02 -3.640438490770063549e+07 0.000000000000000000e+00
2.690763052208835688e+02 9.447051065914378043e-01 -1.214330412288822799e+03 -3.755423015197509527e+07 0.000000000000000000e+00
2.730923694779116317e+02 6.557201810710655554e-01 -1.563872617280946770e+03 -2.877539940524327755e+07 0.000000000000000000e+00
2.771084337349397515e+02 6.186367330731639136e-01 -1.874983548674349095e+03 -2.562462621082665771e+07 0.000000000000000000e+00
2.811244979919678713e+02 7.589461835825013214e-01 -1.718223067939033399e+03 -2.909680126881736517e+07 0.000000000000000000e+00
2.851405622489959910e+02 9.263986555475881568e-01 -1.282157329284040998e+03 -3.304060129370569810e+07 0.000000000000000000e+00
2.891566265060241108e+02 8.037045266456708248e-01 -1.209084289140284000e+03 -3.049467237580422685e+07 0.000000000000000000e+00
2.931726907630521737e+02 7.055953427561650892e-01 -1.684503404584307646e+03 -2.712645433421952277e+07 0.000000000000000000e+00
2.971887550200802934e+02 8.027846689812737635e-01 -2.417105090117887812e+03 -2.603013492303239927e+07 0.000000000000000000e+00
3.012048192771084700e+02 9.721339261742560911e-01 -2.665530275256250661e+03 -2.730634903113605827e+07 0.000000000000000000e+00
3.052208835341365898e+02 9.986307881355058758e-01 -2.590543487376883604e+03 -2.790011447895573080e+07 0.000000000000000000e+00
3.092369477911646527e+02 8.877784922845166626e-01 -2.489794726800165336e+03 -2.551750283835005015e+07 0.000000000000000000e+00
3.132530120481927725e+02 8.874247858110875242e-01 -2.793960997322970798e+03 -2.408925407212722674e+07 0.000000000000000000e+00
3.172690763052208922e+02 9.123657121596571162e-01 -2.507006666962664440e+03 -2.639763311192402616e+07 0.000000000000000000e+00
3.212851405622490120e+02 8.344253452367381696e-01 -1.264360520046648162e+03 -2.786118808896871656e+07 0.000000000000000000e+00
3.253012048192770749e+02 6.584356401685674820e-01 -4.328152890898316514e+02 -2.705324767387410626e+07 0.000000000000000000e+00
3.293172690763051946e+02 6.424866453567446012e-01 -1.109222296605262954e+03 -2.239389199559387565e+07 0.000000000000000000e+00
3.333333333333333144e+02 9.007783598834433469e-01 -4.343625682809155478e+03 -1.350629679048743099e+07 0.000000000000000000e+00
3.373493975903614341e+02 1.152665809982408973e+00 -5.481848595338695304e+03 -1.441578245084222965e+07 0.000000000000000000e+00
3.413654618473896107e+02 9.664078623910061783e-01 -3.376376447470311177e+03 -2.143447239535778761e+07 0.000000000000000000e+00
3.453815261044176737e+02 8.667663012382860188e-01 -2.683483817469439145e+03 -2.135617035996622220e+07 0.000000000000000000e+00
3.493975903614457934e+02 9.604861106847534247e-01 -3.364418207503958911e+03 -1.915816345603991300e+07 0.000000000000000000e+00
3.534136546184739132e+02 9.938083754056494801e-01 -3.219909601999822826e+03 -2.040777842468683794e+07 0.000000000000000000e+00
3.574297188755020329e+02 7.943536024775705862e-01 -1.398684883357639137e+03 -2.269797725747564808e+07 0.000000000000000000e+00
3.614457831325300958e+02 5.695275298254772744e-01 4.290858162461734082e+01 -2.145121874392683059e+07 0.000000000000000000e+00
3.654618473895582156e+02 4.598936000167534455e-01 5.178450740149221474e+02 -1.956294962386929244e+07 0.000000000000000000e+00
3.694779116465863353e+02 4.282916669988925951e-01 6.011584010118748438e+02 -1.925970261032553390e+07 0.000000000000000000e+00
3.734939759036144551e+02 4.684340023814245191e-01 1.741149341725476916e+02 -1.913562955983338133e+07 0.000000000000000000e+00
3.775100401606425180e+02 6.972361795486219371e-01 -2.192252854878534890e+03 -1.112825762458831444e+07 0.000000000000000000e+00
3.815261044176706946e+02 1.338130343737814032e+00 -7.033835205644991220e+03 6.335696056326488033e+05 0.000000000000000000e+00
3.855421686746988144e+02 1.117723647873291704e+00 -3.705438470328293079e+03 -1.487416120652827621e+07 0.000000000000000000e+00
3.895582329317269341e+02 6.078779256772052220e-01 2.803544642326892244e+01 -2.167030424182269350e+07 0.000000000000000000e+00
3.935742971887550539e+02 4.170851745423347356e-01 7.035634980402913925e+02 -1.919404012229385972e+07 0.000000000000000000e+00
3.975903614457831168e+02 3.880079000423869440e-01 6.672647118591893332e+02 -1.823467617428108677e+07 0.000000000000000000e+00
4.016064257028112365e+02 3.861566261659112320e-01 7.518049960701818009e+02 -1.837242294495264068e+07 0.000000000000000000e+00
4.056224899598393563e+02 3.811959547073492383e-01 7.109254379031040116e+02 -1.809010900708192959e+07 0.000000000000000000e+00
4.096385542168674760e+02 3.999259760881968551e-01 5.260266513505384864e+02 -1.879348708889004588e+07 0.000000000000000000e+00
4.136546184738955390e+02 5.423210732757350883e-01 -5.838333104646856100e+02 -1.800892807077643648e+07 0.000000000000000000e+00
4.176706827309236587e+02 1.085951524955719671e+00 -4.834313581072008674e+03 -1.106815612769915164e+07 0.000000000000000000e+00
4.216867469879518353e+02 1.257063183642492143e+00 -4.718620018703346432e+03 -1.808586904482968524e+07 0.000000000000000000e+00
4.257028112449799551e+02 7.486961568751944185e-01 -5.269297691337030756e+02 -2.455779868790753931e+07 0.000000000000000000e+00
4.297188755020080180e+02 4.652986519211361749e-01 7.406831342936646934e+02 -2.125260636657099053e+07 0.000000000000000000e+00
4.337349397590361377e+02 4.015546880462661505e-01 8.677717794687418973e+02 -1.943734299794344977e+07 0.000000000000000000e+00
4.377510040160642575e+02 3.990466855210731967e-01 8.845400342883600615e+02 -1.990987028490761667e+07 0.000000000000000000e+00
4.417670682730923772e+02 4.643581234037347238e-01 4.741581943770557359e+02 -2.131850508951746672e+07 0.000000000000000000e+00
4.457831325301204970e+02 7.416161712629414371e-01 -2.033175548631225411e+03 -1.737007660800652951e+07 0.000000000000000000e+00
4.497991967871485599e+02 1.278737210744492092e+00 -5.243187759506827206e+03 -1.464339312017947435e+07 0.000000000000000000e+00
4.538152610441766797e+02 9.744314506929219188e-01 -2.062789601852745363e+03 -2.307469889304526150e+07 0.000000000000000000e+00
4.578313253012047994e+02 5.225667846854519238e-01 6.551341716686058589e+02 -2.165200942878320068e+07 0.000000000000000000e+00
4.618473895582329760e+02 3.833771720083042900e-01 1.021815139292690674e+03 -1.845253822339024767e+07 0.000000000000000000e+00
4.658634538152610389e+02 3.736927751957665467e-01 1.053676247491761615e+03 -1.843930581981986389e+07 0.000000000000000000e+00
4.698795180722891587e+02 3.623241359097538750e-01 1.014248892260553930e+03 -1.761427244540338218e+07 0.000000000000000000e+00
4.738955823293172784e+02 3.787074851580608525e-01 8.563502934099708455e+02 -1.832347670632927120e+07 0.000000000000000000e+00
4.779116465863453982e+02 5.057417678871856115e-01 -8.776130968425422907e+01 -1.898182796260939538e+07 0.000000000000000000e+00
4.819277108433735179e+02 1.010659750509657950e+00 -3.583106263070501882e+03 -1.574499426656638086e+07 0.000000000000000000e+00
4.859437751004015809e+02 1.149949592703937817e+00 -3.541017688708445803e+03 -1.814943437991864979e+07 0.000000000000000000e+00
4.899598393574297006e+02 6.578795228939431361e-01 9.184430829360962889e+00 -2.149579673031709343e+07 0.000000000000000000e+00
4.939759036144578204e+02 3.988724383634364434e-01 9.797591871998043871e+02 -1.779451116930841282e+07 0.000000000000000000e+00
4.979919678714859401e+02 3.505706945894892512e-01 1.029390946260020428e+03 -1.657382597593582980e+07 0.000000000000000000e+00
5.020080321285140599e+02 3.518780709349216274e-01 1.032447321480313803e+03 -1.701196277302628756e+07 0.000000000000000000e+00
5.060240963855421228e+02 3.610766200038600937e-01 1.017532879909189433e+03 -1.751484422013150528e+07 0.000000000000000000e+00
5.100401606425702994e+02 3.614266428556297539e-01 1.007577379913255413e+03 -1.732819144014732540e+07 0.000000000000000000e+00
5.140562248995983055e+02 3.584287290446210306e-01 9.666816724819826732e+02 -1.710946678652411327e+07 0.000000000000000000e+00
5.180722891566265389e+02 3.723149006610293466e-01 8.386213211216262380e+02 -1.785293412527114153e+07 0.000000000000000000e+00
5.220883534136546587e+02 4.449702649176428548e-01 2.761103171659463555e+02 -1.928521603015552461e+07 0.000000000000000000e+00
5.261044176706827784e+02 7.371560949449268429e-01 -1.731979562254522534e+03 -1.803534354391716793e+07 0.000000000000000000e+00
5.301204819277108982e+02 9.923453025780661907e-01 -3.028905971337449046e+03 -1.976691186085740104e+07 0.000000000000000000e+00
5.341365461847389042e+02 6.935467250154930818e-01 -5.952167995186869121e+02 -2.219327330755899474e+07 0.000000000000000000e+00
5.381526104417671377e+02 4.208140976737678729e-01 6.783199193060052039e+02 -1.859396157963643223e+07 0.000000000000000000e+00
5.421686746987951437e+02 3.451356003000914940e-01 8.380015561813229397e+02 -1.606557995584942214e+07 0.000000000000000000e+00
5.461847389558232635e+02 3.245593156509332111e-01 8.878327330842810170e+02 -1.544832964517818578e+07 0.000000000000000000e+00
5.502008032128513833e+02 3.367390551464772286e-01 9.228117983622375959e+02 -1.625248270872756466e+07 0.000000000000000000e+00
5.542168674698795030e+02 3.614131154738309259e-01 9.048028064024508694e+02 -1.771026992943702266e+07 0.000000000000000000e+00
5.582329317269076228e+02 4.088746812083501325e-01 7.541495401001204755e+02 -1.949364873486566916e+07 0.000000000000000000e+00
5.622489959839357425e+02 5.298003035514033954e-01 6.237492423762347471e+01 -2.115603326857930422e+07 0.000000000000000000e+00
5.662650602409638623e+02 7.791221697971696392e-01 -1.497447576892219786e+03 -2.270793880067587644e+07 0.000000000000000000e+00
5.702811244979919820e+02 7.906301896161844756e-01 -1.332443174389985870e+03 -2.499322597546455264e+07 0.000000000000000000e+00
5.742971887550201018e+02 5.989578510212989482e-01 -1.598273700433473437e+02 -2.430894608314317465e+07 0.000000000000000000e+00
5.783132530120482215e+02 5.451314144313510468e-01 -5.244550716453769468e+01 -2.301314959700088203e+07 0.000000000000000000e+00
5.823293172690763413e+02 5.980337919014840908e-01 -3.610707545053086278e+02 -2.355613349848688766e+07 0.000000000000000000e+00
5.863453815261043474e+02 6.032476618828465087e-01 -2.199817696487289140e+02 -2.378902773756593838e+07 0.000000000000000000e+00
5.903614457831325808e+02 5.021046780092370820e-01 3.530391643822964625e+02 -2.163834375865998492e+07 0.000000000000000000e+00
5.943775100401605869e+02 4.226650079434746687e-01 6.489945088244231783e+02 -1.985971695942169800e+07 0.000000000000000000e+00
5.983935742971887066e+02 4.313662738124633966e-01 4.848424826196943513e+02 -2.029963330756747723e+07 0.000000000000000000e+00
6.024096385542169401e+02 5.328582773575056830e-01 -2.661779315879587102e+02 -2.096957013139904663e+07 0.000000000000000000e+00
6.064257028112449461e+02 7.700152410368471534e-01 -1.961020802963816095e+03 -2.067675802763323486e+07 0.000000000000000000e+00
6.104417670682731796e+02 8.440923656022130128e-01 -2.054378814782965037e+03 -2.164521970835218951e+07 0.000000000000000000e+00
6.144578313253011856e+02 6.908729876605601561e-01 -7.466498832005331678e+02 -2.233822650809429586e+07 0.000000000000000000e+00
6.184738955823293054e+02 5.548591427713063240e-01 1.880765917971712042e+01 -2.097104907417942956e+07 0.000000000000000000e+00
6.224899598393574252e+02 5.052880719352700334e-01 2.014314789601249345e+02 -1.895150345762746409e+07 0.000000000000000000e+00
6.265060240963855449e+02 5.112833222516388609e-01 1.640179799951547750e+02 -1.826486221753227338e+07 0.000000000000000000e+00
6.305220883534136647e+02 5.743324830349906263e-01 -1.101523385183010930e+02 -1.864311346794807538e+07 0.000000000000000000e+00
6.345381526104417844e+02 6.573838919555841098e-01 -3.772314055447354235e+02 -1.908324262981414422e+07 0.000000000000000000e+00
6.385542168674697905e+02 6.282020496664889597e-01 -5.941089014017228465e+01 -1.834217372644609958e+07 0.000000000000000000e+00
6.425702811244980239e+02 5.081277597325346562e-01 5.011759679015318625e+02 -1.657136937846097164e+07 0.000000000000000000e+00
6.465863453815261437e+02 4.470056911506132269e-01 7.270452704303124847e+02 -1.579929864455107413e+07 0.000000000000000000e+00
6.506024096385541498e+02 4.423017162081417375e-01 7.053685056117892600e+02 -1.613873192671760172e+07 0.000000000000000000e+00
6.546184738955823832e+02 4.663531339796346264e-01 5.208291091248044040e+02 -1.650549921587590873e+07 0.000000000000000000e+00
6.586345381526103893e+02 5.393272344827758635e-01 -8.019843941677621046e+01 -1.569622888248138130e+07 0.000000000000000000e+00
6.626506024096386227e+02 6.761651446629395323e-01 -1.214123463495191800e+03 -1.556888531111596152e+07 0.000000000000000000e+00
6.666666666666666288e+02 6.923559885484071863e-01 -1.232485404203541066e+03 -1.657531733812282793e+07 0.000000000000000000e+00
6.706827309236947485e+02 5.901699171042837921e-01 -4.015673542368276117e+02 -1.681518265571647882e+07 0.000000000000000000e+00
6.746987951807228683e+02 5.120661068045667674e-01 1.586551832815273713e+02 -1.665951789584540576e+07 0.000000000000000000e+00
6.787148594377509880e+02 5.295643737897247627e-01 1.193168337382778361e+02 -1.698825761340909451e+07 0.000000000000000000e+00
6.827309236947792215e+02 6.496123383069661861e-01 -5.608201036996531457e+02 -1.683725629836029559e+07 0.000000000000000000e+00
6.867469879518072275e+02 6.782969656865507346e-01 -8.294215004250766015e+02 -1.784536074327351898e+07 0.000000000000000000e+00
6.907630522088353473e+02 5.992567685567644631e-01 -4.613569436521501075e+02 -1.870641898767624050e+07 0.000000000000000000e+00
6.947791164658634671e+02 5.448623902417992770e-01 -2.207295599239450041e+02 -1.817453293223114684e+07 0.000000000000000000e+00
6.987951807228915868e+02 5.515498627324680880e-01 -2.342530378431083875e+02 -1.759495227384408563e+07 0.000000000000000000e+00
7.028112449799195929e+02 5.806793516386012932e-01 -2.309871943206781566e+02 -1.804795303540778905e+07 0.000000000000000000e+00
7.068273092369478263e+02 5.600522731472648008e-01 -7.488577532014451776e+01 -1.849157242461471260e+07 0.000000000000000000e+00
7.108433734939758324e+02 5.474798687402285813e-01 -2.329653114009491901e+02 -1.816645514781990275e+07 0.000000000000000000e+00
7.148594377510040658e+02 6.113107100186450094e-01 -9.910835897094686970e+02 -1.735585055066255853e+07 0.000000000000000000e+00
7.188755020080320719e+02 6.433620308572519653e-01 -1.293619738441144818e+03 -1.765919114541881159e+07 0.000000000000000000e+00
7.228915662650601917e+02 5.748839107486606315e-01 -7.302130372455774250e+02 -1.850949918722993508e+07 0.000000000000000000e+00
7.269076305220884251e+02 4.631241445095753972e-01 -9.220415630499616100e+00 -1.794472255791327357e+07 0.000000000000000000e+00
7.309236947791164312e+02 4.041410053040211947e-01 2.956628509311481139e+02 -1.688710084119469300e+07 0.000000000000000000e+00
7.349397590361446646e+02 4.091495740893125732e-01 3.207278553239166854e+02 -1.682438917890847474e+07 0.000000000000000000e+00
7.389558232931726707e+02 4.607329708729160367e-01 1.242330891157128860e+02 -1.758428218030816689e+07 0.000000000000000000e+00
7.429718875502007904e+02 5.241553441655411039e-01 -1.417825018382532676e+02 -1.789795874072709680e+07 0.000000000000000000e+00
7.469879518072289102e+02 5.677173470846694769e-01 -4.478360719724158230e+02 -1.774118639292175323e+07 0.000000000000000000e+00
7.510040160642570299e+02 5.566706379600757648e-01 -4.886013485839770851e+02 -1.820587190423781425e+07 0.000000000000000000e+00
7.550200803212850360e+02 4.953266110270396760e-01 -2.826055020193970790e+02 -1.851225961912672594e+07 0.000000000000000000e+00
7.590361445783132694e+02 4.466418638278762399e-01 -1.465090415997662490e+02 -1.821786420443325862e+07 0.000000000000000000e+00
7.630522088353413892e+02 4.225763437481072637e-01 -1.444267150739959789e+02 -1.718400847256203368e+07 0.000000000000000000e+00
7.670682730923695090e+02 4.106860561389313879e-01 -1.476775454092455959e+02 -1.602257796007399261e+07 0.000000000000000000e+00
7.710843373493976287e+02 4.106879705946072656e-01 -1.118502332238880683e+02 -1.574315098321113735e+07 0.000000000000000000e+00
7.751004016064256348e+02 4.307557379699669120e-01 -5.950693066263128372e+01 -1.646402998583646677e+07 0.000000000000000000e+00
7.791164658634538682e+02 4.691346886154637574e-01 5.123433445940635522e+01 -1.769272481102485955e+07 0.000000000000000000e+00
7.831325301204818743e+02 4.978228663053398395e-01 2.041932565681544531e+02 -1.819929220611700788e+07 0.000000000000000000e+00
7.871485943775101077e+02 4.921338116681229780e-01 2.538008938558988916e+02 -1.776732434636595473e+07 0.000000000000000000e+00
7.911646586345381138e+02 4.572744732684325131e-01 1.871004336691948424e+02 -1.690649066363868490e+07 0.000000000000000000e+00
7.951807228915662336e+02 4.247898086675017670e-01 4.464033640509828160e+01 -1.619256983717633598e+07 0.000000000000000000e+00
7.991967871485943533e+02 3.996982805798928728e-01 -3.320540442095592937e+01 -1.572902334153467976e+07 0.000000000000000000e+00
8.032128514056224731e+02 3.848050560482968452e-01 -7.855069959791913448e+01 -1.555718114409602620e+07 0.000000000000000000e+00
8.072289156626505928e+02 3.785721593859899814e-01 -9.377728707233838179e+01 -1.555882759254594520e+07 0.000000000000000000e+00
8.112449799196787126e+02 3.902679169522859093e-01 -1.235481664972835176e+02 -1.584152349489638209e+07 0.000000000000000000e+00
8.152610441767068323e+02 4.141815699040082288e-01 -5.107386515227958768e+01 -1.631003677958815359e+07 0.000000000000000000e+00
8.192771084337349521e+02 4.509883950753006410e-01 1.786718086441927085e+02 -1.703437610118447244e+07 0.000000000000000000e+00
8.232931726907630718e+02 4.881179338591140060e-01 4.195823618883688368e+02 -1.760409902214583382e+07 0.000000000000000000e+00
8.273092369477910779e+02 4.938931767645028392e-01 4.469230056140022498e+02 -1.742234062364130467e+07 0.000000000000000000e+00
8.313253012048193114e+02 4.605284246358899991e-01 1.646011194897907330e+02 -1.675808613553053513e+07 0.000000000000000000e+00
8.353413654618473174e+02 4.223366346199178278e-01 -1.290977653257904194e+02 -1.617139771014938317e+07 0.000000000000000000e+00
8.393574297188755509e+02 4.163085994722224292e-01 -4.359028917077340566e+02 -1.581127046062276512e+07 0.000000000000000000e+00
8.433734939759036706e+02 4.321556929832511829e-01 -7.239856373546368786e+02 -1.553607630946065485e+07 0.000000000000000000e+00
8.473895582329316767e+02 4.543709208150336631e-01 -9.543958823206442048e+02 -1.543760957780157030e+07 0.000000000000000000e+00
8.514056224899599101e+02 4.646822331733464484e-01 -1.016285131247370941e+03 -1.562664723636217415e+07 0.000000000000000000e+00
8.554216867469879162e+02 4.602225026128625718e-01 -9.747023503109786589e+02 -1.567653630631324463e+07 0.000000000000000000e+00
8.594377510040160359e+02 4.469829723518730646e-01 -8.924622118751190101e+02 -1.523547245780078880e+07 0.000000000000000000e+00
8.634538152610441557e+02 4.392998278953432756e-01 -8.236015797729641008e+02 -1.483617464275537618e+07 0.000000000000000000e+00
8.674698795180722755e+02 4.629811032046028396e-01 -7.524601362896304408e+02 -1.520287454747969843e+07 0.000000000000000000e+00
8.714859437751003952e+02 5.198276781496876664e-01 -5.415843804933223282e+02 -1.657270492811656371e+07 0.000000000000000000e+00
8.755020080321285150e+02 5.975353149303210820e-01 -1.801315560889323990e+02 -1.819385161242094636e+07 0.000000000000000000e+00
8.795180722891565210e+02 6.397327491816190426e-01 -8.457034154648248148e+00 -1.896130877862166986e+07 0.000000000000000000e+00
8.835341365461847545e+02 6.192085921325535258e-01 -3.620730451369341836e+02 -1.876046402833475173e+07 0.000000000000000000e+00
8.875502008032128742e+02 5.564307791576290629e-01 -6.510283730399697788e+02 -1.827386244835949317e+07 0.000000000000000000e+00
8.915662650602409940e+02 5.001717116039905431e-01 -7.551509540744187916e+02 -1.762640253530632704e+07 0.000000000000000000e+00
8.955823293172691137e+02 4.715190667588283202e-01 -8.234897760169533285e+02 -1.719575336130866408e+07 0.000000000000000000e+00
8.995983935742971198e+02 4.688303831721428172e-01 -9.126476646987689492e+02 -1.723717977258894965e+07 0.000000000000000000e+00
9.036144578313253533e+02 4.831503062125451220e-01 -1.026452346418585421e+03 -1.748093185227867216e+07 0.000000000000000000e+00
9.076305220883533593e+02 4.877973354045027632e-01 -1.025930531444153303e+03 -1.760863970067251846e+07 0.000000000000000000e+00
9.116465863453815928e+02 4.728388650829949413e-01 -8.798000700559597362e+02 -1.754224264382030815e+07 0.000000000000000000e+00
9.156626506024095988e+02 4.402269304389201943e-01 -6.866683158760149581e+02 -1.692991293576591462e+07 0.000000000000000000e+00
9.196787148594377186e+02 4.239513009835380597e-01 -6.363454341614857412e+02 -1.617108579702201299e+07 0.000000000000000000e+00
9.236947791164659520e+02 4.293667862050996598e-01 -7.102575947146627868e+02 -1.587715676224040054e+07 0.000000000000000000e+00
9.277108433734939581e+02 4.534825683395591889e-01 -7.673188577570284679e+02 -1.587613766379879601e+07 0.000000000000000000e+00
9.317269076305220779e+02 4.724874606530623522e-01 -7.049015335310134560e+02 -1.612378362456669100e+07 0.000000000000000000e+00
9.357429718875501976e+02 4.901152114182741881e-01 -4.550135030256419100e+02 -1.614374463885023817e+07 0.000000000000000000e+00
9.397590361445783174e+02 5.190476290231974543e-01 -1.257774443012756791e+02 -1.572369218525997549e+07 0.000000000000000000e+00
9.437751004016064371e+02 5.678568301900069892e-01 1.887091566620261176e+02 -1.504674865719956905e+07 0.000000000000000000e+00
9.477911646586345569e+02 6.094151024497402869e-01 2.609529752755270806e+02 -1.390458454510349780e+07 0.000000000000000000e+00
9.518072289156625629e+02 5.783743447154824358e-01 1.000468711820557672e+02 -1.317584446618653275e+07 0.000000000000000000e+00
9.558232931726907964e+02 5.214094308152028567e-01 -1.417298500942992519e+02 -1.308857472319003567e+07 0.000000000000000000e+00
9.598393574297188025e+02 4.802788514673355103e-01 -3.154055835497568410e+02 -1.293121018398544006e+07 0.000000000000000000e+00
9.638554216867470359e+02 4.588499719037642532e-01 -4.261728065686133391e+02 -1.263017717934054509e+07 0.000000000000000000e+00
9.678714859437751556e+02 4.351666749461906569e-01 -4.686484180956539376e+02 -1.172437880009512603e+07 0.000000000000000000e+00
9.718875502008031617e+02 4.122103502371332606e-01 -4.206077100033456304e+02 -9.426706683013666421e+06 0.000000000000000000e+00
9.759036144578313952e+02 3.889811362367677217e-01 -3.723183880328964506e+02 -6.191758195498341694e+06 0.000000000000000000e+00
9.799196787148594012e+02 3.809491367911757020e-01 -3.329891751318358502e+02 -3.431734826664697845e+06 0.000000000000000000e+00
9.839357429718875210e+02 3.909308426944281267e-01 -2.294941871367270494e+02 -1.461064893104570685e+06 0.000000000000000000e+00
9.879518072289156407e+02 3.706257171656566762e-01 -3.148902613185443329e+02 -9.135834576533517102e+05 0.000000000000000000e+00
9.919678714859437605e+02 3.702761484632102751e-01 -3.092600733784758518e+02 -3.371896286851949990e+05 0.000000000000000000e+00
9.959839357429718802e+02 3.702761484632102751e-01 -3.092600733784758518e+02 2.500000000000000000e+05 0.000000000000000000e+00
1.000000000000000000e+03 3.706257171656566762e-01 -3.148902613185443329e+02 2.500000000000000000e+05 0.000000000000000000e+00
