# 0.8877024861496038
0.000000000000000000e+00 1.510856310450229500e+00 -9.107420881350532227e+02 2.500000000000000000e+05 7.950232102032648982e+03
4.016064257028111761e+00 1.814528180820105252e+00 1.490166034337534029e+02 2.500000000000000000e+05 0.000000000000000000e+00
8.032128514056223523e+00 1.814528180820105252e+00 -1.490166034337534029e+02 -1.051222977358001843e+07 0.000000000000000000e+00
1.204819277108433795e+01 1.510856310450229500e+00 9.107420881350532227e+02 -4.738750549029968679e+07 0.000000000000000000e+00
1.606425702811244705e+01 1.159968445783373436e+00 2.283026114788469386e+03 -5.100039365279938281e+07 0.000000000000000000e+00
2.008032128514056325e+01 1.060612508852932345e+00 1.849912013980954043e+03 -4.958306205041820556e+07 0.000000000000000000e+00
2.409638554216867590e+01 9.096139690797193644e-01 9.782761088851204931e+02 -3.957718824528066069e+07 0.000000000000000000e+00
2.811244979919678499e+01 7.360872058912609761e-01 3.432690847849648890e+02 -3.168994266842466220e+07 0.000000000000000000e+00
3.212851405622489409e+01 6.379131271911088197e-01 2.152545517554537469e+02 -2.910395821092775464e+07 0.000000000000000000e+00
3.614457831325301385e+01 5.953844262057675918e-01 1.400378280992834732e+02 -2.804627612413695827e+07 0.000000000000000000e+00
4.016064257028112650e+01 5.403796617375067335e-01 2.868925484249913325e+02 -2.578743765480404347e+07 0.000000000000000000e+00
4.417670682730923915e+01 5.335405086298414812e-01 2.998433283900849347e+02 -2.398214005228078738e+07 0.000000000000000000e+00
4.819277108433735179e+01 6.094585828978524855e-01 2.947350107639724115e+02 -2.318754453056023642e+07 0.000000000000000000e+00
5.220883534136545734e+01 7.803582283662219288e-01 -4.755680866918466450e+02 -2.300832629144704342e+07 0.000000000000000000e+00
5.622489959839356999e+01 1.082825595601037083e+00 -2.069354512942341444e+03 -2.563203050845196098e+07 0.000000000000000000e+00
6.024096385542168974e+01 1.191591766601054259e+00 -2.734534463221514216e+03 -3.771486770071305335e+07 0.000000000000000000e+00
6.425702811244978818e+01 1.119311924713847217e+00 -1.176591187887770047e+03 -4.371875819408995658e+07 0.000000000000000000e+00
6.827309236947790794e+01 9.282826702483185644e-01 -6.559853640191676050e+01 -4.261176092211385071e+07 0.000000000000000000e+00
7.228915662650602769e+01 7.198189755411749102e-01 4.630365406301951907e+02 -2.899422444537684694e+07 0.000000000000000000e+00
7.630522088353414745e+01 7.339164777141238272e-01 6.419969115465528375e+02 -2.358221227335078269e+07 0.000000000000000000e+00
8.032128514056225299e+01 7.160041858979809826e-01 1.341172029345208784e+03 -2.313484163417010009e+07 0.000000000000000000e+00
8.433734939759035854e+01 7.372401056067704461e-01 2.002223576149809332e+03 -2.408148294268870354e+07 0.000000000000000000e+00
8.835341365461847829e+01 7.909100036460767758e-01 2.720031957142968622e+03 -2.810428402536955848e+07 0.000000000000000000e+00
9.236947791164658383e+01 8.971160044529148392e-01 3.727363322929260903e+03 -3.429302853754309565e+07 0.000000000000000000e+00
9.638554216867470359e+01 9.842219625747079537e-01 4.198640798732431904e+03 -4.015634805359432846e+07 0.000000000000000000e+00
1.004016064257028091e+02 1.450856917151563508e+00 7.595584784465512712e+03 -3.456885087986949086e+07 0.000000000000000000e+00
1.044176706827309147e+02 1.488210526093341146e+00 5.443222010820680225e+03 -1.320928382464077324e+06 0.000000000000000000e+00
1.084337349397590344e+02 1.634125712714403766e+00 -9.717376907884640787e+02 -4.684326277751730382e+07 0.000000000000000000e+00
1.124497991967871400e+02 1.077900474939449627e+00 -1.037982007061236118e+03 -5.562716547621631622e+07 0.000000000000000000e+00
1.164658634538152597e+02 6.452911231238986911e-01 1.184480522752632226e+02 -2.881492683922246844e+07 0.000000000000000000e+00
1.204819277108433795e+02 6.473241955684491122e-01 3.905968791567919993e+02 -2.207563226066359133e+07 0.000000000000000000e+00
1.244979919678714850e+02 5.755333529921240476e-01 1.279852677719577059e+03 -1.961655856894800812e+07 0.000000000000000000e+00
1.285140562248995764e+02 5.644832759102070829e-01 1.809568949912234530e+03 -2.015917046907964721e+07 0.000000000000000000e+00
1.325301204819277245e+02 5.999425490232707103e-01 2.410831307285575804e+03 -2.528351314995716140e+07 0.000000000000000000e+00
1.365461847389558159e+02 8.560029677908713719e-01 4.546947488773942496e+03 -3.406029250322239846e+07 0.000000000000000000e+00
1.405622489959839356e+02 1.086507641718643447e+00 6.700667232156181853e+03 -3.307468257412465289e+07 0.000000000000000000e+00
1.445783132530120554e+02 8.038189236305910423e-01 4.659031973812645447e+03 -2.248773502968198434e+07 0.000000000000000000e+00
1.485943775100401467e+02 4.524587905325623272e-01 1.247683032881398276e+03 -2.223577860208562762e+07 0.000000000000000000e+00
1.526104417670682949e+02 3.880653107226586518e-01 5.206461839083135601e+02 -2.324815483831472322e+07 0.000000000000000000e+00
1.566265060240963862e+02 3.785055314470219812e-01 4.226495676389920959e+02 -2.290420701715328917e+07 0.000000000000000000e+00
1.606425702811245060e+02 3.751274501709752074e-01 4.109934978191652704e+02 -2.239710419692864269e+07 0.000000000000000000e+00
1.646586345381525973e+02 3.755638557916259890e-01 3.974392913141942927e+02 -2.230658972889148816e+07 0.000000000000000000e+00
1.686746987951807171e+02 3.829412134755040276e-01 3.726513706766937730e+02 -2.263872111252750456e+07 0.000000000000000000e+00
1.726907630522088368e+02 4.097538967242283503e-01 2.492781292302848897e+02 -2.355732072976521775e+07 0.000000000000000000e+00
1.767068273092369566e+02 5.117507695166194637e-01 -4.898978097816615218e+02 -2.457689729295581579e+07 0.000000000000000000e+00
1.807228915662650479e+02 8.276417261113265811e-01 -2.905839092059372433e+03 -2.513694555900899693e+07 0.000000000000000000e+00
1.847389558232931677e+02 9.457643885942310646e-01 -3.307027992395092497e+03 -2.793133058088869974e+07 0.000000000000000000e+00
1.887550200803212590e+02 6.693433097708963997e-01 -1.115830840337020163e+03 -2.742604510993064940e+07 0.000000000000000000e+00
1.927710843373494072e+02 4.333541041714018549e-01 1.638565315306689172e+02 -2.318882975900083408e+07 0.000000000000000000e+00
1.967871485943775269e+02 3.583791145813160495e-01 4.080530617248293765e+02 -2.038326512164811045e+07 0.000000000000000000e+00
2.008032128514056183e+02 3.392070234188162003e-01 4.712290550095426056e+02 -1.960522548988955468e+07 0.000000000000000000e+00
2.048192771084337380e+02 3.323602145589275580e-01 4.918512679193715940e+02 -1.912980870692887157e+07 0.000000000000000000e+00
2.088353413654618294e+02 3.279277639781003062e-01 5.205372128458631096e+02 -1.846177974590820819e+07 0.000000000000000000e+00
2.128514056224899775e+02 3.252335484280109990e-01 5.716358128541090764e+02 -1.803287801379374787e+07 0.000000000000000000e+00
2.168674698795180689e+02 3.310041657690855343e-01 5.739007189215707285e+02 -1.835564433749578893e+07 0.000000000000000000e+00
2.208835341365461886e+02 3.337269006751457656e-01 5.443973239419198080e+02 -1.852784164967607334e+07 0.000000000000000000e+00
2.248995983935742800e+02 3.343712295851350436e-01 5.073831539282767835e+02 -1.862275660421913117e+07 0.000000000000000000e+00
2.289156626506023997e+02 3.362191621613840331e-01 4.920195819098802872e+02 -1.883978004483108968e+07 0.000000000000000000e+00
2.329317269076305195e+02 3.373426696387743506e-01 4.797360238124701368e+02 -1.887047933509413898e+07 0.000000000000000000e+00
2.369477911646586392e+02 3.427474645587962887e-01 4.439361293991066191e+02 -1.895355176237645000e+07 0.000000000000000000e+00
2.409638554216867590e+02 3.621268317321204577e-01 3.345934216313355591e+02 -1.951111829076245800e+07 0.000000000000000000e+00
2.449799196787148503e+02 4.411527975650142430e-01 -2.036737426935719100e+02 -2.066922341427833214e+07 0.000000000000000000e+00
2.489959839357429701e+02 7.043470858932832090e-01 -2.185737686545548058e+03 -2.132856986350296810e+07 0.000000000000000000e+00
2.530120481927710614e+02 8.706451409597917301e-01 -3.042432152260204475e+03 -2.316854191602760553e+07 0.000000000000000000e+00
2.570281124497991527e+02 6.654559392227165082e-01 -1.201554971444369130e+03 -2.396760158420047164e+07 0.000000000000000000e+00
2.610441767068273293e+02 4.454584106355932160e-01 9.200025997213714390e+01 -2.157639027682084218e+07 0.000000000000000000e+00
2.650602409638554491e+02 3.865220547922149086e-01 2.742953420058530583e+02 -2.010903714426864311e+07 0.000000000000000000e+00
2.690763052208835688e+02 4.670422035322042142e-01 -3.367802113305074840e+02 -2.098192401227104664e+07 0.000000000000000000e+00
2.730923694779116317e+02 7.231813161931116563e-01 -1.980155710504484887e+03 -2.246162432049280405e+07 0.000000000000000000e+00
2.771084337349397515e+02 7.742081102808016091e-01 -1.992394725745118421e+03 -2.398104023038675264e+07 0.000000000000000000e+00
2.811244979919678713e+02 5.521514923549734055e-01 -4.179503011934638721e+02 -2.298130028504003584e+07 0.000000000000000000e+00
2.851405622489959910e+02 3.862287587530824906e-01 3.506850724029839625e+02 -1.959910376310516149e+07 0.000000000000000000e+00
2.891566265060241108e+02 3.292263477556360285e-01 5.086557155532522074e+02 -1.751041102070448175e+07 0.000000000000000000e+00
2.931726907630521737e+02 3.213501851688997935e-01 5.489120275793317205e+02 -1.746213799811057746e+07 0.000000000000000000e+00
2.971887550200802934e+02 3.387281495557118993e-01 5.502262478544536179e+02 -1.804801019412063807e+07 0.000000000000000000e+00
3.012048192771084700e+02 3.422695825969702121e-01 5.942054498782744076e+02 -1.780629709650604427e+07 0.000000000000000000e+00
3.052208835341365898e+02 3.399933999987215794e-01 6.085360932284443152e+02 -1.741795823095046356e+07 0.000000000000000000e+00
3.092369477911646527e+02 3.372004817339404603e-01 5.740347444478317129e+02 -1.748120312171281129e+07 0.000000000000000000e+00
3.132530120481927725e+02 3.329650573902749877e-01 5.306435294999673715e+02 -1.745259707387051359e+07 0.000000000000000000e+00
3.172690763052208922e+02 3.458363801568107299e-01 4.302137811770020903e+02 -1.792836715984926000e+07 0.000000000000000000e+00
3.212851405622490120e+02 4.190136264440161296e-01 -9.406322752252032160e+01 -1.883353231240714341e+07 0.000000000000000000e+00
3.253012048192770749e+02 6.817848104011376975e-01 -1.964415473820447005e+03 -1.895686171956276894e+07 0.000000000000000000e+00
3.293172690763051946e+02 8.409945188174120512e-01 -2.737281095538163299e+03 -2.031837765780448169e+07 0.000000000000000000e+00
3.333333333333333144e+02 6.229130398314854933e-01 -9.115879410594736783e+02 -2.139761564908192307e+07 0.000000000000000000e+00
3.373493975903614341e+02 4.083792037201978142e-01 2.660290436236685423e+02 -1.913798516143384203e+07 0.000000000000000000e+00
3.413654618473896107e+02 3.352965420414557030e-01 5.188205306244575468e+02 -1.715577675847186521e+07 0.000000000000000000e+00
3.453815261044176737e+02 3.226295472846496537e-01 5.338868154342067101e+02 -1.678370045061554760e+07 0.000000000000000000e+00
3.493975903614457934e+02 3.431417957525091378e-01 4.998726481976527225e+02 -1.770585150395645946e+07 0.000000000000000000e+00
3.534136546184739132e+02 3.998191662573700178e-01 2.699821564931168041e+02 -1.909605186494280770e+07 0.000000000000000000e+00
3.574297188755020329e+02 5.572724830083204406e-01 -7.281531268231492504e+02 -2.015872744457306713e+07 0.000000000000000000e+00
3.614457831325300958e+02 7.662650356962074083e-01 -2.029526449207020505e+03 -2.215272744060982019e+07 0.000000000000000000e+00
3.654618473895582156e+02 6.779631431237281847e-01 -1.267457833383927664e+03 -2.301338863857197762e+07 0.000000000000000000e+00
3.694779116465863353e+02 5.254379213331277221e-01 -3.573997882509933106e+02 -2.209914805889471993e+07 0.000000000000000000e+00
3.734939759036144551e+02 5.462462597860487934e-01 -6.791062882183038028e+02 -2.149272099759769440e+07 0.000000000000000000e+00
3.775100401606425180e+02 6.841073854120502951e-01 -1.500177828652601420e+03 -2.227872193942779303e+07 0.000000000000000000e+00
3.815261044176706946e+02 6.767702484346493907e-01 -1.158254703221309910e+03 -2.295753043196728081e+07 0.000000000000000000e+00
3.855421686746988144e+02 5.129866203088813137e-01 -4.371121832481833280e+01 -2.135572123157319799e+07 0.000000000000000000e+00
3.895582329317269341e+02 3.916533533998453609e-01 5.105385865615297121e+02 -1.885541734254202247e+07 0.000000000000000000e+00
3.935742971887550539e+02 3.750420045250468792e-01 4.670231417708503159e+02 -1.845971755798280984e+07 0.000000000000000000e+00
3.975903614457831168e+02 4.745338422511276022e-01 -1.193432871104815263e+02 -2.024858638774978369e+07 0.000000000000000000e+00
4.016064257028112365e+02 7.489710326679914765e-01 -1.656926800488076879e+03 -2.280475069261470437e+07 0.000000000000000000e+00
4.056224899598393563e+02 8.237860778333105927e-01 -1.874389778794310359e+03 -2.550043386448122934e+07 0.000000000000000000e+00
4.096385542168674760e+02 6.139488009151152781e-01 -3.964391703076883573e+02 -2.486466886737189814e+07 0.000000000000000000e+00
4.136546184738955390e+02 4.629656253451016057e-01 3.127975638146528468e+02 -2.243886259822758287e+07 0.000000000000000000e+00
4.176706827309236587e+02 4.257754701632817107e-01 4.069875301321897041e+02 -2.142474383081841841e+07 0.000000000000000000e+00
4.216867469879518353e+02 4.339958953727957591e-01 4.113297332636593637e+02 -2.169688556764105335e+07 0.000000000000000000e+00
4.257028112449799551e+02 4.334278048271461015e-01 4.794545816454221949e+02 -2.151418079807006195e+07 0.000000000000000000e+00
4.297188755020080180e+02 4.159609570200499817e-01 5.936328897735558030e+02 -2.077298633970499784e+07 0.000000000000000000e+00
4.337349397590361377e+02 3.942867366000820661e-01 6.739261831322775151e+02 -1.993666167637282237e+07 0.000000000000000000e+00
4.377510040160642575e+02 3.767162288255266334e-01 7.040693936113314066e+02 -1.929835224705160782e+07 0.000000000000000000e+00
4.417670682730923772e+02 3.671911045005349372e-01 7.052976281922464068e+02 -1.901790719200458750e+07 0.000000000000000000e+00
4.457831325301204970e+02 3.732576966552527686e-01 6.555791578503740311e+02 -1.936436759011207521e+07 0.000000000000000000e+00
4.497991967871485599e+02 4.135432063393459368e-01 4.342507170853826892e+02 -2.064759833707472682e+07 0.000000000000000000e+00
4.538152610441766797e+02 5.475462202661861566e-01 -3.889478423668946903e+02 -2.277534710417087376e+07 0.000000000000000000e+00
4.578313253012047994e+02 7.516671767490170630e-01 -1.528909884739513927e+03 -2.467581769170609489e+07 0.000000000000000000e+00
4.618473895582329760e+02 6.853008990351988627e-01 -9.252669955154938179e+02 -2.404514208258195594e+07 0.000000000000000000e+00
4.658634538152610389e+02 4.648055047014548746e-01 2.766779923335644753e+02 -2.072636681114333495e+07 0.000000000000000000e+00
4.698795180722891587e+02 3.591889985524643336e-01 6.343066281567821534e+02 -1.793796011284866557e+07 0.000000000000000000e+00
4.738955823293172784e+02 3.350432122116545064e-01 6.874403717103525651e+02 -1.729259783593872190e+07 0.000000000000000000e+00
4.779116465863453982e+02 3.401972960459889728e-01 6.916302203679531431e+02 -1.751783851684032381e+07 0.000000000000000000e+00
4.819277108433735179e+02 3.445895313777406210e-01 7.029519880238480027e+02 -1.755066684586979076e+07 0.000000000000000000e+00
4.859437751004015809e+02 3.486334787720239969e-01 7.023019644071359835e+02 -1.756427394217864797e+07 0.000000000000000000e+00
4.899598393574297006e+02 3.580068782645035586e-01 6.532771672009255326e+02 -1.785900608616209403e+07 0.000000000000000000e+00
4.939759036144578204e+02 3.752550870910882908e-01 5.231499170404337065e+02 -1.849939435071458668e+07 0.000000000000000000e+00
4.979919678714859401e+02 4.144812743327779270e-01 2.813928945702731426e+02 -1.980495581225915998e+07 0.000000000000000000e+00
5.020080321285140599e+02 4.921053296097387397e-01 -1.539175354360824031e+02 -2.172205516614933312e+07 0.000000000000000000e+00
5.060240963855421228e+02 6.129623691011404363e-01 -8.764782642322749098e+02 -2.354382652498709038e+07 0.000000000000000000e+00
5.100401606425702994e+02 7.306140002179164483e-01 -1.616092082821316353e+03 -2.415635759175058454e+07 0.000000000000000000e+00
5.140562248995983055e+02 7.611363347414565883e-01 -1.666075531729586146e+03 -2.445753205890632048e+07 0.000000000000000000e+00
5.180722891566265389e+02 7.016525809113243195e-01 -1.051626138121946269e+03 -2.466457340088551119e+07 0.000000000000000000e+00
5.220883534136546587e+02 5.751707229155210710e-01 -2.011166763784632678e+02 -2.357005028825924173e+07 0.000000000000000000e+00
5.261044176706827784e+02 4.777759074853197840e-01 2.781233032299613797e+02 -2.175488300165272132e+07 0.000000000000000000e+00
5.301204819277108982e+02 4.545939294115061147e-01 3.317579568199215032e+02 -2.124722323396715894e+07 0.000000000000000000e+00
5.341365461847389042e+02 4.980674396381166713e-01 8.002414249610163210e+01 -2.215861928957220539e+07 0.000000000000000000e+00
5.381526104417671377e+02 5.831171976979973026e-01 -3.669917807125486320e+02 -2.343691073372619599e+07 0.000000000000000000e+00
5.421686746987951437e+02 6.580359280714589421e-01 -8.504467824435598686e+02 -2.444724630291867629e+07 0.000000000000000000e+00
5.461847389558232635e+02 7.050478885508153493e-01 -1.255676511144996311e+03 -2.463424274468332902e+07 0.000000000000000000e+00
5.502008032128513833e+02 7.428036530275889948e-01 -1.461865767115418748e+03 -2.453616189777358621e+07 0.000000000000000000e+00
5.542168674698795030e+02 7.122098474738705054e-01 -1.109674309192455212e+03 -2.454228738365548477e+07 0.000000000000000000e+00
5.582329317269076228e+02 5.741455411266068731e-01 -1.820179804164305892e+02 -2.314729900098364428e+07 0.000000000000000000e+00
5.622489959839357425e+02 4.400869520884294062e-01 4.606661561150554007e+02 -2.056022899688223377e+07 0.000000000000000000e+00
5.662650602409638623e+02 3.826211397290181782e-01 6.563578028128046071e+02 -1.899056856704044715e+07 0.000000000000000000e+00
5.702811244979919820e+02 3.696520733673871462e-01 6.854213304935714177e+02 -1.874632890979993716e+07 0.000000000000000000e+00
5.742971887550201018e+02 3.953686068756054883e-01 5.990691115642346176e+02 -1.967209803458938003e+07 0.000000000000000000e+00
5.783132530120482215e+02 4.718155628448171823e-01 2.761439015997955835e+02 -2.160107773465883359e+07 0.000000000000000000e+00
5.823293172690763413e+02 6.406310728342893279e-01 -6.989783268110170411e+02 -2.455172379728028551e+07 0.000000000000000000e+00
5.863453815261043474e+02 7.680914971961343429e-01 -1.367976047448889631e+03 -2.698081187242003903e+07 0.000000000000000000e+00
5.903614457831325808e+02 6.796374743750164260e-01 -6.887543989495634378e+02 -2.620297825816199929e+07 0.000000000000000000e+00
5.943775100401605869e+02 5.511007370489325874e-01 5.397033884514519286e+01 -2.394882902818975225e+07 0.000000000000000000e+00
5.983935742971887066e+02 4.945705696042017596e-01 3.063444836266650100e+02 -2.237099213073598966e+07 0.000000000000000000e+00
6.024096385542169401e+02 4.819562078060449783e-01 3.568245120295525226e+02 -2.175216769657475501e+07 0.000000000000000000e+00
6.064257028112449461e+02 4.834949053072947756e-01 3.465744674347920977e+02 -2.149195469211928919e+07 0.000000000000000000e+00
6.104417670682731796e+02 5.206081803596820379e-01 1.030225175069161878e+02 -2.164559637260644883e+07 0.000000000000000000e+00
6.144578313253011856e+02 6.354941122371271511e-01 -6.398912209789295957e+02 -2.188185744188331440e+07 0.000000000000000000e+00
6.184738955823293054e+02 7.194461810927109680e-01 -1.136782573833914739e+03 -2.184229084003554657e+07 0.000000000000000000e+00
6.224899598393574252e+02 6.153580829731477575e-01 -4.895939900328551175e+02 -2.108960531909542531e+07 0.000000000000000000e+00
6.265060240963855449e+02 4.698397330096535929e-01 2.150130834036876877e+02 -1.921471612932838500e+07 0.000000000000000000e+00
6.305220883534136647e+02 4.092589412557020023e-01 3.924773261445083108e+02 -1.778215811144250631e+07 0.000000000000000000e+00
6.345381526104417844e+02 4.117760034366343969e-01 3.066661277001422263e+02 -1.763628027047684789e+07 0.000000000000000000e+00
6.385542168674697905e+02 4.591746500700785716e-01 5.690291493643647414e+01 -1.818361291851970553e+07 0.000000000000000000e+00
6.425702811244980239e+02 5.423213424313543252e-01 -3.767536864625965904e+02 -1.878107634005414695e+07 0.000000000000000000e+00
6.465863453815261437e+02 6.079620491660453485e-01 -6.962582751839120192e+02 -1.909452254912741855e+07 0.000000000000000000e+00
6.506024096385541498e+02 5.853828443625462841e-01 -4.998744616591581007e+02 -1.886938741102208197e+07 0.000000000000000000e+00
6.546184738955823832e+02 5.134209509524767512e-01 -7.604937478336773893e+01 -1.807273033786151558e+07 0.000000000000000000e+00
6.586345381526103893e+02 4.640414927540821854e-01 1.750836859361782842e+02 -1.737862046439913660e+07 0.000000000000000000e+00
6.626506024096386227e+02 4.583415416984172874e-01 1.876982098955946867e+02 -1.728888888874487951e+07 0.000000000000000000e+00
6.666666666666666288e+02 5.004835865121698424e-01 -8.090635965840533572e+00 -1.768689069617090747e+07 0.000000000000000000e+00
6.706827309236947485e+02 5.763735398216934813e-01 -3.896305744772905655e+02 -1.809896814841054752e+07 0.000000000000000000e+00
6.746987951807228683e+02 6.218045797636776451e-01 -5.608813218985969797e+02 -1.843472264969653264e+07 0.000000000000000000e+00
6.787148594377509880e+02 5.859085091452111982e-01 -2.680895425220671200e+02 -1.842355630322860181e+07 0.000000000000000000e+00
6.827309236947792215e+02 5.288522482926439894e-01 6.244153977424680591e+01 -1.813377416107642651e+07 0.000000000000000000e+00
6.867469879518072275e+02 5.190233161309275589e-01 1.252255315949535657e+02 -1.815992469544342160e+07 0.000000000000000000e+00
6.907630522088353473e+02 5.423670336609508480e-01 3.749322652218079099e+01 -1.849055744241418317e+07 0.000000000000000000e+00
6.947791164658634671e+02 5.428420170568120096e-01 6.504327673607608062e+01 -1.856667980066267401e+07 0.000000000000000000e+00
6.987951807228915868e+02 5.120259412620030703e-01 2.049406853203281571e+02 -1.827701817604535446e+07 0.000000000000000000e+00
7.028112449799195929e+02 5.003039118907481875e-01 1.625878825678812518e+02 -1.811494577836909145e+07 0.000000000000000000e+00
7.068273092369478263e+02 5.399269641032311551e-01 -1.392669993559969157e+02 -1.840783740832662955e+07 0.000000000000000000e+00
7.108433734939758324e+02 5.956434581383006632e-01 -4.090910091544944294e+02 -1.913177053440152109e+07 0.000000000000000000e+00
7.148594377510040658e+02 5.719302114887335753e-01 -1.836907043626176232e+02 -1.924644131505952403e+07 0.000000000000000000e+00
7.188755020080320719e+02 4.793210625143033976e-01 2.868361319105649727e+02 -1.814014716367328167e+07 0.000000000000000000e+00
7.228915662650601917e+02 4.177651629047893778e-01 5.212708087380001416e+02 -1.707542390415554121e+07 0.000000000000000000e+00
7.269076305220884251e+02 4.144241113001526644e-01 5.442510357488001773e+02 -1.720629850037433207e+07 0.000000000000000000e+00
7.309236947791164312e+02 4.562427659619601727e-01 3.855922017089650922e+02 -1.818684073880571499e+07 0.000000000000000000e+00
7.349397590361446646e+02 5.290539189889194027e-01 1.082953074053120872e+02 -1.926365071654396504e+07 0.000000000000000000e+00
7.389558232931726707e+02 5.835853955274666882e-01 -1.929433002358787235e+02 -1.954719729909277707e+07 0.000000000000000000e+00
7.429718875502007904e+02 5.590680612045828557e-01 -5.791489084627123418e+01 -1.900177852709740773e+07 0.000000000000000000e+00
7.469879518072289102e+02 4.908893470472568410e-01 2.762915498193008261e+02 -1.810353143585927784e+07 0.000000000000000000e+00
7.510040160642570299e+02 4.636106693059785511e-01 3.817240656659465117e+02 -1.763861791524511948e+07 0.000000000000000000e+00
7.550200803212850360e+02 4.964542003240235424e-01 1.775432673751552102e+02 -1.801725488173286244e+07 0.000000000000000000e+00
7.590361445783132694e+02 5.672214876045837961e-01 -1.747085260607717601e+02 -1.895271302019880712e+07 0.000000000000000000e+00
7.630522088353413892e+02 6.070251574439803344e-01 -2.447888957354644219e+02 -1.933731218641762435e+07 0.000000000000000000e+00
7.670682730923695090e+02 5.567833054164244011e-01 1.281479861293054228e+02 -1.838308711788976192e+07 0.000000000000000000e+00
7.710843373493976287e+02 4.891996960794042781e-01 4.437913505672539713e+02 -1.755860097602225840e+07 0.000000000000000000e+00
7.751004016064256348e+02 4.782896054043934697e-01 3.922381593336180003e+02 -1.761296997455167398e+07 0.000000000000000000e+00
7.791164658634538682e+02 5.163259148267421716e-01 1.574518847980673399e+02 -1.824999567978350446e+07 0.000000000000000000e+00
7.831325301204818743e+02 5.587921997186626744e-01 -2.223501485203047423e+01 -1.872053262629877031e+07 0.000000000000000000e+00
7.871485943775101077e+02 5.534144458183567483e-01 1.134674044699221724e+02 -1.833863548394231871e+07 0.000000000000000000e+00
7.911646586345381138e+02 5.091126854068587226e-01 3.951044600764475945e+02 -1.754817849295113981e+07 0.000000000000000000e+00
7.951807228915662336e+02 4.878643392632844300e-01 5.160421644668800809e+02 -1.714012209938299283e+07 0.000000000000000000e+00
7.991967871485943533e+02 5.078620618487871274e-01 4.063684710207360808e+02 -1.746585543711258844e+07 0.000000000000000000e+00
8.032128514056224731e+02 5.318056854723395288e-01 2.574728670424257189e+02 -1.789253224826326221e+07 0.000000000000000000e+00
8.072289156626505928e+02 5.134476114359555199e-01 2.289310541022815357e+02 -1.779991204705149680e+07 0.000000000000000000e+00
8.112449799196787126e+02 4.734510794198258932e-01 3.435933169700571739e+02 -1.727886052892538533e+07 0.000000000000000000e+00
8.152610441767068323e+02 4.497047926499495030e-01 4.459243858952434039e+02 -1.692457316814579070e+07 0.000000000000000000e+00
8.192771084337349521e+02 4.563178211524777650e-01 4.828873024931842792e+02 -1.700424053132010624e+07 0.000000000000000000e+00
8.232931726907630718e+02 4.801029264425885068e-01 4.709469693747910810e+02 -1.718047806394606456e+07 0.000000000000000000e+00
8.273092369477910779e+02 5.022199561863331940e-01 4.740739179644937167e+02 -1.721221744857847691e+07 0.000000000000000000e+00
8.313253012048193114e+02 5.094937924433688980e-01 5.604804225835781608e+02 -1.696796339595052227e+07 0.000000000000000000e+00
8.353413654618473174e+02 5.063261720183920289e-01 6.847924366200210216e+02 -1.670588165958368964e+07 0.000000000000000000e+00
8.393574297188755509e+02 5.021204647143480138e-01 7.080544591140321700e+02 -1.670485668850691058e+07 0.000000000000000000e+00
8.433734939759036706e+02 4.921615540915846854e-01 5.497114709195834621e+02 -1.665840149834573828e+07 0.000000000000000000e+00
8.473895582329316767e+02 4.812160482972254738e-01 3.045101218082896821e+02 -1.665731061185680330e+07 0.000000000000000000e+00
8.514056224899599101e+02 4.702565664223380959e-01 1.610460842760967921e+02 -1.679371334055244923e+07 0.000000000000000000e+00
8.554216867469879162e+02 4.658317761417824499e-01 1.774979845030519527e+02 -1.692761676723703742e+07 0.000000000000000000e+00
8.594377510040160359e+02 4.744635362802490097e-01 3.282170776788622106e+02 -1.701039894175430760e+07 0.000000000000000000e+00
8.634538152610441557e+02 4.964276616797643760e-01 5.433394820977769086e+02 -1.733277825574449450e+07 0.000000000000000000e+00
8.674698795180722755e+02 5.046405557467088521e-01 6.423732554875527967e+02 -1.754120198813053221e+07 0.000000000000000000e+00
8.714859437751003952e+02 4.765955977628961726e-01 5.354472447723978803e+02 -1.734109848266759887e+07 0.000000000000000000e+00
8.755020080321285150e+02 4.352407667356523735e-01 3.635151975978924384e+02 -1.699969847327267006e+07 0.000000000000000000e+00
8.795180722891565210e+02 4.168676477626508392e-01 2.942588791831804542e+02 -1.687190807082174718e+07 0.000000000000000000e+00
8.835341365461847545e+02 4.257925562336286607e-01 3.622297506394195921e+02 -1.708066483740558848e+07 0.000000000000000000e+00
8.875502008032128742e+02 4.602103156012781193e-01 5.821604622854007403e+02 -1.763083522862652689e+07 0.000000000000000000e+00
8.915662650602409940e+02 4.870551906182603030e-01 8.097745415032911751e+02 -1.801223434719362482e+07 0.000000000000000000e+00
8.955823293172691137e+02 4.799664422009279341e-01 8.307799455284015266e+02 -1.796868452345028520e+07 0.000000000000000000e+00
8.995983935742971198e+02 4.371409698590785764e-01 5.977309218066567382e+02 -1.749588186212444678e+07 0.000000000000000000e+00
9.036144578313253533e+02 4.036788055614312642e-01 3.581023485277337954e+02 -1.703798061324292049e+07 0.000000000000000000e+00
9.076305220883533593e+02 3.933479982821126986e-01 2.536858366797683857e+02 -1.680588068215984851e+07 0.000000000000000000e+00
9.116465863453815928e+02 4.017963030199837027e-01 2.654943672953618830e+02 -1.673118254346191697e+07 0.000000000000000000e+00
9.156626506024095988e+02 4.285324839933503105e-01 4.139270777987496785e+02 -1.673029784181910567e+07 0.000000000000000000e+00
9.196787148594377186e+02 4.583309910622407890e-01 6.423155043614071928e+02 -1.660213994645051099e+07 0.000000000000000000e+00
9.236947791164659520e+02 4.686786627813674388e-01 7.839703283479685751e+02 -1.626289688677815720e+07 0.000000000000000000e+00
9.277108433734939581e+02 4.531543949232377244e-01 7.414886809741047955e+02 -1.583749674964459985e+07 0.000000000000000000e+00
9.317269076305220779e+02 4.179015299094353542e-01 5.089441399662559888e+02 -1.529759535764525458e+07 0.000000000000000000e+00
9.357429718875501976e+02 3.914774595108710953e-01 2.788128852476634165e+02 -1.479749698230194859e+07 0.000000000000000000e+00
9.397590361445783174e+02 3.781186931826769904e-01 1.269081411094784357e+02 -1.439865949960847944e+07 0.000000000000000000e+00
9.437751004016064371e+02 3.758928141554638835e-01 6.940866658023217894e+01 -1.399290669565277547e+07 0.000000000000000000e+00
9.477911646586345569e+02 3.806453269043143517e-01 1.009130258554699395e+02 -1.351588946969149448e+07 0.000000000000000000e+00
9.518072289156625629e+02 3.870184307873824614e-01 1.763953959042536894e+02 -1.315658386838803627e+07 0.000000000000000000e+00
9.558232931726907964e+02 4.106062991269611717e-01 3.520107644488372216e+02 -1.308951305148747191e+07 0.000000000000000000e+00
9.598393574297188025e+02 4.457317012927124456e-01 5.944520761011260674e+02 -1.296981631800187565e+07 0.000000000000000000e+00
9.638554216867470359e+02 4.605856079625885169e-01 7.061888706690934896e+02 -1.263029179631752893e+07 0.000000000000000000e+00
9.678714859437751556e+02 4.582490759200070762e-01 7.068583302831119681e+02 -1.211109003454029188e+07 0.000000000000000000e+00
9.718875502008031617e+02 4.078532657616779633e-01 4.287638029178295369e+02 -1.119713833627820387e+07 0.000000000000000000e+00
9.759036144578313952e+02 3.690015382863573445e-01 2.412993751812215635e+02 -9.608808980404922739e+06 0.000000000000000000e+00
9.799196787148594012e+02 3.630610245741601738e-01 2.636956612596355285e+02 -7.265662046659043059e+06 0.000000000000000000e+00
9.839357429718875210e+02 3.571689518539883368e-01 2.078046163823228198e+02 -5.522192041173801757e+06 0.000000000000000000e+00
9.879518072289156407e+02 4.215395221444102614e-01 6.315806082758484763e+02 -1.981244604779915884e+06 0.000000000000000000e+00
9.919678714859437605e+02 4.280416225215156745e-01 7.593928216205335957e+02 1.027044454328433494e+06 0.000000000000000000e+00
9.959839357429718802e+02 4.280416225215156745e-01 7.593928216205335957e+02 2.500000000000000000e+05 0.000000000000000000e+00
1.000000000000000000e+03 4.215395221444102614e-01 6.315806082758484763e+02 2.500000000000000000e+05 0.000000000000000000e+00
