# 1.6586455431073437
0.000000000000000000e+00 8.260574169470812356e-01 5.525897618249481411e+02 2.500000000000000000e+05 7.950232102032648982e+03
4.016064257028111761e+00 3.407814989955527674e-01 -6.083839975833390099e+02 2.500000000000000000e+05 0.000000000000000000e+00
8.032128514056223523e+00 3.407814989955527674e-01 6.083839975833390099e+02 -2.510571485285300389e+07 0.000000000000000000e+00
1.204819277108433795e+01 8.260574169470812356e-01 -5.525897618249481411e+02 -8.935318974525587261e+07 0.000000000000000000e+00
1.606425702811244705e+01 6.725742966166372572e-01 -1.169364755186454659e+02 -7.461795060628288984e+07 0.000000000000000000e+00
2.008032128514056325e+01 8.581984650484043575e-01 -3.985010707969739201e+02 -8.876922527396699786e+07 0.000000000000000000e+00
2.409638554216867590e+01 7.349398745459179150e-01 3.589737810899220563e+02 -7.315545039378862083e+07 0.000000000000000000e+00
2.811244979919678499e+01 7.099382041790887055e-01 4.966106776851819973e+02 -6.434936236872906983e+07 0.000000000000000000e+00
3.212851405622489409e+01 6.641581779491538828e-01 7.251631034323027052e+02 -5.500641529947423935e+07 0.000000000000000000e+00
3.614457831325301385e+01 6.648876002560013543e-01 8.481982817049040477e+02 -5.092284912019941956e+07 0.000000000000000000e+00
4.016064257028112650e+01 6.716867447213928921e-01 8.566778885441776765e+02 -4.823156874970035255e+07 0.000000000000000000e+00
4.417670682730923915e+01 6.099514551652557293e-01 4.998911182805994713e+02 -4.049057632807289064e+07 0.000000000000000000e+00
4.819277108433735179e+01 5.044821075345027328e-01 3.354920413957815981e+02 -3.189229313577153534e+07 0.000000000000000000e+00
5.220883534136545734e+01 4.950414836027586807e-01 9.611743137307300344e+01 -3.132412546539398655e+07 0.000000000000000000e+00
5.622489959839356999e+01 4.669376936892520868e-01 1.846346645789475645e+02 -3.025687124569050968e+07 0.000000000000000000e+00
6.024096385542168974e+01 4.886415920110089850e-01 2.010150630319231198e+02 -3.171139417705450207e+07 0.000000000000000000e+00
6.425702811244978818e+01 5.022243086385137500e-01 3.002825185823711536e+02 -3.224197660247246549e+07 0.000000000000000000e+00
6.827309236947790794e+01 5.299961964849946305e-01 2.175707474758267210e+02 -3.335377054443158209e+07 0.000000000000000000e+00
7.228915662650602769e+01 5.299313437317264563e-01 5.701342134716817611e+01 -3.335108072574762627e+07 0.000000000000000000e+00
7.630522088353414745e+01 5.547732175973139057e-01 -2.549876753067248387e+02 -3.509705108890968561e+07 0.000000000000000000e+00
8.032128514056225299e+01 5.033366271755121968e-01 -2.220084507283948199e+02 -3.242687494166161120e+07 0.000000000000000000e+00
8.433734939759035854e+01 5.025593680383871886e-01 -3.073698381482596460e+02 -3.207311503011648357e+07 0.000000000000000000e+00
8.835341365461847829e+01 4.583697798908739074e-01 -7.265292848232476786e+01 -2.998891856565637514e+07 0.000000000000000000e+00
9.236947791164658383e+01 4.529232236687456559e-01 -7.286442074597809437e+01 -2.982565014121644199e+07 0.000000000000000000e+00
9.638554216867470359e+01 4.392423269191046975e-01 6.927714375193608021e+01 -2.953737099551649019e+07 0.000000000000000000e+00
1.004016064257028091e+02 4.402444108485081831e-01 1.221779235218757123e+02 -2.925000112777929753e+07 0.000000000000000000e+00
1.044176706827309147e+02 4.203078334384114378e-01 1.185609525630613064e+02 -2.766446209750877693e+07 0.000000000000000000e+00
1.084337349397590344e+02 4.016652194418532940e-01 4.603740544253623312e+01 -2.645148780308517814e+07 0.000000000000000000e+00
1.124497991967871400e+02 3.943195315885531516e-01 2.119854908749931610e+01 -2.601536436874494329e+07 0.000000000000000000e+00
1.164658634538152597e+02 4.002043864153463359e-01 3.960709504901460321e+01 -2.621215575586047769e+07 0.000000000000000000e+00
1.204819277108433795e+02 4.118027949494211803e-01 9.302596523111475335e+01 -2.656078640756176040e+07 0.000000000000000000e+00
1.244979919678714850e+02 4.338349921489751404e-01 1.796550413578360121e+02 -2.745915351772159711e+07 0.000000000000000000e+00
1.285140562248995764e+02 4.980931178580117469e-01 4.707051477293205153e+02 -3.012290308874204755e+07 0.000000000000000000e+00
1.325301204819277245e+02 6.317605068483980180e-01 1.274897248380415022e+03 -3.450451949798529595e+07 0.000000000000000000e+00
1.365461847389558159e+02 7.384172436027027775e-01 2.140174826264702006e+03 -3.696296507208542526e+07 0.000000000000000000e+00
1.405622489959839356e+02 6.712101177151272857e-01 1.829473168604995408e+03 -3.482171067289166152e+07 0.000000000000000000e+00
1.445783132530120554e+02 5.102124558969037826e-01 6.756514963755978442e+02 -3.087026394162366912e+07 0.000000000000000000e+00
1.485943775100401467e+02 4.589128216663675985e-01 9.048165219231033518e+01 -3.027731679792240635e+07 0.000000000000000000e+00
1.526104417670682949e+02 4.654692813095339665e-01 -1.939879408273077388e+02 -3.149087750108802691e+07 0.000000000000000000e+00
1.566265060240963862e+02 4.991663238757981791e-01 -5.490551693845103500e+02 -3.349172805878951401e+07 0.000000000000000000e+00
1.606425702811245060e+02 5.695353848063045010e-01 -7.590209751937334204e+02 -3.599696312212656438e+07 0.000000000000000000e+00
1.646586345381525973e+02 6.394931233654509439e-01 -6.302431275844456877e+02 -3.707808463178939372e+07 0.000000000000000000e+00
1.686746987951807171e+02 6.828011746433063633e-01 6.791063756298026988e+01 -3.704136840383043140e+07 0.000000000000000000e+00
1.726907630522088368e+02 6.704176208748904298e-01 8.080398382353225770e+02 -3.711549367589623481e+07 0.000000000000000000e+00
1.767068273092369566e+02 6.324452186413248578e-01 1.017321240453412202e+03 -3.717053717732030898e+07 0.000000000000000000e+00
1.807228915662650479e+02 5.668530961372302279e-01 7.283508994524730724e+02 -3.519808417166367918e+07 0.000000000000000000e+00
1.847389558232931677e+02 4.927038789684279330e-01 3.381703188543045826e+02 -3.187598829583695531e+07 0.000000000000000000e+00
1.887550200803212590e+02 4.497854776746788019e-01 6.726889440606527160e+01 -2.996454858130904287e+07 0.000000000000000000e+00
1.927710843373494072e+02 4.437258114872116299e-01 6.059308816857914337e+00 -2.987463739735106006e+07 0.000000000000000000e+00
1.967871485943775269e+02 4.619983107036629844e-01 7.342666211034222101e+01 -3.103385442304146662e+07 0.000000000000000000e+00
2.008032128514056183e+02 4.641294397483037848e-01 9.696333114537260656e+01 -3.054454614009979740e+07 0.000000000000000000e+00
2.048192771084337380e+02 4.492075268612386596e-01 3.407960430497028170e+01 -2.861749694356259331e+07 0.000000000000000000e+00
2.088353413654618294e+02 4.504319251832129556e-01 6.834923885674731991e+01 -2.784604764144503698e+07 0.000000000000000000e+00
2.128514056224899775e+02 4.641890415111241119e-01 1.692815564755426294e+02 -2.850182145273924619e+07 0.000000000000000000e+00
2.168674698795180689e+02 4.707773370343370511e-01 2.158335025212593621e+02 -2.914205786005821824e+07 0.000000000000000000e+00
2.208835341365461886e+02 4.622216704486756811e-01 9.928572035916145921e+01 -2.892997130744988844e+07 0.000000000000000000e+00
2.248995983935742800e+02 4.300055425854779068e-01 -4.045679501534662847e+01 -2.747031852035478130e+07 0.000000000000000000e+00
2.289156626506023997e+02 4.167215138549739684e-01 -1.809292212537200442e+02 -2.693337902969485894e+07 0.000000000000000000e+00
2.329317269076305195e+02 4.231394350655666159e-01 -2.808197833042787011e+02 -2.736439385283376649e+07 0.000000000000000000e+00
2.369477911646586392e+02 4.565902804583252261e-01 -3.623270430261995330e+02 -2.895704889409084991e+07 0.000000000000000000e+00
2.409638554216867590e+02 5.178859502451139685e-01 -5.862022555951709819e+02 -3.197966758703980967e+07 0.000000000000000000e+00
2.449799196787148503e+02 5.732262701050460096e-01 -1.036261630872038950e+03 -3.438568356800606847e+07 0.000000000000000000e+00
2.489959839357429701e+02 7.470542664050418002e-01 -9.688837635896661595e+02 -3.930417298137668520e+07 0.000000000000000000e+00
2.530120481927710614e+02 1.056758463107146273e+00 3.674083142448689614e+02 -4.771283496730809659e+07 0.000000000000000000e+00
2.570281124497991527e+02 9.531442133720100518e-01 1.091066865806367787e+03 -4.396631090714082122e+07 0.000000000000000000e+00
2.610441767068273293e+02 6.570121367245217447e-01 6.519756847862404356e+02 -3.397840369648447633e+07 0.000000000000000000e+00
2.650602409638554491e+02 5.095850953957966611e-01 -2.781174109111194070e+01 -2.876648263430005312e+07 0.000000000000000000e+00
2.690763052208835688e+02 4.502817792785980267e-01 -1.259507482873478068e+02 -2.674086035224009678e+07 0.000000000000000000e+00
2.730923694779116317e+02 4.567625543955471379e-01 -1.105468832057846953e+02 -2.779035341816189140e+07 0.000000000000000000e+00
2.771084337349397515e+02 4.866949258188804084e-01 -3.812474635674777090e+01 -2.963319463208673894e+07 0.000000000000000000e+00
2.811244979919678713e+02 5.247736778975956584e-01 -3.631453310417127511e+01 -3.180995360728146881e+07 0.000000000000000000e+00
2.851405622489959910e+02 5.600685907213370784e-01 -1.936583503719223245e+02 -3.274966695771650970e+07 0.000000000000000000e+00
2.891566265060241108e+02 6.224606907206043926e-01 -4.408590755260169090e+02 -3.386769296890141070e+07 0.000000000000000000e+00
2.931726907630521737e+02 6.910994185878762686e-01 -6.296407837090861221e+02 -3.552646427442973852e+07 0.000000000000000000e+00
2.971887550200802934e+02 6.732393934883008635e-01 -5.482816002600533238e+02 -3.548246648958957940e+07 0.000000000000000000e+00
3.012048192771084700e+02 5.921433442177196360e-01 -4.610870316912059934e+02 -3.326016472798062116e+07 0.000000000000000000e+00
3.052208835341365898e+02 5.579835066855191039e-01 -6.527596247891231087e+02 -3.065697940623241290e+07 0.000000000000000000e+00
3.092369477911646527e+02 5.641950741437889993e-01 -9.283553095397517154e+02 -2.895024877842134610e+07 0.000000000000000000e+00
3.132530120481927725e+02 5.954230867584014986e-01 -1.126328068551655861e+03 -2.894135865716496482e+07 0.000000000000000000e+00
3.172690763052208922e+02 5.935738082988188946e-01 -1.105160677746358488e+03 -3.052360677382561192e+07 0.000000000000000000e+00
3.212851405622490120e+02 5.731596928772338950e-01 -9.066544420055014371e+02 -3.146134203227301314e+07 0.000000000000000000e+00
3.253012048192770749e+02 5.568570654563993472e-01 -6.161122072934145990e+02 -3.112727722604602575e+07 0.000000000000000000e+00
3.293172690763051946e+02 5.560171877546516983e-01 -3.478028838456115182e+02 -3.069306912015569583e+07 0.000000000000000000e+00
3.333333333333333144e+02 5.585744646157152493e-01 -2.116453453659239585e+02 -3.090065408236446604e+07 0.000000000000000000e+00
3.373493975903614341e+02 5.463017843319492028e-01 -3.011043416177629979e+02 -3.063643064331407845e+07 0.000000000000000000e+00
3.413654618473896107e+02 5.221628215629573466e-01 -4.593471703699519821e+02 -2.926793568115337938e+07 0.000000000000000000e+00
3.453815261044176737e+02 5.144419215875140061e-01 -6.511758318658903590e+02 -2.760329112297756597e+07 0.000000000000000000e+00
3.493975903614457934e+02 5.197309406278919353e-01 -7.828331832582074412e+02 -2.719762319271929190e+07 0.000000000000000000e+00
3.534136546184739132e+02 5.145603470391448830e-01 -9.118649338606811625e+02 -2.788992981596054509e+07 0.000000000000000000e+00
3.574297188755020329e+02 5.135249775939353389e-01 -9.139869820573477455e+02 -2.967932834158676490e+07 0.000000000000000000e+00
3.614457831325300958e+02 5.151960336183499800e-01 -7.604020300133538512e+02 -3.043632312375040352e+07 0.000000000000000000e+00
3.654618473895582156e+02 4.844390632321834422e-01 -6.324904648950981709e+02 -2.905375827445353195e+07 0.000000000000000000e+00
3.694779116465863353e+02 4.583644586846107871e-01 -6.078125193828902866e+02 -2.696991351347356662e+07 0.000000000000000000e+00
3.734939759036144551e+02 4.717360192511990125e-01 -5.640169135171681773e+02 -2.716913929070439190e+07 0.000000000000000000e+00
3.775100401606425180e+02 4.944700511814516530e-01 -4.885029446431653923e+02 -2.893965150552684814e+07 0.000000000000000000e+00
3.815261044176706946e+02 5.690370426853392782e-01 -3.674969408361279193e+02 -3.267666999845038354e+07 0.000000000000000000e+00
3.855421686746988144e+02 8.015903765440403062e-01 7.143892366975119330e+02 -3.963016669805065542e+07 0.000000000000000000e+00
3.895582329317269341e+02 1.113065380687457306e+00 3.010741520362698793e+03 -4.464185030293882638e+07 0.000000000000000000e+00
3.935742971887550539e+02 1.070921139327008831e+00 3.326817139995075649e+03 -4.114971535601951182e+07 0.000000000000000000e+00
3.975903614457831168e+02 7.091808681349145438e-01 1.070149091010041957e+03 -3.411636685090454668e+07 0.000000000000000000e+00
4.016064257028112365e+02 5.841990593327498482e-01 4.986335738908175585e+01 -3.249922453269307315e+07 0.000000000000000000e+00
4.056224899598393563e+02 5.887131601261925695e-01 -3.467305015082648367e+01 -3.337405847377422452e+07 0.000000000000000000e+00
4.096385542168674760e+02 5.892550053187245451e-01 6.641182241129412489e+01 -3.358004405836724490e+07 0.000000000000000000e+00
4.136546184738955390e+02 5.612928161100402269e-01 8.141797574931861448e+01 -3.275525830478339642e+07 0.000000000000000000e+00
4.176706827309236587e+02 5.383186079388063705e-01 4.996188046638394553e-01 -3.230923231369872019e+07 0.000000000000000000e+00
4.216867469879518353e+02 5.064548017724854745e-01 -7.549321505886510408e+01 -3.136186734228350222e+07 0.000000000000000000e+00
4.257028112449799551e+02 4.871471355617354448e-01 -1.781612899918283972e+02 -3.072924698839547485e+07 0.000000000000000000e+00
4.297188755020080180e+02 4.756294096405454530e-01 -2.379842033780655299e+02 -3.058351955603994802e+07 0.000000000000000000e+00
4.337349397590361377e+02 4.706932265799892434e-01 -2.692602978758799281e+02 -3.072971813944622502e+07 0.000000000000000000e+00
4.377510040160642575e+02 4.871652667461344177e-01 -2.335774250914560639e+02 -3.167308239957031980e+07 0.000000000000000000e+00
4.417670682730923772e+02 5.507747656511460255e-01 1.923222973774502975e+01 -3.413876190684598684e+07 0.000000000000000000e+00
4.457831325301204970e+02 7.136327489297000781e-01 9.198515553736672246e+02 -3.908082724283012003e+07 0.000000000000000000e+00
4.497991967871485599e+02 8.652196747801992327e-01 2.027765401501071210e+03 -4.190648771583422273e+07 0.000000000000000000e+00
4.538152610441766797e+02 7.700252887833909377e-01 1.713411914518388812e+03 -3.853041893298587948e+07 0.000000000000000000e+00
4.578313253012047994e+02 5.514302274419590200e-01 3.495927872413591331e+02 -3.269940088064989448e+07 0.000000000000000000e+00
4.618473895582329760e+02 4.545443314276467195e-01 -2.304033109998198938e+02 -2.918697395101420209e+07 0.000000000000000000e+00
4.658634538152610389e+02 4.187537224682765236e-01 -3.744929793952509840e+02 -2.736113864148052409e+07 0.000000000000000000e+00
4.698795180722891587e+02 4.007820610734179057e-01 -4.134118686836976622e+02 -2.642130301707791910e+07 0.000000000000000000e+00
4.738955823293172784e+02 4.000117588813755232e-01 -3.741606891155789754e+02 -2.631767297482495382e+07 0.000000000000000000e+00
4.779116465863453982e+02 4.365825719593080523e-01 -2.189740297670330733e+02 -2.818231336573504657e+07 0.000000000000000000e+00
4.819277108433735179e+02 5.347066293033243545e-01 2.667347567631743459e+02 -3.226913741828645766e+07 0.000000000000000000e+00
4.859437751004015809e+02 6.639750913011805977e-01 1.171567627539908699e+03 -3.619199566249290854e+07 0.000000000000000000e+00
4.899598393574297006e+02 6.843033701281269199e-01 1.536435659745395014e+03 -3.568952040030461550e+07 0.000000000000000000e+00
4.939759036144578204e+02 5.253403269269765197e-01 7.782960255728181664e+02 -2.974713398952351883e+07 0.000000000000000000e+00
4.979919678714859401e+02 4.036069606970089652e-01 7.747653427315668750e+00 -2.546475985406682640e+07 0.000000000000000000e+00
5.020080321285140599e+02 3.589877887206323614e-01 -2.502362369057347280e+02 -2.347335973873562738e+07 0.000000000000000000e+00
5.060240963855421228e+02 3.457535231543094612e-01 -3.245082497306767664e+02 -2.269872022638024762e+07 0.000000000000000000e+00
5.100401606425702994e+02 3.459254566404563191e-01 -3.353549932802137619e+02 -2.256886351142702997e+07 0.000000000000000000e+00
5.140562248995983055e+02 3.516289538655875124e-01 -3.060704695428417494e+02 -2.284779930063677207e+07 0.000000000000000000e+00
5.180722891566265389e+02 3.563289557593926071e-01 -2.649974145882850962e+02 -2.316598897259930894e+07 0.000000000000000000e+00
5.220883534136546587e+02 3.581958486140915388e-01 -2.339499193308573979e+02 -2.333975077823395282e+07 0.000000000000000000e+00
5.261044176706827784e+02 3.613259263983142344e-01 -2.006221789531562365e+02 -2.356831131976954266e+07 0.000000000000000000e+00
5.301204819277108982e+02 3.650193850210385893e-01 -1.582330589530845657e+02 -2.380123097839157283e+07 0.000000000000000000e+00
5.341365461847389042e+02 3.679341931867058935e-01 -1.121315569049809397e+02 -2.393091031581469253e+07 0.000000000000000000e+00
5.381526104417671377e+02 3.642096831284806213e-01 -9.024778897311469450e+01 -2.376685125003335252e+07 0.000000000000000000e+00
5.421686746987951437e+02 3.564574744999172151e-01 -8.831345594198860738e+01 -2.339129785036854818e+07 0.000000000000000000e+00
5.461847389558232635e+02 3.593690585264696091e-01 -6.946556673819742400e+01 -2.356231273084279150e+07 0.000000000000000000e+00
5.502008032128513833e+02 3.919740278096884301e-01 3.244022555951616482e+01 -2.527757565594616160e+07 0.000000000000000000e+00
5.542168674698795030e+02 5.004665309640508042e-01 4.928162335798024856e+02 -2.976851710547163710e+07 0.000000000000000000e+00
5.582329317269076228e+02 6.917894073341976924e-01 1.629297756950514440e+03 -3.455437840983281285e+07 0.000000000000000000e+00
5.622489959839357425e+02 7.590312764219742103e-01 2.161267155666726921e+03 -3.445155741242723912e+07 0.000000000000000000e+00
5.662650602409638623e+02 5.769959696588942144e-01 8.333711840988326003e+02 -2.919464650856095552e+07 0.000000000000000000e+00
5.702811244979919820e+02 4.622293131870409133e-01 -2.664022652824829152e+02 -2.680034633242819086e+07 0.000000000000000000e+00
5.742971887550201018e+02 4.597769976318532570e-01 -7.070799394861203382e+02 -2.654929175345207751e+07 0.000000000000000000e+00
5.783132530120482215e+02 4.818588935767472714e-01 -9.572239103103052003e+02 -2.737797738190656155e+07 0.000000000000000000e+00
5.823293172690763413e+02 4.730992484793686836e-01 -1.029449169153562025e+03 -2.723187937449489906e+07 0.000000000000000000e+00
5.863453815261043474e+02 4.108938637916002556e-01 -9.791494497244895001e+02 -2.384263939026913792e+07 0.000000000000000000e+00
5.903614457831325808e+02 4.099129376670089808e-01 -6.777647260162085558e+02 -2.222245461921913177e+07 0.000000000000000000e+00
5.943775100401605869e+02 5.015897490898507671e-01 -2.097865898250093153e+02 -2.566392142993376404e+07 0.000000000000000000e+00
5.983935742971887066e+02 6.678056759028626610e-01 9.088784796353737647e+02 -3.085146506072815508e+07 0.000000000000000000e+00
6.024096385542169401e+02 8.234400120502949338e-01 2.007843166689040800e+03 -3.432772341263629496e+07 0.000000000000000000e+00
6.064257028112449461e+02 7.036652017280018434e-01 1.362249435873525044e+03 -3.179875670302765071e+07 0.000000000000000000e+00
6.104417670682731796e+02 5.054012868155588478e-01 6.081398467189907819e+01 -2.786841984446244687e+07 0.000000000000000000e+00
6.144578313253011856e+02 4.320087619154851510e-01 -4.136079796911068343e+02 -2.583470119997302443e+07 0.000000000000000000e+00
6.184738955823293054e+02 4.096236443481308664e-01 -5.330402248423943092e+02 -2.497942813381500170e+07 0.000000000000000000e+00
6.224899598393574252e+02 4.000284063501483578e-01 -5.428498865989689648e+02 -2.474247765048757195e+07 0.000000000000000000e+00
6.265060240963855449e+02 3.929584963281527177e-01 -5.104397324912123395e+02 -2.477247716933818161e+07 0.000000000000000000e+00
6.305220883534136647e+02 3.865540680463627754e-01 -4.576369023687385607e+02 -2.474472159295180440e+07 0.000000000000000000e+00
6.345381526104417844e+02 3.786528081809134028e-01 -4.101255322098714373e+02 -2.446612758352318406e+07 0.000000000000000000e+00
6.385542168674697905e+02 3.694161783634332119e-01 -3.713579224822418610e+02 -2.375908239788510650e+07 0.000000000000000000e+00
6.425702811244980239e+02 3.639026099412652204e-01 -3.261543709314479997e+02 -2.306231672500025481e+07 0.000000000000000000e+00
6.465863453815261437e+02 3.644403460092772162e-01 -2.862293235598621663e+02 -2.272460980246349797e+07 0.000000000000000000e+00
6.506024096385541498e+02 3.720304369379159870e-01 -2.507577916056299330e+02 -2.298800926615286618e+07 0.000000000000000000e+00
6.546184738955823832e+02 3.744304741602996200e-01 -2.235964897128588973e+02 -2.310179456728821620e+07 0.000000000000000000e+00
6.586345381526103893e+02 3.710764113626325300e-01 -2.031001706889695697e+02 -2.268471919683985785e+07 0.000000000000000000e+00
6.626506024096386227e+02 3.695606489872509393e-01 -1.631095907315032605e+02 -2.222935577621813118e+07 0.000000000000000000e+00
6.666666666666666288e+02 3.801395494489452354e-01 -9.297442312986439106e+01 -2.227527711554739624e+07 0.000000000000000000e+00
6.706827309236947485e+02 3.917343372015526515e-01 -5.550427702657824369e+00 -2.257520746179395914e+07 0.000000000000000000e+00
6.746987951807228683e+02 3.908889387875008059e-01 4.403498148129416734e+01 -2.269835481457269937e+07 0.000000000000000000e+00
6.787148594377509880e+02 3.809838768100223261e-01 -3.995100402676246887e+00 -2.260118693001551554e+07 0.000000000000000000e+00
6.827309236947792215e+02 3.624074360853536403e-01 -7.238636705999132914e+01 -2.195305414545031637e+07 0.000000000000000000e+00
6.867469879518072275e+02 3.428313185801713514e-01 -1.000439158523277001e+02 -2.112555401160643995e+07 0.000000000000000000e+00
6.907630522088353473e+02 3.294015469317599920e-01 -1.162455322953060346e+02 -2.047423023978750780e+07 0.000000000000000000e+00
6.947791164658634671e+02 3.226661472000771913e-01 -1.113032396207890287e+02 -2.018581579146595672e+07 0.000000000000000000e+00
6.987951807228915868e+02 3.169422379101730636e-01 -1.029720653863331705e+02 -1.997830920343185589e+07 0.000000000000000000e+00
7.028112449799195929e+02 3.110719828660249986e-01 -1.161435462257995965e+02 -1.974123212463849783e+07 0.000000000000000000e+00
7.068273092369478263e+02 3.139783402530381684e-01 -9.718416355028517728e+01 -2.001314281266006082e+07 0.000000000000000000e+00
7.108433734939758324e+02 3.144426716011113343e-01 -7.205797750436060767e+01 -2.026737295967172086e+07 0.000000000000000000e+00
7.148594377510040658e+02 3.204098878396173244e-01 -4.174509442777913648e+01 -2.047181399814341217e+07 0.000000000000000000e+00
7.188755020080320719e+02 3.338342690861201834e-01 -1.942790858115282759e+01 -2.131308811206546053e+07 0.000000000000000000e+00
7.228915662650601917e+02 3.516271982753525482e-01 -4.079175121072840682e+01 -2.239296945618152991e+07 0.000000000000000000e+00
7.269076305220884251e+02 3.704205394990844336e-01 -1.602640405712816118e+02 -2.360870850530023500e+07 0.000000000000000000e+00
7.309236947791164312e+02 4.402618156607725486e-01 -3.361844339211090187e+02 -2.733413428335610032e+07 0.000000000000000000e+00
7.349397590361446646e+02 7.518347105528722096e-01 7.836257837361466727e+02 -3.295439161728701741e+07 0.000000000000000000e+00
7.389558232931726707e+02 1.188633038086616800e+00 3.242983002868040330e+03 -4.075114123641835153e+07 0.000000000000000000e+00
7.429718875502007904e+02 9.439961649016019862e-01 2.616419457210693508e+03 -3.708875553290493041e+07 0.000000000000000000e+00
7.469879518072289102e+02 4.763052182694474390e-01 2.574100301616873594e+02 -2.454933118177971989e+07 0.000000000000000000e+00
7.510040160642570299e+02 3.797333757802673349e-01 -3.437696388356902730e+02 -2.110407820077028498e+07 0.000000000000000000e+00
7.550200803212850360e+02 3.972818240960181435e-01 -3.858285162729828244e+02 -2.258130184678314254e+07 0.000000000000000000e+00
7.590361445783132694e+02 4.598763520757462309e-01 -2.214099649560222360e+02 -2.533369825495590270e+07 0.000000000000000000e+00
7.630522088353413892e+02 6.372497776430632310e-01 6.550558430320647858e+02 -2.968571097381923348e+07 0.000000000000000000e+00
7.670682730923695090e+02 8.858228060803657877e-01 2.610574500079331301e+03 -3.160981245354939252e+07 0.000000000000000000e+00
7.710843373493976287e+02 9.265515464033278192e-01 3.402366633393739903e+03 -2.977255107661819085e+07 0.000000000000000000e+00
7.751004016064256348e+02 6.418983623825674778e-01 1.604952132936661883e+03 -2.741519845500735939e+07 0.000000000000000000e+00
7.791164658634538682e+02 4.724593657718952899e-01 3.268706449747161287e+02 -2.594342399858643487e+07 0.000000000000000000e+00
7.831325301204818743e+02 4.348217503886467883e-01 1.083925555658882445e+01 -2.480215152090921625e+07 0.000000000000000000e+00
7.871485943775101077e+02 4.263830375960105390e-01 -3.396345320457879779e+01 -2.412213395903527737e+07 0.000000000000000000e+00
7.911646586345381138e+02 4.012482538092242423e-01 -5.119162118018967789e+01 -2.286768311922378093e+07 0.000000000000000000e+00
7.951807228915662336e+02 3.741190222360784579e-01 -1.118093949469031827e+02 -2.127111224624049291e+07 0.000000000000000000e+00
7.991967871485943533e+02 3.571376545182586848e-01 -1.621747329023998816e+02 -2.023322582647213340e+07 0.000000000000000000e+00
8.032128514056224731e+02 3.597066555624606199e-01 -1.492882559440002126e+02 -2.014392968834680319e+07 0.000000000000000000e+00
8.072289156626505928e+02 3.710893212712593203e-01 -3.828957202426953899e+01 -2.072444479502412677e+07 0.000000000000000000e+00
8.112449799196787126e+02 3.917689050988860666e-01 9.245981566372728366e+01 -2.190797516880184412e+07 0.000000000000000000e+00
8.152610441767068323e+02 4.053399385714062664e-01 1.613298347068906367e+02 -2.291323992313971370e+07 0.000000000000000000e+00
8.192771084337349521e+02 3.944921470720570422e-01 1.707983841589749261e+02 -2.278211163505542651e+07 0.000000000000000000e+00
8.232931726907630718e+02 3.826613726705381247e-01 8.949745599746354685e+01 -2.247961604666734487e+07 0.000000000000000000e+00
8.273092369477910779e+02 3.665345030000682902e-01 3.923762555516954365e+01 -2.183592020071658865e+07 0.000000000000000000e+00
8.313253012048193114e+02 3.652139422481436859e-01 -1.341463307472486299e+01 -2.170679490619029850e+07 0.000000000000000000e+00
8.353413654618473174e+02 3.672921476211928327e-01 -1.415954328072563406e+01 -2.166598900142098218e+07 0.000000000000000000e+00
8.393574297188755509e+02 3.751699235032802116e-01 -1.006338495056581728e+01 -2.178484826365348324e+07 0.000000000000000000e+00
8.433734939759036706e+02 3.855164768018865540e-01 4.871514147162017139e+00 -2.198175217148056999e+07 0.000000000000000000e+00
8.473895582329316767e+02 4.179015752555167440e-01 1.308497788688403034e+02 -2.286918718981423602e+07 0.000000000000000000e+00
8.514056224899599101e+02 4.898141093318993944e-01 5.306149565187855615e+02 -2.463632780296321586e+07 0.000000000000000000e+00
8.554216867469879162e+02 5.683072714878206755e-01 1.117421748805153356e+03 -2.616824511950331554e+07 0.000000000000000000e+00
8.594377510040160359e+02 5.922645522446716715e-01 1.423456504107733281e+03 -2.647774944986129552e+07 0.000000000000000000e+00
8.634538152610441557e+02 5.630484840657211665e-01 1.353011739846148657e+03 -2.595539435685068369e+07 0.000000000000000000e+00
8.674698795180722755e+02 5.054930832709619848e-01 1.061802622066389858e+03 -2.476614083898473531e+07 0.000000000000000000e+00
8.714859437751003952e+02 4.482958437036596022e-01 7.511011729375042023e+02 -2.332949814557618648e+07 0.000000000000000000e+00
8.755020080321285150e+02 3.981517530123964144e-01 5.017240951847250585e+02 -2.184344984719794989e+07 0.000000000000000000e+00
8.795180722891565210e+02 3.610310817579521214e-01 3.078001977210991527e+02 -2.096568814201337472e+07 0.000000000000000000e+00
8.835341365461847545e+02 3.418036420007614651e-01 2.406876078011379718e+02 -2.022503020166270435e+07 0.000000000000000000e+00
8.875502008032128742e+02 3.402516809841256706e-01 2.432257129765728223e+02 -2.055126284832884744e+07 0.000000000000000000e+00
8.915662650602409940e+02 4.012146458070071087e-01 5.025568216921578824e+02 -2.312951720423605666e+07 0.000000000000000000e+00
8.955823293172691137e+02 6.338754182189436648e-01 1.931223783808037751e+03 -2.750206344273648784e+07 0.000000000000000000e+00
8.995983935742971198e+02 1.086797081132413911e+00 5.882687943315519078e+03 -2.483999246949472651e+07 0.000000000000000000e+00
9.036144578313253533e+02 9.710957742924437586e-01 3.609325434975744429e+03 -2.254428183884869888e+07 0.000000000000000000e+00
9.076305220883533593e+02 7.455704778898432084e-01 -7.085701725287724457e+02 -3.284445924129355326e+07 0.000000000000000000e+00
9.116465863453815928e+02 6.105336485938246405e-01 -7.207954402495226987e+02 -3.363589223117839545e+07 0.000000000000000000e+00
9.156626506024095988e+02 5.269342503544915957e-01 -4.684603920282543186e+02 -3.188032662444610149e+07 0.000000000000000000e+00
9.196787148594377186e+02 5.366599590292262523e-01 -5.206740810845362830e+02 -3.161539263961874694e+07 0.000000000000000000e+00
9.236947791164659520e+02 5.357352871402067951e-01 -5.634980326295489022e+02 -2.601442853549193218e+07 0.000000000000000000e+00
9.277108433734939581e+02 4.885311230341038424e-01 -6.098580144416115445e+02 -2.257967635005573928e+07 0.000000000000000000e+00
9.317269076305220779e+02 4.637330514182368413e-01 -6.690876337978066886e+02 -2.213520896373422071e+07 0.000000000000000000e+00
9.357429718875501976e+02 4.634054406170382001e-01 -8.684936874743327735e+02 -2.299095177542753890e+07 0.000000000000000000e+00
9.397590361445783174e+02 4.526399528911147496e-01 -8.795957792621679801e+02 -2.203915843731042370e+07 0.000000000000000000e+00
9.437751004016064371e+02 4.611264417066329169e-01 -6.967571065670142616e+02 -2.139625474595294148e+07 0.000000000000000000e+00
9.477911646586345569e+02 5.117563950579621102e-01 -5.750985873643734294e+02 -2.165214812156702206e+07 0.000000000000000000e+00
9.518072289156625629e+02 5.652228816062616623e-01 -3.266280083989744867e+02 -2.184722766455614194e+07 0.000000000000000000e+00
9.558232931726907964e+02 7.575109056385127548e-01 6.373366063540840969e+02 -2.168801536614249274e+07 0.000000000000000000e+00
9.598393574297188025e+02 1.114841537861041454e+00 3.556344273369596976e+03 -1.341886354577028565e+07 0.000000000000000000e+00
9.638554216867470359e+02 1.155817071280553998e+00 4.857364401400599490e+03 -4.060657991791871376e+06 0.000000000000000000e+00
9.678714859437751556e+02 6.462778175727463825e-01 1.719718425000873594e+03 -8.721395872321393341e+06 0.000000000000000000e+00
9.718875502008031617e+02 3.984130535516565708e-01 -3.009676274244384331e+00 -1.176492518920238689e+07 0.000000000000000000e+00
9.759036144578313952e+02 3.204368807261938068e-01 -2.626680876619897163e+02 -1.018483625354394503e+07 0.000000000000000000e+00
9.799196787148594012e+02 2.665809996786867031e-01 -3.657878114958998026e+02 -8.973502317529292777e+06 0.000000000000000000e+00
9.839357429718875210e+02 3.320572473289354898e-01 1.216161560577294694e+02 -8.874707099575737491e+06 0.000000000000000000e+00
9.879518072289156407e+02 2.536323968705265219e-01 -2.302039738016895143e+01 -5.608238347984980792e+06 0.000000000000000000e+00
9.919678714859437605e+02 2.415989646991257567e-01 -1.610281670385129758e+02 -8.647983877378652105e+05 0.000000000000000000e+00
9.959839357429718802e+02 2.415989646991257567e-01 -1.610281670385129758e+02 2.500000000000000000e+05 0.000000000000000000e+00
1.000000000000000000e+03 2.536323968705265219e-01 -2.302039738016895143e+01 2.500000000000000000e+05 0.000000000000000000e+00
