# 2.556501433105341
0.000000000000000000e+00 1.965002718585565855e+00 2.648857192674406633e+03 2.500000000000000000e+05 7.950232102032648982e+03
4.016064257028111761e+00 2.432732567513221922e-01 -2.586942959479211481e+02 2.500000000000000000e+05 0.000000000000000000e+00
8.032128514056223523e+00 2.432732567513221922e-01 2.586942959479211481e+02 -2.089356164370454103e+07 0.000000000000000000e+00
1.204819277108433795e+01 1.965002718585565855e+00 -2.648857192674406633e+03 -2.671060847241597772e+08 0.000000000000000000e+00
1.606425702811244705e+01 2.848957356179188327e+00 -3.614869220448321812e+03 -3.780273382158372998e+08 0.000000000000000000e+00
2.008032128514056325e+01 2.636549447173876182e+00 -2.535796751676560234e+03 -3.435877349335773587e+08 0.000000000000000000e+00
2.409638554216867590e+01 9.505577903273479956e-01 1.177109361527322790e+03 -1.203086018759775013e+08 0.000000000000000000e+00
2.811244979919678499e+01 5.870657947668700416e-01 1.254139067307843334e+03 -7.208710258488513529e+07 0.000000000000000000e+00
3.212851405622489409e+01 5.986338704861460247e-01 1.348279127924227851e+03 -6.716808876854056120e+07 0.000000000000000000e+00
3.614457831325301385e+01 6.637194228704283994e-01 1.205332826930068450e+03 -7.265224452593238652e+07 0.000000000000000000e+00
4.016064257028112650e+01 6.983806182392980899e-01 1.014797996686251736e+03 -7.188176180877763033e+07 0.000000000000000000e+00
4.417670682730923915e+01 6.343958436878285312e-01 1.169932658265734290e+03 -6.335045640349348634e+07 0.000000000000000000e+00
4.819277108433735179e+01 5.738405917950443191e-01 1.314245143401248242e+03 -5.332412872931720316e+07 0.000000000000000000e+00
5.220883534136545734e+01 5.293170879681944330e-01 1.308928183744739272e+03 -4.586998523547486216e+07 0.000000000000000000e+00
5.622489959839356999e+01 4.778982926626249572e-01 9.607700646292037163e+02 -4.050273450446707755e+07 0.000000000000000000e+00
6.024096385542168974e+01 4.388969426449420008e-01 4.480222831194581090e+02 -3.685213027686627209e+07 0.000000000000000000e+00
6.425702811244978818e+01 4.656728174573153689e-01 -1.686880668389133575e+01 -3.713616835242504627e+07 0.000000000000000000e+00
6.827309236947790794e+01 5.429575167972352512e-01 -1.001407170644496773e+03 -3.811058819768962264e+07 0.000000000000000000e+00
7.228915662650602769e+01 7.176011623980167453e-01 -1.921874330241122607e+03 -4.373542372340265661e+07 0.000000000000000000e+00
7.630522088353414745e+01 7.349199822413740035e-01 -1.649218882739603032e+03 -4.494009238990845531e+07 0.000000000000000000e+00
8.032128514056225299e+01 6.340174634731647885e-01 -7.457950556174927215e+02 -4.190272687734818459e+07 0.000000000000000000e+00
8.433734939759035854e+01 5.494093964607953406e-01 -1.239292760955329697e+02 -3.858441300189429522e+07 0.000000000000000000e+00
8.835341365461847829e+01 5.028460531693871305e-01 1.780856430764117988e+02 -3.696158150942391157e+07 0.000000000000000000e+00
9.236947791164658383e+01 4.836803459065286970e-01 2.753361213024813878e+02 -3.620174232080855966e+07 0.000000000000000000e+00
9.638554216867470359e+01 4.569647983565522931e-01 4.417653430425816623e+02 -3.497242161514740437e+07 0.000000000000000000e+00
1.004016064257028091e+02 4.415616255507596177e-01 5.758725647584258240e+02 -3.373348485209197551e+07 0.000000000000000000e+00
1.044176706827309147e+02 4.229058688912814001e-01 6.985633560545974206e+02 -3.197737071296796948e+07 0.000000000000000000e+00
1.084337349397590344e+02 4.194536333067536704e-01 8.212265045164839421e+02 -3.126504505218159035e+07 0.000000000000000000e+00
1.124497991967871400e+02 4.288786096784859003e-01 7.773834065042233306e+02 -3.165560375037714839e+07 0.000000000000000000e+00
1.164658634538152597e+02 5.377013732119226841e-01 7.258639646146896212e+02 -3.739192067835739255e+07 0.000000000000000000e+00
1.204819277108433795e+02 7.753449173932158711e-01 -1.092863953042745152e+03 -4.596008355589965731e+07 0.000000000000000000e+00
1.244979919678714850e+02 1.420425210873133226e+00 -2.459408953762535020e+03 -6.971087921097698808e+07 0.000000000000000000e+00
1.285140562248995764e+02 1.272021596668258203e+00 -1.186735142156464235e+03 -6.926001177472509444e+07 0.000000000000000000e+00
1.325301204819277245e+02 6.788550420393439921e-01 1.360475467922093685e+03 -4.225641921493941545e+07 0.000000000000000000e+00
1.365461847389558159e+02 6.721131631611776402e-01 1.614752549284985889e+03 -3.603288621986736357e+07 0.000000000000000000e+00
1.405622489959839356e+02 7.088615928688574153e-01 2.179561811503908757e+03 -4.045370066322539002e+07 0.000000000000000000e+00
1.445783132530120554e+02 9.131648947473481881e-01 2.214284519353524047e+03 -5.862621631784584373e+07 0.000000000000000000e+00
1.485943775100401467e+02 1.276324798741841571e+00 2.317737420884557650e+03 -7.969538008035375178e+07 0.000000000000000000e+00
1.526104417670682949e+02 9.295658544254685740e-01 1.939503142889777109e+03 -5.858790921797394753e+07 0.000000000000000000e+00
1.566265060240963862e+02 5.675705079425962252e-01 1.413553400299902023e+03 -4.195523584463060647e+07 0.000000000000000000e+00
1.606425702811245060e+02 4.791649109692528996e-01 6.340905911761185507e+02 -3.751791745353653282e+07 0.000000000000000000e+00
1.646586345381525973e+02 6.404343168861826863e-01 -9.979932816782597911e+02 -4.239345239292098582e+07 0.000000000000000000e+00
1.686746987951807171e+02 1.189124422846780327e+00 -4.721963665482846409e+03 -6.149358429453802109e+07 0.000000000000000000e+00
1.726907630522088368e+02 1.108702398483323082e+00 -3.052866633723415362e+03 -6.413187983521508425e+07 0.000000000000000000e+00
1.767068273092369566e+02 5.948051831708480730e-01 2.107863158985560403e+01 -4.371108845927014202e+07 0.000000000000000000e+00
1.807228915662650479e+02 3.865768972705174722e-01 6.428058428172707863e+02 -3.191318288109254837e+07 0.000000000000000000e+00
1.847389558232931677e+02 3.484740707306651641e-01 6.200870251379669753e+02 -2.828713390358795598e+07 0.000000000000000000e+00
1.887550200803212590e+02 3.421694113704140672e-01 6.680991406400274855e+02 -2.828427490229832381e+07 0.000000000000000000e+00
1.927710843373494072e+02 3.519357626154813734e-01 6.576457411133445703e+02 -2.874649314581153542e+07 0.000000000000000000e+00
1.967871485943775269e+02 3.421678073345286175e-01 6.378199946569513941e+02 -2.745549443453025445e+07 0.000000000000000000e+00
2.008032128514056183e+02 3.529184125425979812e-01 5.696974284629098975e+02 -2.811930043085326999e+07 0.000000000000000000e+00
2.048192771084337380e+02 3.937334041090858605e-01 4.590551405066760822e+02 -3.165405362942622229e+07 0.000000000000000000e+00
2.088353413654618294e+02 4.523021914856013570e-01 3.396795297109104013e+02 -3.663102320723251998e+07 0.000000000000000000e+00
2.128514056224899775e+02 4.933902845960586592e-01 2.440376151537470832e+02 -3.887383750091638416e+07 0.000000000000000000e+00
2.168674698795180689e+02 5.158842711477649168e-01 1.559685747496274075e+02 -3.958046797243165225e+07 0.000000000000000000e+00
2.208835341365461886e+02 4.947279837192355978e-01 2.339561295948168720e+02 -3.760733546994093806e+07 0.000000000000000000e+00
2.248995983935742800e+02 4.450802259470468814e-01 4.054655962964068294e+02 -3.482191911992801726e+07 0.000000000000000000e+00
2.289156626506023997e+02 3.917865660474350586e-01 4.959401037069052336e+02 -3.146167227434463426e+07 0.000000000000000000e+00
2.329317269076305195e+02 3.617982495873490190e-01 4.874369821835953189e+02 -2.899335046226850897e+07 0.000000000000000000e+00
2.369477911646586392e+02 3.508463275380270807e-01 4.450488319134296376e+02 -2.789476528515147418e+07 0.000000000000000000e+00
2.409638554216867590e+02 3.637762641877246295e-01 3.958278897815587811e+02 -2.900227370524870232e+07 0.000000000000000000e+00
2.449799196787148503e+02 3.894071250247925775e-01 3.424555315453494586e+02 -3.140348420389088988e+07 0.000000000000000000e+00
2.489959839357429701e+02 4.221757149927389818e-01 2.351421454005211444e+02 -3.404763957899381965e+07 0.000000000000000000e+00
2.530120481927710614e+02 4.755035652005596414e-01 7.174152679421231937e+01 -3.731965571053443104e+07 0.000000000000000000e+00
2.570281124497991527e+02 5.353993211972024602e-01 -1.251393813909960215e+02 -4.051307000152789056e+07 0.000000000000000000e+00
2.610441767068273293e+02 5.473350680443476168e-01 -2.398721609428419015e+02 -4.093952529876933992e+07 0.000000000000000000e+00
2.650602409638554491e+02 5.543226051630980589e-01 -4.233853337656102553e+02 -4.104749644487215579e+07 0.000000000000000000e+00
2.690763052208835688e+02 6.666871391095272603e-01 -1.303164404646497815e+03 -4.645911947878547013e+07 0.000000000000000000e+00
2.730923694779116317e+02 8.192392333142375360e-01 -1.879310561608661601e+03 -5.425880564230484515e+07 0.000000000000000000e+00
2.771084337349397515e+02 7.439170566268374918e-01 -1.098132285994518725e+03 -5.078741428994811326e+07 0.000000000000000000e+00
2.811244979919678713e+02 5.465927341600941292e-01 3.642251291183413286e+01 -4.027158153037071228e+07 0.000000000000000000e+00
2.851405622489959910e+02 4.296920084228016967e-01 4.798673318271977450e+02 -3.356041587915659696e+07 0.000000000000000000e+00
2.891566265060241108e+02 4.001079912856828069e-01 5.510189182772078311e+02 -3.213845818215123191e+07 0.000000000000000000e+00
2.931726907630521737e+02 3.835317769244314112e-01 5.721195467877266765e+02 -3.129230255081508309e+07 0.000000000000000000e+00
2.971887550200802934e+02 3.774935493475972126e-01 5.790915711762276032e+02 -3.126276027584636211e+07 0.000000000000000000e+00
3.012048192771084700e+02 3.851103314419828116e-01 5.358890079011201806e+02 -3.176594535541603714e+07 0.000000000000000000e+00
3.052208835341365898e+02 3.972501494015686641e-01 4.738592420092471116e+02 -3.237663822606476769e+07 0.000000000000000000e+00
3.092369477911646527e+02 4.113640366635641366e-01 3.724864682804708877e+02 -3.328816307025238872e+07 0.000000000000000000e+00
3.132530120481927725e+02 4.254228527479435584e-01 3.159992773439084885e+02 -3.466165201417111605e+07 0.000000000000000000e+00
3.172690763052208922e+02 4.319603084490138967e-01 2.872382617041417916e+02 -3.527353947696945816e+07 0.000000000000000000e+00
3.212851405622490120e+02 4.498878330783560031e-01 2.203180656822196397e+02 -3.606195743657381088e+07 0.000000000000000000e+00
3.253012048192770749e+02 5.330845738505043396e-01 -3.889581460152519412e+02 -3.864503579469428957e+07 0.000000000000000000e+00
3.293172690763051946e+02 9.532180498528906032e-01 -3.396612487524407697e+03 -5.092764318710026145e+07 0.000000000000000000e+00
3.333333333333333144e+02 1.401716026650808189e+00 -5.334243221268481648e+03 -7.859507180368183553e+07 0.000000000000000000e+00
3.373493975903614341e+02 1.006157520311840470e+00 -2.061083265080613273e+03 -6.790373710329553485e+07 0.000000000000000000e+00
3.413654618473896107e+02 6.449753502895998469e-01 -2.547834954520327528e+02 -5.113892678759965301e+07 0.000000000000000000e+00
3.453815261044176737e+02 5.774501351544338856e-01 -1.737062823565950680e+02 -4.527971243882545829e+07 0.000000000000000000e+00
3.493975903614457934e+02 5.532311224266986960e-01 -2.435055485988968371e+01 -4.361466995383397490e+07 0.000000000000000000e+00
3.534136546184739132e+02 5.071334344825235707e-01 2.371069994040334450e+02 -4.041818858909575641e+07 0.000000000000000000e+00
3.574297188755020329e+02 4.638130948288442523e-01 4.807018835966988490e+02 -3.808006885863416642e+07 0.000000000000000000e+00
3.614457831325300958e+02 4.518750974032186285e-01 6.544310990077789256e+02 -3.758222836274851114e+07 0.000000000000000000e+00
3.654618473895582156e+02 4.473897784866359140e-01 7.602540292514330531e+02 -3.719713895060610771e+07 0.000000000000000000e+00
3.694779116465863353e+02 4.384647954585887963e-01 7.760993903630551358e+02 -3.641576047369277477e+07 0.000000000000000000e+00
3.734939759036144551e+02 4.251116603114678538e-01 6.814663203395266464e+02 -3.500123431387338787e+07 0.000000000000000000e+00
3.775100401606425180e+02 4.170844405654001719e-01 4.768737601848009717e+02 -3.476363972718235105e+07 0.000000000000000000e+00
3.815261044176706946e+02 4.203956788309129444e-01 2.706119161815623215e+02 -3.508745789564739913e+07 0.000000000000000000e+00
3.855421686746988144e+02 4.374414711103785658e-01 5.868507822579590538e+01 -3.633576189812451601e+07 0.000000000000000000e+00
3.895582329317269341e+02 4.736429644239865677e-01 -1.491755664592573680e+02 -3.863866489528486133e+07 0.000000000000000000e+00
3.935742971887550539e+02 5.018751885994833239e-01 -2.533742781555287422e+02 -4.052061187995268404e+07 0.000000000000000000e+00
3.975903614457831168e+02 5.241159795559970913e-01 -3.988632261580858653e+02 -4.204219409369198233e+07 0.000000000000000000e+00
4.016064257028112365e+02 6.525571155034176618e-01 -1.458339485797886937e+03 -4.643809981407973170e+07 0.000000000000000000e+00
4.056224899598393563e+02 9.863929325212710264e-01 -3.279070454134658121e+03 -6.429039669149198383e+07 0.000000000000000000e+00
4.096385542168674760e+02 8.947297373353275685e-01 -2.141258025793809793e+03 -6.437588588101498783e+07 0.000000000000000000e+00
4.136546184738955390e+02 5.998604345228071288e-01 -2.480266427503150908e+02 -4.849890770062549412e+07 0.000000000000000000e+00
4.176706827309236587e+02 4.439644458523046566e-01 3.359952243641724863e+02 -3.816266062213931233e+07 0.000000000000000000e+00
4.216867469879518353e+02 4.058768740557113786e-01 4.284535721451655377e+02 -3.550576013632328808e+07 0.000000000000000000e+00
4.257028112449799551e+02 4.006087666902636846e-01 3.872699017111335138e+02 -3.463341450234714895e+07 0.000000000000000000e+00
4.297188755020080180e+02 3.670262072816442012e-01 4.334354421654031171e+02 -3.152922881270963699e+07 0.000000000000000000e+00
4.337349397590361377e+02 3.565058898003823917e-01 4.380524929135621051e+02 -3.086349688315282017e+07 0.000000000000000000e+00
4.377510040160642575e+02 3.818362260012605480e-01 3.982486257636488745e+02 -3.307595308615833148e+07 0.000000000000000000e+00
4.417670682730923772e+02 4.149411076771615803e-01 3.810597464856198826e+02 -3.591381176963859051e+07 0.000000000000000000e+00
4.457831325301204970e+02 4.370874812930598541e-01 4.029378207361033901e+02 -3.783533197648702562e+07 0.000000000000000000e+00
4.497991967871485599e+02 4.361320388594530639e-01 4.635556854018433341e+02 -3.715112713830995560e+07 0.000000000000000000e+00
4.538152610441766797e+02 4.294795359181898808e-01 5.485478289945684764e+02 -3.624059315115910769e+07 0.000000000000000000e+00
4.578313253012047994e+02 4.186482343013782081e-01 5.950795584438491233e+02 -3.491558782699610293e+07 0.000000000000000000e+00
4.618473895582329760e+02 4.099894485162067226e-01 6.003285628530911708e+02 -3.369648442312211543e+07 0.000000000000000000e+00
4.658634538152610389e+02 4.244348281967506020e-01 5.389914978260475209e+02 -3.452621279863645881e+07 0.000000000000000000e+00
4.698795180722891587e+02 4.670983692323446013e-01 3.123465172186143377e+02 -3.717647985697291791e+07 0.000000000000000000e+00
4.738955823293172784e+02 5.667037665625530574e-01 -1.978478019490447082e+02 -4.289850516817921400e+07 0.000000000000000000e+00
4.779116465863453982e+02 6.913296640708512797e-01 -9.445301259546176880e+02 -5.024854983162917942e+07 0.000000000000000000e+00
4.819277108433735179e+02 7.078422224385370054e-01 -8.690286416277136823e+02 -5.190054794948419929e+07 0.000000000000000000e+00
4.859437751004015809e+02 6.165062183471325952e-01 -2.158906049018255260e+02 -4.677999967891418934e+07 0.000000000000000000e+00
4.899598393574297006e+02 5.056099020413280520e-01 2.811214543984358443e+02 -3.968175495230949670e+07 0.000000000000000000e+00
4.939759036144578204e+02 4.604630017520748297e-01 4.257426981542479325e+02 -3.660412324933694303e+07 0.000000000000000000e+00
4.979919678714859401e+02 4.790457600896354529e-01 2.274489715939289169e+02 -3.760878015705897659e+07 0.000000000000000000e+00
5.020080321285140599e+02 5.876453436315489665e-01 -3.421679876504958315e+02 -4.354679097380631417e+07 0.000000000000000000e+00
5.060240963855421228e+02 7.333190577609801641e-01 -1.054543855964371005e+03 -5.153236797499521077e+07 0.000000000000000000e+00
5.100401606425702994e+02 6.896688790095624189e-01 -6.672489584840741372e+02 -5.000139315051405132e+07 0.000000000000000000e+00
5.140562248995983055e+02 5.223741522380987989e-01 1.335684820561409083e+02 -4.083440900293344259e+07 0.000000000000000000e+00
5.180722891566265389e+02 4.175306462974674448e-01 4.544399024392592423e+02 -3.402859129349540174e+07 0.000000000000000000e+00
5.220883534136546587e+02 3.885385621060309935e-01 5.062155030071396595e+02 -3.195433745096991211e+07 0.000000000000000000e+00
5.261044176706827784e+02 4.046499683220422527e-01 4.376895673477015407e+02 -3.297565216823496297e+07 0.000000000000000000e+00
5.301204819277108982e+02 4.558188495183643774e-01 2.186184270375756284e+02 -3.603664740625154227e+07 0.000000000000000000e+00
5.341365461847389042e+02 5.440569122280007885e-01 -1.299694246731433793e+02 -4.069663712741177529e+07 0.000000000000000000e+00
5.381526104417671377e+02 5.971983316773616934e-01 -3.633483966357119925e+02 -4.393324121067913622e+07 0.000000000000000000e+00
5.421686746987951437e+02 5.432516929705848430e-01 -1.154257068493568426e+02 -4.133092102424184978e+07 0.000000000000000000e+00
5.461847389558232635e+02 4.933498625517392933e-01 5.250994886611378121e+01 -3.800657217206278443e+07 0.000000000000000000e+00
5.502008032128513833e+02 5.511415213157488946e-01 -2.491540096414593393e+02 -4.051703704380463809e+07 0.000000000000000000e+00
5.542168674698795030e+02 6.844443187411476393e-01 -7.576313484242969025e+02 -4.728410998544283211e+07 0.000000000000000000e+00
5.582329317269076228e+02 6.768046107622877061e-01 -2.976535052008332514e+02 -4.656100678692220896e+07 0.000000000000000000e+00
5.622489959839357425e+02 4.960084512909197496e-01 4.634863500608340701e+02 -3.632407727230974287e+07 0.000000000000000000e+00
5.662650602409638623e+02 4.060525893930169716e-01 7.152848747170318120e+02 -3.066440694926708937e+07 0.000000000000000000e+00
5.702811244979919820e+02 3.851756994262040545e-01 6.381223814960893606e+02 -2.905557359288881719e+07 0.000000000000000000e+00
5.742971887550201018e+02 4.083959815116297021e-01 5.507012937685142333e+02 -3.081411796889234707e+07 0.000000000000000000e+00
5.783132530120482215e+02 4.805200176572796966e-01 4.139464579076531550e+02 -3.622037985592196137e+07 0.000000000000000000e+00
5.823293172690763413e+02 6.037184254429240893e-01 2.042083713257941326e+02 -4.430244757152152061e+07 0.000000000000000000e+00
5.863453815261043474e+02 7.265879194042914602e-01 2.751404993372375429e+02 -4.938358909363173693e+07 0.000000000000000000e+00
5.903614457831325808e+02 6.709336991963696928e-01 3.995866040480254924e+02 -4.632429261734293401e+07 0.000000000000000000e+00
5.943775100401605869e+02 5.044837537423281226e-01 5.941886556393005776e+02 -3.845746784948910773e+07 0.000000000000000000e+00
5.983935742971887066e+02 4.248628968445295473e-01 3.818434186589116166e+02 -3.390527049352414906e+07 0.000000000000000000e+00
6.024096385542169401e+02 4.056056271810656311e-01 1.347553456677585473e+02 -3.248299654029510543e+07 0.000000000000000000e+00
6.064257028112449461e+02 4.191189989606964872e-01 -9.247695615569452343e+01 -3.321375817657381669e+07 0.000000000000000000e+00
6.104417670682731796e+02 4.521490729151684262e-01 -2.545665912827803936e+02 -3.525268857024381310e+07 0.000000000000000000e+00
6.144578313253011856e+02 4.577957545194372702e-01 -2.056026697096328064e+02 -3.545358871930688620e+07 0.000000000000000000e+00
6.184738955823293054e+02 4.496119224664287817e-01 -1.039111576969237092e+02 -3.474527416043513268e+07 0.000000000000000000e+00
6.224899598393574252e+02 4.710542357318365236e-01 -1.858527296562548372e+02 -3.566569212546186894e+07 0.000000000000000000e+00
6.265060240963855449e+02 4.976589522512053776e-01 -3.324061501630873181e+02 -3.661306055561020970e+07 0.000000000000000000e+00
6.305220883534136647e+02 4.919404028627909486e-01 -3.919101593295983434e+02 -3.529340929425320029e+07 0.000000000000000000e+00
6.345381526104417844e+02 5.216197910107263080e-01 -7.409008523922152563e+02 -3.522587495058612525e+07 0.000000000000000000e+00
6.385542168674697905e+02 6.004097875268077367e-01 -1.203887252222831876e+03 -3.789174987786532193e+07 0.000000000000000000e+00
6.425702811244980239e+02 5.538248748576455327e-01 -8.252262508648428820e+02 -3.630865017651663721e+07 0.000000000000000000e+00
6.465863453815261437e+02 4.293669040780983548e-01 -1.563679016119924086e+02 -3.110881689469294250e+07 0.000000000000000000e+00
6.506024096385541498e+02 3.661064036681633826e-01 5.168440113306620276e+01 -2.783185833300765976e+07 0.000000000000000000e+00
6.546184738955823832e+02 3.526308808197787803e-01 6.265125402086191286e+01 -2.700221129013818502e+07 0.000000000000000000e+00
6.586345381526103893e+02 3.540255480809839095e-01 5.275768186632124923e+01 -2.710115306746102870e+07 0.000000000000000000e+00
6.626506024096386227e+02 3.601900966478689403e-01 3.268716952599754677e+01 -2.744789872829928622e+07 0.000000000000000000e+00
6.666666666666666288e+02 3.786090319964071083e-01 -4.513500519743460160e+01 -2.865062231392895803e+07 0.000000000000000000e+00
6.706827309236947485e+02 4.333326455092472718e-01 -3.175171012911960133e+02 -3.199710750311759487e+07 0.000000000000000000e+00
6.746987951807228683e+02 5.345448228944256197e-01 -7.588105957387554099e+02 -3.767272075009400398e+07 0.000000000000000000e+00
6.787148594377509880e+02 5.760724162944034221e-01 -7.622197576775328116e+02 -3.959078863309632242e+07 0.000000000000000000e+00
6.827309236947792215e+02 5.068904883773548420e-01 -2.564810687979500017e+02 -3.545628359060688317e+07 0.000000000000000000e+00
6.867469879518072275e+02 4.161904425641050342e-01 1.525932311666127816e+02 -3.011419045573768392e+07 0.000000000000000000e+00
6.907630522088353473e+02 3.882584998710670865e-01 2.055536570370759932e+02 -2.851304479343020916e+07 0.000000000000000000e+00
6.947791164658634671e+02 4.059506814456494972e-01 4.476298958626625080e+01 -2.974343267817128822e+07 0.000000000000000000e+00
6.987951807228915868e+02 4.556235589918130047e-01 -2.921211886357474441e+02 -3.293812877015384659e+07 0.000000000000000000e+00
7.028112449799195929e+02 5.331149416790560425e-01 -7.068084262266108908e+02 -3.772272504892397672e+07 0.000000000000000000e+00
7.068273092369478263e+02 5.254166497172693129e-01 -6.118606376217882143e+02 -3.751662944149822742e+07 0.000000000000000000e+00
7.108433734939758324e+02 4.348225180741576157e-01 -1.421929887105504520e+02 -3.247356841444580257e+07 0.000000000000000000e+00
7.148594377510040658e+02 3.606977828546926723e-01 1.299429250165624978e+02 -2.822378800768451020e+07 0.000000000000000000e+00
7.188755020080320719e+02 3.347795857341076542e-01 1.861530838855161960e+02 -2.670317874083786458e+07 0.000000000000000000e+00
7.228915662650601917e+02 3.351274119804831808e-01 1.671525735084128144e+02 -2.688413850564925000e+07 0.000000000000000000e+00
7.269076305220884251e+02 3.502078715474982173e-01 1.160257120713901315e+02 -2.786480211309298128e+07 0.000000000000000000e+00
7.309236947791164312e+02 3.745613912580613714e-01 1.802797997879708447e+01 -2.957267249013039097e+07 0.000000000000000000e+00
7.349397590361446646e+02 4.133237975841120848e-01 -7.285826510691163094e+01 -3.247170725607622415e+07 0.000000000000000000e+00
7.389558232931726707e+02 4.404744265698407046e-01 -9.092330066241891018e+01 -3.468923075260855258e+07 0.000000000000000000e+00
7.429718875502007904e+02 4.430018521504552886e-01 1.340561092355514177e+02 -3.453226609213503450e+07 0.000000000000000000e+00
7.469879518072289102e+02 4.308696466676431025e-01 3.981389030566918450e+02 -3.336440029853829741e+07 0.000000000000000000e+00
7.510040160642570299e+02 4.214392152914108181e-01 5.686101393636647572e+02 -3.226765672547587007e+07 0.000000000000000000e+00
7.550200803212850360e+02 4.114936695912171372e-01 5.648939000211563553e+02 -3.143387670679003000e+07 0.000000000000000000e+00
7.590361445783132694e+02 3.908738191292813191e-01 4.180713330469807261e+02 -3.011031270023684576e+07 0.000000000000000000e+00
7.630522088353413892e+02 3.694842157725879428e-01 2.542571960863527636e+02 -2.865991738348124921e+07 0.000000000000000000e+00
7.670682730923695090e+02 3.614405714740963615e-01 1.449982373383824097e+02 -2.810427968836037815e+07 0.000000000000000000e+00
7.710843373493976287e+02 3.647936935839395378e-01 6.354182750919169109e+01 -2.820751102451872081e+07 0.000000000000000000e+00
7.751004016064256348e+02 3.803524323992001355e-01 -3.165831252513472549e+01 -2.877020755681260303e+07 0.000000000000000000e+00
7.791164658634538682e+02 4.137149928226472873e-01 -1.632920187968999244e+02 -3.017775675271371379e+07 0.000000000000000000e+00
7.831325301204818743e+02 4.532703809635605929e-01 -2.922346242402703638e+02 -3.210576087183225900e+07 0.000000000000000000e+00
7.871485943775101077e+02 4.824289339722902525e-01 -2.356457864916270637e+02 -3.392712108858535439e+07 0.000000000000000000e+00
7.911646586345381138e+02 4.816321709353953984e-01 8.145958546891327501e+01 -3.423996829202552885e+07 0.000000000000000000e+00
7.951807228915662336e+02 4.347238082362036016e-01 4.021422302837495977e+02 -3.187908416018706560e+07 0.000000000000000000e+00
7.991967871485943533e+02 3.991987476235140386e-01 4.517137926428500236e+02 -3.018405417155934125e+07 0.000000000000000000e+00
8.032128514056224731e+02 4.024718295306113913e-01 2.410663527499320935e+02 -3.065073860844523460e+07 0.000000000000000000e+00
8.072289156626505928e+02 4.343754616448416428e-01 -8.867650715141292039e+01 -3.255624613971036673e+07 0.000000000000000000e+00
8.112449799196787126e+02 4.601715994873604165e-01 -2.435468122233713189e+02 -3.390334075560079515e+07 0.000000000000000000e+00
8.152610441767068323e+02 4.284795514298482821e-01 -7.255448438882186224e+01 -3.183822965388413519e+07 0.000000000000000000e+00
8.192771084337349521e+02 3.782333502244308865e-01 1.040888298307514788e+02 -2.842960742939629033e+07 0.000000000000000000e+00
8.232931726907630718e+02 3.567202830981986428e-01 9.278358184885628646e+01 -2.651876429597806931e+07 0.000000000000000000e+00
8.273092369477910779e+02 3.608099120660508974e-01 -4.116452926263072243e+01 -2.629317207801972702e+07 0.000000000000000000e+00
8.313253012048193114e+02 3.678134479342172747e-01 -1.588079618554908166e+02 -2.657421776901938766e+07 0.000000000000000000e+00
8.353413654618473174e+02 3.623619717022918407e-01 -1.883760311321984489e+02 -2.640453328803468868e+07 0.000000000000000000e+00
8.393574297188755509e+02 3.472255115859016472e-01 -1.552766304815102103e+02 -2.571669769348179176e+07 0.000000000000000000e+00
8.433734939759036706e+02 3.335189848733380313e-01 -1.107104041642821670e+02 -2.496429491700509191e+07 0.000000000000000000e+00
8.473895582329316767e+02 3.284735837102356615e-01 -1.114018584867642119e+02 -2.448677289824752882e+07 0.000000000000000000e+00
8.514056224899599101e+02 3.322359628749094185e-01 -1.504216415956212529e+02 -2.444247729310291633e+07 0.000000000000000000e+00
8.554216867469879162e+02 3.325451731076726203e-01 -2.019634150020644938e+02 -2.440548259581516311e+07 0.000000000000000000e+00
8.594377510040160359e+02 3.342206817279815834e-01 -2.291212874704023648e+02 -2.468456752211061493e+07 0.000000000000000000e+00
8.634538152610441557e+02 3.402688080489494893e-01 -2.364823736206865306e+02 -2.497748871160835773e+07 0.000000000000000000e+00
8.674698795180722755e+02 3.468009319219618192e-01 -2.382653779738620869e+02 -2.506066406879200041e+07 0.000000000000000000e+00
8.714859437751003952e+02 3.471387579224871622e-01 -2.462282845741235064e+02 -2.501461500147712603e+07 0.000000000000000000e+00
8.755020080321285150e+02 3.368633474282494711e-01 -2.638714363166814110e+02 -2.446484256697636470e+07 0.000000000000000000e+00
8.795180722891565210e+02 3.233387343424140581e-01 -2.741797291535371528e+02 -2.368407797540797293e+07 0.000000000000000000e+00
8.835341365461847545e+02 3.159964074400433143e-01 -2.582910559547887033e+02 -2.326543304040538520e+07 0.000000000000000000e+00
8.875502008032128742e+02 3.171441635039594087e-01 -2.499148203286181058e+02 -2.341786754647029936e+07 0.000000000000000000e+00
8.915662650602409940e+02 3.241613259494545707e-01 -2.252919741171201906e+02 -2.386120470416970551e+07 0.000000000000000000e+00
8.955823293172691137e+02 3.251054993029967033e-01 -1.775662243622624885e+02 -2.393499316640671343e+07 0.000000000000000000e+00
8.995983935742971198e+02 3.178657143734434642e-01 -1.008102461556700860e+02 -2.330240162667309120e+07 0.000000000000000000e+00
9.036144578313253533e+02 3.049887669738960416e-01 -1.305148304386333180e+01 -2.223871748895238712e+07 0.000000000000000000e+00
9.076305220883533593e+02 2.887550393906562762e-01 3.698779215488605843e+01 -2.098224829772997275e+07 0.000000000000000000e+00
9.116465863453815928e+02 2.729835120617642441e-01 6.180179882623910714e+01 -1.972216221995734423e+07 0.000000000000000000e+00
9.156626506024095988e+02 2.565290327012451632e-01 6.870069942978823008e+01 -1.827532439037701488e+07 0.000000000000000000e+00
9.196787148594377186e+02 2.408991958708664449e-01 7.796233511860216936e+01 -1.690202352133142203e+07 0.000000000000000000e+00
9.236947791164659520e+02 2.286755352183332535e-01 7.174321416282009523e+01 -1.591055769645241089e+07 0.000000000000000000e+00
9.277108433734939581e+02 2.264986650215355113e-01 7.448661316300260182e+01 -1.540926163987745717e+07 0.000000000000000000e+00
9.317269076305220779e+02 2.275805142061386455e-01 5.562387532847135674e+01 -1.531092955650060251e+07 0.000000000000000000e+00
9.357429718875501976e+02 2.425661029547399039e-01 4.149125197199266779e+01 -1.583794976619659178e+07 0.000000000000000000e+00
9.397590361445783174e+02 2.789323238859806597e-01 1.072446028926115673e+02 -1.735746232785077021e+07 0.000000000000000000e+00
9.437751004016064371e+02 2.853501824689265720e-01 1.563751765402094485e+01 -1.758878039117273688e+07 0.000000000000000000e+00
9.477911646586345569e+02 2.805487867530335744e-01 -1.607769803318933839e+02 -1.676259229483870417e+07 0.000000000000000000e+00
9.518072289156625629e+02 3.321801387729271804e-01 1.249170834449307677e+01 -1.658893794535524584e+07 0.000000000000000000e+00
9.558232931726907964e+02 4.420318109373128079e-01 7.662608223360249440e+02 -1.622937096266116016e+07 0.000000000000000000e+00
9.598393574297188025e+02 5.191128026673141882e-01 1.611585381134696945e+03 -9.770307566858910024e+06 0.000000000000000000e+00
9.638554216867470359e+02 3.889083340571998226e-01 1.243710133204913745e+03 -4.271151632496058010e+06 0.000000000000000000e+00
9.678714859437751556e+02 2.668236441837889550e-01 2.687154922591613513e+02 -3.488102560450022575e+06 0.000000000000000000e+00
9.718875502008031617e+02 2.267021542920802379e-01 1.353471605740428174e+01 -2.636845918304935563e+06 0.000000000000000000e+00
9.759036144578313952e+02 2.072583585523971872e-01 -4.285576857500710446e+01 -1.364921031122912886e+06 0.000000000000000000e+00
9.799196787148594012e+02 1.931829571901889642e-01 -1.120117532142587322e+02 -4.969553824808793725e+05 0.000000000000000000e+00
9.839357429718875210e+02 1.833258978323338007e-01 -1.535687144993615902e+02 2.815540890904853586e+04 0.000000000000000000e+00
9.879518072289156407e+02 1.768344340297329786e-01 -1.726411379581632843e+02 2.418605108969278808e+05 0.000000000000000000e+00
9.919678714859437605e+02 1.725700650296241589e-01 -1.855937190312387486e+02 2.517324077747581177e+05 0.000000000000000000e+00
9.959839357429718802e+02 1.725700650296241589e-01 -1.855937190312387486e+02 2.500000000000000000e+05 0.000000000000000000e+00
1.000000000000000000e+03 1.768344340297329786e-01 -1.726411379581632843e+02 2.500000000000000000e+05 0.000000000000000000e+00
