# 0.34411047110513343
0.000000000000000000e+00 8.030018173707278439e-01 2.516228597279108783e+02 2.500000000000000000e+05 7.950232102032648982e+03
4.016064257028111761e+00 7.016380429107074157e-01 2.226606732778463993e+00 2.500000000000000000e+05 0.000000000000000000e+00
8.032128514056223523e+00 7.016380429107074157e-01 -2.226606732778463993e+00 -6.614351025120151229e+06 0.000000000000000000e+00
1.204819277108433795e+01 8.030018173707278439e-01 -2.516228597279108783e+02 -6.720219930965386331e+06 0.000000000000000000e+00
1.606425702811244705e+01 8.883037864999545619e-01 3.685052741607428857e+02 -7.060615112061898224e+06 0.000000000000000000e+00
2.008032128514056325e+01 8.896552986220279680e-01 6.944247991757933391e+01 -1.068427765215081349e+07 0.000000000000000000e+00
2.409638554216867590e+01 7.430003992779966593e-01 -2.506790415639870844e+02 -1.466480466210661456e+07 0.000000000000000000e+00
2.811244979919678499e+01 7.799155908067874066e-01 -8.051869514176557914e+02 -1.580863938971710205e+07 0.000000000000000000e+00
3.212851405622489409e+01 9.642236406649896674e-01 -1.033238005258422731e+02 -1.568084611025246978e+07 0.000000000000000000e+00
3.614457831325301385e+01 1.130357135871923324e+00 1.897120950015706171e+02 -1.671135089267665148e+07 0.000000000000000000e+00
4.016064257028112650e+01 9.784710575713472247e-01 -5.401576283616720957e+02 -1.933780077782089263e+07 0.000000000000000000e+00
4.417670682730923915e+01 9.082689715550963383e-01 -1.362079859958433872e+03 -1.981415372904972732e+07 0.000000000000000000e+00
4.819277108433735179e+01 9.759839352345629493e-01 -9.506734667211167107e+02 -1.930782105051042140e+07 0.000000000000000000e+00
5.220883534136545734e+01 1.129066397301507818e+00 -6.582367629486060423e+01 -1.967841803306837380e+07 0.000000000000000000e+00
5.622489959839356999e+01 1.075886924231017616e+00 3.697911434361625993e+02 -2.016570788589195162e+07 0.000000000000000000e+00
6.024096385542168974e+01 9.556130484584950402e-01 -2.498683816920261052e+02 -2.044712697750471905e+07 0.000000000000000000e+00
6.425702811244978818e+01 8.711257628370883133e-01 -8.296738222670609275e+02 -2.053228685263986140e+07 0.000000000000000000e+00
6.827309236947790794e+01 9.014795500418207874e-01 -1.199415699173302528e+03 -2.019799515817617998e+07 0.000000000000000000e+00
7.228915662650602769e+01 1.012557692028034806e+00 -7.783197650885283565e+02 -1.894927014186178520e+07 0.000000000000000000e+00
7.630522088353414745e+01 1.196047109548858511e+00 1.959128402482691342e+02 -1.736914098756338656e+07 0.000000000000000000e+00
8.032128514056225299e+01 1.154520748467604774e+00 3.933800425794272542e+02 -1.815139474002385885e+07 0.000000000000000000e+00
8.433734939759035854e+01 9.532741071626940066e-01 -3.738133662905116239e+02 -1.860693972873764113e+07 0.000000000000000000e+00
8.835341365461847829e+01 8.237370563730972428e-01 -9.931654996821883969e+02 -1.857386452296762541e+07 0.000000000000000000e+00
9.236947791164658383e+01 8.999067264891402740e-01 -8.802359289955660415e+02 -1.796118945831543952e+07 0.000000000000000000e+00
9.638554216867470359e+01 1.150224385256438664e+00 4.395166114200956144e+02 -1.430404624958416633e+07 0.000000000000000000e+00
1.004016064257028091e+02 1.218918498787622484e+00 9.708957592551817015e+02 -1.262186673663477600e+07 0.000000000000000000e+00
1.044176706827309147e+02 9.766643609498347756e-01 -3.006940838428123470e+02 -1.546495298477517068e+07 0.000000000000000000e+00
1.084337349397590344e+02 7.922736147332748446e-01 -1.239740845238299244e+03 -1.593667233721556515e+07 0.000000000000000000e+00
1.124497991967871400e+02 8.172647051102210902e-01 -1.152695291693795980e+03 -1.523468739571085572e+07 0.000000000000000000e+00
1.164658634538152597e+02 1.081367176858345269e+00 2.734239706452221981e+02 -1.205797885101362877e+07 0.000000000000000000e+00
1.204819277108433795e+02 1.192310087885221082e+00 1.443302422419537152e+03 -8.536170593108149245e+06 0.000000000000000000e+00
1.244979919678714850e+02 9.593583751364486156e-01 2.256525138348458768e+02 -1.194305981726944074e+07 0.000000000000000000e+00
1.285140562248995764e+02 7.576417349661350720e-01 -1.021336851627236001e+03 -1.471368471100231260e+07 0.000000000000000000e+00
1.325301204819277245e+02 7.395156383501551023e-01 -1.347855058137409969e+03 -1.409031156654905714e+07 0.000000000000000000e+00
1.365461847389558159e+02 1.002497255120154085e+00 -1.308371709784499899e+02 -9.044196851957742125e+06 0.000000000000000000e+00
1.405622489959839356e+02 1.287747213010832503e+00 1.923317786219584377e+03 -1.955137514495246578e+06 0.000000000000000000e+00
1.445783132530120554e+02 1.068447906105700840e+00 1.116080912553835560e+03 -6.511803078160230070e+06 0.000000000000000000e+00
1.485943775100401467e+02 7.681936965600287825e-01 -7.437499154053397206e+02 -1.237374900794711709e+07 0.000000000000000000e+00
1.526104417670682949e+02 6.420141817432918341e-01 -1.441146342973215496e+03 -1.264726275221641362e+07 0.000000000000000000e+00
1.566265060240963862e+02 7.114768679978642485e-01 -1.361806536521780345e+03 -1.181913713035927713e+07 0.000000000000000000e+00
1.606425702811245060e+02 1.054233811633088935e+00 3.863135933275366369e+02 -5.592827198620730080e+06 0.000000000000000000e+00
1.646586345381525973e+02 1.259464793008209682e+00 2.248668926007773280e+03 1.310012968628630042e+05 0.000000000000000000e+00
1.686746987951807171e+02 9.662138549408048060e-01 7.380456012084500799e+02 -6.606493464767904952e+06 0.000000000000000000e+00
1.726907630522088368e+02 7.122482988929190739e-01 -7.930353454774752890e+02 -1.210705339043740183e+07 0.000000000000000000e+00
1.767068273092369566e+02 7.562547620172819229e-01 -8.878574399906453891e+02 -1.134661815588830411e+07 0.000000000000000000e+00
1.807228915662650479e+02 1.054740000635701946e+00 9.002616108614421364e+02 -4.784250952532272786e+06 0.000000000000000000e+00
1.847389558232931677e+02 1.220408955753579772e+00 2.524625821798629204e+03 7.582018211736588273e+05 0.000000000000000000e+00
1.887550200803212590e+02 9.153500899946661606e-01 8.581753475796665498e+02 -6.670195242735456675e+06 0.000000000000000000e+00
1.927710843373494072e+02 6.729724983995765131e-01 -7.970551754911384705e+02 -1.216177555899364874e+07 0.000000000000000000e+00
1.967871485943775269e+02 6.310721816567274045e-01 -1.238400924381755431e+03 -1.243562015078391507e+07 0.000000000000000000e+00
2.008032128514056183e+02 8.647888279967850256e-01 -2.859218071470164659e+02 -8.581498917661104351e+06 0.000000000000000000e+00
2.048192771084337380e+02 1.251197925132757183e+00 2.464598970836298122e+03 2.236864731055476703e+06 0.000000000000000000e+00
2.088353413654618294e+02 1.147215022030455778e+00 2.451594287800243819e+03 6.665850142368581146e+05 0.000000000000000000e+00
2.128514056224899775e+02 7.487601133142589571e-01 -1.616951712086784028e+02 -1.029095494385005161e+07 0.000000000000000000e+00
2.168674698795180689e+02 6.191330682926223794e-01 -1.155440320217304134e+03 -1.267341337308187596e+07 0.000000000000000000e+00
2.208835341365461886e+02 7.611306041082989138e-01 -6.623680061742045382e+02 -1.082060988856949285e+07 0.000000000000000000e+00
2.248995983935742800e+02 1.132093731280656934e+00 1.787178380350666430e+03 -2.260985595899276435e+06 0.000000000000000000e+00
2.289156626506023997e+02 1.193201049880981524e+00 2.918128613803829921e+03 9.782306401417963207e+05 0.000000000000000000e+00
2.329317269076305195e+02 8.016654291516600583e-01 5.007473868525249259e+02 -9.182588684120465070e+06 0.000000000000000000e+00
2.369477911646586392e+02 6.160964980872686292e-01 -8.912379818187605451e+02 -1.334279693573733978e+07 0.000000000000000000e+00
2.409638554216867590e+02 6.905895647809182636e-01 -7.815322101888132238e+02 -1.252628526483752578e+07 0.000000000000000000e+00
2.449799196787148503e+02 1.035770101889418982e+00 1.255381424127420360e+03 -5.382603685608055443e+06 0.000000000000000000e+00
2.489959839357429701e+02 1.240738822109913597e+00 3.319797548316351367e+03 1.737542152295999229e+06 0.000000000000000000e+00
2.530120481927710614e+02 8.867552664012761099e-01 1.293864717746987708e+03 -6.780895754149394110e+06 0.000000000000000000e+00
2.570281124497991527e+02 6.160572191532699415e-01 -6.510213372409953081e+02 -1.321677340932736173e+07 0.000000000000000000e+00
2.610441767068273293e+02 5.981293487980519075e-01 -1.010338142758670756e+03 -1.354585955734930933e+07 0.000000000000000000e+00
2.650602409638554491e+02 8.465146439119437538e-01 1.515329418687128964e+02 -1.011784288738748431e+07 0.000000000000000000e+00
2.690763052208835688e+02 1.210437418485865502e+00 2.947663025022821785e+03 2.656450855261972174e+04 0.000000000000000000e+00
2.730923694779116317e+02 1.075637519422810495e+00 2.811269995119657324e+03 -1.085641571178255603e+06 0.000000000000000000e+00
2.771084337349397515e+02 6.921252019267060129e-01 4.520559353096984978e+01 -1.156744339654015005e+07 0.000000000000000000e+00
2.811244979919678713e+02 5.838009559550184635e-01 -8.812852856184458687e+02 -1.411936656781553105e+07 0.000000000000000000e+00
2.851405622489959910e+02 7.431868993505360566e-01 -3.231567519933347512e+02 -1.262061075006985664e+07 0.000000000000000000e+00
2.891566265060241108e+02 1.126074538950515347e+00 2.356853262121187981e+03 -3.393304391295943875e+06 0.000000000000000000e+00
2.931726907630521737e+02 1.166878880726608614e+00 3.391075804079634509e+03 4.069093280832879245e+05 0.000000000000000000e+00
2.971887550200802934e+02 7.424612821737668344e-01 5.856156319377487307e+02 -1.023842997298412398e+07 0.000000000000000000e+00
3.012048192771084700e+02 5.641139039359601703e-01 -8.173262907492824070e+02 -1.414714052533966489e+07 0.000000000000000000e+00
3.052208835341365898e+02 6.157984862964495099e-01 -8.336654684192635614e+02 -1.388243838471781090e+07 0.000000000000000000e+00
3.092369477911646527e+02 9.470165871976540251e-01 9.542023002054113476e+02 -8.354736493695952930e+06 0.000000000000000000e+00
3.132530120481927725e+02 1.248462743439408884e+00 3.716829484091302675e+03 2.428288547860449646e+06 0.000000000000000000e+00
3.172690763052208922e+02 9.446102835525492791e-01 1.991876611124929013e+03 -4.417030916027514264e+06 0.000000000000000000e+00
3.212851405622490120e+02 6.217580448081621025e-01 -4.437415955408354193e+02 -1.331256479283268005e+07 0.000000000000000000e+00
3.253012048192770749e+02 6.000553787565804376e-01 -9.657492449309904714e+02 -1.429431521071150154e+07 0.000000000000000000e+00
3.293172690763051946e+02 8.800378903441387068e-01 3.455905517506972728e+02 -1.028938494135056436e+07 0.000000000000000000e+00
3.333333333333333144e+02 1.257722566337257764e+00 3.369152977628589269e+03 7.475851197215607390e+05 0.000000000000000000e+00
3.373493975903614341e+02 1.025252794370713039e+00 2.452368815232799534e+03 -3.236367604524065740e+06 0.000000000000000000e+00
3.413654618473896107e+02 6.381820846273842385e-01 -2.911539257819899831e+02 -1.286778145199079439e+07 0.000000000000000000e+00
3.453815261044176737e+02 5.282472821711752253e-01 -1.085508701948512908e+03 -1.403550716571855359e+07 0.000000000000000000e+00
3.493975903614457934e+02 6.513417519688468049e-01 -7.394074897434940112e+02 -1.335945186619985849e+07 0.000000000000000000e+00
3.534136546184739132e+02 1.040935186058212114e+00 1.711652969229936389e+03 -5.742650910987274721e+06 0.000000000000000000e+00
3.574297188755020329e+02 1.242448662701616913e+00 3.907082489965167042e+03 2.461848764470912516e+06 0.000000000000000000e+00
3.614457831325300958e+02 8.251519588641185177e-01 1.491477394252995737e+03 -6.965104806094072759e+06 0.000000000000000000e+00
3.654618473895582156e+02 5.727917229205390370e-01 -5.602667497015413574e+02 -1.389992127355326340e+07 0.000000000000000000e+00
3.694779116465863353e+02 6.084878352745460850e-01 -6.980640885165498730e+02 -1.424046876434325427e+07 0.000000000000000000e+00
3.734939759036144551e+02 9.307944956949475435e-01 1.103344690441638249e+03 -8.873968647274650633e+06 0.000000000000000000e+00
3.775100401606425180e+02 1.239316968169310140e+00 4.069800952036620856e+03 2.731087546440890990e+06 0.000000000000000000e+00
3.815261044176706946e+02 9.226048555550936392e-01 2.318335691675864837e+03 -4.027937489085580222e+06 0.000000000000000000e+00
3.855421686746988144e+02 5.763036763184966604e-01 -3.166193157326858909e+02 -1.343914884038010240e+07 0.000000000000000000e+00
3.895582329317269341e+02 4.968011049698932147e-01 -9.744075961677775695e+02 -1.431717071413637511e+07 0.000000000000000000e+00
3.935742971887550539e+02 6.280015812144874587e-01 -5.954851146152939236e+02 -1.389040355516858771e+07 0.000000000000000000e+00
3.975903614457831168e+02 1.028562600687110473e+00 2.007385091065091046e+03 -5.682925252086640336e+06 0.000000000000000000e+00
4.016064257028112365e+02 1.227273255733747348e+00 4.255576982896262052e+03 3.107684476683872286e+06 0.000000000000000000e+00
4.056224899598393563e+02 7.861824562202262001e-01 1.541965647368807822e+03 -7.297056770523777232e+06 0.000000000000000000e+00
4.096385542168674760e+02 5.283356765607525318e-01 -5.265446838853553118e+02 -1.409635195234604366e+07 0.000000000000000000e+00
4.136546184738955390e+02 4.972728218532760924e-01 -8.927978443859728941e+02 -1.448281784672393650e+07 0.000000000000000000e+00
4.176706827309236587e+02 6.833341651359596813e-01 -1.626044126733891062e+02 -1.367646022935485654e+07 0.000000000000000000e+00
4.216867469879518353e+02 1.094588361354042139e+00 2.926020329743670118e+03 -2.695695231227256358e+06 0.000000000000000000e+00
4.257028112449799551e+02 1.165471841001411768e+00 4.383672916427669406e+03 4.289075015136930160e+06 0.000000000000000000e+00
4.297188755020080180e+02 6.831405832075305717e-01 1.004912732236561510e+03 -8.992493937138535082e+06 0.000000000000000000e+00
4.337349397590361377e+02 5.025908808925286797e-01 -5.772839171529748228e+02 -1.439790737634595856e+07 0.000000000000000000e+00
4.377510040160642575e+02 5.365472647732376643e-01 -6.672143051718094284e+02 -1.475102362718860060e+07 0.000000000000000000e+00
4.417670682730923772e+02 8.208815476421406077e-01 8.027599572983012877e+02 -1.143743319851929881e+07 0.000000000000000000e+00
4.457831325301204970e+02 1.209737589717579720e+00 4.263690461349639008e+03 1.729448460294392658e+06 0.000000000000000000e+00
4.497991967871485599e+02 9.727886903162886734e-01 3.323602983023416982e+03 -1.223163145563731901e+06 0.000000000000000000e+00
4.538152610441766797e+02 5.583460987201951387e-01 7.340484568581086933e+01 -1.286472689616046473e+07 0.000000000000000000e+00
4.578313253012047994e+02 4.636704468076740526e-01 -7.484891136976820007e+02 -1.447604540006153658e+07 0.000000000000000000e+00
4.618473895582329760e+02 5.409213879114671553e-01 -5.528417979375366258e+02 -1.464519214124162123e+07 0.000000000000000000e+00
4.658634538152610389e+02 8.457090662036119699e-01 1.224560912577310546e+03 -1.116129981023190729e+07 0.000000000000000000e+00
4.698795180722891587e+02 1.183911511611718481e+00 4.600838692071141850e+03 2.165848071360315662e+06 0.000000000000000000e+00
4.738955823293172784e+02 9.114576328744339317e-01 3.127827725600380290e+03 -2.023323103068924509e+06 0.000000000000000000e+00
4.779116465863453982e+02 5.372251454259475700e-01 4.091661687183545837e+01 -1.337585055494550429e+07 0.000000000000000000e+00
4.819277108433735179e+02 4.497384576213058760e-01 -7.330882887483752484e+02 -1.478892640943193808e+07 0.000000000000000000e+00
4.859437751004015809e+02 5.389427078802161430e-01 -5.433255378566559557e+02 -1.500906974104523659e+07 0.000000000000000000e+00
4.899598393574297006e+02 8.864347104960738077e-01 1.480780464772568848e+03 -1.070682666394237056e+07 0.000000000000000000e+00
4.939759036144578204e+02 1.195253987109023752e+00 4.865346325485434136e+03 2.853677776934840251e+06 0.000000000000000000e+00
4.979919678714859401e+02 8.583059623385445036e-01 2.867410824956835313e+03 -2.716522896536057815e+06 0.000000000000000000e+00
5.020080321285140599e+02 5.117973528935333416e-01 -1.655819976054579001e+01 -1.350910705549147166e+07 0.000000000000000000e+00
5.060240963855421228e+02 4.481662846402562073e-01 -6.727681430329753312e+02 -1.508605177742294781e+07 0.000000000000000000e+00
5.100401606425702994e+02 5.628636330413042677e-01 -3.838558614195258087e+02 -1.567123592908129469e+07 0.000000000000000000e+00
5.140562248995983055e+02 9.657124380678330233e-01 2.320978747930342251e+03 -8.164777266430455260e+06 0.000000000000000000e+00
5.180722891566265389e+02 1.218372763402985282e+00 5.100845148046363647e+03 3.702572923454384319e+06 0.000000000000000000e+00
5.220883534136546587e+02 7.390143263504606042e-01 2.073778819793852108e+03 -6.025751067938960157e+06 0.000000000000000000e+00
5.261044176706827784e+02 4.747331533879808330e-01 -2.893428812976935092e+02 -1.451032515785636194e+07 0.000000000000000000e+00
5.301204819277108982e+02 4.336115036059263184e-01 -7.060680258313064996e+02 -1.508382947458294593e+07 0.000000000000000000e+00
5.341365461847389042e+02 5.501775759009666089e-01 -3.712379345767565155e+02 -1.588236163612788171e+07 0.000000000000000000e+00
5.381526104417671377e+02 9.465036330771894324e-01 2.310381557112988958e+03 -9.045188164728447795e+06 0.000000000000000000e+00
5.421686746987951437e+02 1.215376336795020107e+00 5.229061503551777605e+03 3.696468387848419603e+06 0.000000000000000000e+00
5.461847389558232635e+02 7.420989168773837186e-01 2.295707578198047941e+03 -5.488060837091764435e+06 0.000000000000000000e+00
5.502008032128513833e+02 4.688073771622770503e-01 -2.744197038485085045e+02 -1.436811564629512466e+07 0.000000000000000000e+00
5.542168674698795030e+02 4.284431982100351255e-01 -6.732113550752163746e+02 -1.507848984785485268e+07 0.000000000000000000e+00
5.582329317269076228e+02 5.527298137042009341e-01 -2.816618885452492123e+02 -1.603889358397587761e+07 0.000000000000000000e+00
5.622489959839357425e+02 9.548407837697715506e-01 2.541908778049319153e+03 -8.559596828750997782e+06 0.000000000000000000e+00
5.662650602409638623e+02 1.192417747033651665e+00 5.324987451665529079e+03 3.958946755568738095e+06 0.000000000000000000e+00
5.702811244979919820e+02 7.152161053285223113e-01 2.200957514364079998e+03 -6.014895246663546190e+06 0.000000000000000000e+00
5.742971887550201018e+02 4.536177539384904644e-01 -2.733013589016242690e+02 -1.489735251795277186e+07 0.000000000000000000e+00
5.783132530120482215e+02 4.339832985800420317e-01 -6.748805974999791033e+02 -1.542378257759861462e+07 0.000000000000000000e+00
5.823293172690763413e+02 6.189166431309369720e-01 6.267609209007957816e+01 -1.573771772489865869e+07 0.000000000000000000e+00
5.863453815261043474e+02 1.035694150619403286e+00 3.396269930664991534e+03 -5.680572538610482588e+06 0.000000000000000000e+00
5.903614457831325808e+02 1.125435032773741462e+00 5.239434980003397868e+03 3.957698265021522064e+06 0.000000000000000000e+00
5.943775100401605869e+02 6.147488225815864737e-01 1.274609826472746363e+03 -9.598056859947580844e+06 0.000000000000000000e+00
5.983935742971887066e+02 4.231088332562185084e-01 -4.880579365365834974e+02 -1.536289050465251505e+07 0.000000000000000000e+00
6.024096385542169401e+02 4.170442280415850300e-01 -7.147322308200084535e+02 -1.521583626186852157e+07 0.000000000000000000e+00
6.064257028112449461e+02 5.857677071368662114e-01 -7.931680216718677912e+01 -1.608375221396796405e+07 0.000000000000000000e+00
6.104417670682731796e+02 9.920566618687433058e-01 3.119968503512344341e+03 -7.305094109168536961e+06 0.000000000000000000e+00
6.144578313253011856e+02 1.172023132219953911e+00 5.550160009446390177e+03 4.378549458882523701e+06 0.000000000000000000e+00
6.184738955823293054e+02 6.451721067487609096e-01 1.627219364189826365e+03 -8.318433023161365651e+06 0.000000000000000000e+00
6.224899598393574252e+02 4.287034505567738907e-01 -4.112323684650958171e+02 -1.526862611232725903e+07 0.000000000000000000e+00
6.265060240963855449e+02 4.073106551843065914e-01 -6.601546456557798592e+02 -1.525651896366379783e+07 0.000000000000000000e+00
6.305220883534136647e+02 5.410777783599108881e-01 -2.000322596555121208e+02 -1.648870969315781631e+07 0.000000000000000000e+00
6.345381526104417844e+02 9.403778965022762115e-01 2.713238789889730469e+03 -9.289082334016870707e+06 0.000000000000000000e+00
6.385542168674697905e+02 1.189495977837879082e+00 5.637828446852954585e+03 4.028580459631296806e+06 0.000000000000000000e+00
6.425702811244980239e+02 6.850160088575747430e-01 2.144290282711144755e+03 -6.303970998828457668e+06 0.000000000000000000e+00
6.465863453815261437e+02 4.263800532396189724e-01 -2.913234392048353243e+02 -1.479309105067274347e+07 0.000000000000000000e+00
6.506024096385541498e+02 3.985983888802621666e-01 -5.951035168110115592e+02 -1.502030173929892853e+07 0.000000000000000000e+00
6.546184738955823832e+02 5.154503203661697786e-01 -2.489720922084716221e+02 -1.645045443283142522e+07 0.000000000000000000e+00
6.586345381526103893e+02 9.149209253092233096e-01 2.576227106032833490e+03 -9.904432735353454947e+06 0.000000000000000000e+00
6.626506024096386227e+02 1.203364995134503790e+00 5.764167705669662610e+03 4.428755846340366639e+06 0.000000000000000000e+00
6.666666666666666288e+02 6.869569259524396232e-01 2.352070480400572706e+03 -5.329192664756493643e+06 0.000000000000000000e+00
6.706827309236947485e+02 4.265245067257477096e-01 -1.923674057512711784e+02 -1.466554073700998537e+07 0.000000000000000000e+00
6.746987951807228683e+02 3.786918415182088937e-01 -6.271993238562471333e+02 -1.523251150524026528e+07 0.000000000000000000e+00
6.787148594377509880e+02 4.630880399179954643e-01 -4.610234075623026229e+02 -1.636421021635666676e+07 0.000000000000000000e+00
6.827309236947792215e+02 8.234616683755768829e-01 1.619101301778615607e+03 -1.377679664244827628e+07 0.000000000000000000e+00
6.867469879518072275e+02 1.181759576216216745e+00 5.629557364240085008e+03 2.726085986285384279e+06 0.000000000000000000e+00
6.907630522088353473e+02 8.305537218659768683e-01 3.581643191774044226e+03 -1.628614115959525108e+06 0.000000000000000000e+00
6.947791164658634671e+02 4.478614560421391722e-01 7.047874081416671288e+01 -1.430237608969810605e+07 0.000000000000000000e+00
6.987951807228915868e+02 3.790266391985439021e-01 -6.180379358654679436e+02 -1.542293016516169161e+07 0.000000000000000000e+00
7.028112449799195929e+02 4.303333190716112644e-01 -5.147222657532793164e+02 -1.613457087155691534e+07 0.000000000000000000e+00
7.068273092369478263e+02 6.773487205248612808e-01 7.517394525893547552e+02 -1.630442502202970535e+07 0.000000000000000000e+00
7.108433734939758324e+02 1.158926444713252346e+00 5.068017054848352927e+03 -1.846164751503325533e+06 0.000000000000000000e+00
7.148594377510040658e+02 9.886791404938356509e-01 4.902826634419063339e+03 2.730067259050424211e+06 0.000000000000000000e+00
7.188755020080320719e+02 4.971082553127342818e-01 6.127311527359772754e+02 -1.260539574383203313e+07 0.000000000000000000e+00
7.228915662650601917e+02 3.802158327748341726e-01 -5.151861093992546330e+02 -1.581160864554483257e+07 0.000000000000000000e+00
7.269076305220884251e+02 3.816468135316785082e-01 -5.872911818716156631e+02 -1.548100056974381953e+07 0.000000000000000000e+00
7.309236947791164312e+02 4.968398094144921284e-01 -2.424392212106068882e+02 -1.727046138067878038e+07 0.000000000000000000e+00
7.349397590361446646e+02 8.957171391997160725e-01 2.586995497321760013e+03 -1.221415733784941211e+07 0.000000000000000000e+00
7.389558232931726707e+02 1.218413595478060607e+00 6.127002634340623445e+03 4.757965756786940619e+06 0.000000000000000000e+00
7.429718875502007904e+02 7.165995718988680263e-01 2.935299690629996803e+03 -4.005267631711893715e+06 0.000000000000000000e+00
7.469879518072289102e+02 4.182600657997696536e-01 -1.096780600910194607e+02 -1.502122344895824790e+07 0.000000000000000000e+00
7.510040160642570299e+02 3.716422909747552628e-01 -5.949403092263971757e+02 -1.545076952202704363e+07 0.000000000000000000e+00
7.550200803212850360e+02 4.112771620211261303e-01 -5.282474340306587237e+02 -1.601845794849974662e+07 0.000000000000000000e+00
7.590361445783132694e+02 6.234786255541842070e-01 4.942245803258267642e+02 -1.671311381222019345e+07 0.000000000000000000e+00
7.630522088353413892e+02 1.108924697608579812e+00 4.616962454655610600e+03 -3.634773796572199091e+06 0.000000000000000000e+00
7.670682730923695090e+02 1.077960619189403779e+00 5.794294990878815042e+03 6.212288486664010212e+06 0.000000000000000000e+00
7.710843373493976287e+02 5.234966811007545351e-01 1.010706109764617054e+03 -1.046711006130836345e+07 0.000000000000000000e+00
7.751004016064256348e+02 3.863661790840233756e-01 -4.285544634278585363e+02 -1.551680590336287208e+07 0.000000000000000000e+00
7.791164658634538682e+02 3.703216186689623490e-01 -5.659376306071596900e+02 -1.517252190636902489e+07 0.000000000000000000e+00
7.831325301204818743e+02 4.486326547563745937e-01 -3.901888437941496477e+02 -1.657751252368832193e+07 0.000000000000000000e+00
7.871485943775101077e+02 7.995210084905792769e-01 1.597821745663514548e+03 -1.475095761480886489e+07 0.000000000000000000e+00
7.911646586345381138e+02 1.198285189862870359e+00 6.100708146580192988e+03 4.297232889958964661e+06 0.000000000000000000e+00
7.951807228915662336e+02 8.868861734886832604e-01 4.292209754372785028e+03 1.996198378795805387e+06 0.000000000000000000e+00
7.991967871485943533e+02 4.605774925740980796e-01 3.054077547577957148e+02 -1.352248797626458481e+07 0.000000000000000000e+00
8.032128514056224731e+02 3.852607838249323957e-01 -5.220296705082165545e+02 -1.575329710001292266e+07 0.000000000000000000e+00
8.072289156626505928e+02 3.814711923228467638e-01 -5.904858295225858456e+02 -1.553138662367386371e+07 0.000000000000000000e+00
8.112449799196787126e+02 4.690635155196680728e-01 -3.795598288474322999e+02 -1.689931613036641479e+07 0.000000000000000000e+00
8.152610441767068323e+02 8.325510824674837718e-01 1.688130813672407157e+03 -1.473835982848327048e+07 0.000000000000000000e+00
8.192771084337349521e+02 1.234695866157280220e+00 6.025721268489806789e+03 3.476159371084795799e+06 0.000000000000000000e+00
8.232931726907630718e+02 9.713432246380082624e-01 4.351363725957737188e+03 -1.638287218988686800e+04 0.000000000000000000e+00
8.273092369477910779e+02 6.392210302679510736e-01 8.669321742961806194e+02 -1.687966917084374279e+07 0.000000000000000000e+00
8.313253012048193114e+02 7.079042877968694247e-01 7.937552302236738342e+02 -2.053862105552897230e+07 0.000000000000000000e+00
8.353413654618473174e+02 8.247975337876252144e-01 1.671316656685344924e+03 -2.012931204553069547e+07 0.000000000000000000e+00
8.393574297188755509e+02 7.033718924052927424e-01 1.012754676652413195e+03 -1.960403078359856457e+07 0.000000000000000000e+00
8.433734939759036706e+02 5.333719543247519290e-01 -2.646470601506052844e+00 -1.885369369294768572e+07 0.000000000000000000e+00
8.473895582329316767e+02 5.433482279884409571e-01 -2.105554114387981031e+02 -1.912085641698571295e+07 0.000000000000000000e+00
8.514056224899599101e+02 9.167965769712425050e-01 2.187687047280282059e+03 -1.403202579917039350e+07 0.000000000000000000e+00
8.554216867469879162e+02 1.337279782137503537e+00 6.782786046892745617e+03 9.250096291485195979e+06 0.000000000000000000e+00
8.594377510040160359e+02 8.359942880532956755e-01 3.920136505524503264e+03 2.165078041980123147e+06 0.000000000000000000e+00
8.634538152610441557e+02 4.544960056915595681e-01 3.784642008475179864e+01 -1.408321782583989576e+07 0.000000000000000000e+00
8.674698795180722755e+02 4.292001544622803810e-01 -6.069340010749015164e+02 -1.668932800432643853e+07 0.000000000000000000e+00
8.714859437751003952e+02 6.467161473594755794e-01 1.515661506581543563e+02 -1.794573515228431672e+07 0.000000000000000000e+00
8.755020080321285150e+02 1.179712338862439536e+00 4.036004456026900698e+03 -5.773867580476552248e+06 0.000000000000000000e+00
8.795180722891565210e+02 1.145952255603159387e+00 4.412144924063630242e+03 -8.099211817812761292e+05 0.000000000000000000e+00
8.835341365461847545e+02 6.369780153900661546e-01 -5.711420785263285325e+02 -1.623793805804762617e+07 0.000000000000000000e+00
8.875502008032128742e+02 8.002806843073857479e-01 -5.287708834012696570e+02 -1.584663098072635196e+07 0.000000000000000000e+00
8.915662650602409940e+02 1.416467773815104580e+00 3.500993245370435943e+03 -3.978060092139955610e+06 0.000000000000000000e+00
8.955823293172691137e+02 1.167894853717087233e+00 3.045044414715208404e+03 -6.051731226032500155e+06 0.000000000000000000e+00
8.995983935742971198e+02 6.231510612506002689e-01 -7.227543149470293429e+02 -1.491742490013526939e+07 0.000000000000000000e+00
9.036144578313253533e+02 4.816160519328757661e-01 -1.635314559303428950e+03 -1.535799118002660945e+07 0.000000000000000000e+00
9.076305220883533593e+02 4.754331312928962716e-01 -1.746591607868851497e+03 -1.402528433274569362e+07 0.000000000000000000e+00
9.116465863453815928e+02 6.529908108927245936e-01 -1.387233519353620750e+03 -1.397420330408897996e+07 0.000000000000000000e+00
9.156626506024095988e+02 1.259613362986100160e+00 2.114879623077637916e+03 -2.133369703342182562e+06 0.000000000000000000e+00
9.196787148594377186e+02 1.371171293123044865e+00 3.966672031937170686e+03 3.807489947793113999e+06 0.000000000000000000e+00
9.236947791164659520e+02 7.670515090510590106e-01 1.706757388872320007e+02 -1.147999490719348565e+07 0.000000000000000000e+00
9.277108433734939581e+02 5.318775851262111942e-01 -1.281274050332368233e+03 -1.484586434402756393e+07 0.000000000000000000e+00
9.317269076305220779e+02 4.726849471494272148e-01 -1.451983235980863128e+03 -1.289922780090621300e+07 0.000000000000000000e+00
9.357429718875501976e+02 5.838927896481078683e-01 -1.124719178739909921e+03 -1.267544488730058074e+07 0.000000000000000000e+00
9.397590361445783174e+02 9.758091379269435706e-01 1.157787849258638062e+03 -6.171660648050821386e+06 0.000000000000000000e+00
9.437751004016064371e+02 1.271691146993479737e+00 4.593688702039287818e+03 7.103157868669328280e+06 0.000000000000000000e+00
9.477911646586345569e+02 8.743148533029097003e-01 2.708945592290194327e+03 -1.402727476585204713e+06 0.000000000000000000e+00
9.518072289156625629e+02 5.198769801253667611e-01 -7.697046613905661161e+01 -1.313741056157653406e+07 0.000000000000000000e+00
9.558232931726907964e+02 4.521667664821878430e-01 -5.985114709515937648e+02 -1.491118040486058965e+07 0.000000000000000000e+00
9.598393574297188025e+02 4.873733796225672155e-01 -4.139292592584635031e+02 -1.578606327914827876e+07 0.000000000000000000e+00
9.638554216867470359e+02 5.778445321560004011e-01 1.226792624781551240e+02 -1.691223053187022358e+07 0.000000000000000000e+00
9.678714859437751556e+02 7.014156778385375324e-01 1.068441357286664470e+03 -1.679084829447494447e+07 0.000000000000000000e+00
9.718875502008031617e+02 7.691622816968625154e-01 1.881204489462849097e+03 -1.464196044764475711e+07 0.000000000000000000e+00
9.759036144578313952e+02 7.756988875109283033e-01 2.198233129102261501e+03 -1.233835265969642252e+07 0.000000000000000000e+00
9.799196787148594012e+02 7.489043247255524616e-01 2.019344937642523746e+03 -1.197842006846282445e+07 0.000000000000000000e+00
9.839357429718875210e+02 9.103487317993548267e-01 3.181977280919316399e+03 -8.287383906227054074e+06 0.000000000000000000e+00
9.879518072289156407e+02 1.105751228800439856e+00 5.204330180980206023e+03 1.583107391696142731e+06 0.000000000000000000e+00
9.919678714859437605e+02 7.127132589048293942e-01 1.627375046619481282e+03 -4.018038650834619999e+06 0.000000000000000000e+00
9.959839357429718802e+02 7.127132589048293942e-01 1.627375046619481282e+03 2.500000000000000000e+05 0.000000000000000000e+00
1.000000000000000000e+03 1.105751228800439856e+00 5.204330180980206023e+03 2.500000000000000000e+05 0.000000000000000000e+00
