# 3.0155772311373497
0.000000000000000000e+00 2.983570000158521918e+00 -1.037719996906997039e+03 2.500000000000000000e+05 7.950232102032648982e+03
4.016064257028111761e+00 1.980495541630150069e-01 -4.716800582946877967e+02 2.500000000000000000e+05 0.000000000000000000e+00
8.032128514056223523e+00 1.980495541630150069e-01 4.716800582946877967e+02 -1.073280193467463367e+07 0.000000000000000000e+00
1.204819277108433795e+01 2.983570000158521918e+00 1.037719996906997039e+03 -4.243119968838086724e+08 0.000000000000000000e+00
1.606425702811244705e+01 2.128669333763644644e+00 2.459983858948343823e+03 -3.104382380020222068e+08 0.000000000000000000e+00
2.008032128514056325e+01 2.355285052974241733e+00 1.901438244187034115e+03 -3.436927736879659295e+08 0.000000000000000000e+00
2.409638554216867590e+01 2.653703748990317468e+00 1.016396249844186741e+03 -3.730456127569425106e+08 0.000000000000000000e+00
2.811244979919678499e+01 2.669452094343668147e+00 -5.624703229054756548e+02 -3.528307677006310821e+08 0.000000000000000000e+00
3.212851405622489409e+01 1.971996564951142838e+00 -1.651410446086970069e+03 -2.244233909664285779e+08 0.000000000000000000e+00
3.614457831325301385e+01 1.031738808329091039e+00 -6.089359614991055878e+02 -9.838186225184625387e+07 0.000000000000000000e+00
4.016064257028112650e+01 5.988109656004831916e-01 5.680304568157962422e+02 -5.617991582333169132e+07 0.000000000000000000e+00
4.417670682730923915e+01 5.468274743054888365e-01 3.883786052637948387e+02 -5.009373955950343609e+07 0.000000000000000000e+00
4.819277108433735179e+01 5.319525896949190980e-01 2.983387741228934260e+02 -4.684915019954393804e+07 0.000000000000000000e+00
5.220883534136545734e+01 5.226166203994672133e-01 2.042420370811619534e+02 -4.413274372317804396e+07 0.000000000000000000e+00
5.622489959839356999e+01 5.776069642753374200e-01 -1.010695029484983110e+02 -4.531671121277873218e+07 0.000000000000000000e+00
6.024096385542168974e+01 6.267880378278342102e-01 -3.293591351681994865e+02 -4.605894443849878758e+07 0.000000000000000000e+00
6.425702811244978818e+01 6.751841726338935201e-01 -3.402115640962350653e+02 -4.785395477150104195e+07 0.000000000000000000e+00
6.827309236947790794e+01 6.761706306210668593e-01 -2.873991956821679423e+02 -4.815168790110962838e+07 0.000000000000000000e+00
7.228915662650602769e+01 6.770964867618078920e-01 -2.345348586726552185e+02 -4.860894040572278947e+07 0.000000000000000000e+00
7.630522088353414745e+01 7.409238766261543319e-01 -2.750691614638349165e+02 -5.349040261013209820e+07 0.000000000000000000e+00
8.032128514056225299e+01 7.835079173381644946e-01 -1.502480224431756710e+02 -5.543485205116450042e+07 0.000000000000000000e+00
8.433734939759035854e+01 7.429636987089424105e-01 1.752213564936453736e+02 -5.214567923837445676e+07 0.000000000000000000e+00
8.835341365461847829e+01 6.654724752985474723e-01 5.298752822268398859e+02 -4.681034491788565367e+07 0.000000000000000000e+00
9.236947791164658383e+01 6.272320292399845565e-01 5.698256491821342706e+02 -4.468249312493395805e+07 0.000000000000000000e+00
9.638554216867470359e+01 6.379657702194956315e-01 5.537950524988526695e+02 -4.571497601822374016e+07 0.000000000000000000e+00
1.004016064257028091e+02 6.656767575635754719e-01 6.530162249134243666e+02 -4.796984269849777222e+07 0.000000000000000000e+00
1.044176706827309147e+02 6.920677982005951634e-01 8.314979524480201007e+02 -4.972473242579244077e+07 0.000000000000000000e+00
1.084337349397590344e+02 7.098663574718371283e-01 9.706538185013419024e+02 -5.064611271896371990e+07 0.000000000000000000e+00
1.124497991967871400e+02 6.981457875877460362e-01 9.594489309943770650e+02 -4.974142587313999981e+07 0.000000000000000000e+00
1.164658634538152597e+02 6.389676488841495861e-01 7.732860381632609688e+02 -4.616502382776658237e+07 0.000000000000000000e+00
1.204819277108433795e+02 5.811987135011730254e-01 5.266383062575796430e+02 -4.283248710312350839e+07 0.000000000000000000e+00
1.244979919678714850e+02 5.473005072822019201e-01 3.937848293708996721e+02 -4.108722182941307127e+07 0.000000000000000000e+00
1.285140562248995764e+02 5.373525859625309931e-01 3.778260802316458467e+02 -4.089464305494375527e+07 0.000000000000000000e+00
1.325301204819277245e+02 5.429115668566514286e-01 4.289605956513809701e+02 -4.172460429458960891e+07 0.000000000000000000e+00
1.365461847389558159e+02 5.580486888436322346e-01 5.202671130694476460e+02 -4.301556630720545352e+07 0.000000000000000000e+00
1.405622489959839356e+02 5.733897429178670402e-01 6.328401221581622167e+02 -4.401845220007141680e+07 0.000000000000000000e+00
1.445783132530120554e+02 5.817127455737415298e-01 7.224852564998066100e+02 -4.433408592955997586e+07 0.000000000000000000e+00
1.485943775100401467e+02 5.770168101360391155e-01 7.368242529867920894e+02 -4.363998006032983214e+07 0.000000000000000000e+00
1.526104417670682949e+02 5.516423171553161975e-01 6.323943211378700653e+02 -4.149643887967117131e+07 0.000000000000000000e+00
1.566265060240963862e+02 5.248137032855296757e-01 4.548012014730160786e+02 -3.963307075105799735e+07 0.000000000000000000e+00
1.606425702811245060e+02 5.140125935704656923e-01 2.983670787218525220e+02 -3.927538525987911224e+07 0.000000000000000000e+00
1.646586345381525973e+02 5.158109617790099799e-01 1.614144069812406315e+02 -3.965794594119162112e+07 0.000000000000000000e+00
1.686746987951807171e+02 5.289685218233739494e-01 2.335639193619612897e+01 -4.089575395246811211e+07 0.000000000000000000e+00
1.726907630522088368e+02 5.489845132974741082e-01 -1.047619851082352085e+02 -4.226399928481536359e+07 0.000000000000000000e+00
1.767068273092369566e+02 5.646867867802906060e-01 -2.150148454445900086e+02 -4.301813191214538366e+07 0.000000000000000000e+00
1.807228915662650479e+02 5.779290160578790525e-01 -2.831710284107500684e+02 -4.339096589706667513e+07 0.000000000000000000e+00
1.847389558232931677e+02 5.936127404656049711e-01 -3.423309017800210654e+02 -4.393786048857268691e+07 0.000000000000000000e+00
1.887550200803212590e+02 6.174388011657263586e-01 -4.410700382828371175e+02 -4.500822760462459922e+07 0.000000000000000000e+00
1.927710843373494072e+02 6.603507568663143923e-01 -5.438596948744466317e+02 -4.727831991219263524e+07 0.000000000000000000e+00
1.967871485943775269e+02 7.005549378913626946e-01 -5.655356928657706703e+02 -4.944008021261186898e+07 0.000000000000000000e+00
2.008032128514056183e+02 7.073402636614252170e-01 -4.524770449219938087e+02 -4.983828372607560456e+07 0.000000000000000000e+00
2.048192771084337380e+02 6.761738166595169242e-01 -3.061979186090293865e+02 -4.843675094909895211e+07 0.000000000000000000e+00
2.088353413654618294e+02 6.519503457946010938e-01 -1.619356852013899015e+02 -4.753413469089128822e+07 0.000000000000000000e+00
2.128514056224899775e+02 6.458544386934372827e-01 -1.050552115124620229e+02 -4.763405414917663485e+07 0.000000000000000000e+00
2.168674698795180689e+02 6.550128271771716859e-01 -1.690521942677812888e+02 -4.829671112970354408e+07 0.000000000000000000e+00
2.208835341365461886e+02 6.740486376281841219e-01 -3.067930433076980989e+02 -4.953533427013815939e+07 0.000000000000000000e+00
2.248995983935742800e+02 6.960532248278002987e-01 -3.723244762505747190e+02 -5.099423027844888717e+07 0.000000000000000000e+00
2.289156626506023997e+02 7.291398225369589703e-01 -2.386515496682469006e+02 -5.287810519445810467e+07 0.000000000000000000e+00
2.329317269076305195e+02 7.749902807323255649e-01 1.435361577284008945e+02 -5.521479548112038523e+07 0.000000000000000000e+00
2.369477911646586392e+02 8.151388647704330692e-01 5.437589022556285272e+02 -5.742607056826183200e+07 0.000000000000000000e+00
2.409638554216867590e+02 8.271056922307733483e-01 6.701224629405296582e+02 -5.879791597796104103e+07 0.000000000000000000e+00
2.449799196787148503e+02 7.945033152888996142e-01 4.180914431889675029e+02 -5.792085156740818173e+07 0.000000000000000000e+00
2.489959839357429701e+02 7.345760688346004708e-01 6.946800504477498350e+01 -5.482976587792573869e+07 0.000000000000000000e+00
2.530120481927710614e+02 6.934361513835257673e-01 -1.403506127336574423e+02 -5.230051860762853175e+07 0.000000000000000000e+00
2.570281124497991527e+02 6.736457829906994377e-01 -1.906397403401597614e+02 -5.118738379876495153e+07 0.000000000000000000e+00
2.610441767068273293e+02 6.759133358439086692e-01 -1.470717391485771941e+02 -5.136548478901991993e+07 0.000000000000000000e+00
2.650602409638554491e+02 6.841111004563560360e-01 -6.321018973714934930e+01 -5.169849397685922682e+07 0.000000000000000000e+00
2.690763052208835688e+02 6.866288285201037622e-01 -1.755123552432139888e+01 -5.174980476779426634e+07 0.000000000000000000e+00
2.730923694779116317e+02 6.920580690792998979e-01 -1.420782312750082532e+01 -5.231056501449095458e+07 0.000000000000000000e+00
2.771084337349397515e+02 7.216737389327010366e-01 8.173642773917116244e+01 -5.434882644002575427e+07 0.000000000000000000e+00
2.811244979919678713e+02 8.010215818647572483e-01 4.461835564308001949e+02 -5.879037517807919532e+07 0.000000000000000000e+00
2.851405622489959910e+02 8.953303092210783687e-01 1.000690694437525053e+03 -6.355747798038681597e+07 0.000000000000000000e+00
2.891566265060241108e+02 9.024149217678867352e-01 1.145809373548061785e+03 -6.366096520894239843e+07 0.000000000000000000e+00
2.931726907630521737e+02 7.857547516651315345e-01 6.083662964636994275e+02 -5.744642446179651469e+07 0.000000000000000000e+00
2.971887550200802934e+02 6.688401985300896913e-01 2.578308138347404110e+01 -5.117983468737590313e+07 0.000000000000000000e+00
3.012048192771084700e+02 6.222253981781875609e-01 -2.136822994986798676e+02 -4.869530782072120160e+07 0.000000000000000000e+00
3.052208835341365898e+02 6.501501550703622234e-01 -1.373082563827440197e+02 -5.074040910097865760e+07 0.000000000000000000e+00
3.092369477911646527e+02 7.763338130846476615e-01 4.131742343016049972e+02 -5.834114628515033424e+07 0.000000000000000000e+00
3.132530120481927725e+02 9.629999720341770875e-01 1.483555662644449967e+03 -6.805836210729868710e+07 0.000000000000000000e+00
3.172690763052208922e+02 1.007120967302950199e+00 1.926952745295605609e+03 -6.953382796014085412e+07 0.000000000000000000e+00
3.212851405622490120e+02 8.176563407585878407e-01 1.073305605196045462e+03 -5.918619757779173553e+07 0.000000000000000000e+00
3.253012048192770749e+02 6.376214575129215412e-01 1.631303505926454989e+02 -4.927097577920353413e+07 0.000000000000000000e+00
3.293172690763051946e+02 5.769111373761927064e-01 -9.603954935761058209e+01 -4.550844076890451461e+07 0.000000000000000000e+00
3.333333333333333144e+02 5.897101698503394163e-01 -1.905377946593150540e+01 -4.624107354991523176e+07 0.000000000000000000e+00
3.373493975903614341e+02 6.630989847707442486e-01 3.518095055151263750e+02 -5.036998974794275314e+07 0.000000000000000000e+00
3.413654618473896107e+02 8.021606878677455255e-01 1.174770157055843356e+03 -5.742236413723153621e+07 0.000000000000000000e+00
3.453815261044176737e+02 9.285945540635620610e-01 2.107774172420626201e+03 -6.247429700491616130e+07 0.000000000000000000e+00
3.493975903614457934e+02 9.172241342726006330e-01 2.214435865297281453e+03 -6.115988746877707541e+07 0.000000000000000000e+00
3.534136546184739132e+02 7.657387303736984396e-01 1.327490883556301924e+03 -5.438404326228881627e+07 0.000000000000000000e+00
3.574297188755020329e+02 6.755630066206933515e-01 6.907369976714087443e+02 -5.082380922019506246e+07 0.000000000000000000e+00
3.614457831325300958e+02 6.672348491421232763e-01 5.765894827092287187e+02 -5.100884509467125684e+07 0.000000000000000000e+00
3.654618473895582156e+02 7.065103369341780848e-01 7.149299473888517014e+02 -5.375319203687464446e+07 0.000000000000000000e+00
3.694779116465863353e+02 7.796552639465201828e-01 1.060235890327048992e+03 -5.818437292227732390e+07 0.000000000000000000e+00
3.734939759036144551e+02 8.586228223300251816e-01 1.453065065991612300e+03 -6.290182118908893317e+07 0.000000000000000000e+00
3.775100401606425180e+02 8.982501452400857289e-01 1.612656885428860278e+03 -6.540745171480736136e+07 0.000000000000000000e+00
3.815261044176706946e+02 8.763897385711428845e-01 1.388437661007370025e+03 -6.480126297378916293e+07 0.000000000000000000e+00
3.855421686746988144e+02 8.197602093866938056e-01 9.358914391885889472e+02 -6.235020226898190379e+07 0.000000000000000000e+00
3.895582329317269341e+02 7.929415315322364544e-01 7.268214055525088497e+02 -6.128127550371159613e+07 0.000000000000000000e+00
3.935742971887550539e+02 7.611133348579719460e-01 6.013613590968997187e+02 -5.954757596476826817e+07 0.000000000000000000e+00
3.975903614457831168e+02 6.924803541112520833e-01 3.596740083482150112e+02 -5.508213942049073428e+07 0.000000000000000000e+00
4.016064257028112365e+02 6.361129660421408483e-01 1.400287626410794815e+02 -5.130812221785828471e+07 0.000000000000000000e+00
4.056224899598393563e+02 6.270245717892451998e-01 1.037709972883406238e+02 -5.054524335290053487e+07 0.000000000000000000e+00
4.096385542168674760e+02 6.824687846082294618e-01 3.524532738362012765e+02 -5.361427931253253669e+07 0.000000000000000000e+00
4.136546184738955390e+02 8.273905765935124501e-01 1.118546914719778670e+03 -6.133851684985418618e+07 0.000000000000000000e+00
4.176706827309236587e+02 9.881971887726773707e-01 2.148764265611863266e+03 -6.780202891616775095e+07 0.000000000000000000e+00
4.216867469879518353e+02 9.778807771378117408e-01 2.263180177822815949e+03 -6.549490800195338577e+07 0.000000000000000000e+00
4.257028112449799551e+02 7.794613460180764841e-01 1.133575963039606677e+03 -5.495328147357452661e+07 0.000000000000000000e+00
4.297188755020080180e+02 6.523876591722828078e-01 3.609791434864939674e+02 -4.848797217406786978e+07 0.000000000000000000e+00
4.337349397590361377e+02 6.272249660573535612e-01 1.987268331227542149e+02 -4.689596821978963166e+07 0.000000000000000000e+00
4.377510040160642575e+02 6.576338262749420460e-01 3.429647205834392025e+02 -4.830253698810061067e+07 0.000000000000000000e+00
4.417670682730923772e+02 7.224029637526463432e-01 7.084250366059161479e+02 -5.133779315750451386e+07 0.000000000000000000e+00
4.457831325301204970e+02 7.720258868960362397e-01 1.060016093475171601e+03 -5.333552522151814401e+07 0.000000000000000000e+00
4.497991967871485599e+02 7.642699347264138021e-01 1.098816215413028431e+03 -5.262112776187432557e+07 0.000000000000000000e+00
4.538152610441766797e+02 7.056748085687596372e-01 8.221447592328368046e+02 -4.968225475203528255e+07 0.000000000000000000e+00
4.578313253012047994e+02 6.706002773263662897e-01 6.198744200067305883e+02 -4.809041628252729774e+07 0.000000000000000000e+00
4.618473895582329760e+02 6.863449378562620495e-01 6.908134349420604394e+02 -4.911417655910489708e+07 0.000000000000000000e+00
4.658634538152610389e+02 7.436866970893004636e-01 1.022245509567962699e+03 -5.217819753722808510e+07 0.000000000000000000e+00
4.698795180722891587e+02 7.872068617603479312e-01 1.320062508292197890e+03 -5.446547676902634650e+07 0.000000000000000000e+00
4.738955823293172784e+02 8.015102520023132948e-01 1.436061319185489992e+03 -5.530817571412813663e+07 0.000000000000000000e+00
4.779116465863453982e+02 8.201668974162739101e-01 1.570972199542794215e+03 -5.614432782771845907e+07 0.000000000000000000e+00
4.819277108433735179e+02 8.477372984811161194e-01 1.822638482739491337e+03 -5.696198076115661860e+07 0.000000000000000000e+00
4.859437751004015809e+02 8.221163227022953990e-01 1.787379710202109436e+03 -5.502153279969449341e+07 0.000000000000000000e+00
4.899598393574297006e+02 7.100085470968335866e-01 1.196777362030689574e+03 -4.936367660274155438e+07 0.000000000000000000e+00
4.939759036144578204e+02 6.376952020229852414e-01 7.518021900784751779e+02 -4.604552413775745779e+07 0.000000000000000000e+00
4.979919678714859401e+02 6.466440349279720667e-01 7.843985704149172307e+02 -4.646160023269666731e+07 0.000000000000000000e+00
5.020080321285140599e+02 7.364689678702567299e-01 1.366243954505751844e+03 -5.043649721766792238e+07 0.000000000000000000e+00
5.060240963855421228e+02 8.105397618456062769e-01 1.958731356470909077e+03 -5.287989136301826686e+07 0.000000000000000000e+00
5.100401606425702994e+02 7.494609371951859167e-01 1.766251922312278566e+03 -4.930343090098637342e+07 0.000000000000000000e+00
5.140562248995983055e+02 5.913881777462806077e-01 8.469131503892598403e+02 -4.196278062346503884e+07 0.000000000000000000e+00
5.180722891566265389e+02 5.048056220309844466e-01 3.258730666019042133e+02 -3.778374985273836553e+07 0.000000000000000000e+00
5.220883534136546587e+02 4.767494139378680162e-01 1.802924529579513830e+02 -3.616008572008406371e+07 0.000000000000000000e+00
5.261044176706827784e+02 4.781914270687407376e-01 1.906647140114958461e+02 -3.612808901453869790e+07 0.000000000000000000e+00
5.301204819277108982e+02 5.223792740932065026e-01 3.890870277271274063e+02 -3.853208191383764148e+07 0.000000000000000000e+00
5.341365461847389042e+02 6.557532947366335740e-01 1.108188865040587643e+03 -4.493347361069779843e+07 0.000000000000000000e+00
5.381526104417671377e+02 8.522643415737762851e-01 2.467216802421289231e+03 -5.164288645062379539e+07 0.000000000000000000e+00
5.421686746987951437e+02 9.044221654407897937e-01 3.027681375227534772e+03 -5.193987019497210532e+07 0.000000000000000000e+00
5.461847389558232635e+02 6.938486971073755116e-01 1.646432037004790345e+03 -4.363575559491446614e+07 0.000000000000000000e+00
5.502008032128513833e+02 5.391062390798196935e-01 4.423356710317777925e+02 -3.842942375394418836e+07 0.000000000000000000e+00
5.542168674698795030e+02 5.341574616383474305e-01 2.739571638815341430e+02 -3.870678577582908422e+07 0.000000000000000000e+00
5.582329317269076228e+02 6.190808156227016745e-01 6.599359015586729811e+02 -4.297268279002714902e+07 0.000000000000000000e+00
5.622489959839357425e+02 7.062033809527032968e-01 1.198372668249972548e+03 -4.680814609136157483e+07 0.000000000000000000e+00
5.662650602409638623e+02 7.015049097424743696e-01 1.243387953242622643e+03 -4.631412641031666100e+07 0.000000000000000000e+00
5.702811244979919820e+02 6.030336786646809388e-01 7.032123989662749182e+02 -4.161580018411596864e+07 0.000000000000000000e+00
5.742971887550201018e+02 5.173225809312721468e-01 2.230933685988063928e+02 -3.744686865100418031e+07 0.000000000000000000e+00
5.783132530120482215e+02 4.701628806753267442e-01 -1.224151908245843146e+01 -3.479037369777610153e+07 0.000000000000000000e+00
5.823293172690763413e+02 4.455479372576195418e-01 -1.095027599793587996e+02 -3.310462888024242967e+07 0.000000000000000000e+00
5.863453815261043474e+02 4.333651583400268126e-01 -1.558272269853904959e+02 -3.217880682792065665e+07 0.000000000000000000e+00
5.903614457831325808e+02 4.411689180955813416e-01 -1.316977938747559733e+02 -3.244712974958702177e+07 0.000000000000000000e+00
5.943775100401605869e+02 4.880475015181897080e-01 5.243586027119792448e+01 -3.481955944367966801e+07 0.000000000000000000e+00
5.983935742971887066e+02 6.088844432969086062e-01 6.443996761852224608e+02 -4.009725803875385970e+07 0.000000000000000000e+00
6.024096385542169401e+02 8.169514647366373783e-01 1.991525052493387875e+03 -4.663418137769731879e+07 0.000000000000000000e+00
6.064257028112449461e+02 9.306458120960144909e-01 2.896451486503877277e+03 -4.850908879632113129e+07 0.000000000000000000e+00
6.104417670682731796e+02 8.141745925076372403e-01 2.024302829048823696e+03 -4.359737093544944376e+07 0.000000000000000000e+00
6.144578313253011856e+02 7.166575425394438037e-01 1.034238552502297807e+03 -4.106905812892114371e+07 0.000000000000000000e+00
6.184738955823293054e+02 8.188780032955611521e-01 1.494899786968298713e+03 -4.247369641663082689e+07 0.000000000000000000e+00
6.224899598393574252e+02 9.267411597412429369e-01 2.440168213141774231e+03 -4.134347577030438930e+07 0.000000000000000000e+00
6.265060240963855449e+02 7.488445846128555239e-01 1.591589163869048889e+03 -3.180997096632392704e+07 0.000000000000000000e+00
6.305220883534136647e+02 5.397542093544528408e-01 2.794471208224691168e+02 -2.605653420202262327e+07 0.000000000000000000e+00
6.345381526104417844e+02 5.123520250434465684e-01 2.258844754061775006e+01 -2.465002045393019170e+07 0.000000000000000000e+00
6.385542168674697905e+02 6.149037116384385993e-01 5.550843864248383852e+02 -2.473763206242723763e+07 0.000000000000000000e+00
6.425702811244980239e+02 7.432332458215075155e-01 1.538987117701256921e+03 -2.307111648271577060e+07 0.000000000000000000e+00
6.465863453815261437e+02 6.849159915644157381e-01 1.382130168622200472e+03 -1.893314248206366971e+07 0.000000000000000000e+00
6.506024096385541498e+02 4.949793494585693621e-01 2.373594812245733578e+02 -1.665510395412804559e+07 0.000000000000000000e+00
6.546184738955823832e+02 4.115816200151871662e-01 -3.033079453354929456e+02 -1.525491139315542206e+07 0.000000000000000000e+00
6.586345381526103893e+02 3.884190925422938423e-01 -4.217364011368670731e+02 -1.413321336071568355e+07 0.000000000000000000e+00
6.626506024096386227e+02 3.841477572466852619e-01 -4.074384934873548332e+02 -1.333175627295077406e+07 0.000000000000000000e+00
6.666666666666666288e+02 3.771619137823130075e-01 -3.883862265104305038e+02 -1.251463969590682536e+07 0.000000000000000000e+00
6.706827309236947485e+02 3.644824301810977163e-01 -4.213249986857587714e+02 -1.160703733678398095e+07 0.000000000000000000e+00
6.746987951807228683e+02 3.480166347354056167e-01 -4.752079523375579129e+02 -1.070323075120097771e+07 0.000000000000000000e+00
6.787148594377509880e+02 3.355638142351294317e-01 -5.150755976043640203e+02 -9.938473605465406552e+06 0.000000000000000000e+00
6.827309236947792215e+02 3.291600355027605729e-01 -5.420963037913178368e+02 -9.339738454646829516e+06 0.000000000000000000e+00
6.867469879518072275e+02 3.328051449965048203e-01 -5.333772957887738357e+02 -8.881517953155310825e+06 0.000000000000000000e+00
6.907630522088353473e+02 3.563582494585485483e-01 -4.309161810494064184e+02 -8.563445333412623033e+06 0.000000000000000000e+00
6.947791164658634671e+02 4.274017189967759256e-01 -9.686583602889871258e+01 -7.980404704133008607e+06 0.000000000000000000e+00
6.987951807228915868e+02 5.409538549030808996e-01 6.288152066288736250e+02 -6.037909769333619624e+06 0.000000000000000000e+00
7.028112449799195929e+02 6.019713433037775507e-01 1.172551125064681628e+03 -4.319434035336342640e+06 0.000000000000000000e+00
7.068273092369478263e+02 5.750138510687706761e-01 1.045261189956936960e+03 -4.978229463510192931e+06 0.000000000000000000e+00
7.108433734939758324e+02 5.698639505359782698e-01 9.132338107637893927e+02 -5.533992590243070386e+06 0.000000000000000000e+00
7.148594377510040658e+02 6.680390722796515357e-01 1.655219839319367111e+03 -2.298764151992611587e+06 0.000000000000000000e+00
7.188755020080320719e+02 6.810156871905882481e-01 2.086381924289932158e+03 -2.474664011902008206e+05 0.000000000000000000e+00
7.228915662650601917e+02 4.818530608853691666e-01 8.400298778952817429e+02 -5.208282464367899112e+06 0.000000000000000000e+00
7.269076305220884251e+02 3.591818452458673816e-01 -1.666416598462689365e+02 -8.254339268737883307e+06 0.000000000000000000e+00
7.309236947791164312e+02 3.177269282940668460e-01 -4.456044028784577904e+02 -8.393368894512221217e+06 0.000000000000000000e+00
7.349397590361446646e+02 3.049539853713468807e-01 -5.033331954823087244e+02 -8.179524209906980395e+06 0.000000000000000000e+00
7.389558232931726707e+02 2.985422625506947147e-01 -5.118152573707584452e+02 -8.083549218467702158e+06 0.000000000000000000e+00
7.429718875502007904e+02 2.940721526228944338e-01 -5.161270700592398271e+02 -8.067349358289495111e+06 0.000000000000000000e+00
7.469879518072289102e+02 2.951704749901025715e-01 -4.843885087661399211e+02 -8.171057928884485736e+06 0.000000000000000000e+00
7.510040160642570299e+02 2.975244942958991112e-01 -4.433965858473669641e+02 -8.186004128644389100e+06 0.000000000000000000e+00
7.550200803212850360e+02 2.997972786090711828e-01 -4.241497356165730253e+02 -8.125171308906179853e+06 0.000000000000000000e+00
7.590361445783132694e+02 3.117835126311603311e-01 -3.956490738689383875e+02 -8.272123562097392045e+06 0.000000000000000000e+00
7.630522088353413892e+02 3.247861392845938777e-01 -3.391544100025457738e+02 -8.522112075862130150e+06 0.000000000000000000e+00
7.670682730923695090e+02 3.339009272729866473e-01 -2.904249012472351978e+02 -8.615405790735421702e+06 0.000000000000000000e+00
7.710843373493976287e+02 3.446327692429667633e-01 -2.336437075842333400e+02 -8.484130788909254596e+06 0.000000000000000000e+00
7.751004016064256348e+02 3.909056766796134563e-01 -4.334127209282877402e+01 -8.133335508967044763e+06 0.000000000000000000e+00
7.791164658634538682e+02 5.527110061464349799e-01 9.676681664695465770e+02 -4.361074212808655575e+06 0.000000000000000000e+00
7.831325301204818743e+02 7.694098233398842801e-01 2.989839739321833804e+03 7.129647716822367162e+06 0.000000000000000000e+00
7.871485943775101077e+02 7.176901789475629290e-01 3.143783130360665837e+03 9.360597327736973763e+06 0.000000000000000000e+00
7.911646586345381138e+02 4.560579766132522028e-01 8.594628891956926964e+02 -2.645403065961397719e+06 0.000000000000000000e+00
7.951807228915662336e+02 3.809498569531312717e-01 3.718670268812299895e+01 -6.993772442938432097e+06 0.000000000000000000e+00
7.991967871485943533e+02 3.950149974116007323e-01 4.779178359502814999e+01 -7.129121632486348972e+06 0.000000000000000000e+00
8.032128514056224731e+02 4.141667548230900109e-01 1.549259382405566896e+02 -6.832113652022484690e+06 0.000000000000000000e+00
8.072289156626505928e+02 3.936681534400831572e-01 4.828231692726091495e+01 -7.002257386141240597e+06 0.000000000000000000e+00
8.112449799196787126e+02 3.518563435392084160e-01 -1.753178679768502661e+02 -7.304984349663835950e+06 0.000000000000000000e+00
8.152610441767068323e+02 3.187869737467657894e-01 -3.352335835624733704e+02 -7.282767611360921524e+06 0.000000000000000000e+00
8.192771084337349521e+02 3.026739001566990939e-01 -4.327822807028231296e+02 -6.985451632132915780e+06 0.000000000000000000e+00
8.232931726907630718e+02 2.975812013890835606e-01 -4.944416536407635476e+02 -6.585681968263936229e+06 0.000000000000000000e+00
8.273092369477910779e+02 2.954312100278349562e-01 -5.232975997364254681e+02 -6.222428480541341938e+06 0.000000000000000000e+00
8.313253012048193114e+02 2.908130432485542261e-01 -5.183240486818756381e+02 -5.929789205907315947e+06 0.000000000000000000e+00
8.353413654618473174e+02 2.848779712203146630e-01 -4.962582250016827743e+02 -5.578955619818926789e+06 0.000000000000000000e+00
8.393574297188755509e+02 2.826875017464513529e-01 -4.917501555436933813e+02 -5.117894060433645733e+06 0.000000000000000000e+00
8.433734939759036706e+02 2.833739882216328443e-01 -4.974446751463642045e+02 -4.620049266498826444e+06 0.000000000000000000e+00
8.473895582329316767e+02 2.829832627714294890e-01 -4.858830479551753569e+02 -4.130739740880010650e+06 0.000000000000000000e+00
8.514056224899599101e+02 2.797847642602525609e-01 -4.588593851820353962e+02 -3.655161187248205766e+06 0.000000000000000000e+00
8.554216867469879162e+02 2.814949866420971558e-01 -4.287490996948558859e+02 -3.069611375667959917e+06 0.000000000000000000e+00
8.594377510040160359e+02 2.856618742630302465e-01 -4.083044337513315440e+02 -2.318975957799800672e+06 0.000000000000000000e+00
8.634538152610441557e+02 2.879830945295304701e-01 -3.819559739641605347e+02 -1.688486825388526311e+06 0.000000000000000000e+00
8.674698795180722755e+02 2.893632210239372449e-01 -3.599686144669537384e+02 -1.245392964991398389e+06 0.000000000000000000e+00
8.714859437751003952e+02 2.868828657378515445e-01 -3.633272467363744909e+02 -8.853400433170459000e+05 0.000000000000000000e+00
8.755020080321285150e+02 2.917494402595531833e-01 -3.511691759497524572e+02 -6.414789178645227803e+05 0.000000000000000000e+00
8.795180722891565210e+02 2.946089844678778658e-01 -3.395762081724859058e+02 -5.511733957431784365e+05 0.000000000000000000e+00
8.835341365461847545e+02 2.951260463963755742e-01 -3.323877361986590699e+02 -3.715057061569995712e+05 0.000000000000000000e+00
8.875502008032128742e+02 3.052740796501897114e-01 -2.840448333465252517e+02 -1.132119060316815739e+04 0.000000000000000000e+00
8.915662650602409940e+02 3.298959354090378326e-01 -1.845825884098674123e+02 5.338549257090608589e+05 0.000000000000000000e+00
8.955823293172691137e+02 3.975533260761782706e-01 1.811508603533927158e+02 3.176710432564711664e+06 0.000000000000000000e+00
8.995983935742971198e+02 5.232521959842527659e-01 1.123819990960012774e+03 1.037687019254777767e+07 0.000000000000000000e+00
9.036144578313253533e+02 6.172046434951730109e-01 2.145204888606083387e+03 1.831667554009618610e+07 0.000000000000000000e+00
9.076305220883533593e+02 5.458144172344281397e-01 1.714326607825189512e+03 1.394243639267205447e+07 0.000000000000000000e+00
9.116465863453815928e+02 4.244091966621282852e-01 5.852602767589546602e+02 4.709760739827573299e+06 0.000000000000000000e+00
9.156626506024095988e+02 4.778995825554055443e-01 6.244150770974056286e+02 5.943693990334420465e+06 0.000000000000000000e+00
9.196787148594377186e+02 8.082457076556588405e-01 3.704627199495119839e+03 3.362956878275372833e+07 0.000000000000000000e+00
9.236947791164659520e+02 9.550310705370661513e-01 6.357210192958717016e+03 5.834481254776230454e+07 0.000000000000000000e+00
9.277108433734939581e+02 4.794437336889856849e-01 1.934965787313386500e+03 1.881472852790811658e+07 0.000000000000000000e+00
9.317269076305220779e+02 3.073096707271079087e-01 -1.729740716089810348e+01 6.850098489578576991e+05 0.000000000000000000e+00
9.357429718875501976e+02 2.845562704470467330e-01 -3.880061033682716243e+02 -5.631020462552427780e+05 0.000000000000000000e+00
9.397590361445783174e+02 2.834541056783664303e-01 -4.418374253656693327e+02 -3.232194727600620245e+05 0.000000000000000000e+00
9.437751004016064371e+02 2.781658356618094685e-01 -4.120996390675593943e+02 -3.545319765604106942e+05 0.000000000000000000e+00
9.477911646586345569e+02 2.748901856069739802e-01 -3.953653469838031924e+02 -3.369696272422756883e+05 0.000000000000000000e+00
9.518072289156625629e+02 2.771830416471213754e-01 -4.152789096301930272e+02 -1.493038343299124972e+05 0.000000000000000000e+00
9.558232931726907964e+02 2.793275628919247855e-01 -4.248584521362026862e+02 -1.164876648467300402e+04 0.000000000000000000e+00
9.598393574297188025e+02 2.781456437864111564e-01 -4.093713481927918565e+02 -2.219182328001774295e+04 0.000000000000000000e+00
9.638554216867470359e+02 2.769908796750192304e-01 -3.989526665669852150e+02 -2.304441897366360354e+04 0.000000000000000000e+00
9.678714859437751556e+02 2.780648991753126853e-01 -4.052237615827111199e+02 5.185312619093768444e+04 0.000000000000000000e+00
9.718875502008031617e+02 2.791384412420176431e-01 -4.089860230392210383e+02 1.123732511156729888e+05 0.000000000000000000e+00
9.759036144578313952e+02 2.788673377139695431e-01 -4.037518881309097765e+02 1.192090225973988563e+05 0.000000000000000000e+00
9.799196787148594012e+02 2.786144478854958306e-01 -3.996433123118704316e+02 1.326020343217233312e+05 0.000000000000000000e+00
9.839357429718875210e+02 2.790476904058010743e-01 -4.000866655072008484e+02 1.752712203523383359e+05 0.000000000000000000e+00
9.879518072289156407e+02 2.794293447573473199e-01 -3.995714090497178290e+02 2.133343688751549635e+05 0.000000000000000000e+00
9.919678714859437605e+02 2.798277717506530426e-01 -3.966486376682738637e+02 2.397208716388109606e+05 0.000000000000000000e+00
9.959839357429718802e+02 2.798277717506530426e-01 -3.966486376682738637e+02 2.500000000000000000e+05 0.000000000000000000e+00
1.000000000000000000e+03 2.794293447573473199e-01 -3.995714090497178290e+02 2.500000000000000000e+05 0.000000000000000000e+00
