# 2.8201199809110533
0.000000000000000000e+00 5.400074385521822506e+00 1.441485498219907868e+03 2.500000000000000000e+05 7.950232102032648982e+03
4.016064257028111761e+00 2.374101207218781151e-01 -1.003291221488607334e+03 2.500000000000000000e+05 0.000000000000000000e+00
8.032128514056223523e+00 2.374101207218781151e-01 1.003291221488607334e+03 -2.058502624775238335e+07 0.000000000000000000e+00
1.204819277108433795e+01 5.400074385521822506e+00 -1.441485498219907868e+03 -8.263223506588165760e+08 0.000000000000000000e+00
1.606425702811244705e+01 1.503680582915797759e+00 3.350665329905066869e+02 -2.167788692019436955e+08 0.000000000000000000e+00
2.008032128514056325e+01 1.269928525351452731e+00 -7.666707615159043598e+02 -1.698909433581342995e+08 0.000000000000000000e+00
2.409638554216867590e+01 6.731830992317500151e-01 4.151309429017310890e+02 -8.754285843583567441e+07 0.000000000000000000e+00
2.811244979919678499e+01 8.372050469838187015e-01 -2.388696798083118438e+02 -9.997178984404918551e+07 0.000000000000000000e+00
3.212851405622489409e+01 6.234071666263134581e-01 1.813092642680977633e+02 -7.076039260782256722e+07 0.000000000000000000e+00
3.614457831325301385e+01 6.388114394039281496e-01 -1.529338777817202981e+02 -6.874968169504423440e+07 0.000000000000000000e+00
4.016064257028112650e+01 5.678195183231238286e-01 -2.334863636640264133e+02 -5.865442002468723059e+07 0.000000000000000000e+00
4.417670682730923915e+01 6.043414695288963356e-01 -4.698517857501328763e+02 -6.024581216400542855e+07 0.000000000000000000e+00
4.819277108433735179e+01 5.329002382127860926e-01 -2.844916366782306909e+02 -5.207134407364870608e+07 0.000000000000000000e+00
5.220883534136545734e+01 4.945280210834701040e-01 -2.505116524995214604e+02 -4.743337815559400618e+07 0.000000000000000000e+00
5.622489959839356999e+01 4.487562373118194059e-01 -1.099505467097951339e+02 -4.272811590895594656e+07 0.000000000000000000e+00
6.024096385542168974e+01 4.319045244725766564e-01 -4.672959736285088184e+01 -4.084031596534791589e+07 0.000000000000000000e+00
6.425702811244978818e+01 4.179508780555846181e-01 5.049140124962988807e+01 -3.930699021330027282e+07 0.000000000000000000e+00
6.827309236947790794e+01 4.448374450829852278e-01 -5.550612902896489942e+01 -4.108357241292212903e+07 0.000000000000000000e+00
7.228915662650602769e+01 4.142463186992753621e-01 -3.254674846779936104e+01 -3.793924521288964897e+07 0.000000000000000000e+00
7.630522088353414745e+01 4.058241846617550719e-01 -9.199482320312071693e+01 -3.623606967759862542e+07 0.000000000000000000e+00
8.032128514056225299e+01 3.994776857167586792e-01 -5.848439707590588910e+01 -3.486063364230844378e+07 0.000000000000000000e+00
8.433734939759035854e+01 4.144424919849799549e-01 -2.442686457981444192e+01 -3.483055619759677351e+07 0.000000000000000000e+00
8.835341365461847829e+01 4.020205680092355238e-01 1.203884494979297841e+02 -3.322486295734987035e+07 0.000000000000000000e+00
9.236947791164658383e+01 4.176823988589360437e-01 3.978426229668857417e+01 -3.372362665188844502e+07 0.000000000000000000e+00
9.638554216867470359e+01 3.821485497238290563e-01 2.733542329992060260e+01 -3.097523097103523090e+07 0.000000000000000000e+00
1.004016064257028091e+02 3.753087806952514205e-01 -1.300303911316416077e+02 -3.001550451606365666e+07 0.000000000000000000e+00
1.044176706827309147e+02 3.697027735448114028e-01 -2.414598158314536533e+02 -2.925214823018604890e+07 0.000000000000000000e+00
1.084337349397590344e+02 3.846509734612904574e-01 -4.120811189069967782e+02 -2.970868849560780078e+07 0.000000000000000000e+00
1.124497991967871400e+02 4.257591756663973159e-01 -6.133803366975547533e+02 -3.186099388495754451e+07 0.000000000000000000e+00
1.164658634538152597e+02 4.600335387796525843e-01 -6.419906504470571917e+02 -3.369072557416275889e+07 0.000000000000000000e+00
1.204819277108433795e+02 4.668511822686426949e-01 -5.198186760376837583e+02 -3.412810209196245670e+07 0.000000000000000000e+00
1.244979919678714850e+02 4.588002174568202030e-01 -3.320938604667594518e+02 -3.390378604127055407e+07 0.000000000000000000e+00
1.285140562248995764e+02 4.355077621345392891e-01 -1.334817816861004189e+02 -3.291256857397721708e+07 0.000000000000000000e+00
1.325301204819277245e+02 4.210417223432255662e-01 -5.968872674983748539e+01 -3.227130975721037015e+07 0.000000000000000000e+00
1.365461847389558159e+02 3.916277315234948930e-01 -4.418340118002127781e+00 -3.061178544594072178e+07 0.000000000000000000e+00
1.405622489959839356e+02 3.646157954300486281e-01 1.056041232530858665e+01 -2.897247393018211424e+07 0.000000000000000000e+00
1.445783132530120554e+02 3.519554196796476631e-01 -2.261291035357219670e+01 -2.816680483897588030e+07 0.000000000000000000e+00
1.485943775100401467e+02 3.546073626832386694e-01 -8.705759861277707046e+01 -2.831352170049235597e+07 0.000000000000000000e+00
1.526104417670682949e+02 3.798987273878111637e-01 -2.600317120272889042e+02 -2.971909989597620070e+07 0.000000000000000000e+00
1.566265060240963862e+02 4.352385593207039327e-01 -6.117287758640316042e+02 -3.245376371959032491e+07 0.000000000000000000e+00
1.606425702811245060e+02 5.468748399748810662e-01 -1.508376762386259315e+03 -3.605596074348558486e+07 0.000000000000000000e+00
1.646586345381525973e+02 7.936974387050008684e-01 -3.584943794102857282e+03 -4.251259258843663335e+07 0.000000000000000000e+00
1.686746987951807171e+02 9.846571995145925182e-01 -4.271579403674810237e+03 -5.257617467762756348e+07 0.000000000000000000e+00
1.726907630522088368e+02 8.754584320951197540e-01 -2.928570044787966708e+03 -5.224515420199215412e+07 0.000000000000000000e+00
1.767068273092369566e+02 6.655465526679867905e-01 -1.292994966717278885e+03 -4.585460542989283800e+07 0.000000000000000000e+00
1.807228915662650479e+02 6.148820908238962213e-01 -1.175788486634575293e+03 -4.208874331877431273e+07 0.000000000000000000e+00
1.847389558232931677e+02 7.736976637593184769e-01 -2.502433609892031654e+03 -4.652917862332016230e+07 0.000000000000000000e+00
1.887550200803212590e+02 9.005305124619165102e-01 -3.368119849413525571e+03 -5.370392286083963513e+07 0.000000000000000000e+00
1.927710843373494072e+02 7.508413784672146596e-01 -2.146976180327492330e+03 -4.973980531278239936e+07 0.000000000000000000e+00
1.967871485943775269e+02 5.402232438329144237e-01 -8.494106194985649836e+02 -4.103034765641953051e+07 0.000000000000000000e+00
2.008032128514056183e+02 4.574267292049603584e-01 -5.629192784047572786e+02 -3.662567696191831678e+07 0.000000000000000000e+00
2.048192771084337380e+02 4.734280825049617114e-01 -8.605358135404105724e+02 -3.643995199006889760e+07 0.000000000000000000e+00
2.088353413654618294e+02 6.705923000771911724e-01 -2.869777601882565250e+03 -4.053072082670684159e+07 0.000000000000000000e+00
2.128514056224899775e+02 1.117893998631917185e+00 -6.153298809971992341e+03 -5.673480806330705434e+07 0.000000000000000000e+00
2.168674698795180689e+02 1.001125060165740432e+00 -4.418439468321201275e+03 -5.853545332363361120e+07 0.000000000000000000e+00
2.208835341365461886e+02 6.421448478534650395e-01 -1.479293474161779613e+03 -4.683213716112568974e+07 0.000000000000000000e+00
2.248995983935742800e+02 4.453239571872030789e-01 -4.072180451181538956e+02 -3.663170394740577787e+07 0.000000000000000000e+00
2.289156626506023997e+02 3.978606849770902620e-01 -2.339142051903677384e+02 -3.302944447165053710e+07 0.000000000000000000e+00
2.329317269076305195e+02 3.910064527866948803e-01 -2.194050003167513978e+02 -3.274109366557692736e+07 0.000000000000000000e+00
2.369477911646586392e+02 4.054040376939473389e-01 -3.977351519385325673e+02 -3.292199300846703351e+07 0.000000000000000000e+00
2.409638554216867590e+02 5.240464006401686081e-01 -1.580328080091178663e+03 -3.550541218248730898e+07 0.000000000000000000e+00
2.449799196787148503e+02 9.588886502350264518e-01 -4.877479469205163696e+03 -4.989216667255132645e+07 0.000000000000000000e+00
2.489959839357429701e+02 9.976284319460015926e-01 -4.305041683588633532e+03 -5.631395026447280496e+07 0.000000000000000000e+00
2.530120481927710614e+02 6.880770326511513879e-01 -1.720692687556750570e+03 -4.793134795070718229e+07 0.000000000000000000e+00
2.570281124497991527e+02 5.864325761548272453e-01 -1.236596211423315935e+03 -4.089438885259294510e+07 0.000000000000000000e+00
2.610441767068273293e+02 7.530320019462722891e-01 -2.857086289953623236e+03 -4.375677646627005190e+07 0.000000000000000000e+00
2.650602409638554491e+02 1.123947587466477049e+00 -5.243004418446503223e+03 -5.788073676595029235e+07 0.000000000000000000e+00
2.690763052208835688e+02 9.915796750747822852e-01 -3.663624836403842892e+03 -5.898008380539003760e+07 0.000000000000000000e+00
2.730923694779116317e+02 6.365111113770367535e-01 -1.043701832843316879e+03 -4.675044810247284919e+07 0.000000000000000000e+00
2.771084337349397515e+02 4.643797307690769038e-01 -2.714882686255946282e+02 -3.750703225458659977e+07 0.000000000000000000e+00
2.811244979919678713e+02 4.282008396964190888e-01 -2.336844337126549362e+02 -3.519546266743678600e+07 0.000000000000000000e+00
2.851405622489959910e+02 4.320460694421550119e-01 -3.587311112783589806e+02 -3.486928355926793814e+07 0.000000000000000000e+00
2.891566265060241108e+02 4.702198538748536549e-01 -7.172265634497973679e+02 -3.622907567897052318e+07 0.000000000000000000e+00
2.931726907630521737e+02 6.335399536514412233e-01 -1.988292140922462295e+03 -4.307579868401525170e+07 0.000000000000000000e+00
2.971887550200802934e+02 8.069089164534875014e-01 -2.841702438337242711e+03 -5.268952759252997488e+07 0.000000000000000000e+00
3.012048192771084700e+02 7.420565854998988353e-01 -2.140338669806362304e+03 -5.124895293470513821e+07 0.000000000000000000e+00
3.052208835341365898e+02 6.147622388175111308e-01 -1.230173514074586137e+03 -4.574673395891926438e+07 0.000000000000000000e+00
3.092369477911646527e+02 6.264983228185753150e-01 -1.529656742245665100e+03 -4.439299600014641136e+07 0.000000000000000000e+00
3.132530120481927725e+02 9.105010066308556471e-01 -3.945009963260667064e+03 -5.231002123487626761e+07 0.000000000000000000e+00
3.172690763052208922e+02 1.162858977516785242e+00 -5.267642654709290582e+03 -6.629384077148752660e+07 0.000000000000000000e+00
3.212851405622490120e+02 9.562972220135989021e-01 -3.230036707311314331e+03 -6.206864054854761064e+07 0.000000000000000000e+00
3.253012048192770749e+02 6.360604457938972001e-01 -1.044229010081819752e+03 -4.958300570228982717e+07 0.000000000000000000e+00
3.293172690763051946e+02 5.000142780604982518e-01 -4.158518045685608513e+02 -4.107538371188705415e+07 0.000000000000000000e+00
3.333333333333333144e+02 4.585785164305993256e-01 -2.453132404609083892e+02 -3.825352632114741206e+07 0.000000000000000000e+00
3.373493975903614341e+02 4.387435397458129827e-01 -1.644183357190034371e+02 -3.688014959105075151e+07 0.000000000000000000e+00
3.413654618473896107e+02 4.254819584685545220e-01 -1.120414485311223700e+02 -3.572245727485346049e+07 0.000000000000000000e+00
3.453815261044176737e+02 4.251221227326560381e-01 -7.453307061274327339e+01 -3.586907381955955178e+07 0.000000000000000000e+00
3.493975903614457934e+02 4.571117825375765609e-01 -1.763947554625672751e+02 -3.839996099510184675e+07 0.000000000000000000e+00
3.534136546184739132e+02 5.520760871256410462e-01 -7.693230768811539519e+02 -4.297950010381945223e+07 0.000000000000000000e+00
3.574297188755020329e+02 8.724487589593703518e-01 -3.067522752629839033e+03 -5.621132587884264439e+07 0.000000000000000000e+00
3.614457831325300958e+02 1.144165624787175872e+00 -4.388277644696482639e+03 -7.119228514609219134e+07 0.000000000000000000e+00
3.654618473895582156e+02 9.558585759342247412e-01 -2.515816991470589528e+03 -6.476393588906789571e+07 0.000000000000000000e+00
3.694779116465863353e+02 6.254617978649423815e-01 -4.810968822284048656e+02 -4.904006252581005543e+07 0.000000000000000000e+00
3.734939759036144551e+02 4.684596935672170059e-01 1.371176491230721695e+02 -3.966146811424276233e+07 0.000000000000000000e+00
3.775100401606425180e+02 4.389399034126170718e-01 1.584521840246131603e+02 -3.785086826105999202e+07 0.000000000000000000e+00
3.815261044176706946e+02 4.674020972605075208e-01 -6.924834806784119223e+01 -3.992234462240131199e+07 0.000000000000000000e+00
3.855421686746988144e+02 5.650801269808517491e-01 -9.075891342674174211e+02 -4.410463386749943346e+07 0.000000000000000000e+00
3.895582329317269341e+02 8.777678638679038414e-01 -3.321756787674135012e+03 -5.678597964604672045e+07 0.000000000000000000e+00
3.935742971887550539e+02 9.923804850661269716e-01 -3.715324665026946604e+03 -6.407161237225462496e+07 0.000000000000000000e+00
3.975903614457831168e+02 7.374767990697309594e-01 -1.663022810511777152e+03 -5.430289886758555472e+07 0.000000000000000000e+00
4.016064257028112365e+02 5.229405438992567046e-01 -4.793400730786726172e+02 -4.294966280852635950e+07 0.000000000000000000e+00
4.056224899598393563e+02 4.917598146130295333e-01 -4.877984144423261910e+02 -4.030014153230699152e+07 0.000000000000000000e+00
4.096385542168674760e+02 6.121119114346021961e-01 -1.477457488377487834e+03 -4.471400747955542058e+07 0.000000000000000000e+00
4.136546184738955390e+02 9.131631849850599947e-01 -3.366339404101096534e+03 -5.861076687724672258e+07 0.000000000000000000e+00
4.176706827309236587e+02 9.253839758616675404e-01 -2.975676736705135227e+03 -6.172725193504065275e+07 0.000000000000000000e+00
4.216867469879518353e+02 7.097061632063081937e-01 -1.263097065358036616e+03 -5.270100968254414946e+07 0.000000000000000000e+00
4.257028112449799551e+02 5.864257243526751484e-01 -6.393430436587843815e+02 -4.603760610623294115e+07 0.000000000000000000e+00
4.297188755020080180e+02 6.517756907501208730e-01 -1.202398590386445903e+03 -4.852412528778888285e+07 0.000000000000000000e+00
4.337349397590361377e+02 9.222835447161678024e-01 -2.994666661497275982e+03 -6.080228215726532787e+07 0.000000000000000000e+00
4.377510040160642575e+02 9.866694672398905741e-01 -3.014132788992997121e+03 -6.533445866502349079e+07 0.000000000000000000e+00
4.417670682730923772e+02 7.625118620822618487e-01 -1.342492697729738211e+03 -5.565759475467658043e+07 0.000000000000000000e+00
4.457831325301204970e+02 5.465337087831922958e-01 -1.967433744043330819e+02 -4.381617791823560745e+07 0.000000000000000000e+00
4.497991967871485599e+02 4.808785242216409572e-01 1.314777365997694503e+01 -3.951577229165345430e+07 0.000000000000000000e+00
4.538152610441766797e+02 5.569346053488765103e-01 -5.757680861205587917e+02 -4.286331441430020332e+07 0.000000000000000000e+00
4.578313253012047994e+02 8.827984219176674419e-01 -2.707182991902338472e+03 -5.748158689847960323e+07 0.000000000000000000e+00
4.618473895582329760e+02 1.014292256783244195e+00 -3.127047116532095970e+03 -6.499535087608750165e+07 0.000000000000000000e+00
4.658634538152610389e+02 7.507464487369372996e-01 -1.212195389686786939e+03 -5.406010490008297563e+07 0.000000000000000000e+00
4.698795180722891587e+02 5.565469164187730744e-01 -3.134325585348753975e+02 -4.373943582400136441e+07 0.000000000000000000e+00
4.738955823293172784e+02 5.913418964656439458e-01 -7.865818112172428300e+02 -4.438533670595230162e+07 0.000000000000000000e+00
4.779116465863453982e+02 8.497912355486254565e-01 -2.610854928977962572e+03 -5.558189587234316766e+07 0.000000000000000000e+00
4.819277108433735179e+02 9.378061854980042078e-01 -2.889676971468375086e+03 -6.097211609338525683e+07 0.000000000000000000e+00
4.859437751004015809e+02 7.232077429904608667e-01 -1.309271949552828346e+03 -5.211312981409446150e+07 0.000000000000000000e+00
4.899598393574297006e+02 5.373779122498567595e-01 -3.343401510145546354e+02 -4.236556057205110788e+07 0.000000000000000000e+00
4.939759036144578204e+02 5.266138355329150755e-01 -4.407644983675909884e+02 -4.107899904286738485e+07 0.000000000000000000e+00
4.979919678714859401e+02 7.206003123446096392e-01 -1.859443019069057300e+03 -4.936988207779712975e+07 0.000000000000000000e+00
5.020080321285140599e+02 9.651472787362521677e-01 -3.143223310192974623e+03 -6.181194602861205488e+07 0.000000000000000000e+00
5.060240963855421228e+02 8.402873976445602855e-01 -2.079815442355620689e+03 -5.768722774225205928e+07 0.000000000000000000e+00
5.100401606425702994e+02 6.187926645045858098e-01 -8.085235293712458997e+02 -4.703166504526880383e+07 0.000000000000000000e+00
5.140562248995983055e+02 6.070873496752753340e-01 -1.015598804999399363e+03 -4.465834393396410346e+07 0.000000000000000000e+00
5.180722891566265389e+02 7.898000147659671732e-01 -2.435098475015829081e+03 -5.144207018838246167e+07 0.000000000000000000e+00
5.220883534136546587e+02 8.786156904448831906e-01 -2.855785524170177723e+03 -5.589034399908462912e+07 0.000000000000000000e+00
5.261044176706827784e+02 7.293689660366947658e-01 -1.667326769566223902e+03 -5.047943872557060421e+07 0.000000000000000000e+00
5.301204819277108982e+02 5.868444033518045444e-01 -8.748276047713687831e+02 -4.344187130840572715e+07 0.000000000000000000e+00
5.341365461847389042e+02 5.992915630821897821e-01 -1.105988305873646823e+03 -4.277908183531796932e+07 0.000000000000000000e+00
5.381526104417671377e+02 7.556544147877988227e-01 -2.200635144314991066e+03 -4.835760937260191143e+07 0.000000000000000000e+00
5.421686746987951437e+02 8.607885935141755818e-01 -2.662468767146875507e+03 -5.382151735078728944e+07 0.000000000000000000e+00
5.461847389558232635e+02 7.787583106442901304e-01 -1.834701500990287741e+03 -5.101425181106591225e+07 0.000000000000000000e+00
5.502008032128513833e+02 6.559771834101092436e-01 -1.019646634394600142e+03 -4.535918048794590682e+07 0.000000000000000000e+00
5.542168674698795030e+02 6.500494050532302781e-01 -1.060076187373737639e+03 -4.425378234837832302e+07 0.000000000000000000e+00
5.582329317269076228e+02 7.310912261500197573e-01 -1.631340845657221962e+03 -4.672627567651534081e+07 0.000000000000000000e+00
5.622489959839357425e+02 7.776120751301509593e-01 -1.978745408966037076e+03 -4.794059559117534757e+07 0.000000000000000000e+00
5.662650602409638623e+02 7.390634819160645241e-01 -1.782766192509819575e+03 -4.596099574875832349e+07 0.000000000000000000e+00
5.702811244979919820e+02 6.685818521515114465e-01 -1.440151658174797603e+03 -4.257226257794226706e+07 0.000000000000000000e+00
5.742971887550201018e+02 6.341927094009542909e-01 -1.359360729458414880e+03 -4.060558191560459882e+07 0.000000000000000000e+00
5.783132530120482215e+02 6.374771802766070472e-01 -1.447252344138023318e+03 -4.042196741954066604e+07 0.000000000000000000e+00
5.823293172690763413e+02 6.585061340466131785e-01 -1.607037119210768878e+03 -4.112086562717954814e+07 0.000000000000000000e+00
5.863453815261043474e+02 6.779899744032396036e-01 -1.666028048790275307e+03 -4.239136349513173103e+07 0.000000000000000000e+00
5.903614457831325808e+02 6.775723569933503887e-01 -1.613092772720082849e+03 -4.289414491849447787e+07 0.000000000000000000e+00
5.943775100401605869e+02 6.672179549216527006e-01 -1.511949389103931708e+03 -4.289036828798516840e+07 0.000000000000000000e+00
5.983935742971887066e+02 6.610094205297507575e-01 -1.513984949858695472e+03 -4.287276677189843357e+07 0.000000000000000000e+00
6.024096385542169401e+02 6.676264901661070894e-01 -1.645629966716452145e+03 -4.306127172890634835e+07 0.000000000000000000e+00
6.064257028112449461e+02 6.723766977113269094e-01 -1.806463361020634238e+03 -4.323536005822864175e+07 0.000000000000000000e+00
6.104417670682731796e+02 6.616897334084558269e-01 -1.806979819266275854e+03 -4.282337624046473950e+07 0.000000000000000000e+00
6.144578313253011856e+02 6.291776374356597978e-01 -1.658392369681450418e+03 -4.156796049542387575e+07 0.000000000000000000e+00
6.184738955823293054e+02 5.886642189511137602e-01 -1.435684315812917021e+03 -3.988943394457566738e+07 0.000000000000000000e+00
6.224899598393574252e+02 5.637689065756734674e-01 -1.315760222936912896e+03 -3.872972844843348861e+07 0.000000000000000000e+00
6.265060240963855449e+02 5.624576574403752360e-01 -1.325380696694712242e+03 -3.861822247223162651e+07 0.000000000000000000e+00
6.305220883534136647e+02 5.710008924059646329e-01 -1.375096408803098939e+03 -3.901120221872773021e+07 0.000000000000000000e+00
6.345381526104417844e+02 5.777308146753862284e-01 -1.382204426280394273e+03 -3.945757567980687320e+07 0.000000000000000000e+00
6.385542168674697905e+02 5.748702112191080849e-01 -1.320505042396632916e+03 -3.949091713891737908e+07 0.000000000000000000e+00
6.425702811244980239e+02 5.634419486216785122e-01 -1.200085479260284501e+03 -3.913569584878693521e+07 0.000000000000000000e+00
6.465863453815261437e+02 5.539482250259754048e-01 -1.103422938321549964e+03 -3.872226424422778934e+07 0.000000000000000000e+00
6.506024096385541498e+02 5.568566681505594529e-01 -1.097941992576316579e+03 -3.883245721941889077e+07 0.000000000000000000e+00
6.546184738955823832e+02 5.708143092375315142e-01 -1.149848754386622659e+03 -3.946455823922164738e+07 0.000000000000000000e+00
6.586345381526103893e+02 5.843673905419385362e-01 -1.172241522815076223e+03 -4.012108037198840827e+07 0.000000000000000000e+00
6.626506024096386227e+02 5.841572489526413170e-01 -1.115455558340267544e+03 -4.017107021716956794e+07 0.000000000000000000e+00
6.666666666666666288e+02 5.714744717388779982e-01 -9.725584537910938252e+02 -3.962626862580072880e+07 0.000000000000000000e+00
6.706827309236947485e+02 5.527516623380738237e-01 -8.170276352570388099e+02 -3.870155568488742411e+07 0.000000000000000000e+00
6.746987951807228683e+02 5.450187072092750329e-01 -7.367924972821758729e+02 -3.812392730442900956e+07 0.000000000000000000e+00
6.787148594377509880e+02 5.504895436208898651e-01 -7.424900694743067788e+02 -3.817932732433386892e+07 0.000000000000000000e+00
6.827309236947792215e+02 5.664710474363937598e-01 -8.055133438873625664e+02 -3.858942113356490433e+07 0.000000000000000000e+00
6.867469879518072275e+02 5.895947878000706854e-01 -9.146242397085176208e+02 -3.913160727099978179e+07 0.000000000000000000e+00
6.907630522088353473e+02 6.149827537089901375e-01 -1.035395193612558387e+03 -3.949280313325081766e+07 0.000000000000000000e+00
6.947791164658634671e+02 6.303049382227382536e-01 -1.071913289469220899e+03 -3.936315375854771584e+07 0.000000000000000000e+00
6.987951807228915868e+02 6.292312029815013696e-01 -1.013710952216790702e+03 -3.873793309366242588e+07 0.000000000000000000e+00
7.028112449799195929e+02 6.234362971970613954e-01 -9.400904034256460591e+02 -3.783776776323254406e+07 0.000000000000000000e+00
7.068273092369478263e+02 6.279048977173607993e-01 -9.544781900243056043e+02 -3.726579223236080259e+07 0.000000000000000000e+00
7.108433734939758324e+02 6.448148700640005115e-01 -1.028726490848891899e+03 -3.717296342838575691e+07 0.000000000000000000e+00
7.148594377510040658e+02 6.508539005670157529e-01 -1.030628133202630124e+03 -3.669087960457618535e+07 0.000000000000000000e+00
7.188755020080320719e+02 6.468621917096178953e-01 -9.617861828073858987e+02 -3.552699832999488711e+07 0.000000000000000000e+00
7.228915662650601917e+02 6.478156747672200177e-01 -9.026463024769165031e+02 -3.403408665982630849e+07 0.000000000000000000e+00
7.269076305220884251e+02 6.362011510824566729e-01 -7.214658584669888342e+02 -3.124880253584711626e+07 0.000000000000000000e+00
7.309236947791164312e+02 5.833750162937281214e-01 -3.962807951912294016e+02 -2.668412619970302284e+07 0.000000000000000000e+00
7.349397590361446646e+02 5.551763536278643274e-01 -4.043105176796888145e+02 -2.180993012819371000e+07 0.000000000000000000e+00
7.389558232931726707e+02 5.775555426534879633e-01 -8.234576408449465816e+02 -1.679349387055397779e+07 0.000000000000000000e+00
7.429718875502007904e+02 5.186906695191945138e-01 -6.410910660227709741e+02 -1.282897776123541594e+07 0.000000000000000000e+00
7.469879518072289102e+02 4.069339750701101988e-01 -2.501002388290557974e+02 -1.082753892867026106e+07 0.000000000000000000e+00
7.510040160642570299e+02 4.047635369216588952e-01 -5.243899733486397281e+02 -8.746805275705529377e+06 0.000000000000000000e+00
7.550200803212850360e+02 4.323875930338227369e-01 -8.453879316133494513e+02 -6.975046933187473565e+06 0.000000000000000000e+00
7.590361445783132694e+02 3.957537847246487828e-01 -6.095979845550797336e+02 -7.004062192867164500e+06 0.000000000000000000e+00
7.630522088353413892e+02 3.266856331147496850e-01 -2.096798348387755482e+02 -7.292985904135445133e+06 0.000000000000000000e+00
7.670682730923695090e+02 2.967304962633173782e-01 -1.158292951241033535e+02 -7.065009228239672258e+06 0.000000000000000000e+00
7.710843373493976287e+02 3.099687131968524301e-01 -2.769727966825491876e+02 -6.427994135549370199e+06 0.000000000000000000e+00
7.751004016064256348e+02 3.560441092089018933e-01 -6.422016841059545413e+02 -5.233868199352510273e+06 0.000000000000000000e+00
7.791164658634538682e+02 3.895319839950918128e-01 -8.230740263415837035e+02 -4.429537923191423528e+06 0.000000000000000000e+00
7.831325301204818743e+02 3.676463222398067554e-01 -5.995842557335466836e+02 -4.902567322542922571e+06 0.000000000000000000e+00
7.871485943775101077e+02 3.146158942805337699e-01 -2.214547493656008328e+02 -5.724878598504349589e+06 0.000000000000000000e+00
7.911646586345381138e+02 2.747214789264983970e-01 -1.802185585048661665e+00 -5.984270956531576812e+06 0.000000000000000000e+00
7.951807228915662336e+02 2.581309267303620869e-01 6.923966140148534976e+01 -5.961678520298815332e+06 0.000000000000000000e+00
7.991967871485943533e+02 2.568794041557737606e-01 6.766213746129912465e+01 -5.882919229036899284e+06 0.000000000000000000e+00
8.032128514056224731e+02 2.648177695278879362e-01 8.902657722901039961e+00 -5.772663562985150144e+06 0.000000000000000000e+00
8.072289156626505928e+02 2.826938157090074788e-01 -9.017997751103689552e+01 -5.575492466983126476e+06 0.000000000000000000e+00
8.112449799196787126e+02 3.033990491998109218e-01 -2.111149813093010152e+02 -5.343364019814605825e+06 0.000000000000000000e+00
8.152610441767068323e+02 3.131979749596836560e-01 -2.393536500182736688e+02 -5.247106001590369269e+06 0.000000000000000000e+00
8.192771084337349521e+02 3.042917070117073242e-01 -1.496780721527173057e+02 -5.375939142291309312e+06 0.000000000000000000e+00
8.232931726907630718e+02 2.848190556396867912e-01 -2.385603691636734425e+01 -5.569265326044529676e+06 0.000000000000000000e+00
8.273092369477910779e+02 2.715401820342002726e-01 4.917632954348462704e+01 -5.664473717670546845e+06 0.000000000000000000e+00
8.313253012048193114e+02 2.724039575054054696e-01 4.478605296954232529e+01 -5.645804900635416619e+06 0.000000000000000000e+00
8.353413654618473174e+02 2.843283595605766156e-01 -2.961061907923264869e+01 -5.525073483903327957e+06 0.000000000000000000e+00
8.393574297188755509e+02 2.998175659370417301e-01 -1.159478245974231072e+02 -5.347494215093091130e+06 0.000000000000000000e+00
8.433734939759036706e+02 3.125638792893640217e-01 -1.648535680789176183e+02 -5.223921579082142562e+06 0.000000000000000000e+00
8.473895582329316767e+02 3.194623596932397169e-01 -1.854845615417141573e+02 -5.184104648229472339e+06 0.000000000000000000e+00
8.514056224899599101e+02 3.223441398815979353e-01 -1.926012394444672395e+02 -5.115589897581047378e+06 0.000000000000000000e+00
8.554216867469879162e+02 3.192206570992366932e-01 -1.504756455717253516e+02 -5.079026568056392483e+06 0.000000000000000000e+00
8.594377510040160359e+02 3.081345248176589613e-01 -3.738095457721900061e+01 -5.231293231071825139e+06 0.000000000000000000e+00
8.634538152610441557e+02 2.905174078046616759e-01 5.824321428759055408e+01 -5.501109225290799513e+06 0.000000000000000000e+00
8.674698795180722755e+02 2.806991801867423919e-01 9.189566289641443575e+01 -5.605056963266325183e+06 0.000000000000000000e+00
8.714859437751003952e+02 2.820995525525842318e-01 9.075032474093038104e+01 -5.566155739892954938e+06 0.000000000000000000e+00
8.755020080321285150e+02 2.863584943455635967e-01 6.321404335982080624e+01 -5.462580939323991537e+06 0.000000000000000000e+00
8.795180722891565210e+02 2.943428957370065047e-01 2.887336829930474380e+01 -5.314510545346963219e+06 0.000000000000000000e+00
8.835341365461847545e+02 3.040276662163052812e-01 -1.038713609995628140e+01 -5.111631338044291362e+06 0.000000000000000000e+00
8.875502008032128742e+02 3.048513182256044063e-01 -1.646396782994928998e+01 -4.879157217066616751e+06 0.000000000000000000e+00
8.915662650602409940e+02 2.956845070669184006e-01 5.189237202210696864e+01 -4.545207918375370093e+06 0.000000000000000000e+00
8.955823293172691137e+02 2.853250279988104876e-01 1.126479557094173316e+02 -4.367731023150812835e+06 0.000000000000000000e+00
8.995983935742971198e+02 2.828322794233425475e-01 1.356867973891028214e+02 -4.353484375064439140e+06 0.000000000000000000e+00
9.036144578313253533e+02 2.872073480891372266e-01 1.114161080736752325e+02 -4.322089829411458224e+06 0.000000000000000000e+00
9.076305220883533593e+02 3.002165303172849020e-01 6.272519102986509409e+01 -4.090318457325792871e+06 0.000000000000000000e+00
9.116465863453815928e+02 3.145173722338411859e-01 -5.453502748684654478e+01 -3.836113525601950474e+06 0.000000000000000000e+00
9.156626506024095988e+02 3.351253913374507842e-01 -1.839884742594648515e+02 -3.603307611501850188e+06 0.000000000000000000e+00
9.196787148594377186e+02 3.564744257278571471e-01 -2.740835411851479080e+02 -3.678588327107889112e+06 0.000000000000000000e+00
9.236947791164659520e+02 3.632699733685331722e-01 -3.420369152381506410e+02 -3.991206644576766994e+06 0.000000000000000000e+00
9.277108433734939581e+02 3.781506131629646106e-01 -3.005070544685405025e+02 -3.660834537196189165e+06 0.000000000000000000e+00
9.317269076305220779e+02 4.048606381249924002e-01 -1.449371162047366397e+02 -3.022115627622934524e+06 0.000000000000000000e+00
9.357429718875501976e+02 4.383519653041330066e-01 6.965244836061300759e+01 -2.301481497441542335e+06 0.000000000000000000e+00
9.397590361445783174e+02 4.582629593634302556e-01 1.889362434832755469e+02 -1.905595039186167996e+06 0.000000000000000000e+00
9.437751004016064371e+02 4.410522636341405178e-01 7.608134675574989103e+01 -2.630036362680935767e+06 0.000000000000000000e+00
9.477911646586345569e+02 4.070733707918562372e-01 -9.755448335489695921e+01 -3.662823895132842474e+06 0.000000000000000000e+00
9.518072289156625629e+02 3.797363147684306717e-01 -2.009712455793172694e+02 -4.309060907729135826e+06 0.000000000000000000e+00
9.558232931726907964e+02 3.661105830827067198e-01 -2.800514374616672058e+02 -4.607124299697318114e+06 0.000000000000000000e+00
9.598393574297188025e+02 3.614387166033550813e-01 -3.345530405131868861e+02 -4.674435063904420473e+06 0.000000000000000000e+00
9.638554216867470359e+02 3.607928709238520937e-01 -3.428241681883919796e+02 -4.568522950266432017e+06 0.000000000000000000e+00
9.678714859437751556e+02 3.577694119149278373e-01 -3.266019156529582688e+02 -4.483876166126494296e+06 0.000000000000000000e+00
9.718875502008031617e+02 3.562861716430248959e-01 -3.330055919547887697e+02 -4.474262490116654895e+06 0.000000000000000000e+00
9.759036144578313952e+02 3.626477100835555079e-01 -3.303804748607012129e+02 -4.407856886958217248e+06 0.000000000000000000e+00
9.799196787148594012e+02 3.639858452636779984e-01 -3.237918715954206732e+02 -4.013659721950334497e+06 0.000000000000000000e+00
9.839357429718875210e+02 3.527600523036271141e-01 -3.142753130300142743e+02 -2.245814103799890261e+06 0.000000000000000000e+00
9.879518072289156407e+02 3.438345897034745802e-01 -3.073989236648627639e+02 -6.238778038675045827e+05 0.000000000000000000e+00
9.919678714859437605e+02 3.466731318857807498e-01 -2.857059726859700959e+02 4.750909706037296564e+04 0.000000000000000000e+00
9.959839357429718802e+02 3.466731318857807498e-01 -2.857059726859700959e+02 2.500000000000000000e+05 0.000000000000000000e+00
1.000000000000000000e+03 3.438345897034745802e-01 -3.073989236648627639e+02 2.500000000000000000e+05 0.000000000000000000e+00
