# 0.851392129209171
0.000000000000000000e+00 7.041612622339752381e-01 6.607585496373660590e+02 2.500000000000000000e+05 7.950232102032648982e+03
4.016064257028111761e+00 4.738872876875720452e-01 -4.592195240180390670e+02 2.500000000000000000e+05 0.000000000000000000e+00
8.032128514056223523e+00 4.738872876875720452e-01 4.592195240180390670e+02 -3.206232590814261138e+07 0.000000000000000000e+00
1.204819277108433795e+01 7.041612622339752381e-01 -6.607585496373660590e+02 -6.372815563272210211e+07 0.000000000000000000e+00
1.606425702811244705e+01 4.879562585640662697e-01 2.090316460429457379e+02 -4.052100531404272467e+07 0.000000000000000000e+00
2.008032128514056325e+01 6.766849232584351004e-01 -3.010228366604271173e+02 -4.757934575886833668e+07 0.000000000000000000e+00
2.409638554216867590e+01 4.908265996874695558e-01 5.238683149361766027e+02 -3.412229926624316722e+07 0.000000000000000000e+00
2.811244979919678499e+01 5.285540967300391690e-01 -2.369296698718189589e+02 -3.343469826500000060e+07 0.000000000000000000e+00
3.212851405622489409e+01 4.112358502228886659e-01 -1.058194130614860740e+02 -2.689065898818401620e+07 0.000000000000000000e+00
3.614457831325301385e+01 5.081141363299478408e-01 -3.554130317154400700e+02 -2.974653159625430405e+07 0.000000000000000000e+00
4.016064257028112650e+01 4.815333484877207804e-01 2.737350946759773365e+02 -2.750119958282417059e+07 0.000000000000000000e+00
4.417670682730923915e+01 5.241679403031579421e-01 -1.200539396719406682e-01 -2.811189106506760046e+07 0.000000000000000000e+00
4.819277108433735179e+01 4.145468946070838268e-01 1.298617468634990360e+02 -2.356461025463104993e+07 0.000000000000000000e+00
5.220883534136545734e+01 4.520129251617023836e-01 -2.822751527102589648e+02 -2.434099292691166699e+07 0.000000000000000000e+00
5.622489959839356999e+01 4.213164274274783794e-01 -9.846941896450545073e+00 -2.306503260685681179e+07 0.000000000000000000e+00
6.024096385542168974e+01 5.008013196453391380e-01 -2.199304475501243772e+01 -2.533034060419156030e+07 0.000000000000000000e+00
6.425702811244978818e+01 4.646349542946782152e-01 2.797905960240410650e+02 -2.413897786423484609e+07 0.000000000000000000e+00
6.827309236947790794e+01 4.650276682057778443e-01 -5.098026159838715898e+01 -2.402887662921836600e+07 0.000000000000000000e+00
7.228915662650602769e+01 3.914987615730823323e-01 1.380087516684595883e+01 -2.169757262926883250e+07 0.000000000000000000e+00
7.630522088353414745e+01 4.506274229369634510e-01 -1.824683882150592353e+02 -2.364060177959928662e+07 0.000000000000000000e+00
8.032128514056225299e+01 4.542628303708609039e-01 1.716682138305988587e+02 -2.371826046857241914e+07 0.000000000000000000e+00
8.433734939759035854e+01 5.062743891913388250e-01 2.033879085200736085e+02 -2.543757532638010010e+07 0.000000000000000000e+00
8.835341365461847829e+01 4.603098106240978149e-01 1.361098303148051798e+02 -2.424407819496763125e+07 0.000000000000000000e+00
9.236947791164658383e+01 4.169845851821367688e-01 -1.530202929889068173e+02 -2.291395527563430369e+07 0.000000000000000000e+00
9.638554216867470359e+01 3.669639256487670087e-01 -1.347477142165863313e+02 -2.119482812926788628e+07 0.000000000000000000e+00
1.004016064257028091e+02 4.268088695460480197e-01 -2.028410919017043454e+02 -2.349112820416518673e+07 0.000000000000000000e+00
1.044176706827309147e+02 5.058766395148035500e-01 1.155802429975884138e+01 -2.604359511584142223e+07 0.000000000000000000e+00
1.084337349397590344e+02 6.464106463694978544e-01 -4.727784883901601916e+02 -2.742344232829617336e+07 0.000000000000000000e+00
1.124497991967871400e+02 8.639940411496296324e-01 -3.995602557047385744e+03 -2.462098211867909506e+07 0.000000000000000000e+00
1.164658634538152597e+02 1.051623709041192622e+00 -4.963001581713662745e+03 -2.697685799346267432e+07 0.000000000000000000e+00
1.204819277108433795e+02 9.384027989051794139e-01 -3.118933577526659064e+03 -3.216492562746640295e+07 0.000000000000000000e+00
1.244979919678714850e+02 8.567905451199029354e-01 -2.365237467508093232e+03 -3.279033815180551261e+07 0.000000000000000000e+00
1.285140562248995764e+02 8.932684395083707596e-01 -3.163072535902836989e+03 -2.902593333216693252e+07 0.000000000000000000e+00
1.325301204819277245e+02 1.130605296674531912e+00 -6.025023138010895309e+03 -2.168333862202594802e+07 0.000000000000000000e+00
1.365461847389558159e+02 1.377742846632598717e+00 -7.739961292690323717e+03 -2.127865511194618791e+07 0.000000000000000000e+00
1.405622489959839356e+02 1.332546842886091154e+00 -6.664342761054175753e+03 -2.821827544333316758e+07 0.000000000000000000e+00
1.445783132530120554e+02 1.082452958014184841e+00 -4.008006494909492176e+03 -3.611092447575718164e+07 0.000000000000000000e+00
1.485943775100401467e+02 7.990027556947951748e-01 -1.806611891304916071e+03 -3.554655575329987705e+07 0.000000000000000000e+00
1.526104417670682949e+02 6.387469292710171720e-01 -8.024256497798576220e+02 -3.247132203002579138e+07 0.000000000000000000e+00
1.566265060240963862e+02 5.745222695862686191e-01 -4.276905513149488343e+02 -3.103634098803452775e+07 0.000000000000000000e+00
1.606425702811245060e+02 5.580792151021846115e-01 -3.426529587648978463e+02 -3.063509599983717874e+07 0.000000000000000000e+00
1.646586345381525973e+02 5.643549025171232802e-01 -3.940759901349003940e+02 -3.070170341370070726e+07 0.000000000000000000e+00
1.686746987951807171e+02 5.854787905893320543e-01 -5.269198511934594080e+02 -3.134661439355139807e+07 0.000000000000000000e+00
1.726907630522088368e+02 6.270843985937157861e-01 -7.999630270656513176e+02 -3.244560938178082928e+07 0.000000000000000000e+00
1.767068273092369566e+02 7.021508720442124485e-01 -1.471160032758261650e+03 -3.221793719743979722e+07 0.000000000000000000e+00
1.807228915662650479e+02 9.283203294228652425e-01 -3.839602390744573313e+03 -2.675171223869372904e+07 0.000000000000000000e+00
1.847389558232931677e+02 1.371242120202986525e+00 -7.574785650999858262e+03 -2.359922322737668827e+07 0.000000000000000000e+00
1.887550200803212590e+02 1.332824591961681238e+00 -6.475149406106213064e+03 -2.986404523133560270e+07 0.000000000000000000e+00
1.927710843373494072e+02 1.078069287704955581e+00 -4.059764981603004344e+03 -3.340246333760463446e+07 0.000000000000000000e+00
1.967871485943775269e+02 9.701593472370836357e-01 -3.255389917164806775e+03 -3.225349498608668894e+07 0.000000000000000000e+00
2.008032128514056183e+02 9.228521486360584669e-01 -2.783890256319741184e+03 -3.210763485436750948e+07 0.000000000000000000e+00
2.048192771084337380e+02 8.211283918614261657e-01 -1.862234397744730131e+03 -3.175035194328816235e+07 0.000000000000000000e+00
2.088353413654618294e+02 6.859271246464111460e-01 -8.755051683232566120e+02 -3.012580419537480548e+07 0.000000000000000000e+00
2.128514056224899775e+02 5.884260846506347287e-01 -2.881514666220194840e+02 -2.796846185377640650e+07 0.000000000000000000e+00
2.168674698795180689e+02 5.367278214140351889e-01 -3.398718292612372238e+00 -2.651865306535969302e+07 0.000000000000000000e+00
2.208835341365461886e+02 5.109366894787898961e-01 1.458822401910202302e+02 -2.560513239803728834e+07 0.000000000000000000e+00
2.248995983935742800e+02 4.954821176835202956e-01 2.300428312831384119e+02 -2.503528792533385754e+07 0.000000000000000000e+00
2.289156626506023997e+02 4.838081995110136702e-01 2.833892653761527640e+02 -2.446706109165244922e+07 0.000000000000000000e+00
2.329317269076305195e+02 4.758507703977314374e-01 3.258080538494378970e+02 -2.413189094399190694e+07 0.000000000000000000e+00
2.369477911646586392e+02 4.732147998987331627e-01 3.068656979246234755e+02 -2.384469189118675515e+07 0.000000000000000000e+00
2.409638554216867590e+02 5.068738904170914106e-01 -7.052914300041891238e+00 -2.400540763460841775e+07 0.000000000000000000e+00
2.449799196787148503e+02 7.026466144160765648e-01 -1.937568587646444257e+03 -1.977851982854957506e+07 0.000000000000000000e+00
2.489959839357429701e+02 1.229445180196265586e+00 -6.097702434439835997e+03 -1.400889025325926766e+07 0.000000000000000000e+00
2.530120481927710614e+02 1.142818299583924668e+00 -4.272280423660589804e+03 -2.233827170622030273e+07 0.000000000000000000e+00
2.570281124497991527e+02 6.941767059015186980e-01 -6.972683131375575840e+02 -2.603814942358832061e+07 0.000000000000000000e+00
2.610441767068273293e+02 4.669636578145143213e-01 3.505635281375389809e+02 -2.269341380398401991e+07 0.000000000000000000e+00
2.650602409638554491e+02 4.144255108514179331e-01 4.700652577156310485e+02 -2.070635077174939215e+07 0.000000000000000000e+00
2.690763052208835688e+02 3.989101199987283852e-01 5.483051637295665159e+02 -2.004576705909957737e+07 0.000000000000000000e+00
2.730923694779116317e+02 3.972311543166502923e-01 5.758839734416638976e+02 -2.036368832782958448e+07 0.000000000000000000e+00
2.771084337349397515e+02 4.111368256928760734e-01 4.859275390284348077e+02 -2.080540069505059719e+07 0.000000000000000000e+00
2.811244979919678713e+02 4.549141481982201252e-01 7.646199011434555359e+01 -2.089605153433424607e+07 0.000000000000000000e+00
2.851405622489959910e+02 7.025532945544007424e-01 -2.246025949761959964e+03 -1.664150751427637041e+07 0.000000000000000000e+00
2.891566265060241108e+02 1.184822380739113168e+00 -5.476770753001980665e+03 -1.249809798816880397e+07 0.000000000000000000e+00
2.931726907630521737e+02 9.462911959305799758e-01 -2.862359560516223155e+03 -2.191518968303557113e+07 0.000000000000000000e+00
2.971887550200802934e+02 5.339238310024809753e-01 -1.818969745785091163e+01 -2.270934579285716638e+07 0.000000000000000000e+00
3.012048192771084700e+02 4.034178979676594778e-01 4.399286665856863578e+02 -1.929776461203593388e+07 0.000000000000000000e+00
3.052208835341365898e+02 3.733420613324767712e-01 5.565332611587715519e+02 -1.855230813316439092e+07 0.000000000000000000e+00
3.092369477911646527e+02 3.673409194009945034e-01 5.924137656396752618e+02 -1.872811040370927006e+07 0.000000000000000000e+00
3.132530120481927725e+02 3.661929028506203387e-01 5.801119999739722743e+02 -1.833255353402526677e+07 0.000000000000000000e+00
3.172690763052208922e+02 3.491849442861416630e-01 5.969299117871130420e+02 -1.715764534636714682e+07 0.000000000000000000e+00
3.212851405622490120e+02 3.475397336764892153e-01 5.681210559584022803e+02 -1.720124974091228843e+07 0.000000000000000000e+00
3.253012048192770749e+02 3.799293722497376624e-01 4.039891891181559913e+02 -1.836947547220526636e+07 0.000000000000000000e+00
3.293172690763051946e+02 5.086268804307838565e-01 -5.170861793460466060e+02 -1.877580660607575625e+07 0.000000000000000000e+00
3.333333333333333144e+02 9.248315213029150161e-01 -3.668737296078774307e+03 -1.437475943255117536e+07 0.000000000000000000e+00
3.373493975903614341e+02 1.055162792035231334e+00 -3.778111471915755828e+03 -1.769474094823314995e+07 0.000000000000000000e+00
3.413654618473896107e+02 6.755175410138429815e-01 -6.753513359448687652e+02 -2.235109446326028928e+07 0.000000000000000000e+00
3.453815261044176737e+02 4.382892967893264879e-01 4.828195471820823172e+02 -2.017061298651533574e+07 0.000000000000000000e+00
3.493975903614457934e+02 3.812053194393669187e-01 6.068294012969677169e+02 -1.861680635076453909e+07 0.000000000000000000e+00
3.534136546184739132e+02 3.739437801516662940e-01 6.380862316784478026e+02 -1.840261446749745682e+07 0.000000000000000000e+00
3.574297188755020329e+02 3.703167374484936936e-01 6.555182474676740867e+02 -1.822310114618912339e+07 0.000000000000000000e+00
3.614457831325300958e+02 3.627525874520126092e-01 6.704424755078922544e+02 -1.782377041663906351e+07 0.000000000000000000e+00
3.654618473895582156e+02 3.538957124986383818e-01 6.851705127491100029e+02 -1.733803560652166605e+07 0.000000000000000000e+00
3.694779116465863353e+02 3.503389667128362084e-01 6.959940139636634058e+02 -1.727804647045277804e+07 0.000000000000000000e+00
3.734939759036144551e+02 3.524560426616279440e-01 7.033120285754085899e+02 -1.741793184220564738e+07 0.000000000000000000e+00
3.775100401606425180e+02 3.565572402358888615e-01 7.117555323830493990e+02 -1.764271249717520922e+07 0.000000000000000000e+00
3.815261044176706946e+02 3.627938516898344679e-01 7.037042876041323325e+02 -1.788300423733108491e+07 0.000000000000000000e+00
3.855421686746988144e+02 3.735351746098263259e-01 6.647161656455210732e+02 -1.821085324605885148e+07 0.000000000000000000e+00
3.895582329317269341e+02 4.139810188689459491e-01 4.517288959277619256e+02 -1.923213421036002785e+07 0.000000000000000000e+00
3.935742971887550539e+02 5.707807606236435793e-01 -6.952572550576902586e+02 -2.005903908607304469e+07 0.000000000000000000e+00
3.975903614457831168e+02 9.283885985048410117e-01 -2.951122622170030809e+03 -2.160947369515843689e+07 0.000000000000000000e+00
4.016064257028112365e+02 8.599777702715434291e-01 -1.951226783706906190e+03 -2.368636770105685666e+07 0.000000000000000000e+00
4.056224899598393563e+02 5.374310849158201453e-01 1.681031819101151541e+02 -2.182197561880646646e+07 0.000000000000000000e+00
4.096385542168674760e+02 3.840302207598698669e-01 7.381966719743601288e+02 -1.821913379250284284e+07 0.000000000000000000e+00
4.136546184738955390e+02 3.484679252430714080e-01 8.567639711403832052e+02 -1.730582967715147883e+07 0.000000000000000000e+00
4.176706827309236587e+02 3.521794210536317582e-01 8.736442477458826943e+02 -1.784930173644158244e+07 0.000000000000000000e+00
4.216867469879518353e+02 3.614963127767064632e-01 8.563603766747063446e+02 -1.838654226570730656e+07 0.000000000000000000e+00
4.257028112449799551e+02 3.592427742443988214e-01 8.457787623736109026e+02 -1.830485109562512860e+07 0.000000000000000000e+00
4.297188755020080180e+02 3.504417550035134887e-01 8.483582733220778209e+02 -1.793015074099923670e+07 0.000000000000000000e+00
4.337349397590361377e+02 3.385418085490362605e-01 8.363370756778898567e+02 -1.731543171891748160e+07 0.000000000000000000e+00
4.377510040160642575e+02 3.441997372477833550e-01 7.602618785352343593e+02 -1.765991427473226190e+07 0.000000000000000000e+00
4.417670682730923772e+02 3.946802435845043200e-01 4.404875776169011488e+02 -1.900704763291409239e+07 0.000000000000000000e+00
4.457831325301204970e+02 5.738425385994108119e-01 -8.973936632641815550e+02 -2.072827023330131918e+07 0.000000000000000000e+00
4.497991967871485599e+02 8.324896608234159112e-01 -2.348680444561658987e+03 -2.327372191623938829e+07 0.000000000000000000e+00
4.538152610441766797e+02 7.042883746629955422e-01 -1.141803195715016045e+03 -2.368341396123390645e+07 0.000000000000000000e+00
4.578313253012047994e+02 4.639783647223125751e-01 2.932487573200710926e+02 -2.090023541661281139e+07 0.000000000000000000e+00
4.618473895582329760e+02 3.731384529166471009e-01 5.914001888546042665e+02 -1.863676002618747205e+07 0.000000000000000000e+00
4.658634538152610389e+02 4.135780899498314178e-01 2.710606789810608461e+02 -1.913679927633581311e+07 0.000000000000000000e+00
4.698795180722891587e+02 6.391012352501298510e-01 -1.403037316215661122e+03 -1.918113507175095379e+07 0.000000000000000000e+00
4.738955823293172784e+02 9.520584686338907643e-01 -3.129089877269373119e+03 -2.035144255849774927e+07 0.000000000000000000e+00
4.779116465863453982e+02 7.679324012172651370e-01 -1.285547247865095869e+03 -2.243841636106171086e+07 0.000000000000000000e+00
4.819277108433735179e+02 4.755616790539121119e-01 4.502176248647721195e+02 -2.033102409920699149e+07 0.000000000000000000e+00
4.859437751004015809e+02 3.686493228537600642e-01 8.004880149665344788e+02 -1.783621502404700965e+07 0.000000000000000000e+00
4.899598393574297006e+02 3.568830747685394766e-01 8.317047995264626934e+02 -1.754488381407457590e+07 0.000000000000000000e+00
4.939759036144578204e+02 3.746899572812510959e-01 7.933916590056610403e+02 -1.823925396170131862e+07 0.000000000000000000e+00
4.979919678714859401e+02 4.097822337096598821e-01 6.903867007207337565e+02 -1.954512137753240019e+07 0.000000000000000000e+00
5.020080321285140599e+02 4.702204294955243391e-01 4.561625414065863993e+02 -2.148351694461304322e+07 0.000000000000000000e+00
5.060240963855421228e+02 5.358064058175360245e-01 1.839585590267779480e+02 -2.287739407985620573e+07 0.000000000000000000e+00
5.100401606425702994e+02 5.516798698480565033e-01 1.173216926399316549e+02 -2.305084657211389020e+07 0.000000000000000000e+00
5.140562248995983055e+02 5.149233466738865062e-01 2.332331290543434648e+02 -2.232713382333527878e+07 0.000000000000000000e+00
5.180722891566265389e+02 5.217886011834901305e-01 5.639080623364688449e+01 -2.229776916466264427e+07 0.000000000000000000e+00
5.220883534136546587e+02 6.367873722173039708e-01 -6.789215005502267104e+02 -2.376463251853905991e+07 0.000000000000000000e+00
5.261044176706827784e+02 7.366624076863353965e-01 -1.134237462853788884e+03 -2.541231839638803527e+07 0.000000000000000000e+00
5.301204819277108982e+02 6.643928405980039642e-01 -5.577709081013708783e+02 -2.502331128091091290e+07 0.000000000000000000e+00
5.341365461847389042e+02 5.918027027056543821e-01 -2.233412660441036621e+02 -2.380324860294513777e+07 0.000000000000000000e+00
5.381526104417671377e+02 6.813987089849697920e-01 -9.184513273387394747e+02 -2.366430178619391844e+07 0.000000000000000000e+00
5.421686746987951437e+02 8.138054991250718295e-01 -1.631304940322652783e+03 -2.422529742684338987e+07 0.000000000000000000e+00
5.461847389558232635e+02 7.052794827626986951e-01 -6.423447996069027113e+02 -2.343431903689198568e+07 0.000000000000000000e+00
5.502008032128513833e+02 4.840954206432847018e-01 5.144420166668228376e+02 -2.024676263760476932e+07 0.000000000000000000e+00
5.542168674698795030e+02 3.952339651705212842e-01 7.679657615737663718e+02 -1.823340114169218019e+07 0.000000000000000000e+00
5.582329317269076228e+02 4.320486785061568025e-01 5.746498369087232732e+02 -1.944609273202078417e+07 0.000000000000000000e+00
5.622489959839357425e+02 5.708087417614104986e-01 -1.950658418877227405e+02 -2.141198924398795515e+07 0.000000000000000000e+00
5.662650602409638623e+02 8.061345492904442578e-01 -1.575213622526946210e+03 -2.407136424747109786e+07 0.000000000000000000e+00
5.702811244979919820e+02 8.013714537804679239e-01 -1.131753768118715470e+03 -2.581625520319532976e+07 0.000000000000000000e+00
5.742971887550201018e+02 5.972871766226985901e-01 1.391101289048575040e+02 -2.424584658230666444e+07 0.000000000000000000e+00
5.783132530120482215e+02 4.868216458614775810e-01 5.843011446291224047e+02 -2.228508860961161554e+07 0.000000000000000000e+00
5.823293172690763413e+02 5.238193378083936258e-01 2.891617241354770158e+02 -2.307268829411682859e+07 0.000000000000000000e+00
5.863453815261043474e+02 6.983143902012721727e-01 -7.342029853500832814e+02 -2.516605454719520360e+07 0.000000000000000000e+00
5.903614457831325808e+02 8.588506164322282643e-01 -1.510269710130861085e+03 -2.649034216250982136e+07 0.000000000000000000e+00
5.943775100401605869e+02 7.097841407745996145e-01 -3.939211752029039530e+02 -2.456276137153204530e+07 0.000000000000000000e+00
5.983935742971887066e+02 4.802786144485167164e-01 6.712655287520610727e+02 -2.027139774163694307e+07 0.000000000000000000e+00
6.024096385542169401e+02 3.917712794721658343e-01 9.046847806472015918e+02 -1.768343810205360129e+07 0.000000000000000000e+00
6.064257028112449461e+02 3.835219927607771973e-01 8.919251150617211579e+02 -1.724470280863709748e+07 0.000000000000000000e+00
6.104417670682731796e+02 4.129925549128996565e-01 7.844408765528803542e+02 -1.801307218479103595e+07 0.000000000000000000e+00
6.144578313253011856e+02 4.708910992626899050e-01 5.470482167618100675e+02 -1.926087282525222003e+07 0.000000000000000000e+00
6.184738955823293054e+02 5.552593975916843005e-01 1.942334153411695752e+02 -2.055900606314353645e+07 0.000000000000000000e+00
6.224899598393574252e+02 6.064759632802584344e-01 -2.207160191008357231e+01 -2.112289050175207853e+07 0.000000000000000000e+00
6.265060240963855449e+02 5.945880404456057589e-01 4.736682006918388765e+01 -2.070942959818610922e+07 0.000000000000000000e+00
6.305220883534136647e+02 5.936032059990091758e-01 9.538959411020769608e+00 -1.994238280044138059e+07 0.000000000000000000e+00
6.345381526104417844e+02 6.407407913125213739e-01 -2.313081943352291319e+02 -1.955131754758165777e+07 0.000000000000000000e+00
6.385542168674697905e+02 6.407702588270751676e-01 -1.422532352514079435e+02 -1.915984741259646788e+07 0.000000000000000000e+00
6.425702811244980239e+02 5.287729314431837135e-01 3.919911073721824550e+02 -1.773151182845885679e+07 0.000000000000000000e+00
6.465863453815261437e+02 4.279023710011831683e-01 7.265046078986569000e+02 -1.602797582332258485e+07 0.000000000000000000e+00
6.506024096385541498e+02 3.876491058425815539e-01 7.729713304497872741e+02 -1.516787865722836368e+07 0.000000000000000000e+00
6.546184738955823832e+02 3.805051798071859004e-01 7.098366030697809492e+02 -1.494862298336007446e+07 0.000000000000000000e+00
6.586345381526103893e+02 3.964795732864696554e-01 5.964946537281874726e+02 -1.536973343196777254e+07 0.000000000000000000e+00
6.626506024096386227e+02 4.341010550980622384e-01 3.803122332083361243e+02 -1.626456217282257229e+07 0.000000000000000000e+00
6.666666666666666288e+02 4.962971926384836530e-01 9.532421693934509221e+01 -1.749699477688984945e+07 0.000000000000000000e+00
6.706827309236947485e+02 5.425693572529601827e-01 -3.373609846766250797e+01 -1.799653400321488455e+07 0.000000000000000000e+00
6.746987951807228683e+02 5.256984772291936059e-01 1.751640398310894398e+02 -1.739531874026368186e+07 0.000000000000000000e+00
6.787148594377509880e+02 4.775435387895733408e-01 4.519279421794643667e+02 -1.666207370016227849e+07 0.000000000000000000e+00
6.827309236947792215e+02 4.534981271665433633e-01 5.628661866400426561e+02 -1.640053795639402978e+07 0.000000000000000000e+00
6.867469879518072275e+02 4.578785334658710404e-01 4.823511511474807776e+02 -1.669894422293103486e+07 0.000000000000000000e+00
6.907630522088353473e+02 4.746805553597753247e-01 3.520131531823066666e+02 -1.712613706818092242e+07 0.000000000000000000e+00
6.947791164658634671e+02 4.864411991050833772e-01 2.654018680371613641e+02 -1.753864975906268135e+07 0.000000000000000000e+00
6.987951807228915868e+02 4.894503927044175362e-01 2.343348064280347103e+02 -1.775202086454462633e+07 0.000000000000000000e+00
7.028112449799195929e+02 5.007923661036500773e-01 1.321131885764694402e+02 -1.752046799986395612e+07 0.000000000000000000e+00
7.068273092369478263e+02 5.490251220055885062e-01 -2.207100976291200141e+02 -1.742065964509846270e+07 0.000000000000000000e+00
7.108433734939758324e+02 6.443770492525191518e-01 -8.128024021388657729e+02 -1.801972236028584465e+07 0.000000000000000000e+00
7.148594377510040658e+02 7.031133599933230283e-01 -1.019402954052343716e+03 -1.877574379907677323e+07 0.000000000000000000e+00
7.188755020080320719e+02 6.590740050681365148e-01 -6.131032454330388646e+02 -1.926098728332315758e+07 0.000000000000000000e+00
7.228915662650601917e+02 5.656735671300713308e-01 -1.218766166603560066e+02 -1.931240181385554746e+07 0.000000000000000000e+00
7.269076305220884251e+02 5.084117145552862205e-01 5.826060200168947034e+01 -1.891000678407260403e+07 0.000000000000000000e+00
7.309236947791164312e+02 4.903243084942454089e-01 4.408846459548409769e+01 -1.868251542451700568e+07 0.000000000000000000e+00
7.349397590361446646e+02 5.204230710633156454e-01 -1.459472143746133099e+02 -1.912242397884214297e+07 0.000000000000000000e+00
7.389558232931726707e+02 6.079594293140330175e-01 -6.020338693609729717e+02 -1.906722226418615505e+07 0.000000000000000000e+00
7.429718875502007904e+02 6.909209826577503710e-01 -9.556971659439926725e+02 -1.826241354675399140e+07 0.000000000000000000e+00
7.469879518072289102e+02 6.702558023629688888e-01 -7.172419178836582887e+02 -1.894900924167637527e+07 0.000000000000000000e+00
7.510040160642570299e+02 5.669510513282020048e-01 -2.358070781576627439e+02 -1.913461232435379550e+07 0.000000000000000000e+00
7.550200803212850360e+02 5.043794155415091129e-01 -6.431826310702393812e+01 -1.822924879505092278e+07 0.000000000000000000e+00
7.590361445783132694e+02 5.126655975433133117e-01 -1.390544949537421644e+02 -1.813769986646722257e+07 0.000000000000000000e+00
7.630522088353413892e+02 5.871418312191358790e-01 -2.943527249356818061e+02 -1.903351859117276222e+07 0.000000000000000000e+00
7.670682730923695090e+02 6.888973491693359819e-01 -2.175489682935808560e+02 -1.890230952833957225e+07 0.000000000000000000e+00
7.710843373493976287e+02 6.639061748895631609e-01 1.351996575667140519e+02 -1.857809959905052930e+07 0.000000000000000000e+00
7.751004016064256348e+02 5.884830496184845217e-01 2.677735639954226485e+02 -1.910679040360495821e+07 0.000000000000000000e+00
7.791164658634538682e+02 5.508729417979677523e-01 7.222782898087638159e+01 -1.851574228311626241e+07 0.000000000000000000e+00
7.831325301204818743e+02 5.383790885710508789e-01 -3.884337986385625641e+01 -1.774222072668182477e+07 0.000000000000000000e+00
7.871485943775101077e+02 5.565630589077150692e-01 -6.694307199388285312e+01 -1.786898395377764851e+07 0.000000000000000000e+00
7.911646586345381138e+02 5.683094612633342591e-01 5.375135172870155031e+01 -1.811144575921180844e+07 0.000000000000000000e+00
7.951807228915662336e+02 5.759136105928285287e-01 4.236202738032238813e+01 -1.811956682547079027e+07 0.000000000000000000e+00
7.991967871485943533e+02 5.892906132991392321e-01 -1.895981541981810494e+02 -1.811498655457003787e+07 0.000000000000000000e+00
8.032128514056224731e+02 5.834807516638136349e-01 -3.352227275249192644e+02 -1.829006610785382986e+07 0.000000000000000000e+00
8.072289156626505928e+02 5.518755773697165967e-01 -2.207982570062378898e+02 -1.822870523843186349e+07 0.000000000000000000e+00
8.112449799196787126e+02 5.215160989219751464e-01 3.930855540331720732e+01 -1.787169377537640184e+07 0.000000000000000000e+00
8.152610441767068323e+02 5.257356731850428844e-01 1.422784812757208783e+02 -1.751179596472312883e+07 0.000000000000000000e+00
8.192771084337349521e+02 5.811924806781453290e-01 -3.792032876020610388e+01 -1.749116446556964889e+07 0.000000000000000000e+00
8.232931726907630718e+02 6.306909938751329436e-01 -3.200442833245575684e+02 -1.739625318435952440e+07 0.000000000000000000e+00
8.273092369477910779e+02 5.806106379346832602e-01 -2.081415123415647486e+02 -1.736735681538594887e+07 0.000000000000000000e+00
8.313253012048193114e+02 4.773784161184718711e-01 1.075616424739837100e+02 -1.683065607963981852e+07 0.000000000000000000e+00
8.353413654618473174e+02 4.263786763240839939e-01 1.186724529222267392e+02 -1.595809788413510844e+07 0.000000000000000000e+00
8.393574297188755509e+02 4.288403308979665818e-01 -8.999920762801518492e+01 -1.561560357124854624e+07 0.000000000000000000e+00
8.433734939759036706e+02 4.834683096911227551e-01 -4.122462963724483416e+02 -1.620681203702578880e+07 0.000000000000000000e+00
8.473895582329316767e+02 5.531244885846049453e-01 -5.348287909618544518e+02 -1.735368526017976552e+07 0.000000000000000000e+00
8.514056224899599101e+02 5.687761529988055731e-01 -2.581461883973901763e+02 -1.807547275344433263e+07 0.000000000000000000e+00
8.554216867469879162e+02 5.340871066305517001e-01 7.686845348451232951e+01 -1.809183248142747208e+07 0.000000000000000000e+00
8.594377510040160359e+02 5.055207089517992358e-01 1.109058274586601271e+02 -1.812858777902331203e+07 0.000000000000000000e+00
8.634538152610441557e+02 5.155401789556276482e-01 -2.603790622878962608e+02 -1.814909171988426894e+07 0.000000000000000000e+00
8.674698795180722755e+02 5.159230667137367776e-01 -5.557828344922360202e+02 -1.791241412383441627e+07 0.000000000000000000e+00
8.714859437751003952e+02 4.863498703781141685e-01 -5.630137313495355329e+02 -1.766228682570274547e+07 0.000000000000000000e+00
8.755020080321285150e+02 4.507626320345355930e-01 -4.570657973251474004e+02 -1.757963533513485268e+07 0.000000000000000000e+00
8.795180722891565210e+02 4.468670614221398885e-01 -4.316270176200688411e+02 -1.782100082604113594e+07 0.000000000000000000e+00
8.835341365461847545e+02 4.872613391098952751e-01 -4.834956821488332253e+02 -1.859326358315227926e+07 0.000000000000000000e+00
8.875502008032128742e+02 5.432852748461576287e-01 -3.264888075444535502e+02 -1.934301547760780156e+07 0.000000000000000000e+00
8.915662650602409940e+02 5.587446927334718261e-01 -1.026841040062695498e+01 -1.896902420000298321e+07 0.000000000000000000e+00
8.955823293172691137e+02 5.112338313192060779e-01 2.430340801832196007e+02 -1.806345972067239136e+07 0.000000000000000000e+00
8.995983935742971198e+02 4.775179086856194410e-01 6.176217634941092172e+01 -1.728235844567522779e+07 0.000000000000000000e+00
9.036144578313253533e+02 4.491111708387946488e-01 -1.754678128086584366e+02 -1.654025466411736235e+07 0.000000000000000000e+00
9.076305220883533593e+02 4.291278485963638811e-01 -3.028803946925968944e+02 -1.608231045526236109e+07 0.000000000000000000e+00
9.116465863453815928e+02 4.000552133469126304e-01 -2.965593324241365281e+02 -1.545424415902885236e+07 0.000000000000000000e+00
9.156626506024095988e+02 3.857558286205909903e-01 -2.468471815173623156e+02 -1.495245177040956169e+07 0.000000000000000000e+00
9.196787148594377186e+02 4.021488038900684070e-01 -2.326547678878292231e+02 -1.475099658389500529e+07 0.000000000000000000e+00
9.236947791164659520e+02 4.417556248947593911e-01 -1.585924838993730077e+02 -1.472179942626292072e+07 0.000000000000000000e+00
9.277108433734939581e+02 4.999851120903427426e-01 4.085513663091532521e+01 -1.423080583890215121e+07 0.000000000000000000e+00
9.317269076305220779e+02 5.173007890937230124e-01 2.561289996063456442e+02 -1.332557404952160083e+07 0.000000000000000000e+00
9.357429718875501976e+02 4.920275869996326157e-01 1.613017258097106605e+02 -1.300443288494093530e+07 0.000000000000000000e+00
9.397590361445783174e+02 4.507989323404847370e-01 -1.297655523178648025e+02 -1.294123700693164393e+07 0.000000000000000000e+00
9.437751004016064371e+02 4.153505779536477149e-01 -3.283379540611132370e+02 -1.276290185824671015e+07 0.000000000000000000e+00
9.477911646586345569e+02 3.906495370538823897e-01 -4.201189597877081496e+02 -1.232403698296253756e+07 0.000000000000000000e+00
9.518072289156625629e+02 3.753977870232045877e-01 -4.615963280592211504e+02 -1.131972573816317506e+07 0.000000000000000000e+00
9.558232931726907964e+02 3.606960917972357183e-01 -4.796028572792301929e+02 -9.391774416842803359e+06 0.000000000000000000e+00
9.598393574297188025e+02 3.439852002510154771e-01 -4.881923920513407893e+02 -6.993761632496959530e+06 0.000000000000000000e+00
9.638554216867470359e+02 3.283279744145304324e-01 -4.698427991515276290e+02 -4.980036388164333068e+06 0.000000000000000000e+00
9.678714859437751556e+02 3.214008417247994354e-01 -4.335179698533618193e+02 -3.581973892092953902e+06 0.000000000000000000e+00
9.718875502008031617e+02 3.232260377780846738e-01 -3.922694155552829898e+02 -2.670497142132545821e+06 0.000000000000000000e+00
9.759036144578313952e+02 3.194644740507272540e-01 -3.794489708437262152e+02 -2.042738062092331937e+06 0.000000000000000000e+00
9.799196787148594012e+02 3.294594348411210571e-01 -2.630985166332315544e+02 -1.132527209005656419e+06 0.000000000000000000e+00
9.839357429718875210e+02 3.118963758372838568e-01 -2.793630979014315585e+02 -9.747732660790595692e+05 0.000000000000000000e+00
9.879518072289156407e+02 3.412534288131283122e-01 -2.480034653511798126e+01 9.050101014515582938e+05 0.000000000000000000e+00
9.919678714859437605e+02 3.776840789041981949e-01 3.422916829289667930e+02 2.718586439336847514e+06 0.000000000000000000e+00
9.959839357429718802e+02 3.776840789041981949e-01 3.422916829289667930e+02 2.500000000000000000e+05 0.000000000000000000e+00
1.000000000000000000e+03 3.412534288131283122e-01 -2.480034653511798126e+01 2.500000000000000000e+05 0.000000000000000000e+00
