# 2.589160140710408
0.000000000000000000e+00 3.528928900758820042e+00 3.587227323889426316e+03 2.500000000000000000e+05 7.950232102032648982e+03
4.016064257028111761e+00 5.175977185816424964e-01 -6.848031235725927672e+02 2.500000000000000000e+05 0.000000000000000000e+00
8.032128514056223523e+00 5.175977185816424964e-01 6.848031235725927672e+02 -4.712058923987203091e+07 0.000000000000000000e+00
1.204819277108433795e+01 3.528928900758820042e+00 -3.587227323889426316e+03 -4.722960825620181561e+08 0.000000000000000000e+00
1.606425702811244705e+01 3.422973836617260179e+00 -2.266456520953184281e+03 -4.414662487339162230e+08 0.000000000000000000e+00
2.008032128514056325e+01 1.490334852214282080e+00 1.360592576635287969e+02 -1.636270604358732700e+08 0.000000000000000000e+00
2.409638554216867590e+01 6.751009785735044844e-01 1.816337162176841730e+03 -7.317392527423056960e+07 0.000000000000000000e+00
2.811244979919678499e+01 6.050145012601361172e-01 2.122566810940097184e+03 -6.434341129001215845e+07 0.000000000000000000e+00
3.212851405622489409e+01 6.602492717585390913e-01 1.933360623870359177e+03 -6.914055560025738180e+07 0.000000000000000000e+00
3.614457831325301385e+01 8.445084990631693822e-01 1.303261236050263051e+03 -8.841487394330464303e+07 0.000000000000000000e+00
4.016064257028112650e+01 1.137733769540795192e+00 9.906449248182873362e+02 -1.072181909439876378e+08 0.000000000000000000e+00
4.417670682730923915e+01 9.512937132228361792e-01 2.959248895835752364e+02 -7.881809883371010423e+07 0.000000000000000000e+00
4.819277108433735179e+01 6.004359986143729122e-01 4.807074000287545346e+02 -5.009825753798712045e+07 0.000000000000000000e+00
5.220883534136545734e+01 4.165313796434941263e-01 4.400451056599284811e+02 -3.480356354864289612e+07 0.000000000000000000e+00
5.622489959839356999e+01 3.774587590369166690e-01 1.903067083277423137e+02 -3.025466063100407645e+07 0.000000000000000000e+00
6.024096385542168974e+01 3.764468351402715518e-01 6.679872119977849820e+01 -2.905070214436708763e+07 0.000000000000000000e+00
6.425702811244978818e+01 3.886452882236435813e-01 3.885333055275980740e+01 -2.966395376680186018e+07 0.000000000000000000e+00
6.827309236947790794e+01 3.837668122386277969e-01 1.353440747871289318e+02 -2.975256216236513108e+07 0.000000000000000000e+00
7.228915662650602769e+01 3.739114277074176429e-01 2.544547365992958703e+02 -2.988091613383205235e+07 0.000000000000000000e+00
7.630522088353414745e+01 3.715077236427810070e-01 3.260501556100466019e+02 -2.988736769647009671e+07 0.000000000000000000e+00
8.032128514056225299e+01 3.814206302225732204e-01 3.885740727754727573e+02 -3.040504187476173416e+07 0.000000000000000000e+00
8.433734939759035854e+01 3.917449738089708866e-01 4.522272868863271356e+02 -3.083149935699456558e+07 0.000000000000000000e+00
8.835341365461847829e+01 3.897894465932299490e-01 5.030826297923549077e+02 -3.060635944947700202e+07 0.000000000000000000e+00
9.236947791164658383e+01 3.811237770264410130e-01 5.245606877580402170e+02 -3.004222699321440980e+07 0.000000000000000000e+00
9.638554216867470359e+01 3.720184693663796671e-01 5.383324192740934677e+02 -2.963114071139198914e+07 0.000000000000000000e+00
1.004016064257028091e+02 3.631253697948480519e-01 5.497134993877639317e+02 -2.915891302127149701e+07 0.000000000000000000e+00
1.044176706827309147e+02 3.593370045240671939e-01 5.648079066364560958e+02 -2.880240335595941171e+07 0.000000000000000000e+00
1.084337349397590344e+02 3.680514747762567707e-01 5.862172873551093062e+02 -2.935142294227130711e+07 0.000000000000000000e+00
1.124497991967871400e+02 4.052385797765193365e-01 5.068961471699164463e+02 -3.159261189906278625e+07 0.000000000000000000e+00
1.164658634538152597e+02 5.180347824238827892e-01 -2.494296543833377200e+01 -3.717959465500213206e+07 0.000000000000000000e+00
1.204819277108433795e+02 8.260829656951528266e-01 -1.501695438536998381e+03 -4.966432442341277003e+07 0.000000000000000000e+00
1.244979919678714850e+02 1.059086397900000476e+00 -1.489391068665481043e+03 -6.016375205304460227e+07 0.000000000000000000e+00
1.285140562248995764e+02 7.569318033830019221e-01 1.900668353063556424e+02 -4.892639237858898938e+07 0.000000000000000000e+00
1.325301204819277245e+02 5.110639249434691944e-01 8.226847272365832850e+02 -3.856286227127522975e+07 0.000000000000000000e+00
1.365461847389558159e+02 5.492355157968107360e-01 -1.051342536202677707e+02 -3.861368647418626398e+07 0.000000000000000000e+00
1.405622489959839356e+02 7.337501501186377562e-01 -2.339428183076471669e+03 -4.001487575159574300e+07 0.000000000000000000e+00
1.445783132530120554e+02 1.180674406870316329e+00 -5.346854057466095583e+03 -5.175667060316998512e+07 0.000000000000000000e+00
1.485943775100401467e+02 1.027088114758512916e+00 -3.160020306458673986e+03 -5.348434419928992540e+07 0.000000000000000000e+00
1.526104417670682949e+02 6.501872133691324329e-01 -5.410870787490282510e+02 -4.303522196557562053e+07 0.000000000000000000e+00
1.566265060240963862e+02 4.764699062189791667e-01 2.226548130837634289e+02 -3.473001261649642885e+07 0.000000000000000000e+00
1.606425702811245060e+02 4.417146152087935707e-01 3.714266398317723770e+02 -3.330082775684627518e+07 0.000000000000000000e+00
1.646586345381525973e+02 4.440563559926912207e-01 3.997859699119093193e+02 -3.431137353127609938e+07 0.000000000000000000e+00
1.686746987951807171e+02 4.284789836691552667e-01 3.446532198043493054e+02 -3.258666874358199909e+07 0.000000000000000000e+00
1.726907630522088368e+02 3.983400981369457083e-01 3.347993504450047340e+02 -2.953210958143324032e+07 0.000000000000000000e+00
1.767068273092369566e+02 4.260357316200908406e-01 3.178026626057938984e+02 -3.149704400244723260e+07 0.000000000000000000e+00
1.807228915662650479e+02 4.740691516819308116e-01 2.555854322505952609e+02 -3.567502126041156054e+07 0.000000000000000000e+00
1.847389558232931677e+02 5.104666496617440430e-01 3.993741705355993190e+02 -4.046552073518729955e+07 0.000000000000000000e+00
1.887550200803212590e+02 5.090667276725022727e-01 6.689226626988637463e+02 -4.077065794443391263e+07 0.000000000000000000e+00
1.927710843373494072e+02 5.390168667211683307e-01 8.873523887370516832e+02 -4.251807491844113916e+07 0.000000000000000000e+00
1.967871485943775269e+02 5.494360433722407233e-01 1.005712708788558189e+03 -4.284221087037911266e+07 0.000000000000000000e+00
2.008032128514056183e+02 5.196875300942594977e-01 1.017821074299724501e+03 -4.069121904007575661e+07 0.000000000000000000e+00
2.048192771084337380e+02 4.688331747992505738e-01 8.643508963859817413e+02 -3.762600640387481451e+07 0.000000000000000000e+00
2.088353413654618294e+02 4.326435181841584154e-01 6.318092042769326326e+02 -3.562743820592807233e+07 0.000000000000000000e+00
2.128514056224899775e+02 4.032772542740037380e-01 4.801670174840739378e+02 -3.354330252289177850e+07 0.000000000000000000e+00
2.168674698795180689e+02 3.773466031408194143e-01 4.201622558405215386e+02 -3.109470451348593831e+07 0.000000000000000000e+00
2.208835341365461886e+02 3.629753778118617880e-01 3.879050461019165823e+02 -2.912527568220848590e+07 0.000000000000000000e+00
2.248995983935742800e+02 3.755110698912232370e-01 3.282131242853583899e+02 -2.981084842405598983e+07 0.000000000000000000e+00
2.289156626506023997e+02 4.231608665521848778e-01 1.443168814943543907e+02 -3.267464252145009488e+07 0.000000000000000000e+00
2.329317269076305195e+02 5.463403000383502128e-01 -4.302530800973248120e+02 -3.891142965346679837e+07 0.000000000000000000e+00
2.369477911646586392e+02 8.239485142061881984e-01 -1.769686193619498681e+03 -5.101322082892812788e+07 0.000000000000000000e+00
2.409638554216867590e+02 1.033679994636590438e+00 -2.522940965626576599e+03 -6.284486527278941125e+07 0.000000000000000000e+00
2.449799196787148503e+02 9.039059241845232018e-01 -1.594551295862309871e+03 -5.798684244778953493e+07 0.000000000000000000e+00
2.489959839357429701e+02 6.517641054514435872e-01 -4.046936514689336946e+02 -4.335805592338972539e+07 0.000000000000000000e+00
2.530120481927710614e+02 5.226071878185402086e-01 2.281882089064677643e+01 -3.470726695224265754e+07 0.000000000000000000e+00
2.570281124497991527e+02 4.835036816283462269e-01 1.771636386772710239e+02 -3.275813745091233030e+07 0.000000000000000000e+00
2.610441767068273293e+02 4.887952305427194499e-01 3.410584953589925021e+02 -3.442010922783067077e+07 0.000000000000000000e+00
2.650602409638554491e+02 5.117081149506528259e-01 5.632789248041735846e+02 -3.822992773677197844e+07 0.000000000000000000e+00
2.690763052208835688e+02 5.283826540581686437e-01 7.239750735086280429e+02 -4.098147644463383406e+07 0.000000000000000000e+00
2.730923694779116317e+02 5.335420695350854281e-01 8.301783010530764386e+02 -4.232640889832339436e+07 0.000000000000000000e+00
2.771084337349397515e+02 5.357245157298256011e-01 8.366139098595070891e+02 -4.330914496531889588e+07 0.000000000000000000e+00
2.811244979919678713e+02 5.021542618265925073e-01 8.557980566459201555e+02 -4.112950780624401569e+07 0.000000000000000000e+00
2.851405622489959910e+02 4.665411109787144794e-01 9.017079229414258634e+02 -3.862380371878571063e+07 0.000000000000000000e+00
2.891566265060241108e+02 4.540138350499829389e-01 9.673502832532333287e+02 -3.711417200291100889e+07 0.000000000000000000e+00
2.931726907630521737e+02 4.489541829434937625e-01 9.574899127236499226e+02 -3.429352280579210818e+07 0.000000000000000000e+00
2.971887550200802934e+02 4.513994031295366360e-01 8.733994149956354249e+02 -3.208562910953124985e+07 0.000000000000000000e+00
3.012048192771084700e+02 5.156937483255445986e-01 1.071267573506340113e+03 -3.301077775349218026e+07 0.000000000000000000e+00
3.052208835341365898e+02 5.772180892398555141e-01 1.456538887645864406e+03 -3.461230153690668195e+07 0.000000000000000000e+00
3.092369477911646527e+02 5.281910312301723032e-01 1.196797397144297520e+03 -3.445769484652910382e+07 0.000000000000000000e+00
3.132530120481927725e+02 4.745480534248379678e-01 7.361356009173978237e+02 -3.665410489574404806e+07 0.000000000000000000e+00
3.172690763052208922e+02 4.725203209617188649e-01 6.594191918367805556e+02 -3.921371904137096554e+07 0.000000000000000000e+00
3.212851405622490120e+02 4.822602119861138514e-01 8.033537237947234644e+02 -3.979319265163870901e+07 0.000000000000000000e+00
3.253012048192770749e+02 4.759795941856349022e-01 8.724737131168972155e+02 -3.899744514464401454e+07 0.000000000000000000e+00
3.293172690763051946e+02 4.596932152875653488e-01 8.211982960907914730e+02 -3.749328688382723182e+07 0.000000000000000000e+00
3.333333333333333144e+02 4.840423002315748513e-01 7.318533565889052852e+02 -3.937009655262311548e+07 0.000000000000000000e+00
3.373493975903614341e+02 4.905222247426088145e-01 -1.060548190142185945e+02 -4.234370556757441163e+07 0.000000000000000000e+00
3.413654618473896107e+02 8.012890672775051515e-01 -1.358387832294163218e+02 -6.098645670949884504e+07 0.000000000000000000e+00
3.453815261044176737e+02 1.535424663467959361e+00 2.531048914276640517e+03 -9.091421867951753736e+07 0.000000000000000000e+00
3.493975903614457934e+02 1.244479610169978878e+00 3.176169846441592654e+03 -7.257887598168510199e+07 0.000000000000000000e+00
3.534136546184739132e+02 6.633542809284388442e-01 2.406122582087523369e+03 -4.759205502400909364e+07 0.000000000000000000e+00
3.574297188755020329e+02 5.121438846228595354e-01 1.178458542111412498e+03 -4.187394951033625752e+07 0.000000000000000000e+00
3.614457831325300958e+02 5.038955384608452270e-01 4.421115565647321546e+02 -4.155114026579764485e+07 0.000000000000000000e+00
3.654618473895582156e+02 6.019474389089523036e-01 -3.748602832234464586e+02 -4.703669039905105531e+07 0.000000000000000000e+00
3.694779116465863353e+02 7.886230909693695557e-01 -1.429556730086806510e+03 -5.795862737802461535e+07 0.000000000000000000e+00
3.734939759036144551e+02 7.483303530043663443e-01 -1.045853273228638045e+03 -5.630148493831670284e+07 0.000000000000000000e+00
3.775100401606425180e+02 5.516064546160851512e-01 -2.831524525908673695e+01 -4.417383845993843675e+07 0.000000000000000000e+00
3.815261044176706946e+02 4.317203179700829785e-01 3.936369531832317534e+02 -3.585858077999449521e+07 0.000000000000000000e+00
3.855421686746988144e+02 3.942809758033112288e-01 5.049389917290575340e+02 -3.323235819029426575e+07 0.000000000000000000e+00
3.895582329317269341e+02 3.880046775055239205e-01 5.203755689153845196e+02 -3.281071820133535191e+07 0.000000000000000000e+00
3.935742971887550539e+02 3.773042386141952642e-01 5.349427886511973611e+02 -3.206604089096713439e+07 0.000000000000000000e+00
3.975903614457831168e+02 3.721745104109612790e-01 5.119083364808045076e+02 -3.176598860413997620e+07 0.000000000000000000e+00
4.016064257028112365e+02 3.973697480584086894e-01 3.999515468093339337e+02 -3.380618192830084264e+07 0.000000000000000000e+00
4.056224899598393563e+02 4.786144846154725130e-01 -1.127210365735925279e+01 -3.947867354023523629e+07 0.000000000000000000e+00
4.096385542168674760e+02 6.761696418779450379e-01 -9.725537430555455103e+02 -5.215546937145000696e+07 0.000000000000000000e+00
4.136546184738955390e+02 7.892911800554948121e-01 -1.216956710559887597e+03 -5.998246597354180366e+07 0.000000000000000000e+00
4.176706827309236587e+02 6.481944494177164229e-01 -2.867015879846061921e+02 -5.163955089888995886e+07 0.000000000000000000e+00
4.216867469879518353e+02 4.774400325680264734e-01 4.083480570182885003e+02 -4.010060500705862790e+07 0.000000000000000000e+00
4.257028112449799551e+02 4.190882788547568572e-01 5.499238952450364195e+02 -3.589883179029178619e+07 0.000000000000000000e+00
4.297188755020080180e+02 4.301763561507794820e-01 4.774668920721748009e+02 -3.702755297019834816e+07 0.000000000000000000e+00
4.337349397590361377e+02 4.636813540709716630e-01 3.362123518341360295e+02 -3.972079144917574525e+07 0.000000000000000000e+00
4.377510040160642575e+02 5.309317411279597110e-01 1.143111704640838582e+02 -4.438047665869462490e+07 0.000000000000000000e+00
4.417670682730923772e+02 5.932559716665755101e-01 -1.473304525824402731e+02 -4.797074536537239701e+07 0.000000000000000000e+00
4.457831325301204970e+02 5.913082563379143952e-01 -4.478193182909701875e+01 -4.810993342935075611e+07 0.000000000000000000e+00
4.497991967871485599e+02 4.962426587689048874e-01 3.021500703078088463e+02 -4.202999648213873059e+07 0.000000000000000000e+00
4.538152610441766797e+02 4.218742887257597718e-01 4.639774540346455183e+02 -3.644178589716907591e+07 0.000000000000000000e+00
4.578313253012047994e+02 4.117159442653153256e-01 3.826028101702563617e+02 -3.492394497050093114e+07 0.000000000000000000e+00
4.618473895582329760e+02 4.785221212088753284e-01 9.332659217147869413e+01 -3.863240237326043844e+07 0.000000000000000000e+00
4.658634538152610389e+02 6.189057573419393110e-01 -4.853964506058130155e+02 -4.696756733790738136e+07 0.000000000000000000e+00
4.698795180722891587e+02 6.924198245569059829e-01 -5.641203923032913963e+02 -5.161842298589257896e+07 0.000000000000000000e+00
4.738955823293172784e+02 5.781919406811718565e-01 6.402756982852636725e+01 -4.463807297747160494e+07 0.000000000000000000e+00
4.779116465863453982e+02 4.799076072574771645e-01 4.004551331826498313e+02 -3.858284253859197348e+07 0.000000000000000000e+00
4.819277108433735179e+02 5.420797498850207230e-01 -9.009802675526236726e+01 -4.167045161583448201e+07 0.000000000000000000e+00
4.859437751004015809e+02 7.584370044924434451e-01 -1.483493314742402390e+03 -5.249636683685559779e+07 0.000000000000000000e+00
4.899598393574297006e+02 7.665607051386972293e-01 -1.316705755515936289e+03 -5.352815777924745530e+07 0.000000000000000000e+00
4.939759036144578204e+02 5.516524879481595756e-01 -6.406129863177153538e+01 -4.154853693731094152e+07 0.000000000000000000e+00
4.979919678714859401e+02 4.039106275168154458e-01 5.126918216773352697e+02 -3.188073757077604905e+07 0.000000000000000000e+00
5.020080321285140599e+02 3.786680571470694145e-01 6.993859036883847011e+02 -3.052440240787399933e+07 0.000000000000000000e+00
5.060240963855421228e+02 4.447755722132508693e-01 6.418973793934932246e+02 -3.582197692551696301e+07 0.000000000000000000e+00
5.100401606425702994e+02 5.488509763676018283e-01 4.788668238293421382e+02 -4.342165550874047726e+07 0.000000000000000000e+00
5.140562248995983055e+02 6.104312093873761613e-01 1.430910651967188016e+02 -4.634814389034888893e+07 0.000000000000000000e+00
5.180722891566265389e+02 5.548811370545303490e-01 5.479953984828672731e+01 -4.300228858564873040e+07 0.000000000000000000e+00
5.220883534136546587e+02 4.501747954427795517e-01 2.099461985679114946e+02 -3.643882200011683255e+07 0.000000000000000000e+00
5.261044176706827784e+02 4.046928597335675004e-01 2.135017914391730756e+02 -3.318589720781276003e+07 0.000000000000000000e+00
5.301204819277108982e+02 4.473417353378887906e-01 -3.751437230248598098e+01 -3.566386230791953951e+07 0.000000000000000000e+00
5.341365461847389042e+02 5.727399708701449432e-01 -6.410818983760419769e+02 -4.245718372554829717e+07 0.000000000000000000e+00
5.381526104417671377e+02 6.766466398537965832e-01 -1.089934310166963314e+03 -4.803721490920265019e+07 0.000000000000000000e+00
5.421686746987951437e+02 6.102031821324892524e-01 -6.593715932764796435e+02 -4.466004315326535702e+07 0.000000000000000000e+00
5.461847389558232635e+02 4.750188835814361243e-01 -1.222158847366583245e+01 -3.682078603054237366e+07 0.000000000000000000e+00
5.502008032128513833e+02 4.018992252758265549e-01 2.586429188807180140e+02 -3.207833723220289871e+07 0.000000000000000000e+00
5.542168674698795030e+02 3.806991354059632848e-01 3.465081164301008698e+02 -3.065127839985304326e+07 0.000000000000000000e+00
5.582329317269076228e+02 3.878636688469250804e-01 3.106626756828594580e+02 -3.091500853326989338e+07 0.000000000000000000e+00
5.622489959839357425e+02 4.050986070900977065e-01 1.921143524657624084e+02 -3.162549774594732374e+07 0.000000000000000000e+00
5.662650602409638623e+02 4.608672328436148602e-01 -1.470226359193642907e+02 -3.440059512269913405e+07 0.000000000000000000e+00
5.702811244979919820e+02 5.603819889925242270e-01 -6.850819788708811302e+02 -3.987930578027217835e+07 0.000000000000000000e+00
5.742971887550201018e+02 5.868813843431707200e-01 -6.818249321648655723e+02 -4.189005943011734635e+07 0.000000000000000000e+00
5.783132530120482215e+02 5.148334954543072328e-01 -1.895638581782713743e+02 -3.828559665801086277e+07 0.000000000000000000e+00
5.823293172690763413e+02 4.284922151692810988e-01 2.449790602933183550e+02 -3.310862859689063579e+07 0.000000000000000000e+00
5.863453815261043474e+02 3.811598918954133830e-01 4.626666873612418840e+02 -2.996861107067254558e+07 0.000000000000000000e+00
5.903614457831325808e+02 3.668369544276291472e-01 5.489761741468699938e+02 -2.899107862342891842e+07 0.000000000000000000e+00
5.943775100401605869e+02 3.689823768672712001e-01 5.677804501861570543e+02 -2.929966331680949405e+07 0.000000000000000000e+00
5.983935742971887066e+02 3.761789262282912438e-01 5.865948986450252960e+02 -2.996518891212214157e+07 0.000000000000000000e+00
6.024096385542169401e+02 3.866836702284625060e-01 5.884781665804099475e+02 -3.085094962148137391e+07 0.000000000000000000e+00
6.064257028112449461e+02 3.961402538912637827e-01 5.751671000129516642e+02 -3.152639932383875921e+07 0.000000000000000000e+00
6.104417670682731796e+02 4.086932184750705077e-01 5.434960165511424748e+02 -3.240317844910477847e+07 0.000000000000000000e+00
6.144578313253011856e+02 4.230109630218603090e-01 4.732948058196535612e+02 -3.347243103833650798e+07 0.000000000000000000e+00
6.184738955823293054e+02 4.453499801477409648e-01 3.459055495263328339e+02 -3.490183112825527042e+07 0.000000000000000000e+00
6.224899598393574252e+02 4.647108747948002772e-01 1.669123212902524642e+02 -3.576604491177969426e+07 0.000000000000000000e+00
6.265060240963855449e+02 4.754642446377306819e-01 1.582048646319659326e+02 -3.601104741384419799e+07 0.000000000000000000e+00
6.305220883534136647e+02 4.586113920438401603e-01 2.837891507255514512e+02 -3.512572290001847595e+07 0.000000000000000000e+00
6.345381526104417844e+02 4.281983467597617055e-01 3.960857683122642925e+02 -3.317322665115302801e+07 0.000000000000000000e+00
6.385542168674697905e+02 4.088806752296351155e-01 4.392333235628417469e+02 -3.159011159168788791e+07 0.000000000000000000e+00
6.425702811244980239e+02 4.148788735317286980e-01 4.479609962794430658e+02 -3.061297986860064045e+07 0.000000000000000000e+00
6.465863453815261437e+02 4.461619451813304549e-01 3.743231938264064524e+02 -3.171229151517423615e+07 0.000000000000000000e+00
6.506024096385541498e+02 4.934853747447606742e-01 9.184855810893668604e+01 -3.427041317142254114e+07 0.000000000000000000e+00
6.546184738955823832e+02 5.369214639750949924e-01 -2.174135839673007240e+02 -3.725823249560319632e+07 0.000000000000000000e+00
6.586345381526103893e+02 5.162327206018874071e-01 -1.304807184325775609e+02 -3.536293871201492101e+07 0.000000000000000000e+00
6.626506024096386227e+02 4.480285798298911382e-01 1.896769348326920692e+02 -3.128167427002380043e+07 0.000000000000000000e+00
6.666666666666666288e+02 4.053619406381705481e-01 3.768085818608016098e+02 -2.973889477172823250e+07 0.000000000000000000e+00
6.706827309236947485e+02 4.025327500174383788e-01 4.371962611821572864e+02 -3.071497477376071364e+07 0.000000000000000000e+00
6.746987951807228683e+02 4.184034684059126374e-01 4.261441739172061602e+02 -3.205813513358728588e+07 0.000000000000000000e+00
6.787148594377509880e+02 4.255316439871688616e-01 3.748129699650734779e+02 -3.173414679401267692e+07 0.000000000000000000e+00
6.827309236947792215e+02 4.241085049412165464e-01 1.911145109473526418e+02 -3.138117606944851577e+07 0.000000000000000000e+00
6.867469879518072275e+02 4.395227073375680971e-01 -2.448626404093699094e+01 -3.302324310387128964e+07 0.000000000000000000e+00
6.907630522088353473e+02 4.631535573182707366e-01 -1.433170982952576082e+02 -3.498135837061998248e+07 0.000000000000000000e+00
6.947791164658634671e+02 4.458123156420165101e-01 -1.220724242914719468e+02 -3.275506039813813567e+07 0.000000000000000000e+00
6.987951807228915868e+02 4.386747136233282163e-01 1.405026253798501159e+02 -3.080459564698914811e+07 0.000000000000000000e+00
7.028112449799195929e+02 4.431052556005249388e-01 4.714133579763123407e+02 -3.106802300212493911e+07 0.000000000000000000e+00
7.068273092369478263e+02 4.572561815320468348e-01 6.953600901871919859e+02 -3.272755639900270477e+07 0.000000000000000000e+00
7.108433734939758324e+02 4.682422362340555311e-01 7.270630958057905673e+02 -3.440130350680201501e+07 0.000000000000000000e+00
7.148594377510040658e+02 4.527099696021069097e-01 4.692277975850614098e+02 -3.336876233874310926e+07 0.000000000000000000e+00
7.188755020080320719e+02 4.337547251568263373e-01 -2.876942732055263008e+01 -3.211653887879344821e+07 0.000000000000000000e+00
7.228915662650601917e+02 4.406651355225883471e-01 -1.613990928295595211e+02 -3.319643068125645444e+07 0.000000000000000000e+00
7.269076305220884251e+02 4.117423468356332106e-01 -1.502693023841841011e+02 -3.194192383987296000e+07 0.000000000000000000e+00
7.309236947791164312e+02 3.850883791432054837e-01 -4.740689451696169954e+00 -3.012557385952842981e+07 0.000000000000000000e+00
7.349397590361446646e+02 4.030292989968751183e-01 9.867612272218566716e+01 -3.113919767900190875e+07 0.000000000000000000e+00
7.389558232931726707e+02 4.685550149882795057e-01 2.020702954986758186e+02 -3.540213330101370066e+07 0.000000000000000000e+00
7.429718875502007904e+02 6.237046219203361552e-01 6.628040483521372153e+02 -4.445085456505513191e+07 0.000000000000000000e+00
7.469879518072289102e+02 6.890658711096051547e-01 1.092118816049858424e+03 -4.747781387156599760e+07 0.000000000000000000e+00
7.510040160642570299e+02 5.746677243586165718e-01 1.190705970686422916e+03 -4.041440065842386335e+07 0.000000000000000000e+00
7.550200803212850360e+02 4.430521243007512489e-01 9.318895679720080807e+02 -3.323216743679990247e+07 0.000000000000000000e+00
7.590361445783132694e+02 4.194893307922052395e-01 5.095757297735615339e+02 -3.228496695410646498e+07 0.000000000000000000e+00
7.630522088353413892e+02 4.297983366950342554e-01 2.101895034865765695e+02 -3.278239611380180717e+07 0.000000000000000000e+00
7.670682730923695090e+02 4.220661499946175566e-01 1.071295986090354972e+02 -3.190667386832472682e+07 0.000000000000000000e+00
7.710843373493976287e+02 3.837232187409431172e-01 1.681155809861075454e+02 -2.922443560096096992e+07 0.000000000000000000e+00
7.751004016064256348e+02 3.479163585759811883e-01 2.558341035714919371e+02 -2.684985161540181562e+07 0.000000000000000000e+00
7.791164658634538682e+02 3.352249110578767732e-01 2.952861932138924317e+02 -2.597185839916355535e+07 0.000000000000000000e+00
7.831325301204818743e+02 3.364153467227639638e-01 2.606566029102914968e+02 -2.579276261151678115e+07 0.000000000000000000e+00
7.871485943775101077e+02 3.366119610136240614e-01 2.140760962181711591e+02 -2.561368591980484128e+07 0.000000000000000000e+00
7.911646586345381138e+02 3.264098070828626019e-01 1.889344265360313670e+02 -2.500908810952617973e+07 0.000000000000000000e+00
7.951807228915662336e+02 3.138632335172383270e-01 1.806153757833862983e+02 -2.442059344579057023e+07 0.000000000000000000e+00
7.991967871485943533e+02 3.093103741728402412e-01 1.764672722919416969e+02 -2.430909061200092360e+07 0.000000000000000000e+00
8.032128514056224731e+02 3.143860304963253527e-01 1.815934098917855977e+02 -2.486073921533824131e+07 0.000000000000000000e+00
8.072289156626505928e+02 3.345082894013391983e-01 1.495457399089780210e+02 -2.635246949003346264e+07 0.000000000000000000e+00
8.112449799196787126e+02 3.690912002257176749e-01 2.965201194981324306e+01 -2.862043880782874301e+07 0.000000000000000000e+00
8.152610441767068323e+02 4.233793834043158566e-01 -1.688330510812368459e+02 -3.196115871457491443e+07 0.000000000000000000e+00
8.192771084337349521e+02 4.600828439791631030e-01 -2.973742755237958022e+02 -3.405597233685867488e+07 0.000000000000000000e+00
8.232931726907630718e+02 4.552622155713892393e-01 -1.236357587592902121e+02 -3.348789207983196154e+07 0.000000000000000000e+00
8.273092369477910779e+02 4.181392392930370905e-01 1.754232967968112575e+02 -3.092120451295061782e+07 0.000000000000000000e+00
8.313253012048193114e+02 3.849938448398746438e-01 3.482699024376701118e+02 -2.844245623831267655e+07 0.000000000000000000e+00
8.353413654618473174e+02 3.750236681471286193e-01 2.509675157605091442e+02 -2.735017682078477368e+07 0.000000000000000000e+00
8.393574297188755509e+02 3.941368212033247720e-01 6.542482801946044901e+01 -2.833079780639705062e+07 0.000000000000000000e+00
8.433734939759036706e+02 4.115234081978579872e-01 -1.078148861816571014e+02 -2.940955056168013811e+07 0.000000000000000000e+00
8.473895582329316767e+02 4.177095690108464376e-01 -6.433978211613805342e+01 -2.976519757451827824e+07 0.000000000000000000e+00
8.514056224899599101e+02 3.922182393801071365e-01 1.272626310629990627e+02 -2.815098307828149572e+07 0.000000000000000000e+00
8.554216867469879162e+02 3.510938085826354471e-01 2.355188885463455222e+02 -2.552812577793228626e+07 0.000000000000000000e+00
8.594377510040160359e+02 3.275326510964224336e-01 1.730218500661538599e+02 -2.412969362929295748e+07 0.000000000000000000e+00
8.634538152610441557e+02 3.221422174992674137e-01 5.335452191534022148e+01 -2.407950905436758325e+07 0.000000000000000000e+00
8.674698795180722755e+02 3.262698391831443945e-01 1.083699833137391799e+01 -2.447005842767652869e+07 0.000000000000000000e+00
8.714859437751003952e+02 3.203028528752064896e-01 5.233025242384380249e+01 -2.382621732591763511e+07 0.000000000000000000e+00
8.755020080321285150e+02 3.048830552994665766e-01 1.294336259363705608e+02 -2.281381017816116288e+07 0.000000000000000000e+00
8.795180722891565210e+02 2.875421399104631237e-01 1.621678507519504819e+02 -2.170526817512464523e+07 0.000000000000000000e+00
8.835341365461847545e+02 2.797895324292202224e-01 1.522165077387094527e+02 -2.112597661089631543e+07 0.000000000000000000e+00
8.875502008032128742e+02 2.894021442818410228e-01 1.412185431029700737e+02 -2.175887320181404427e+07 0.000000000000000000e+00
8.915662650602409940e+02 3.160045914767662389e-01 1.223112308799813093e+02 -2.344091840510576963e+07 0.000000000000000000e+00
8.955823293172691137e+02 3.518021283237221519e-01 7.409211433495669041e+01 -2.567420010555991903e+07 0.000000000000000000e+00
8.995983935742971198e+02 3.992956673096771936e-01 4.769587680987285694e+01 -2.826391659354769439e+07 0.000000000000000000e+00
9.036144578313253533e+02 4.735447124518778472e-01 2.933546649165988356e+02 -3.134802794161263481e+07 0.000000000000000000e+00
9.076305220883533593e+02 4.846352235567249478e-01 5.626258519026430349e+02 -3.127725762849005684e+07 0.000000000000000000e+00
9.116465863453815928e+02 4.139164868336281944e-01 5.257668231819291123e+02 -2.721871437599082664e+07 0.000000000000000000e+00
9.156626506024095988e+02 3.559831003237430291e-01 2.336245760672453287e+02 -2.388535701442325488e+07 0.000000000000000000e+00
9.196787148594377186e+02 3.381982778651899668e-01 -8.214895808981168557e+01 -2.191834369364019483e+07 0.000000000000000000e+00
9.236947791164659520e+02 3.412094444580170416e-01 -1.758514593671249600e+02 -2.119501423521317169e+07 0.000000000000000000e+00
9.277108433734939581e+02 3.313131925605258821e-01 -5.096648085724510224e+01 -2.011164497487151250e+07 0.000000000000000000e+00
9.317269076305220779e+02 3.186574142842593105e-01 9.554488080490746427e+01 -1.923450211568332464e+07 0.000000000000000000e+00
9.357429718875501976e+02 3.204486587455355195e-01 7.711649290428698578e+01 -1.907459508189671487e+07 0.000000000000000000e+00
9.397590361445783174e+02 3.379839292503993287e-01 4.851699431951065833e+01 -1.930786735520942882e+07 0.000000000000000000e+00
9.437751004016064371e+02 3.403564809386933621e-01 1.165316603334182162e+02 -1.804888624623590335e+07 0.000000000000000000e+00
9.477911646586345569e+02 3.225058094397843522e-01 2.025086586478643653e+02 -1.566124715262725577e+07 0.000000000000000000e+00
9.518072289156625629e+02 3.161169424306582987e-01 1.721251552692427822e+02 -1.382100044842818752e+07 0.000000000000000000e+00
9.558232931726907964e+02 3.139392967115789412e-01 1.537337024011495430e+02 -1.185447036552058719e+07 0.000000000000000000e+00
9.598393574297188025e+02 2.846387108321933312e-01 2.067426104752039464e+02 -9.191718508463917300e+06 0.000000000000000000e+00
9.638554216867470359e+02 2.723919952792629995e-01 1.942290423693778507e+02 -6.973697606697239913e+06 0.000000000000000000e+00
9.678714859437751556e+02 2.702734753726990791e-01 1.605141283575333091e+02 -4.727388041484051384e+06 0.000000000000000000e+00
9.718875502008031617e+02 2.354803552017991908e-01 2.030094014620178768e+02 -2.849971846569353715e+06 0.000000000000000000e+00
9.759036144578313952e+02 2.108788133788634944e-01 6.732710945510420686e+01 -1.141155421562365256e+06 0.000000000000000000e+00
9.799196787148594012e+02 1.982580061003362260e-01 -5.173975365269026838e+01 2.733971092271835078e+05 0.000000000000000000e+00
9.839357429718875210e+02 1.791282835729962886e-01 -3.272968573949900417e+01 3.549549095781386713e+05 0.000000000000000000e+00
9.879518072289156407e+02 1.738646656028955129e-01 -3.732858756878423634e+01 3.307839140321776504e+05 0.000000000000000000e+00
9.919678714859437605e+02 1.770629156725174180e-01 -5.313935595352728569e+01 3.297537874340469716e+05 0.000000000000000000e+00
9.959839357429718802e+02 1.770629156725174180e-01 -5.313935595352728569e+01 2.500000000000000000e+05 0.000000000000000000e+00
1.000000000000000000e+03 1.738646656028955129e-01 -3.732858756878423634e+01 2.500000000000000000e+05 0.000000000000000000e+00
