# 305.34968904068904
0.000000000000000000e+00 1.208719406937620811e+00 1.208719406937620811e+00
1.010101010101010166e+00 1.204334922008412523e+00 1.204334922008412523e+00
2.020202020202020332e+00 1.203952527265394146e+00 1.203952527265394146e+00
3.030303030303030276e+00 1.209005841029800576e+00 1.209005841029800576e+00
4.040404040404040664e+00 1.210384563199699670e+00 1.210384563199699670e+00
5.050505050505050164e+00 1.206666452701954606e+00 1.206666452701954606e+00
6.060606060606060552e+00 1.205024952237076397e+00 1.205024952237076397e+00
7.070707070707070052e+00 1.207583336334631996e+00 1.207583336334631996e+00
8.080808080808081328e+00 1.210428399553117540e+00 1.210428399553117540e+00
9.090909090909091717e+00 1.211587389535126125e+00 1.211587389535126125e+00
1.010101010101010033e+01 1.210780895099693666e+00 1.210780895099693666e+00
1.111111111111111072e+01 1.209530492841493610e+00 1.209530492841493610e+00
1.212121212121212110e+01 1.209776110487494671e+00 1.209776110487494671e+00
1.313131313131313327e+01 1.212020685454359592e+00 1.212020685454359592e+00
1.414141414141414010e+01 1.214650574089193302e+00 1.214650574089193302e+00
1.515151515151515227e+01 1.216193889116159887e+00 1.216193889116159887e+00
1.616161616161616266e+01 1.216400065468655756e+00 1.216400065468655756e+00
1.717171717171716949e+01 1.216350145350952427e+00 1.216350145350952427e+00
1.818181818181818343e+01 1.217300288113565943e+00 1.217300288113565943e+00
1.919191919191919027e+01 1.219801534779049401e+00 1.219801534779049401e+00
2.020202020202020066e+01 1.223546077276057575e+00 1.223546077276057575e+00
2.121212121212121104e+01 1.228151166808665318e+00 1.228151166808665318e+00
2.222222222222222143e+01 1.234131641298375603e+00 1.234131641298375603e+00
2.323232323232323182e+01 1.243764517798085167e+00 1.243764517798085167e+00
2.424242424242424221e+01 1.261926932548576463e+00 1.261926932548576463e+00
2.525252525252525260e+01 1.298093622564557403e+00 1.298093622564557403e+00
2.626262626262626654e+01 1.371716942957259544e+00 1.371716942957259544e+00
2.727272727272726982e+01 1.528781103126165553e+00 1.528781103126165553e+00
2.828282828282828021e+01 1.805584962981324981e+00 1.805584962981324981e+00
2.929292929292929415e+01 2.028035373167860644e+00 2.028035373167860644e+00
3.030303030303030454e+01 2.036266474739722110e+00 2.036266474739722110e+00
3.131313131313131493e+01 1.931931949133390836e+00 1.931931949133390836e+00
3.232323232323232531e+01 1.836991724719907237e+00 1.836991724719907237e+00
3.333333333333332860e+01 1.799057272907336413e+00 1.799057272907336413e+00
3.434343434343433898e+01 1.826931839198218999e+00 1.826931839198218999e+00
3.535353535353535648e+01 1.890694216408556283e+00 1.890694216408556283e+00
3.636363636363636687e+01 1.943754153121315831e+00 1.943754153121315831e+00
3.737373737373737725e+01 1.940908083474688350e+00 1.940908083474688350e+00
3.838383838383838054e+01 1.897249433334385893e+00 1.897249433334385893e+00
3.939393939393939092e+01 1.851042428814847707e+00 1.851042428814847707e+00
4.040404040404040131e+01 1.851575904260794658e+00 1.851575904260794658e+00
4.141414141414141170e+01 1.884831569579286326e+00 1.884831569579286326e+00
4.242424242424242209e+01 1.925637195533879797e+00 1.925637195533879797e+00
4.343434343434343958e+01 1.930695040377555571e+00 1.930695040377555571e+00
4.444444444444444287e+01 1.897155324362516104e+00 1.897155324362516104e+00
4.545454545454545325e+01 1.841867318450449487e+00 1.841867318450449487e+00
4.646464646464646364e+01 1.863373412242765204e+00 1.863373412242765204e+00
4.747474747474747403e+01 1.941957249626738324e+00 1.941957249626738324e+00
4.848484848484848442e+01 1.935776237820626466e+00 1.935776237820626466e+00
4.949494949494949481e+01 1.849018045686477318e+00 1.849018045686477318e+00
5.050505050505050519e+01 1.849018045686476652e+00 1.849018045686476652e+00
5.151515151515151558e+01 1.935776237820626244e+00 1.935776237820626244e+00
5.252525252525253308e+01 1.941957249626738991e+00 1.941957249626738991e+00
5.353535353535353636e+01 1.863373412242764315e+00 1.863373412242764315e+00
5.454545454545453964e+01 1.841867318450447932e+00 1.841867318450447932e+00
5.555555555555555713e+01 1.897155324362515660e+00 1.897155324362515660e+00
5.656565656565656042e+01 1.930695040377555127e+00 1.930695040377555127e+00
5.757575757575757791e+01 1.925637195533880019e+00 1.925637195533880019e+00
5.858585858585858830e+01 1.884831569579286770e+00 1.884831569579286770e+00
5.959595959595959158e+01 1.851575904260793992e+00 1.851575904260793992e+00
6.060606060606060908e+01 1.851042428814844376e+00 1.851042428814844376e+00
6.161616161616161236e+01 1.897249433334383451e+00 1.897249433334383451e+00
6.262626262626262985e+01 1.940908083474687240e+00 1.940908083474687240e+00
6.363636363636363313e+01 1.943754153121314721e+00 1.943754153121314721e+00
6.464646464646465063e+01 1.890694216408558059e+00 1.890694216408558059e+00
6.565656565656566102e+01 1.826931839198220109e+00 1.826931839198220109e+00
6.666666666666665719e+01 1.799057272907335969e+00 1.799057272907335969e+00
6.767676767676768179e+01 1.836991724719907459e+00 1.836991724719907459e+00
6.868686868686867797e+01 1.931931949133390169e+00 1.931931949133390169e+00
6.969696969696970257e+01 2.036266474739719445e+00 2.036266474739719445e+00
7.070707070707071296e+01 2.028035373167861088e+00 2.028035373167861088e+00
7.171717171717170913e+01 1.805584962981331199e+00 1.805584962981331199e+00
7.272727272727273373e+01 1.528781103126167995e+00 1.528781103126167995e+00
7.373737373737372991e+01 1.371716942957260876e+00 1.371716942957260876e+00
7.474747474747475451e+01 1.298093622564557847e+00 1.298093622564557847e+00
7.575757575757575069e+01 1.261926932548576907e+00 1.261926932548576907e+00
7.676767676767676107e+01 1.243764517798085389e+00 1.243764517798085389e+00
7.777777777777778567e+01 1.234131641298375381e+00 1.234131641298375381e+00
7.878787878787878185e+01 1.228151166808665318e+00 1.228151166808665318e+00
7.979797979797980645e+01 1.223546077276057131e+00 1.223546077276057131e+00
8.080808080808080263e+01 1.219801534779048957e+00 1.219801534779048957e+00
8.181818181818182723e+01 1.217300288113565720e+00 1.217300288113565720e+00
8.282828282828282340e+01 1.216350145350951983e+00 1.216350145350951983e+00
8.383838383838383379e+01 1.216400065468655534e+00 1.216400065468655534e+00
8.484848484848484418e+01 1.216193889116159665e+00 1.216193889116159665e+00
8.585858585858585457e+01 1.214650574089193302e+00 1.214650574089193302e+00
8.686868686868687917e+01 1.212020685454359370e+00 1.212020685454359370e+00
8.787878787878787534e+01 1.209776110487493783e+00 1.209776110487493783e+00
8.888888888888888573e+01 1.209530492841492944e+00 1.209530492841492944e+00
8.989898989898989612e+01 1.210780895099692334e+00 1.210780895099692334e+00
9.090909090909090651e+01 1.211587389535125014e+00 1.211587389535125014e+00
9.191919191919191690e+01 1.210428399553116208e+00 1.210428399553116208e+00
9.292929292929292728e+01 1.207583336334631108e+00 1.207583336334631108e+00
9.393939393939393767e+01 1.205024952237075953e+00 1.205024952237075953e+00
9.494949494949494806e+01 1.206666452701954162e+00 1.206666452701954162e+00
9.595959595959595845e+01 1.210384563199698338e+00 1.210384563199698338e+00
9.696969696969696884e+01 1.209005841029799688e+00 1.209005841029799688e+00
9.797979797979797922e+01 1.203952527265393480e+00 1.203952527265393480e+00
9.898989898989898961e+01 1.204334922008411413e+00 1.204334922008411413e+00
1.000000000000000000e+02 1.208719406937620588e+00 1.208719406937620588e+00
